1_100338675_100343818,-0.5,-0.75,0.125,0.5625,-0.21875,-0.609375,-0.8046875,-0.90234375,0.048828125,0.5244140625,0.76220703125,0.881103515625,0.9405517578125,-0.02972412109375,-0.514862060546875,-0.7574310302734375,-0.8787155151367188,0.060642242431640625,-0.4696788787841797,-0.7348394393920898,-0.8674197196960449,0.06629014015197754,-0.46685492992401123,0.2665725350379944,0.6332862675189972,-0.1833568662405014,-0.5916784331202507,0.20416078343987465,0.6020803917199373,0.8010401958599687,0.9005200979299843,-0.049739951035007834,-0.5248699755175039,0.23756501224124804,0.618782506120624,-0.190608746939688,-0.595304373469844,-0.797652186734922,-0.898826093367461,-0.9494130466837305,-0.9747065233418652,0.012646738329067375,-0.4936766308354663,-0.7468383154177332,-0.8734191577088666,0.06329042114556671,0.5316452105727834,0.7658226052863917,0.8829113026431958,0.9414556513215979,0.970727825660799,0.9853639128303995,-0.00731804358480026,-0.5036590217924002,-0.7518295108962001,0.12408524455189995,-0.43795737772405,-0.718978688862025,0.1405106555689875,0.5702553277844937,0.7851276638922469,-0.10743616805387657,-0.5537180840269382,0.22314095798653089,-0.38842952100673456,0.3057852394966327,0.6528926197483164,0.8264463098741581,0.9132231549370791,-0.04338842253146047,0.47830578873426977,-0.2608471056328651,-0.6304235528164326,0.1847882235917837,-0.40760588820410815,-0.7038029441020541,-0.8519014720510271,0.07404926397448647,-0.46297536801275674,0.26851231599362163,0.6342561579968108,-0.1828719210015946,-0.5914359605007973,-0.7957179802503986,-0.8978589901251993,0.05107050493740034,0.5255352524687001,-0.23723237376564993,0.38138381311717506,-0.30930809344141247,0.34534595327929374,-0.32732702336035313,-0.6636635116801766,-0.8318317558400883,0.08408412207995586,-0.45795793896002207,0.27102103051998894,-0.36448948474000553,0.31775525762999723,0.6588776288149987,-0.17056118559250066,-0.5852805927962503,0.20735970360187483,-0.3963201481990626,0.3018399259004687,-0.34908003704976565,-0.6745400185248829,-0.8372700092624414,0.08136499536877928,0.5406824976843896,0.7703412488421948,0.8851706244210974,0.9425853122105488,0.9712926561052744,-0.014353671947362812,0.4928231640263186,-0.25358841798684073,-0.6267942089934204,0.1866028955032898,0.593301447751645,0.7966507238758225,0.8983253619379112,0.9491626809689556,0.9745813404844779,0.9872906702422389,0.9936453351211194,0.9968226675605597,0.9984113337802798,0.9992056668901399,0.99960283344507,-0.00019858327746502535,0.4999007083612675,0.7499503541806337,-0.12502482290968314,0.43748758854515846,0.7187437942725792,0.8593718971362896,-0.0703140514318552,-0.5351570257159276,0.2324214871420362,0.6162107435710181,-0.19189462821449094,0.40405268589275456,0.7020263429463773,-0.14898682852681133,0.42550658573659433,0.7127532928682971,-0.14362335356585143,0.4281883232170743,0.7140941616085371,0.8570470808042685,0.9285235404021343,-0.035738229798932875,0.4821308851005336,-0.2589345574497332,0.37053272127513337,0.6852663606375666,-0.15736681968121669,0.42131659015939166,0.7106582950796958,0.8553291475398479,-0.07233542623007605,-0.536167713115038,-0.768083856557519,0.11595807172124051,0.5579790358606203,0.7789895179303101,-0.11050524103484494,-0.5552526205174224,0.2223736897412888,0.6111868448706443,0.8055934224353222,0.9027967112176611,-0.04860164439116943,0.4756991778044153,-0.26215041109779236,0.3689247944511038,0.6844623972255519,0.842231198612776,0.921115599306388,0.960557799653194,-0.019721100173403006,0.4901394499132985,-0.25493027504335075,-0.6274651375216753,0.18626743123916234,-0.40686628438041883,-0.7034331421902094,0.14828342890489532,0.5741417144524477,-0.21292914277377617,-0.6064645713868881,0.19676771430655593,0.598383857153278,-0.200808071423361,0.3995959642883195,0.6997979821441598,-0.1501010089279201,0.42494949553603995,-0.28752525223198,-0.64376262611599,0.178118686942005,0.5890593434710025,-0.20547032826449874,0.39726483586775063,0.6986324179338753,-0.15068379103306234,0.42465810448346886,0.7123290522417345,0.8561645261208672,-0.07191773693956638,0.4640411315302168,0.7320205657651084,0.8660102828825542,-0.06699485855872289,0.46650257072063855,-0.26674871463968075,-0.6333743573198404,-0.8166871786599201,-0.9083435893299601,-0.95417179466498,0.022914102667509983,-0.48854294866624504,-0.7442714743331225,0.12786426283343877,0.5639321314167194,0.7819660657083597,-0.10901696714582015,-0.55450848357291,0.22274575821354498,0.6113728791067725,0.8056864395533863,0.9028432197766931,0.9514216098883466,0.9757108049441733,0.9878554024720867,0.9939277012360433,0.9969638506180216,0.9984819253090108,0.9992409626545053,0.9996204813272527,0.9998102406636263,-9.487966818683136e-05,0.4999525601659066,-0.2500237199170467,-0.6250118599585234,-0.8125059299792616,-0.9062529649896308,0.04687351750518459,-0.4765632412474077,0.26171837937629616,0.6308591896881481,0.8154295948440741,0.907714797422037,0.9538573987110185,0.9769286993555093,0.9884643496777547,-0.005767825161122675,0.4971160874194387,0.7485580437097193,-0.12572097814514033,0.43713951092742986,-0.28143024453628507,-0.6407151222681425,0.17964243886592873,-0.4101787805670356,-0.7050893902835178,-0.8525446951417589,0.07372765242912055,-0.4631361737854397,-0.7315680868927199,-0.86578404344636,0.06710797827682002,-0.46644601086159,0.266776994569205,-0.3666115027153975,0.3166942486423012,0.6583471243211506,-0.1708264378394247,-0.5854132189197123,-0.7927066094598562,-0.8963533047299281,-0.9481766523649641,-0.974088326182482,-0.987044163091241,-0.9935220815456205,0.0032389592271897527,-0.4983805203864051,0.25080973980679744,-0.3745951300966013,-0.6872975650483006,-0.8436487825241503,0.07817560873792484,-0.4609121956310376,0.2695439021844812,-0.3652280489077594,-0.6826140244538796,-0.8413070122269398,0.07934649388653009,-0.460326753056735,0.2698366234716325,-0.36508168826418375,-0.6825408441320919,-0.841270422066046,-0.9206352110330229,0.03968239448348854,0.5198411972417443,-0.24007940137912787,-0.6200397006895639,-0.810019850344782,-0.905009925172391,0.04749503741380451,-0.4762524812930977,-0.7381262406465489,0.13093687967672557,0.5654684398383628,-0.2172657800808186,-0.6086328900404093,-0.8043164450202047,0.09784177748989764,-0.4510791112550512,0.2744604443724744,-0.3627697778137628,0.3186151110931186,0.6593075555465593,0.8296537777732796,-0.08517311111336018,0.4574134444433199,-0.27129327777834006,0.36435336111082994,0.682176680555415,-0.1589116597222925,0.42054417013885376,0.7102720850694269,-0.14486395746528657,-0.5724319787326433,-0.7862159893663216,0.10689200531683918,-0.4465539973415804,-0.7232769986707902,-0.8616384993353952,-0.9308192496676976,0.03459037516615121,0.5172951875830756,-0.2413524062084622,-0.6206762031042311,-0.8103381015521156,-0.9051690507760578,-0.952584525388029,0.02370773730598552,0.5118538686529928,-0.24407306567350362,0.3779634671632482,-0.31101826641837593,-0.655509133209188,-0.827754566604594,0.086122716697703,-0.4569386416511485,-0.7284693208255743,-0.8642346604127871,-0.9321173302063935,0.03394133489680323,0.5169706674484016,-0.2415146662757992,-0.6207573331378996,-0.8103786665689499,-0.9051893332844749,-0.9525946666422375,0.023702666678881268,0.5118513333394407,-0.24407433333027967,0.37796283333486014,-0.31101858333256993,0.34449070833371503,0.6722453541668575,-0.16387732291657126,0.41806133854171434,0.7090306692708572,0.8545153346354286,-0.07274233268228569,-0.5363711663411428,-0.7681855831705714,-0.8840927915852856,0.05795360420735718,-0.4710231978963214,0.2644884010518393,0.6322442005259197,-0.18387789973704016,-0.5919389498685201,0.20403052506573993,-0.39798473746713003,-0.6989923687335651,-0.8494961843667825,-0.9247480921833913,0.037625953908304366,0.5188129769541522,-0.2405935115229239,-0.6202967557614619,0.18985162211926904,0.5949258110596345,-0.20253709447018275,0.3987314527649086,-0.3006342736175457,0.34968286319122716,-0.3251585684043864,0.3374207157978068,0.6687103578989034,-0.16564482105054829,-0.5828224105252742,-0.7914112052626371,0.10429439736868146,-0.4478528013156593,-0.7239264006578296,-0.8619632003289148,-0.9309816001644574,-0.9654908000822287,0.017254599958885675,0.5086272999794428,-0.2456863500102786,0.3771568249948607,-0.31142158750256965,0.3442892062487152,-0.3278553968756424,0.3360723015621788,-0.3319638492189106,0.33401807539054473,-0.33299096230472763,0.3335045188476362,0.6667522594238181,-0.16662387028809095,0.41668806485595455,-0.2916559675720227,0.35417201621398864,0.6770860081069943,-0.16145699594650287,0.41927150202674857,0.7096357510133743,0.8548178755066871,-0.07259106224665646,0.46370446887667177,-0.2681477655616641,0.36592611721916796,0.682963058609584,-0.15851847069520802,-0.579259235347604,-0.789629617673802,0.10518519116309899,0.5525925955815495,-0.22370370220922525,-0.6118518511046126,0.1940740744476937,0.5970370372238468,0.7985185186119235,-0.10074074069403827,0.44962962965298087,0.7248148148264905,0.8624074074132453,0.9312037037066226,0.9656018518533114,-0.01719907407334431,0.49140046296332784,-0.2542997685183361,0.37285011574083193,0.686425057870416,-0.15678747106479202,-0.578393735532396,0.21080313223380198,0.605401566116901,0.8027007830584505,-0.09864960847077475,-0.5493248042353873,-0.7746624021176937,-0.8873312010588468,0.05633439947057661,0.5281671997352884,0.7640835998676442,-0.11795820006617791,-0.5589791000330889,-0.7794895500165444,-0.8897447750082722,-0.944872387504136,-0.972436193752068,-0.986218096876034,0.006890951561982994,-0.4965545242190085,-0.7482772621095042,0.1258613689452479,0.562930684472624,-0.21853465776368802,-0.609267328881844,-0.804633664440922,-0.902316832220461,0.0488415838897695,0.5244207919448848,0.7622103959724424,0.8811051979862212,-0.05944740100688939,-0.5297237005034447,-0.7648618502517224,0.11756907487413881,-0.4412154625629306,-0.7206077312814653,-0.8603038656407327,-0.9301519328203663,0.03492403358981683,0.5174620167949084,0.7587310083974542,0.8793655041987272,0.9396827520993636,0.9698413760496818,0.9849206880248409,0.9924603440124204,0.9962301720062102,-0.001884913996894888,0.4990575430015526,-0.2504712284992237,-0.6252356142496118,0.1873821928751941,-0.40630890356240296,-0.7031544517812015,-0.8515772258906007,-0.9257886129453003,0.037105693527349826,-0.4814471532363251,0.25927642338183743,0.6296382116909187,0.8148191058454594,0.9074095529227297,-0.04629522353863513,0.47685238823068243,-0.2615738058846588,-0.6307869029423294,-0.8153934514711647,-0.9076967257355824,-0.9538483628677912,-0.9769241814338956,-0.9884620907169478,-0.994231045358474,-0.997115522679237,0.0014422386603815118,-0.49927888066980924,-0.7496394403349046,-0.8748197201674524,0.06259013991627382,0.5312950699581369,0.7656475349790685,0.8828237674895343,0.9414118837447671,0.9707059418723836,0.9853529709361918,0.9926764854680958,-0.0036617572659520814,0.49816912136702396,-0.250915439316488,0.37454228034175596,-0.312728859829122,0.343635570085439,0.6718177850427195,0.8359088925213598,0.9179544462606799,-0.04102277686966005,0.47948861156517,0.739744305782585,0.8698721528912925,-0.06506392355435375,0.4674680382228231,0.7337340191114116,-0.13313299044429422,-0.5665664952221471,0.21671675238892646,-0.3916416238055368,0.3041791880972316,-0.3479104059513842,0.3260447970243079,0.6630223985121539,-0.16848880074392303,0.4157555996280385,0.7078777998140192,-0.1460611000929904,-0.5730305500464952,0.21348472497675242,0.6067423624883762,0.8033711812441882,-0.09831440937790592,-0.549157204688953,0.2254213976555235,-0.38728930117223825,-0.6936446505861191,0.15317767470694044,0.5765888373534702,0.7882944186767351,0.8941472093383676,0.9470736046691838,0.9735368023345918,-0.013231598832704083,-0.506615799416352,-0.753307899708176,0.12334605014591199,0.561673025072956,-0.219163487463522,0.390418256268239,-0.3047908718658805,-0.6523954359329402,-0.8261977179664701,-0.9130988589832351,-0.9565494294916175,0.021725285254191262,0.5108626426270957,0.7554313213135478,-0.12228433934322608,-0.561142169671613,-0.7805710848358065,-0.8902855424179033,-0.9451427712089516,0.027428614395524187,-0.4862856928022379,0.25685715359888106,-0.37157142320055947,-0.6857857116002797,-0.8428928558001398,-0.9214464279000699,-0.960723213950035,-0.9803616069750175,0.009819196512491246,0.5049095982562456,0.7524547991281227,-0.12377260043593863,0.4381136997820307,-0.28094315010898463,-0.6404715750544923,-0.8202357875272461,-0.9101178937636231,-0.9550589468818116,0.022470526559094206,-0.4887647367204529,0.2556176316397736,0.6278088158198868,0.8139044079099433,-0.09304779604502833,0.45347610197748583,0.7267380509887429,0.8633690254943714,-0.06831548725281428,0.4658422563735929,0.7329211281867964,-0.13353943590660178,0.4332302820466991,0.7166151410233496,-0.14169242948832522,0.42915378525583736,-0.2854231073720813,0.35728844631395934,0.6786442231569797,-0.16067788842151015,-0.580338944210755,-0.7901694721053776,0.10491526394731121,-0.4475423680263444,-0.7237711840131722,-0.8618855920065861,-0.930942796003293,0.0345286019983535,0.5172643009991768,-0.24136784950041162,-0.6206839247502058,-0.8103419623751029,-0.9051709811875515,-0.9525854905937757,-0.9762927452968879,0.01185362735155604,0.505926813675778,-0.24703659316211102,0.3764817034189445,0.6882408517094722,-0.15587957414526388,-0.5779397870726319,-0.788969893536316,0.10551505323184202,0.552757526615921,-0.22362123669203948,-0.6118106183460197,0.19409469082699016,-0.4029526545865049,-0.7014763272932525,-0.8507381636466262,-0.9253690818233131,-0.9626845409116566,-0.9813422704558283,-0.9906711352279142,-0.995335567613957,-0.9976677838069785,0.0011661080965107429,0.5005830540482554,-0.2497084729758723,-0.6248542364879361,0.18757288175603193,-0.40621355912198404,0.296893220439008,-0.351553389780496,0.324223305109752,0.662111652554876,0.831055826277438,0.9155279131387191,-0.04223604343064047,-0.5211180217153202,-0.7605590108576601,0.11972049457116996,-0.440139752714415,-0.7200698763572075,-0.8600349381786038,-0.9300174690893019,0.03499126545534903,-0.4825043672723255,0.25874781636383726,0.6293739081819186,0.8146869540909594,0.9073434770454797,-0.04632826147726016,-0.5231641307386301,-0.761582065369315,0.11920896731534247,0.5596044836576712,0.7798022418288356,-0.11009887908558219,-0.5550494395427911,0.22247528022860447,0.6112376401143023,-0.19438117994284887,0.40280941002857557,-0.29859529498571225,0.3507023525071439,-0.32464882374642806,-0.662324411873214,0.168837794063393,-0.41558110296830353,0.29220944851584824,0.6461047242579241,-0.17694763787103795,-0.588473818935519,0.2057630905322405,-0.39711845473387974,0.30144077263306013,0.6507203863165301,-0.17463980684173497,-0.5873199034208675,0.20634004828956626,-0.39682997585521684,0.3015850120723916,0.6507925060361958,-0.17460374698190212,0.4126981265090489,-0.29365093674547554,-0.6468254683727378,0.1765872658136311,-0.4117063670931844,0.2941468164534078,0.6470734082267039,-0.17646329588664805,-0.588231647943324,-0.794115823971662,0.10294208801416899,-0.44852895599291553,-0.7242644779964578,-0.8621322389982289,0.06893388050088556,0.5344669402504427,0.7672334701252214,-0.11638326493738932,-0.5581916324686946,-0.7790958162343473,-0.8895479081171737,-0.9447739540585869,-0.9723869770292934,0.013806511485353279,-0.49309674425732336,-0.7465483721286617,0.12672581393566917,0.5633629069678345,-0.21831854651608273,-0.6091592732580413,-0.8045796366290207,0.09771018168548967,0.5488550908427449,-0.22557245457862757,-0.6127862272893138,0.19360688635534312,-0.40319655682232847,-0.7015982784111643,-0.8507991392055821,-0.925399569602791,-0.9626997848013955,-0.9813498924006978,-0.9906749462003489,-0.9953374731001745,-0.9976687365500873,0.001165631724956373,0.5005828158624782,-0.2497085920687609,-0.6248542960343805,0.18757285198280976,-0.40621357400859515,0.2968932129957024,-0.35155339350214876,0.3242233032489256,0.6621116516244628,0.8310558258122314,0.9155279129061157,-0.04223604354694216,-0.5211180217734711,-0.7605590108867355,0.11972049455663225,-0.4401397527216839,-0.720069876360842,-0.860034938180421,0.06998253090978951,-0.4650087345451053,0.26749563272744736,0.6337478163637237,0.8168739081818619,0.908436954090931,-0.045781522954534526,-0.5228907614772673,-0.7614453807386337,0.11927730963068317,0.5596386548153416,0.7798193274076708,-0.1100903362961646,-0.5550451681480824,0.22247741592595882,0.6112387079629794,-0.1943806460185103,0.4028096769907449,-0.29859516150462756,0.3507024192476862,-0.3246487903761569,-0.6623243951880784,0.1688378024059608,-0.4155810987970196,0.2922094506014902,-0.3538952746992549,-0.6769476373496275,-0.8384738186748137,0.08076309066259313,-0.45961845466870344,0.2701907726656483,0.6350953863328241,-0.18245230683358793,-0.591226153416794,-0.795613076708397,-0.8978065383541984,0.05109673082290078,0.5255483654114503,0.7627741827057252,-0.11861290864713742,0.44069354567643126,-0.27965322716178437,-0.6398266135808922,0.1800866932095539,0.590043346604777,-0.2049783266976115,-0.6024891633488058,-0.8012445816744029,0.09937770916279853,0.5496888545813993,-0.22515557270930037,0.3874222136453498,-0.3062888931773251,0.34685555341133745,-0.3265722232943313,0.33671388835283433,0.6683569441764172,-0.1658215279117914,0.4170892360441043,0.7085446180220522,-0.14572769098897392,0.427136154505513,0.7135680772527565,0.8567840386263783,0.9283920193131892,-0.03580399034340542,0.4820980048282973,0.7410490024141486,-0.1294754987929257,-0.5647377493964628,-0.7823688746982314,0.10881556265088432,0.5544077813254422,-0.2227961093372789,0.38860194533136055,0.6943009726656802,0.8471504863328401,0.92357524316642,0.96178762158321,-0.01910618920839502,-0.5095530946041975,0.24522345269790125,0.6226117263489506,0.8113058631744753,-0.09434706841276236,-0.5471735342063812,0.22641323289680942,-0.3867933835515953,0.30660330822420234,-0.34669834588789883,0.3266508270560506,-0.3366745864719747,0.33166270676401266,0.6658313533820064,0.8329156766910032,0.9164578383455015,0.9582289191727508,-0.020885540413624615,-0.5104427702068123,0.24477861489659386,0.6223893074482969,0.8111946537241485,0.9055973268620743,-0.04720133656896286,-0.5236006682844814,0.2381996658577593,-0.38090016707112034,-0.6904500835355601,0.15477495823221993,-0.42261252088389,0.288693739558055,-0.3556531302209725,0.3221734348895138,-0.3389132825552431,0.33054335872237844,0.6652716793611892,-0.16736416031940538,0.4163179198402973,-0.29184104007985134,0.35407947996007433,-0.3229602600199628,0.3385198699900186,0.6692599349950092,0.8346299674975046,-0.08268501625124769,-0.5413425081256238,-0.7706712540628119,0.11466437296859405,0.557332186484297,0.7786660932421485,-0.11066695337892574,0.44466652331053713,-0.27766673834473143,0.3611666308276343,-0.3194166845861829,-0.6597083422930914,0.1701458288534543,0.5850729144267272,0.7925364572133635,0.8962682286066818,0.9481341143033408,-0.025932942848329588,0.4870335285758352,0.7435167642879176,-0.1282416178560412,-0.5641208089280206,0.21793959553598968,-0.39103020223200513,-0.6955151011160026,0.15224244944199872,0.5761212247209994,-0.21193938763950032,-0.6059696938197502,0.1970151530901249,0.5985075765450625,-0.20074621172746876,-0.6003731058637344,-0.8001865529318672,-0.9000932764659336,-0.9500466382329669,-0.9750233191164834,-0.9875116595582417,-0.9937558297791209,-0.9968779148895605,-0.9984389574447803,-0.9992194787223901,-0.9996097393611951,0.00019513031940243675,0.5000975651597013,-0.24995121742014936,-0.6249756087100746,0.1875121956449627,0.5937560978224814,0.7968780489112407,0.8984390244556204,-0.0507804877721898,0.4746097561139051,0.7373048780569526,0.8686524390284762,-0.06567378048576189,-0.532836890242881,-0.7664184451214404,-0.8832092225607202,0.058395388719639896,-0.47080230564018005,-0.73540115282009,0.132299423589955,0.5661497117949775,-0.21692514410251124,-0.6084625720512556,0.19576871397437218,0.5978843569871861,-0.20105782150640694,0.39947108924679653,0.6997355446233983,-0.15013222768830087,-0.5750661138441504,0.2124669430779248,-0.3937665284610376,-0.6968832642305188,0.15155836788474059,0.5757791839423703,-0.21211040802881487,0.39394479598559257,0.6969723979927963,-0.15151380100360184,-0.575756900501801,0.21212154974909952,-0.3939392251254502,0.3030303874372749,-0.3484848062813626,0.3257575968593187,-0.33712120157034065,-0.6685606007851703,-0.8342803003925852,-0.9171401501962926,-0.9585700750981463,0.020714962450926855,-0.4896425187745366,0.2551787406127317,0.6275893703063659,0.813794685153183,0.9068973425765915,0.9534486712882957,0.9767243356441478,-0.011637832177926077,0.494181083911037,-0.2529094580444815,-0.6264547290222408,-0.8132273645111203,-0.9066136822555602,-0.9533068411277801,-0.97665342056389,-0.9883267102819451,0.005836644859027462,-0.49708167757048627,-0.7485408387852431,0.12572958060737843,-0.4371352096963108,-0.7185676048481554,-0.8592838024240776,0.07035809878796118,-0.4648209506060194,0.26758952469699027,-0.36620523765150487,0.3168973811742476,-0.3415513094128762,0.3292243452935619,0.664612172646781,-0.16769391367660952,0.4161530431616952,-0.2919234784191524,-0.6459617392095762,-0.8229808696047881,0.08850956519760594,-0.455745217401197,-0.7278726087005984,0.13606369564970078,-0.4319681521751496,-0.7159840760875749,0.14200796195621257,-0.4289960190218937,-0.7144980095109469,0.14275099524452656,-0.42862450237773675,-0.7143122511888684,-0.8571561255944342,0.07142193720278289,-0.46428903139860855,-0.7321445156993043,0.13392774215034786,-0.43303612892482607,-0.7165180644624131,0.14174096776879347,-0.42912951611560324,-0.7145647580578016,0.1427176209710992,-0.4286411895144504,-0.7143205947572252,-0.8571602973786125,-0.9285801486893063,0.035709925655346864,-0.4821450371723266,-0.7410725185861633,-0.8705362592930816,0.06473187035345918,0.5323659351767296,-0.2338170324116352,0.3830914837941824,0.6915457418970912,-0.15422712905145441,0.4228864354742728,-0.28855678226286363,0.3557216088685682,-0.3221391955657159,0.33893040221714205,0.669465201108571,-0.1652673994457145,0.4173663002771427,-0.29131684986142864,0.35434157506928565,0.6771707875346429,0.8385853937673214,0.9192926968836608,0.9596463484418304,-0.020176825779084806,-0.5100884128895424,-0.7550442064447712,-0.8775221032223857,0.06123894838880717,-0.4693805258055964,-0.7346902629027983,0.13265486854860087,-0.43367256572569957,0.2831637171371502,0.6415818585685751,-0.17920907071571246,-0.5896045353578563,-0.7948022676789281,-0.8974011338394641,0.051299433080267964,0.5256497165401339,0.762824858270067,-0.11858757086496652,0.44070621456751674,-0.27964689271624166,-0.6398234463581208,0.18008827682093959,-0.40995586158953023,0.2950220692052349,0.6475110346026174,0.8237555173013087,-0.08812224134934565,0.4559388793253272,-0.2720305603373364,-0.6360152801686683,0.18199235991566587,0.5909961799578329,0.7954980899789165,0.8977490449894583,0.9488745224947291,0.9744372612473646,-0.012781369376317686,0.49360931531184116,-0.2531953423440794,-0.6265976711720397,-0.8132988355860198,0.09335058220699011,-0.45332470889650495,-0.7266623544482524,-0.8633311772241262,0.06833441138793689,0.5341672056939685,-0.23291639715301576,-0.6164581985765079,0.19177090071174607,-0.40411454964412696,-0.7020572748220635,-0.8510286374110317,-0.9255143187055159,0.03724284064724204,0.518621420323621,-0.2406892898381895,0.37965535508090525,-0.3101723224595474,0.3449138387702263,-0.32754308061488685,-0.6637715403074435,-0.8318857701537217,-0.9159428850768608,-0.9579714425384305,0.021014278730784763,0.5105071393653924,0.7552535696826962,0.8776267848413482,-0.061186607579325925,-0.530593303789663,-0.7652966518948314,-0.8826483259474157,0.058675837026292144,-0.47066208148685396,-0.735331040743427,0.13233447962828648,-0.43383276018585676,-0.7169163800929284,0.14154180995353582,-0.4292290950232321,0.285385452488384,-0.357307273755808,-0.678653636877904,-0.839326818438952,0.08033659078052402,0.540168295390262,-0.229915852304869,-0.6149579261524345,0.19252103692378275,0.5962605184618914,0.7981302592309457,-0.10093487038452714,-0.5504674351922636,0.2247662824038682,-0.3876168587980659,-0.693808429399033,-0.8469042146995165,0.07654789265024176,-0.4617260536748791,0.26913697316256047,-0.36543151341871977,-0.6827157567093599,0.15864212164532004,-0.42067893917734,0.28966053041133,-0.355169734794335,-0.6775848673971675,0.16120756630141625,0.5806037831507082,0.7903018915753541,0.8951509457876771,0.9475754728938386,0.9737877364469193,0.9868938682234596,-0.006553065888270204,-0.5032765329441351,-0.7516382664720676,0.12418086676396622,-0.4379095666180169,0.2810452166909916,0.6405226083454958,0.8202613041727479,0.9101306520863739,-0.044934673956813054,-0.5224673369784065,-0.7612336684892033,0.11938316575539837,-0.44030841712230084,0.2798457914388496,-0.3600771042805752,0.31996144785971237,-0.3400192760701438,-0.670009638035072,-0.835004819017536,-0.917502409508768,0.04124879524561598,-0.479375602377192,0.260312198811404,-0.369843900594298,0.315078049702851,-0.3424609751485745,-0.6712304875742873,0.16438475621285636,-0.4178076218935718,-0.7089038109467859,-0.854451905473393,-0.9272259527366965,-0.9636129763683483,-0.9818064881841742,-0.9909032440920871,-0.9954516220460435,-0.9977258110230218,0.0011370944884890877,0.5005685472442445,-0.24971572637787776,0.3751421368110611,0.6875710684055305,0.8437855342027653,-0.07810723289861737,-0.5390536164493087,-0.7695268082246544,0.11523659588767282,0.5576182979438364,0.7788091489719182,0.8894045744859591,0.9447022872429796,-0.027648856378510223,0.4861755718107449,0.7430877859053724,-0.1284561070473138,0.4357719464763431,0.7178859732381715,-0.14105701338091425,0.4294714933095429,-0.28526425334522854,-0.6426321266726143,0.17868393666369287,-0.41065803166815357,-0.7053290158340768,-0.8526645079170384,-0.9263322539585193,-0.9631661269792596,0.018416936510370185,-0.49079153174481494,0.25460423412759253,0.6273021170637962,0.8136510585318981,-0.09317447073405094,-0.5465872353670255,-0.7732936176835128,0.1133531911582436,-0.4433234044208782,-0.7216617022104391,-0.8608308511052196,0.06958457444739019,-0.4652077127763049,-0.7326038563881525,0.13369807180592375,-0.4331509640970381,0.28342451795148094,-0.35828774102425953,0.32085612948787023,-0.3395719352560649,-0.6697859676280324,-0.8348929838140162,-0.9174464919070081,-0.958723245953504,-0.979361622976752,-0.9896808114883759,-0.994840405744188,-0.997420202872094,-0.998710101436047,-0.9993550507180236,0.000322474640988224,-0.4998387626795059,0.25008061866024706,-0.37495969066987644,-0.6874798453349382,-0.8437399226674691,-0.9218699613337346,-0.9609349806668672,0.01953250966656639,0.5097662548332832,-0.2451168725833584,0.3774415637083208,0.6887207818541604,0.8443603909270803,-0.07781980453645987,-0.53890990226823,0.230545048865885,-0.3847274755670575,0.3076362622164712,0.6538181311082356,0.8269090655541178,0.9134545327770589,-0.04327273361147055,0.4783636331942647,0.7391818165971323,-0.13040909170143383,0.4347954541492831,-0.28260227292535844,0.3586988635373208,-0.32065056823133964,-0.6603252841156698,-0.830162642057835,0.08491867897108252,0.5424593394855413,-0.22877033025722937,-0.6143851651286147,0.19280741743569263,0.5964037087178463,0.7982018543589231,-0.10089907282053845,-0.5504495364102693,0.22477523179486536,0.6123876158974326,-0.1938061920512837,0.40309690397435816,-0.2984515480128209,-0.6492257740064105,-0.8246128870032052,0.08769355649839738,-0.4561532217508013,-0.7280766108754007,-0.8640383054377003,0.06798084728114984,-0.4660095763594251,-0.7330047881797126,-0.8665023940898563,0.06674880295507185,-0.4666255985224641,-0.733312799261232,-0.866656399630616,-0.933328199815308,-0.966664099907654,0.016667950046172997,0.5083339750230865,0.7541669875115433,-0.12291650624422834,0.43854174687788583,-0.2807291265610571,-0.6403645632805286,0.1798177183597357,-0.41009114082013215,0.2949544295899339,0.647477214794967,0.8237386073974835,-0.08813069630125825,-0.5440653481506291,0.22796732592468544,-0.38601633703765725,-0.6930081685188286,-0.8465040842594143,-0.9232520421297071,0.038373978935146436,-0.48081301053242675,-0.7404065052662134,-0.8702032526331067,-0.9351016263165534,-0.9675508131582766,0.016224593420861688,-0.49188770328956916,-0.7459438516447846,-0.8729719258223922,0.06351403708880388,0.5317570185444019,0.7658785092722009,0.8829392546361005,-0.05853037268194977,0.47073481365902514,-0.26463259317048743,-0.6323162965852437,0.18384185170737816,-0.40807907414631095,0.2959604629268445,-0.35201976853657774,0.3239901157317111,0.6619950578658556,-0.16900247106707222,-0.5845012355335362,-0.7922506177667681,-0.896125308883384,0.05193734555830798,-0.474031327220846,-0.737015663610423,-0.8685078318052115,-0.9342539159026058,-0.9671269579513029,-0.9835634789756514,-0.9917817394878257,-0.9958908697439128,0.002054565128043584,-0.4989727174359782,0.2505136412820109,-0.37474317935899454,-0.6873715896794973,0.15631420516025135,-0.42184289741987435,-0.7109214487099371,-0.8554607243549686,-0.9277303621774843,-0.9638651810887422,0.018067409455628902,-0.49096629527218555,0.2545168523639072,-0.3727415738180464,0.3136292130909768,-0.3431853934545116,0.3284073032727442,-0.33579634836362793,0.33210182581818604,-0.333949087090907,-0.6669745435454535,-0.8334872717727267,-0.9167436358863634,0.041628182056818286,0.5208140910284091,-0.23959295448579543,0.3802035227571023,0.6901017613785512,0.8450508806892756,-0.07747455965536221,0.4612627201723189,0.7306313600861595,-0.13468431995692026,-0.5673421599784602,0.21632892001076992,-0.39183553999461507,0.30408223000269247,0.6520411150013462,-0.1739794424993269,-0.5869897212496634,0.2065051393751683,0.6032525696875841,-0.19837371515620794,0.40081314242189603,-0.299593428789052,0.350203285605474,-0.324898357197263,0.3375508214013685,-0.33122458929931575,-0.6656122946496579,0.16719385267517106,-0.41640307366241447,-0.7082015368312072,0.14589923158439638,0.5729496157921982,0.786474807896099,0.8932374039480495,0.9466187019740248,-0.02669064901298762,-0.5133453245064938,0.24332733774675308,0.6216636688733765,0.8108318344366883,0.9054159172183441,-0.04729204139082793,0.476353979304586,0.738176989652293,-0.13091150517385353,-0.5654557525869268,0.2172721237065366,-0.3913639381467317,-0.6956819690733659,0.15215901546331706,-0.4239204922683415,0.28803975386582925,0.6440198769329146,0.8220099384664573,-0.08899503076677134,-0.5444975153833856,-0.7722487576916928,-0.8861243788458464,0.05693781057707681,0.5284689052885384,-0.2357655473557308,0.38211722632213463,-0.3089413868389327,0.34552930658053366,-0.3272353467097332,0.3363823266451334,0.6681911633225667,-0.16590441833871666,0.4170477908306417,0.7085238954153208,-0.1457380522923396,-0.5728690261461697,-0.7864345130730849,0.10678274346345756,0.5533913717317288,0.7766956858658645,0.8883478429329322,-0.055826078533533885,-0.5279130392667669,-0.7639565196333835,0.11802174018330824,-0.4409891299083459,-0.720494564954173,0.13975271752291352,-0.43012364123854324,0.2849381793807284,-0.3575309103096358,-0.6787654551548179,-0.839382727577409,0.08030863621129553,-0.45984568189435227,0.27007715905282387,-0.36496142047358804,-0.682480710236794,0.158759644881603,-0.4206201775591985,-0.7103100887795992,0.1448449556102004,0.5724224778051001,0.7862112389025501,0.893105619451275,0.9465528097256375,-0.026723595137181255,0.4866382024314094,-0.25668089878429534,-0.6283404493921476,-0.8141702246960738,0.0929148876519631,-0.45354255617401845,-0.7267712780870093,0.13661436095649537,0.5683071804782477,0.7841535902391239,0.892076795119562,-0.053961602440219025,-0.5269808012201095,-0.7634904006100547,-0.8817452003050273,0.05912739984748633,-0.4704363000762568,0.2647818499618716,-0.3676090750190642,-0.6838045375095321,0.15809773124523396,-0.420951134377383,0.28952443281130846,0.6447622164056542,-0.17761889179717288,0.4111905541014136,-0.2944047229492932,-0.6472023614746466,-0.8236011807373234,0.08819940963133832,-0.45590029518433084,-0.7279501475921655,-0.8639750737960827,-0.9319875368980414,0.034006231550979316,-0.48299688422451037,0.2585015578877448,0.6292507789438724,-0.1853746105280638,-0.5926873052640319,-0.796343652632016,0.101828173683992,-0.449085913158004,-0.724542956579002,0.13772852171049899,0.5688642608552494,0.7844321304276247,0.8922160652138124,0.9461080326069062,0.9730540163034531,0.9865270081517266,0.9932635040758633,-0.0033682479620683603,0.4983158760189658,-0.25084206199051706,-0.6254210309952586,0.1872894845023707,0.5936447422511854,-0.20317762887440732,0.3984111855627963,0.6992055927813982,0.8496027963906991,0.9248013981953496,0.9624006990976748,0.9812003495488374,0.9906001747744186,0.9953000873872093,-0.00234995630639534,0.49882502184680233,0.7494125109234011,-0.12529374453829945,-0.5626468722691498,-0.7813234361345749,-0.8906617180672874,-0.9453308590336438,-0.9726654295168219,-0.9863327147584109,-0.9931663573792054,-0.9965831786896027,0.0017084106551986666,-0.49914579467240067,0.25042710266379964,-0.3747864486681002,0.3126067756659499,0.6563033878329749,0.8281516939164875,0.9140758469582437,-0.042962076520878134,0.47851896173956093,0.7392594808697804,0.8696297404348903,-0.06518512978255486,-0.5325925648912775,-0.7662962824456387,-0.8831481412228194,-0.9415740706114097,0.02921296469429513,-0.48539351765285244,0.2573032411735738,-0.3713483794132131,0.31432581029339346,-0.34283709485330327,-0.6714185474266516,0.16429072628667418,-0.4178546368566629,-0.7089273184283315,0.14553634078583427,-0.42723182960708284,0.2863840851964586,-0.35680795740177074,0.32159602129911463,-0.33920198935044266,0.33039900532477867,0.6651995026623894,0.8325997513311947,-0.08370012433440266,0.45814993783279867,-0.27092503108360066,-0.6354625155418003,0.18226874222909983,-0.4088656288854501,0.29556718555727496,-0.3522164072213625,-0.6761082036106812,-0.8380541018053407,0.08097294909732966,0.5404864745486648,0.7702432372743324,0.8851216186371662,0.9425608093185831,-0.028719595340708448,0.4856402023296458,0.7428201011648229,-0.12858994941758856,-0.5642949747087943,0.21785251264560285,0.6089262563228014,-0.1955368718385993,0.4022315640807004,0.7011157820403502,0.8505578910201751,0.9252789455100876,0.9626394727550438,-0.0186802636224781,0.49065986818876095,-0.2546700659056195,0.3726649670471902,-0.3136675164764049,0.34316624176179755,-0.3284168791191012,-0.6642084395595507,0.16789578022022467,-0.41605210988988767,-0.7080260549449439,0.14598697252752807,0.572993486263764,0.786496743131882,-0.106751628434059,-0.5533758142170295,0.22331209289148524,-0.3883439535542574,0.3058280232228713,-0.34708598838856436,0.3264570058057178,-0.3367714970971411,-0.6683857485485706,0.1658071257257147,-0.4170964371371426,0.2914517814314287,-0.35427410928428565,-0.6771370546421428,-0.8385685273210715,0.08071573633946427,0.5403578681697321,-0.22982106591513396,-0.614910532957567,-0.8074552664787835,-0.9037276332393918,0.04813618338030412,-0.47593190830984794,-0.7379659541549239,-0.868982977077462,-0.934491488538731,0.03275425573063451,-0.48362287213468275,0.25818856393265865,-0.3709057180336707,0.31454714098316466,-0.3427264295084177,0.32863678524579115,-0.3356816073771044,-0.6678408036885521,-0.8339204018442761,-0.916960200922138,0.04151989953893098,-0.4792400502305345,0.26037997488473275,0.6301899874423664,-0.18490500627881679,0.4075474968605916,0.7037737484302958,-0.14811312578485208,0.425943437107574,-0.287028281446213,0.35648585927689347,-0.32175707036155327,0.33912146481922334,0.6695607324096117,-0.16521963379519417,0.41739018310240295,0.7086950915512015,-0.14565245422439926,0.42717377288780034,-0.28641311355609983,0.35679344322195006,0.678396721610975,0.8391983608054875,0.9195991804027437,0.9597995902013718,0.9798997951006859,-0.010050102449657039,0.49497494877517145,-0.2525125256124143,-0.6262562628062072,0.18687186859689642,0.5934359342984482,0.7967179671492242,-0.10164101642538792,0.44917949178730604,-0.275410254106347,-0.6377051270531735,-0.8188525635265868,0.09057371823670662,0.5452868591183533,0.7726434295591766,-0.11367828522041168,0.44316085738979416,0.721580428694897,0.8607902143474485,0.9303951071737242,0.9651975535868621,0.982598776793431,-0.008700611603284503,-0.5043503058016423,0.24782484709917885,0.6239124235495894,0.8119562117747947,-0.09402189411260264,-0.5470109470563014,-0.7735054735281507,-0.8867527367640753,0.056623631617962356,0.5283118158089812,0.7641559079044906,0.8820779539522453,0.9410389769761227,0.9705194884880614,0.9852597442440307,0.9926298721220154,-0.0036850639389923168,0.49815746803050387,-0.25092126598474807,-0.625460632992374,0.187269683503813,0.5936348417519065,0.7968174208759533,0.8984087104379767,-0.05079564478101167,-0.5253978223905058,-0.7626989111952529,0.11865054440237355,0.5593252722011868,0.7796626361005934,0.8898313180502967,0.9449156590251484,0.9724578295125742,0.986228914756287,0.9931144573781435,0.9965572286890718,0.9982786143445359,0.999139307172268,0.999569653586134,0.999784826793067,0.9998924133965335,-5.379330173327368e-05,0.49997310334913336,0.7499865516745667,0.8749932758372834,-0.06250336208135832,0.46874831895932084,0.7343741594796604,-0.13281292026016978,0.4335935398699151,0.7167967699349576,0.8583983849674788,0.9291991924837394,0.9645995962418696,0.9822997981209348,0.9911498990604675,0.9955749495302337,0.9977874747651169,0.9988937373825584,0.9994468686912792,0.9997234343456396,0.9998617171728198,0.99993085858641,0.999965429293205,0.9999827146466025,0.9999913573233012,-4.321338349377868e-06,0.4999978393308253,-0.25000108033458734,0.37499945983270633,0.6874997299163532,0.8437498649581766,0.9218749324790882,-0.039062533760455875,-0.5195312668802279,-0.7597656334401139,0.12011718327994303,-0.4399414083600285,0.28002929581998576,0.6400146479099929,0.8200073239549964,0.9100036619774983,-0.044998169011250866,0.47750091549437457,-0.2612495422528127,0.36937522887359364,-0.3153123855632032,0.3423438072183984,-0.3288280963908008,0.3355859518045996,0.6677929759022998,0.8338964879511499,0.916948243975575,0.9584741219877875,-0.020762939006106262,0.48961853049694687,-0.25519073475152654,0.37240463262423673,-0.31379768368788163,-0.6568988418439408,-0.8284494209219704,-0.9142247104609852,-0.9571123552304925,0.02144382238475373,0.5107219111923769,0.7553609555961884,0.8776804777980942,-0.06115976110095289,-0.5305798805504764,0.23471005972476178,0.6173550298623809,-0.19132248506880956,0.4043387574655952,0.7021693787327976,-0.1489153106336012,-0.5744576553168006,-0.7872288276584003,-0.8936144138292001,0.053192793085399925,0.5265963965427,0.76329819827135,0.881649099135675,-0.05917545043216249,-0.5295877252160812,0.2352061373919594,-0.3823969313040203,0.30880153434798985,0.6544007671739949,-0.17279961641300257,0.4136001917934987,-0.29319990410325064,0.35340004794837465,0.6767000239741874,-0.1616499880129063,-0.5808249940064532,-0.7904124970032266,0.10479375149838671,0.5523968757491934,0.7761984378745967,0.8880992189372984,0.9440496094686492,-0.02797519526567538,0.4860124023671623,0.7430062011835812,0.8715031005917906,0.9357515502958953,-0.03212422485205235,-0.5160621124260262,0.2419689437869869,0.6209844718934935,-0.18950776405325326,0.4052461179733734,-0.2973769410133133,0.3513115294933433,0.6756557647466717,0.8378278823733358,0.9189139411866679,-0.04054302940666604,-0.520271514703333,-0.7601357573516665,0.11993212132416675,0.5599660606620833,0.7799830303310417,-0.11000848483447917,-0.5550042424172396,-0.7775021212086197,0.11124893939569014,0.5556244696978451,0.7778122348489225,-0.11109388257553876,-0.5555469412877694,-0.7777734706438847,0.11111326467805765,0.5555566323390289,0.7777783161695144,-0.11111084191524279,-0.5555554209576214,-0.7777777104788107,0.11111114476059464,0.5555555723802973,0.7777777861901487,0.8888888930950744,-0.055555553452462825,-0.5277777767262314,-0.7638888883631156,0.11805555581844218,0.5590277779092211,-0.22048611104538945,-0.6102430555226948,-0.8051215277613474,0.09743923611932631,0.5487196180596632,0.7743598090298316,0.8871799045149158,0.9435899522574579,0.971794976128729,0.9858974880643645,0.9929487440321823,0.9964743720160911,0.9982371860080456,0.9991185930040227,0.9995592965020114,0.9997796482510057,0.9998898241255029,0.9999449120627515,0.9999724560313757,0.9999862280156879,0.999993114007844,0.999996557003922,0.999998278501961,-8.607490195045031e-07,0.49999956962549025,0.7499997848127451,0.8749998924063725,0.9374999462031863,0.9687499731015932,0.9843749865507966,-0.007812506724601709,0.4960937466376991,0.7480468733188496,0.8740234366594248,0.9370117183297124,0.9685058591648562,-0.015747070417571896,0.492126464791214,-0.253936767604393,0.3730316161978035,0.6865158080989018,0.8432579040494509,0.9216289520247254,0.9608144760123627,0.9804072380061813,0.9902036190030907,0.9951018095015454,0.9975509047507727,0.9987754523753863,0.9993877261876931,0.9996938630938466,0.9998469315469233,-7.653422653836062e-05,-0.5000382671132692,0.24998086644336542,0.6249904332216827,0.8124952166108413,0.9062476083054207,-0.04687619584728964,-0.5234380979236448,-0.7617190489618224,0.1191404755190888,-0.4404297622404556,-0.7202148811202278,-0.8601074405601139,0.06994627971994305,0.5349731398599715,0.7674865699299858,-0.11625671503500712,-0.5581283575175036,0.22093582124124822,-0.3895320893793759,0.30523395531031206,0.652616977655156,0.826308488827578,0.913154244413789,0.9565771222068945,-0.02171143889655275,-0.5108557194482763,0.24457214027586183,-0.3777139298620691,0.31114303506896546,-0.34442848246551727,-0.6722142412327586,-0.8361071206163793,-0.9180535603081896,0.040973219845905184,0.5204866099229526,-0.2397566950385237,-0.6198783475192619,-0.8099391737596309,0.09503041312018456,-0.4524847934399077,-0.7262423967199538,-0.8631211983599769,-0.9315605991799885,-0.9657802995899942,-0.9828901497949971,-0.9914450748974986,0.004277462551250721,-0.49786126872437464,-0.7489306343621873,-0.8744653171810937,-0.9372326585905468,-0.9686163292952734,-0.9843081646476367,-0.9921540823238184,-0.9960770411619092,-0.9980385205809545,0.0009807397095227266,0.5004903698547614,-0.24975481507261932,-0.6248774075363097,-0.8124387037681549,-0.9062193518840774,0.046890324057961286,-0.4765548379710194,0.2617225810144903,0.6308612905072452,-0.18456935474637742,-0.5922846773731887,-0.7961423386865943,0.10192883065670283,-0.4490355846716486,-0.7245177923358244,-0.8622588961679122,0.06887055191604391,0.534435275958022,0.767217637979011,-0.1163911810104945,-0.5581955905052473,0.22090220474737637,0.6104511023736882,-0.19477444881315592,0.402612775593422,0.701306387796711,-0.14934680610164452,0.42532659694917774,-0.28733670152541113,-0.6436683507627056,-0.8218341753813527,0.08908291230932364,-0.4554585438453382,-0.7277292719226691,-0.8638646359613346,0.06806768201933272,-0.46596615899033367,0.26701692050483317,0.6335084602524166,0.8167542301262083,0.9083771150631041,-0.04581144246844793,-0.522905721234224,0.23854713938288802,0.619273569691444,-0.190363215154278,-0.595181607577139,0.2024091962114305,-0.39879540189428475,-0.6993977009471424,0.1503011495264288,0.5751505747632144,-0.2124247126183928,-0.6062123563091963,0.19689382184540183,0.5984469109227009,0.7992234554613504,0.8996117277306752,-0.05019413613466239,-0.5250970680673313,-0.7625485340336656,0.11872573298316719,-0.4406371335084164,-0.7203185667542082,0.13984071662289588,0.5699203583114479,-0.21503982084427603,-0.607519910422138,0.19624004478893098,0.5981200223944655,-0.20093998880276726,-0.6004699944013836,-0.8002349972006918,-0.900117498600346,0.04994125069982702,-0.4750293746500865,-0.7375146873250432,-0.8687573436625216,-0.9343786718312608,-0.9671893359156304,-0.9835946679578151,-0.9917973339789076,0.004101333010546215,-0.4979493334947269,0.25102533325263654,-0.37448733337368173,-0.6872436666868409,-0.8436218333434204,-0.9218109166717102,-0.9609054583358552,-0.9804527291679276,-0.9902263645839637,0.004886817708018132,-0.49755659114599093,0.25122170442700453,-0.37438914778649773,-0.6871945738932489,-0.8435972869466244,0.0782013565266878,-0.4608993217366561,0.2695503391316719,-0.36522483043416404,-0.682612415217082,0.15869379239145898,-0.4206531038042705,-0.7103265519021352,-0.8551632759510677,-0.9275816379755338,0.03620918101223308,-0.48189540949388343,0.2590522952530583,-0.37047385237347086,-0.6852369261867355,0.15738153690663226,-0.42130923154668387,-0.710654615773342,0.144672692113329,0.5723363460566645,-0.21383182697166775,0.39308408651416615,0.696542043257083,0.8482710216285415,-0.07586448918572924,0.4620677554071354,0.7310338777035676,0.8655169388517838,-0.06724153057410809,-0.533620765287054,-0.7668103826435271,-0.8834051913217635,0.05829740433911823,-0.4708512978304409,-0.7354256489152204,-0.8677128244576102,0.06614358777119489,-0.46692820611440256,-0.7334641030572013,0.13326794847139933,0.5666339742356996,-0.2166830128821502,-0.6083415064410751,-0.8041707532205375,-0.9020853766102688,-0.9510426883051344,-0.9755213441525672,-0.9877606720762836,-0.9938803360381419,-0.9969401680190709,-0.9984700840095355,-0.9992350420047678,-0.9996175210023839,-0.9998087605011919,9.561974940403006e-05,-0.499952190125298,0.250023904937351,0.6250119524686755,-0.18749402376566227,0.40625298811716887,0.7031264940585844,-0.1484367529707078,0.4257816235146461,-0.28710918824267695,-0.6435545941213385,-0.8217772970606693,0.08911135146966537,-0.45544432426516734,0.27227783786741633,0.6361389189337081,0.818069459466854,0.909034729733427,-0.045482635133286486,-0.5227413175666432,-0.7613706587833216,-0.8806853293916608,-0.9403426646958304,0.029828667652084806,-0.4850856661739576,-0.7425428330869788,0.12872858345651061,-0.4356357082717447,0.28218214586412765,-0.3589089270679362,0.3205455364660319,0.660272768233016,0.8301363841165079,-0.08493180794174604,-0.542465903970873,0.2287670480145635,-0.38561647599271826,0.30719176200364084,-0.3464041189981796,-0.6732020594990897,-0.8366010297495449,0.08169948512522757,-0.45915025743738624,-0.7295751287186931,-0.8647875643593466,-0.9323937821796733,0.03380310891016336,-0.4830984455449183,0.25845077722754084,-0.3707746113862296,0.3146126943068852,0.6573063471534426,0.8286531735767213,0.9143265867883607,0.9571632933941803,0.9785816466970901,-0.010709176651454932,0.49464541167427256,-0.2526772941628637,-0.6263386470814318,-0.8131693235407159,-0.9065846617703579,0.04670766911482105,0.5233538345574105,-0.23832308272129477,0.3808384586393526,0.6904192293196763,-0.15479038534016187,-0.5773951926700809,-0.7886975963350404,-0.8943487981675202,0.05282560091623989,0.5264128004581199,0.76320640022906,0.88160320011453,-0.059198399942735014,-0.5295991999713675,-0.7647995999856838,0.1176002000071581,-0.44119989999642095,0.2794000500017895,-0.36029997499910527,0.31985001250044737,0.6599250062502237,-0.17003749687488817,-0.5850187484374441,0.20749062578127797,-0.396254687109361,-0.6981273435546805,0.15093632822265973,-0.42453183588867016,0.2877340820556649,-0.35613295897216757,-0.6780664794860838,-0.8390332397430419,-0.919516619871521,-0.9597583099357605,0.02012084503211975,-0.4899395774839401,0.25503021125802994,-0.37248489437098503,0.31375755281450746,-0.34312122359274627,0.32843938820362684,0.6642196941018135,-0.16789015294909326,0.41605492352545337,0.7080274617627267,0.8540137308813633,0.9270068654406817,0.9635034327203409,-0.018248283639829554,-0.5091241418199148,-0.7545620709099574,-0.8772810354549787,0.061359482272510646,-0.4693202588637447,-0.7346601294318723,-0.8673300647159361,-0.933665032357968,0.033167483821015975,-0.483416258089492,-0.741708129044746,0.12914593547762698,-0.4354270322611865,-0.7177135161305932,-0.8588567580652966,0.0705716209673517,0.5352858104836759,0.7676429052418379,0.8838214526209189,-0.05808927368954053,-0.5290446368447703,-0.7645223184223852,-0.8822611592111926,-0.9411305796055963,0.02943471019720184,0.514717355098601,-0.24264132245069953,-0.6213206612253498,0.1893396693873251,-0.4053301653063375,-0.7026650826531687,-0.8513325413265844,-0.9256662706632922,-0.9628331353316462,-0.9814165676658231,-0.9907082838329115,0.00464585808354423,-0.4976770709582279,-0.7488385354791139,-0.874419267739557,-0.9372096338697785,-0.9686048169348893,-0.9843024084674447,0.007848795766277672,0.5039243978831388,0.7519621989415695,0.8759810994707847,-0.062009450264607635,0.4689952748676962,-0.2655023625661519,0.36724881871692405,0.683624409358462,0.841812204679231,0.9209061023396155,0.9604530511698077,-0.019773474415096137,0.49011326279245193,-0.25494336860377403,-0.627471684301887,0.18626415784905648,-0.40686792107547176,-0.7034339605377359,0.14828301973113206,-0.425858490134434,-0.712929245067217,0.1435353774663915,0.5717676887331957,0.7858838443665979,0.8929419221832989,-0.053529038908350535,0.47323548054582476,0.7366177402729124,0.8683088701364562,0.934154435068228,-0.03292278246588598,-0.516461391232943,-0.7582306956164715,-0.8791153478082357,0.060442326095882126,-0.4697788369520589,-0.7348894184760295,-0.8674447092380148,0.06627764538099262,-0.4668611773095037,-0.7334305886547519,0.13328470567262407,-0.43335764716368796,0.283321176418156,-0.358339411790922,0.320830294104539,-0.3395848529477305,-0.6697924264738653,-0.8348962132369326,0.08255189338153368,0.5412759466907668,0.7706379733453834,0.8853189866726917,-0.057340506663654145,-0.528670253331827,0.23566487333408648,-0.38216756333295676,-0.6910837816664783,-0.8455418908332392,0.07722905458338042,-0.46138547270830976,-0.7306927363541549,0.13465363182292256,-0.4326731840885387,-0.7163365920442694,0.14183170397786532,0.5709158519889327,-0.21454207400553366,-0.6072710370027669,-0.8036355185013835,0.09818224074930826,-0.45090887962534587,-0.725454439812673,-0.8627272199063365,-0.9313636099531682,-0.9656818049765841,-0.982840902488292,0.008579548755853983,-0.495710225622073,-0.7478551128110364,-0.8739275564055182,0.06303622179724089,0.5315181108986204,-0.23424094455068978,0.3828795277246551,-0.3085602361376725,0.34571988193116376,-0.3271400590344181,0.33642997048279094,0.6682149852413954,0.8341074926206977,0.9170537463103489,-0.04147312684482557,-0.5207365634224128,-0.7603682817112064,0.1198158591443968,-0.44009207042780163,-0.7200460352139009,-0.8600230176069504,0.06998849119652478,-0.46500575440173764,0.2674971227991312,-0.3662514386004344,0.3168742806997828,0.6584371403498914,-0.1707814298250543,-0.5853907149125271,-0.7926953574562636,-0.8963476787281318,-0.948173839364066,-0.974086919682033,0.01295654015898351,0.5064782700794918,-0.24676086496025412,0.3766195675198729,-0.31169021624006354,-0.6558451081200318,0.17207744593998409,0.586038722969992,-0.20698063851500398,0.39650968074249804,-0.301745159628751,0.3491274201856245,0.6745637100928122,0.8372818550464061,0.918640927523203,0.9593204637616015,-0.020339768119199242,-0.5101698840595996,-0.7550849420297998,-0.8775424710148999,-0.93877123550745,-0.969385617753725,-0.9846928088768625,0.007653595561568749,0.5038267977807844,-0.24808660110960778,-0.6240433005548038,-0.8120216502774019,0.09398917486129904,-0.45300541256935045,-0.7265027062846752,-0.8632513531423376,-0.9316256765711688,-0.9658128382855844,0.017093580857207802,-0.4914532095713961,-0.7457266047856981,-0.872863302392849,-0.9364316511964246,-0.9682158255982123,0.015892087200893856,0.5079460436004469,0.7539730218002234,0.8769865109001117,-0.06150674454994415,0.4692466277250279,-0.26537668613748605,-0.632688343068743,0.1836558284656285,0.5918279142328142,0.7959139571164071,-0.10204302144179644,-0.5510215107208982,0.2244892446395509,-0.38775537768022456,-0.6938776888401123,-0.8469388444200561,0.07653057778997197,-0.461734711105014,-0.730867355552507,0.13456632222374648,0.5672831611118733,0.7836415805559367,0.8918207902779683,-0.05408960486101583,0.4729551975694921,0.7364775987847461,0.868238799392373,0.9341193996961865,0.9670596998480933,0.9835298499240466,-0.008235075037976713,0.49588246248101164,0.7479412312405058,-0.1260293843797471,0.43698530781012646,-0.2815073460949368,-0.6407536730474683,0.17962316347626583,-0.4101884182618671,-0.7050942091309336,0.14745289543453322,0.5737264477172666,-0.21313677614136672,-0.6065683880706834,0.19671580596465832,-0.40164209701767084,-0.7008210485088354,-0.8504105242544178,-0.9252052621272089,-0.9626026310636044,-0.9813013155318022,0.00934934223409889,-0.49532532888295056,-0.7476626644414752,0.1261686677792624,-0.4369156661103688,0.2815421669448156,0.6407710834724079,0.8203855417362039,-0.08980722913189804,0.45509638543405095,0.7275481927170255,0.8637740963585128,-0.06811295182074362,0.4659435240896282,-0.26702823795518593,-0.633514118977593,-0.8167570594887965,-0.9083785297443983,-0.9541892648721991,0.022905367563900436,-0.4885473162180498,0.2557263418909751,0.6278631709454876,-0.1860684145272562,0.4069657927363719,-0.29651710363181405,0.351741448184093,0.6758707240920465,-0.16206463795397674,-0.5810323189769884,0.20948384051150581,0.6047419202557529,-0.19762903987212355,0.4011854800639382,0.7005927400319691,-0.14970362998401543,0.4251481850079923,-0.28742590749600383,0.3562870462519981,0.678143523125999,0.8390717615629995,-0.08046411921850027,-0.5402320596092501,0.22988397019537493,-0.3850580149023125,-0.6925290074511563,-0.8462645037255782,-0.9231322518627891,0.038433874068605434,-0.4807830629656973,-0.7403915314828486,0.12980423425857568,-0.43509788287071216,0.2824510585646439,-0.35877447071767804,-0.679387235358839,-0.8396936176794195,0.08015319116029024,-0.4599234044198549,-0.7299617022099274,0.1350191488950363,-0.43249042555248185,-0.7162452127762409,-0.8581226063881204,-0.9290613031940602,-0.9645306515970301,-0.982265325798515,0.0088673371007425,0.5044336685503712,0.7522168342751856,0.8761084171375928,0.9380542085687964,-0.0309728957156018,-0.515486447857801,0.24225677607109952,-0.37887161196445024,0.3105641940177749,-0.34471790299111255,0.32764104850444375,0.6638205242522219,0.831910262126111,-0.08404486893694452,0.45797756553152774,-0.27101121723423616,0.3644943913828819,-0.317752804308559,0.3411235978457205,-0.3294382010771397,-0.6647191005385699,0.16764044973071507,-0.41617977513464244,-0.7080898875673212,-0.8540449437836606,0.07297752810816971,0.5364887640540849,-0.23175561797295757,-0.6158778089864788,0.1920610955067606,-0.40396945224661973,-0.7019847261233099,0.14900763693834507,0.5745038184691725,0.7872519092345862,0.8936259546172931,-0.05318702269135345,-0.5265935113456768,-0.7632967556728384,-0.8816483778364193,0.059175811081790375,0.5295879055408952,-0.2352060472295524,0.3823969763852238,-0.30880151180738813,-0.6544007559036941,0.17279962204815297,-0.41360018897592354,0.29319990551203823,0.6465999527560191,0.8232999763780096,-0.08835001181099522,-0.5441750059054976,0.2279124970472512,0.6139562485236256,0.8069781242618128,0.9034890621309064,-0.0482554689345468,0.4758722655327266,-0.2620638672336367,0.36896806638318164,-0.3155159668084092,-0.6577579834042047,0.17112100829789767,0.5855605041489489,-0.20721974792552555,0.3963901260372372,0.6981950630186187,0.8490975315093093,-0.07545123424534533,0.46227438287732736,-0.2688628085613363,0.36556859571933187,-0.31721570214033407,-0.6586078510701671,0.17069607446491647,-0.4146519627675418,-0.7073259813837709,0.14633700930811455,-0.4268314953459427,-0.7134157476729713,0.14329212616351433,-0.42835393691824286,0.28582303154087857,-0.35708848422956074,-0.6785442421147804,-0.8392721210573901,0.08036393947130493,-0.45981803026434753,-0.7299090151321738,0.13504549243391312,-0.43247725378304347,0.28376137310847827,0.6418806865542391,-0.17905965672288043,-0.5895298283614402,0.2052350858192799,-0.39738245709036,-0.6986912285451801,-0.84934561427259,0.07532719286370498,0.5376635964318525,-0.23116820178407377,-0.6155841008920369,-0.8077920504460184,0.09610397477699079,0.5480519873884954,-0.22597400630575232,-0.6129870031528761,-0.8064935015764381,0.09675324921178097,0.5483766246058905,0.7741883123029453,0.8870941561514727,0.9435470780757363,0.9717735390378681,0.9858867695189341,0.9929433847594671,0.9964716923797335,0.9982358461898668,0.9991179230949334,0.9995589615474667,0.9997794807737334,0.9998897403868667,0.9999448701934334,0.9999724350967167,0.9999862175483584,0.9999931087741791,0.9999965543870896,0.9999982771935447,0.9999991385967724,0.9999995692983862,-2.1535080690915365e-07,-0.5000001076754035,-0.7500000538377017,0.12499997308114913,-0.43750001345942546,-0.7187500067297128,0.1406249966351436,0.5703124983175718,0.7851562491587859,-0.10742187542060705,-0.5537109377103036,-0.7768554688551518,-0.8884277344275759,0.05578613278621203,0.5278930663931061,-0.23605346680344697,-0.6180267334017235,-0.8090133667008618,0.09549331664956912,0.5477466583247845,-0.22612667083760774,0.38693666458119613,0.6934683322905981,-0.15326583385470094,-0.5766329169273505,0.21168354153632474,0.6058417707681624,0.8029208853840812,0.9014604426920406,-0.04926977865397969,-0.5246348893269899,0.23768255533650506,0.6188412776682526,0.8094206388341263,-0.09528968058293685,-0.5476448402914684,0.2261775798542658,0.6130887899271329,0.8065443949635664,-0.09672780251821678,-0.5483639012591084,-0.7741819506295542,0.1129090246852229,0.5564545123426115,0.7782272561713057,0.8891136280856529,-0.05544318595717357,0.4722784070214132,0.7361392035107066,0.8680696017553533,-0.06596519912232335,0.4670174004388383,-0.26649129978058084,0.3667543501097096,0.6833771750548547,-0.15831141247257263,-0.5791557062362863,-0.7895778531181432,0.1052110734409284,-0.4473944632795358,-0.7236972316397678,-0.8618486158198839,0.06907569209005804,0.534537846045029,-0.23273107697748552,-0.6163655384887428,-0.8081827692443714,0.09590861537781431,0.5479543076889072,0.7739771538444535,-0.11301142307777323,0.4434942884611134,0.7217471442305567,0.8608735721152784,-0.06956321394236081,0.4652183930288196,0.7326091965144098,-0.1336954017427951,-0.5668477008713976,-0.7834238504356987,0.10828807478215063,0.5541440373910753,0.7770720186955377,-0.11146399065223117,0.4442680046738844,0.7221340023369422,-0.13893299883152888,-0.5694664994157644,-0.7847332497078823,-0.8923666248539411,0.05381668757302943,-0.47309165621348526,0.26345417189325737,-0.3682729140533713,0.3158635429733143,-0.34206822851334284,0.3289658857433286,-0.3355170571283357,-0.6677585285641678,-0.8338792642820839,-0.9169396321410419,-0.958469816070521,-0.9792349080352605,-0.9896174540176302,-0.9948087270088151,0.0025956364955924682,-0.49870218175220377,0.25064890912389814,-0.3746755454380509,-0.6873377727190255,0.15633111364048724,0.5781655568202436,0.7890827784101218,-0.10545861079493912,0.44727069460253044,0.7236353473012652,-0.1381823263493674,-0.5690911631746837,-0.7845455815873419,0.10772720920632906,0.5538636046031645,0.7769318023015823,-0.11153409884920884,-0.5557670494246044,0.2221164752876978,-0.3889417623561511,0.30552911882192446,0.6527645594109622,0.8263822797054812,-0.08680886014725941,-0.5434044300736297,0.22829778496318515,0.6141488924815925,0.8070744462407963,-0.09646277687960186,0.4517686115601991,0.7258843057800995,-0.13705784710995023,0.4314710764450249,-0.28426446177748754,0.35786776911125623,-0.3210661154443719,0.33946694227781404,0.669733471138907,0.8348667355694535,-0.08256663221527327,0.45871668389236336,0.7293583419461817,0.8646791709730908,0.9323395854865454,0.9661697927432726,-0.01691510362836368,0.49154244818581816,0.7457712240929091,0.8728856120464545,-0.06355719397677273,-0.5317785969883864,-0.7658892984941932,-0.8829446492470966,0.058527675376451704,0.5292638376882258,0.7646319188441129,-0.11768404057794357,0.4411579797110282,-0.2794210101444859,-0.6397105050722429,-0.8198552525361215,0.09007237373193927,0.5450361868659697,0.7725180934329848,0.8862590467164924,-0.05687047664175382,-0.5284352383208769,-0.7642176191604384,0.1178911904197808,-0.4410544047901096,0.2794727976049452,-0.3602636011975274,-0.6801318005987638,0.15993409970061812,-0.42003295014969094,0.28998352492515456,0.6449917624625773,0.8224958812312886,-0.08875205938435571,-0.5443760296921778,-0.7721880148460889,-0.8860940074230444,-0.9430470037115222,-0.9715235018557611,0.014238249072119458,-0.49288087546394027,-0.7464404377319701,-0.873220218865985,0.0633898905670075,0.5316949452835038,-0.2341525273582481,0.38292373632087595,0.691461868160438,-0.154269065919781,0.4228654670401095,-0.28856726647994524,0.3557163667600274,-0.3221418166199863,0.33892909169000685,-0.3305354541549966,-0.6652677270774983,0.16736613646125087,-0.41631693176937457,0.2918415341153127,-0.35407923294234367,0.32296038352882817,-0.3385198082355859,-0.6692599041177929,0.16537004794110355,-0.4173149760294482,-0.7086574880147241,-0.854328744007362,-0.9271643720036811,0.036417813998159465,-0.48179109300092027,0.25910445349953987,0.62955222674977,-0.18522388662511502,0.4073880566874425,0.7036940283437212,0.8518470141718606,-0.0740764929140697,-0.5370382464570349,0.23148087677148255,0.6157404383857412,0.8078702191928706,-0.0960648904035647,-0.5480324452017824,-0.7740162226008912,0.1129918886995544,0.5564959443497772,-0.2217520278251114,-0.6108760139125557,-0.8054380069562779,0.09728099652186106,-0.45135950173906947,0.27432024913046527,-0.36283987543476737,-0.6814199377173837,-0.8407099688586919,-0.9203549844293459,0.03982250778532703,0.5199112538926636,0.7599556269463318,0.879977813473166,-0.060011093263417026,-0.5300055466317085,-0.7650027733158542,-0.8825013866579271,0.05874930667103645,0.5293746533355183,-0.23531267333224087,-0.6176563366661204,0.1911718316669398,0.5955859158334699,0.7977929579167349,-0.10110352104163256,0.4494482394791837,0.7247241197395918,-0.13763794013020408,-0.5688189700651021,-0.784409485032551,0.10779525748372448,-0.4461023712581378,0.2769488143709311,-0.36152559281453445,-0.6807627964072672,0.1596186017963664,0.5798093008981832,-0.21009534955090842,-0.6050476747754542,-0.802523837387727,0.09873808130613648,-0.45063095934693176,0.2746845203265341,-0.36265773983673294,-0.6813288699183665,-0.8406644349591832,-0.9203322174795916,-0.9601661087397958,-0.980083054369898,-0.990041527184949,0.004979236407525511,-0.49751038179623724,0.2512448091018814,0.6256224045509406,0.8128112022754703,-0.09359439886226484,-0.5467971994311325,-0.7733985997155662,0.11330070014221688,-0.4433496499288916,-0.7216748249644458,-0.8608374124822229,-0.9304187062411114,0.034790646879444276,-0.48260467656027783,0.2586976617198611,0.6293488308599305,-0.18532558457003473,-0.5926627922850174,0.2036686038574913,0.6018343019287457,0.8009171509643729,-0.09954142451781356,-0.5497707122589068,-0.7748853561294534,-0.8874426780647267,-0.9437213390323633,-0.9718606695161817,0.014069665241909168,-0.4929651673790454,-0.7464825836895227,-0.8732412918447614,-0.9366206459223807,-0.9683103229611904,-0.9841551614805952,0.007922419259702385,0.5039612096298511,-0.24801939518507443,0.3759903024074628,0.6879951512037314,0.8439975756018657,-0.07800121219906714,-0.5390006060995336,0.2304996969502332,0.6152498484751165,-0.19237507576244173,-0.5961875378812209,-0.7980937689406105,0.10095311552969477,-0.4495234422351526,-0.7247617211175763,0.13761913944121185,-0.4311904302793941,-0.715595215139697,-0.8577976075698486,-0.9288988037849243,-0.9644494018924621,0.017775299053768956,-0.4911123504731155,0.25444382476344224,-0.3727780876182789,0.31361095619086055,0.6568054780954302,-0.1715972609522849,-0.5857986304761424,0.20710068476192878,-0.3964496576190356,-0.6982248288095179,-0.8491124144047589,-0.9245562072023794,-0.9622781036011897,-0.9811390518005949,0.009430474099702546,-0.4952847629501487,0.25235761852492566,-0.37382119073753717,-0.6869105953687686,-0.8434552976843843,0.07827235115780784,-0.4608638244210961,0.26956808778945196,0.634784043894726,0.8173920219473629,-0.09130398902631853,-0.5456519945131593,-0.7728259972565796,-0.8864129986282898,-0.9432064993141449,0.028396750342927546,-0.4858016248285362,-0.7429008124142681,-0.871450406207134,-0.935725203103567,0.0321373984482165,-0.48393130077589175,0.2580343496120541,0.629017174806027,-0.18549141259698648,-0.5927457062984932,-0.7963728531492467,-0.8981864265746233,-0.9490932132873117,0.025453393356344167,-0.48727330332182794,0.25636334833908603,-0.371818325830457,-0.6859091629152285,-0.8429545814576143,-0.9214772907288071,-0.9607386453644036,-0.9803693226822018,0.009815338658899109,-0.4950923306705505,-0.7475461653352753,-0.8737730826676376,0.06311345866618118,-0.4684432706669094,-0.7342216353334547,0.13288918233327263,0.5664445911666363,0.7832222955833181,0.8916111477916591,-0.05419442610417047,-0.5270972130520852,-0.7635486065260426,0.11822569673697869,0.5591128483684893,-0.22044357581575535,-0.6102217879078777,-0.8051108939539389,0.09744455302303057,0.5487222765115153,0.7743611382557576,0.8871805691278788,-0.0564097154360606,0.4717951422819697,-0.26410242885901514,0.36794878557049243,0.6839743927852462,-0.1580128036073769,0.42099359819631155,0.7104967990981558,0.8552483995490778,0.9276241997745389,-0.03618790011273054,-0.5180939500563653,0.24095302497181736,0.6204765124859086,0.8102382562429543,0.9051191281214772,0.9525595640607386,0.9762797820303692,0.9881398910151846,0.9940699455075923,-0.002965027246203844,0.4985174863768981,0.749258743188449,-0.1253706284057755,-0.5626853142028878,-0.7813426571014439,0.10932867144927805,-0.445335664275361,0.2773321678623195,0.6386660839311598,0.8193330419655799,-0.09033347901721006,0.45483326049139494,0.7274166302456975,0.8637083151228487,-0.06814584243857563,-0.5340729212192878,-0.7670364606096439,-0.8835182303048219,-0.941759115152411,0.029120442423794524,0.5145602212118973,-0.24271988939405137,0.3786400553029743,-0.31067997234851286,0.34466001382574357,0.6723300069128718,0.8361650034564359,0.9180825017282179,0.959041250864109,-0.02047937456794552,0.48976031271602727,0.7448801563580136,-0.12755992182099318,-0.5637799609104965,0.21811001954475173,-0.39094499022762413,-0.695472495113812,0.15226375244309398,0.576131876221547,0.7880659381107735,0.8940329690553868,-0.05298351547230662,-0.5264917577361533,-0.7632458788680767,-0.8816229394340384,0.05918853028298082,-0.47040573485850956,0.2647971325707452,0.6323985662853726,0.8161992831426863,-0.09190035842865685,-0.5459501792143284,-0.7729750896071642,0.1135124551964179,-0.443243772401791,0.2783781137991045,0.6391890568995522,0.8195945284497761,0.909797264224888,0.954898632112444,0.977449316056222,-0.011275341971889008,-0.5056376709859445,-0.7528188354929722,0.12359058225351388,-0.43820470887324303,0.2808976455633785,-0.35955117721831076,-0.6797755886091554,0.16011220569542228,0.5800561028477111,-0.20997194857614443,-0.6049859742880722,-0.802492987144036,-0.901246493572018,0.04937675321399099,0.5246883766069955,0.7623441883034978,-0.11882790584825109,-0.5594139529241255,0.22029302353793723,0.6101465117689686,-0.1949267441155157,-0.5974633720577578,-0.7987316860288789,0.10063415698556055,-0.4496829215072197,-0.7248414607536099,-0.862420730376805,-0.9312103651884025,0.03439481740579875,0.5171974087028994,-0.24140129564855028,-0.6207006478242751,-0.8103503239121376,-0.9051751619560688,-0.9525875809780344,0.02370620951098279,-0.4881468952445086,0.2559265523777457,0.6279632761888728,-0.1860183619055636,-0.5930091809527818,-0.7965045904763909,-0.8982522952381955,0.05087385238090225,-0.4745630738095489,0.26271846309522556,0.6313592315476128,-0.18432038422619362,-0.5921601921130968,-0.7960800960565484,-0.8980400480282742,0.0509799759858629,-0.47451001200706855,-0.7372550060035343,-0.8686275030017672,-0.9343137515008836,-0.9671568757504418,-0.9835784378752209,0.008210781062389538,-0.49589460946880526,-0.7479473047344026,0.12602634763279869,-0.43698682618360063,-0.7184934130918004,-0.8592467065459002,0.07037664672704991,0.535188323363525,0.7675941616817625,0.8837970808408813,-0.05810145957955937,-0.5290507297897797,-0.7645253648948899,-0.8822626824474449,-0.9411313412237224,0.02943432938813878,-0.48528283530593064,-0.7426414176529653,-0.8713207088264827,-0.9356603544132414,0.03216982279337932,-0.48391508860331034,-0.7419575443016552,0.12902122784917242,-0.43548938607541376,0.2822553069622931,0.6411276534811465,0.8205638267405733,0.9102819133702866,0.9551409566851433,-0.022429521657428342,0.4887852391712858,0.744392619585643,-0.12780369020717852,0.43609815489641074,0.7180490774482053,0.8590245387241027,0.9295122693620513,0.9647561346810256,0.9823780673405128,-0.008810966329743597,-0.5044054831648718,-0.7522027415824359,0.12389862920878203,0.561949314604391,-0.2190253426978045,-0.6095126713489023,-0.8047563356744512,-0.9023781678372256,-0.9511890839186128,-0.9755945419593064,0.012202729020346803,-0.4938986354898266,-0.7469493177449134,-0.8734746588724567,0.06326267056377166,0.5316313352818858,-0.2341843323590571,-0.6170921661795286,-0.8085460830897643,-0.9042730415448821,0.04786347922755896,-0.4760682603862205,-0.7380341301931103,-0.8690170650965552,-0.9345085325482776,0.032745733725861204,0.5163728668629306,0.7581864334314653,-0.12090678328426735,0.4395466083578663,-0.28022669582106685,0.3598866520894666,-0.3200566739552667,0.33997166302236664,0.6699858315111833,0.8349929157555916,0.9174964578777958,-0.041251771061102116,-0.520625885530551,-0.7603129427652755,-0.8801564713826378,-0.9400782356913189,0.029960882154340562,0.5149804410771703,0.7574902205385852,0.8787451102692926,0.9393725551346463,-0.030313722432676826,-0.5151568612163384,-0.7575784306081692,0.1212107846959154,-0.4393946076520423,0.28030269617397885,-0.3598486519130106,-0.6799243259565053,-0.8399621629782527,-0.9199810814891263,0.04000945925543686,0.5200047296277184,0.7600023648138592,0.8800011824069296,-0.0599994087965352,-0.5299997043982676,-0.7649998521991338,0.1175000739004331,-0.4412499630497835,0.27937501847510826,0.6396875092375541,-0.18015624538122293,-0.5900781226906114,-0.7950390613453058,-0.8975195306726529,0.051240234663673556,0.5256201173318368,0.7628100586659183,-0.11859497066704083,-0.5592974853335204,0.2203512573332398,0.6101756286666199,0.80508781433331,-0.097456092833345,-0.5487280464166725,0.22563597679166375,-0.3871820116041681,-0.693591005802084,-0.846795502901042,-0.9233977514505209,0.03830112427473953,0.5191505621373698,-0.24042471893131512,-0.6202123594656576,-0.8101061797328288,-0.9050530898664144,-0.9525265449332072,0.023736727533396396,-0.4881316362333018,0.2559341818833491,0.6279670909416746,-0.1860164545291627,-0.5930082272645814,-0.7965041136322907,-0.8982520568161454,0.0508739715919273,-0.47456301420403635,0.2627184928979818,0.6313592464489909,-0.18432037677550456,0.4078398116122477,-0.29608009419387615,-0.6480400470969381,0.17597997645153096,-0.4120100117742345,-0.7060050058871172,0.14699749705644138,-0.4265012514717793,-0.7132506257358897,-0.8566253128679449,0.07168734356602757,-0.4641563282169862,-0.7320781641084931,0.13396091794575343,0.5669804589728767,0.7834902294864383,-0.10825488525678084,0.4458725573716096,0.7229362786858048,-0.1385318606570976,0.4307340696714512,-0.2846329651642744,-0.6423164825821372,0.17884175870893138,-0.4105791206455343,-0.7052895603227671,0.14735521983861644,-0.4263223900806918,-0.7131611950403459,-0.856580597520173,-0.9282902987600865,-0.9641451493800433,0.017927425309978373,-0.4910362873450108,0.2544818563274946,-0.3727590718362527,0.31362046408187366,0.6568102320409368,0.8284051160204684,0.9142025580102342,-0.0428987209948829,0.47855063950255855,-0.26072468024872075,0.3696376598756396,-0.31518117006218016,0.3424094149689099,-0.32879529251554507,-0.6643976462577725,0.16780117687111373,0.5839005884355568,0.7919502942177784,0.8959751471088893,-0.05201242644555537,-0.5260062132227776,-0.7630031066113888,0.11849844669430559,-0.44075077665284723,-0.7203753883264237,-0.8601876941632118,-0.9300938470816059,-0.965046923540803,-0.9825234617704015,0.008738269114799246,-0.4956308654426004,-0.7478154327213002,-0.8739077163606501,0.06304614181967494,0.5315230709098375,-0.23423846454508124,-0.6171192322725406,-0.8085596161362703,-0.9042798080681351,0.04786009596593244,-0.4760699520170338,0.26196502399148314,-0.36901748800425843,-0.6845087440021292,0.15774562799893538,0.5788728139994677,0.7894364069997338,-0.10528179650013308,0.44735910174993343,-0.2763204491250333,0.36183977543748336,-0.3190801122812583,0.34045994385937084,0.6702299719296854,0.8351149859648427,0.9175574929824213,-0.04122125350878936,-0.5206106267543946,-0.7603053133771973,-0.8801526566885987,-0.9400763283442993,0.029961835827850336,0.5149809179139252,0.7574904589569627,0.8787452294784813,0.9393726147392407,-0.03031369263037964,-0.5151568463151899,-0.7575784231575949,0.12121078842120253,-0.4393946057893987,0.28030269710530065,0.6401513485526503,-0.17992432572367484,-0.5899621628618374,-0.7949810814309187,0.10250945928454064,0.5512547296422703,0.7756273648211351,0.8878136824105676,-0.056093158794716214,0.4719534206026419,-0.26402328969867905,0.3679883551506605,-0.3160058224246698,0.3419970887876651,0.6709985443938326,-0.16450072780308372,-0.5822503639015418,-0.791125181950771,-0.8955625909753855,0.05221870451230726,0.5261093522561536,0.7630546761280768,0.8815273380640384,-0.05923633096798081,-0.5296181654839904,0.23519091725800478,0.6175954586290024,-0.19120227068549878,0.4043988646572506,0.7021994323286254,-0.14890028383568732,-0.5744501419178436,-0.7872250709589218,-0.8936125354794608,0.05319373226026958,0.5265968661301348,-0.2367015669349326,-0.6183507834674663,-0.8091753917337332,-0.9045876958668666,-0.9522938479334333,0.02385307603328335,-0.4880734619833583,0.25596326900832084,0.6279816345041604,-0.18600918274791978,-0.5930045913739599,-0.7965022956869799,-0.89825114784349,0.050874426078254986,0.5254372130391275,-0.23728139348043625,-0.6186406967402182,-0.809320348370109,0.09533982581494549,0.5476699129074727,-0.22616504354626366,0.3869174782268682,-0.3065412608865659,-0.6532706304432829,-0.8266353152216415,0.08668234238917927,0.5433411711945897,0.7716705855972948,-0.11416470720135258,-0.5570823536006763,0.22145882319966187,-0.38927058840016904,-0.6946352942000845,0.15268235289995774,-0.42365882355002116,-0.7118294117750106,0.1440852941124947,-0.42795735294375264,0.2860213235281237,-0.35698933823593815,0.3215053308820309,0.6607526654410154,0.8303763327205077,-0.08481183363974615,-0.542405916819873,0.22879704159006348,-0.38560147920496823,-0.6928007396024841,-0.8464003698012421,0.07679981509937894,-0.46160009245031053,0.26919995377484474,-0.36540002311257763,0.3172999884437112,-0.3413500057781444,-0.6706750028890722,-0.8353375014445361,0.08233124927773194,0.541165624638866,-0.22941718768056701,0.38529140615971647,-0.30735429692014177,0.34632285153992914,0.6731614257699645,-0.16341928711501774,0.41829035644249113,-0.29085482177875444,-0.6454274108893772,0.17728629455531142,0.5886431472776557,-0.20567842636117217,-0.6028392131805861,-0.801419606590293,-0.9007098032951465,0.04964509835242675,0.5248225491762134,-0.2375887254118933,-0.6187943627059467,0.19060281864702666,-0.40469859067648667,0.2976507046617567,-0.35117464766912165,-0.6755873238345609,0.16220633808271956,-0.4188968309586402,0.29055158452067986,-0.35472420773966007,0.32263789613016997,-0.33868105193491505,0.3306594740325425,-0.33467026298372876,0.3326648685081356,-0.3336675657459322,-0.6668337828729661,0.16658310856351694,-0.4167084457182415,0.29164577714087925,-0.3541771114295604,-0.6770885557147802,0.1614557221426099,0.5807278610713049,-0.20963606946434754,0.39518196526782623,-0.3024090173660869,0.34879549131695653,0.6743977456584782,0.8371988728292391,-0.08140056358538045,0.45929971820730975,0.7296498591036549,0.8648249295518274,-0.06758753522408628,0.4662062323879569,0.7331031161939785,0.8665515580969892,-0.06672422095150538,0.46663788952424734,0.7333189447621237,0.8666594723810619,-0.06667026380946905,-0.5333351319047346,0.2333324340476327,-0.38333378297618365,-0.6916668914880918,0.1541665542559541,-0.422916722872023,0.2885416385639885,0.6442708192819943,0.8221354096409972,0.9110677048204986,0.9555338524102492,-0.02223307379487538,-0.5111165368974377,0.24444173155128113,0.6222208657756405,0.8111104328878203,0.9055552164439101,-0.047222391778044936,-0.5236111958890225,-0.7618055979445113,0.11909720102774435,0.5595486005138721,-0.22022569974306394,0.38988715012846803,0.694943575064234,0.8474717875321169,-0.07626410623394153,0.46186794688302923,0.7309339734415146,0.8654669867207573,0.9327334933603786,0.9663667466801893,-0.016816626659905354,0.4915916866700473,0.7457958433350237,-0.12710207833248816,-0.563551039166244,0.21822448041687798,0.609112240208439,0.8045561201042195,-0.09772193994789025,0.4511390300260549,0.7255695150130275,0.8627847575065137,0.9313923787532569,0.9656961893766285,-0.017151905311685756,-0.5085759526558429,-0.7542879763279214,0.12285601183603928,-0.43857199408198033,-0.7192859970409902,0.14035700147950492,0.5701785007397524,0.7850892503698762,0.892544625184938,0.946272312592469,-0.02686384370376549,0.48656807814811726,0.7432840390740586,0.8716420195370294,-0.06417899023148532,-0.5320894951157427,0.23395525244212867,-0.38302237377893567,0.30848881311053217,-0.34575559344473394,-0.6728777967223669,-0.8364388983611835,-0.9182194491805917,-0.9591097245902959,0.020445137704852068,0.510222568852426,-0.244888715573787,-0.6224443577868934,0.18877782110655328,-0.40561108944672336,-0.7028055447233617,-0.8514027723616808,-0.9257013861808404,-0.9628506930904202,-0.9814253465452101,-0.990712673272605,-0.9953563366363025,0.0023218316818487406,-0.49883908415907563,-0.7494195420795378,-0.8747097710397689,0.06264511448011556,-0.4686774427599422,-0.7343387213799711,-0.8671693606899855,0.06641531965500724,-0.4667923401724964,0.2666038299137518,-0.36669808504312407,-0.683349042521562,-0.841674521260781,-0.9208372606303905,-0.9604186303151953,0.019790684842402373,-0.49010465757879884,-0.7450523287893994,0.1274738356053003,0.5637369178026501,-0.21813154109867494,-0.6090657705493374,0.1954671147253313,-0.40226644263733435,0.2988667786813328,0.6494333893406664,-0.1752833053296668,0.41235834733516663,0.7061791736675833,-0.14691041316620834,-0.5734552065831042,-0.7867276032915521,0.10663619835422394,-0.44668190082288806,0.27665904958855597,-0.36167047520572204,0.319164762397139,0.6595823811985695,0.8297911905992847,-0.08510440470035763,-0.5425522023501788,0.22872389882491062,0.6143619494124553,-0.19281902529377237,-0.5964095126468862,-0.7982047563234431,-0.8991023781617216,0.05044881091913922,-0.4747755945404304,-0.7373877972702152,0.1313061013648924,0.5656530506824462,0.7828265253412231,0.8914132626706115,-0.05429336866469425,-0.5271466843323471,-0.7635733421661736,0.11821332891691322,0.5591066644584566,-0.2204466677707717,0.38977666611461415,0.694888333057307,0.8474441665286535,-0.07627791673567325,-0.5381389583678367,0.23093052081608167,-0.38453473959195916,-0.6922673697959796,-0.8461336848979898,-0.923066842448995,0.038466578775502525,0.5192332893877513,0.7596166446938757,0.8798083223469378,-0.06009583882653108,-0.5300479194132656,0.23497604029336722,0.6174880201466836,-0.1912559899266582,-0.5956279949633291,0.20218600251833546,-0.39890699874083224,-0.6994534993704161,-0.8497267496852081,-0.9248633748426041,-0.962431687421302,0.018784156289348986,-0.49060792185532553,0.25469603907233723,-0.3726519804638314,-0.6863259902319157,-0.8431629951159578,-0.9215814975579789,0.039209251221010544,-0.48039537438949476,-0.7401976871947473,-0.8700988435973737,-0.9350494217986869,0.03247528910065656,-0.4837623554496717,-0.7418811777248359,0.12905941113758207,-0.435470294431209,-0.7177351472156045,0.14113242639219775,0.5705662131960989,-0.21471689340195055,-0.6073584467009753,-0.8036792233504877,-0.9018396116752438,0.04908019416237808,-0.47545990291881096,-0.7377299514594055,0.13113502427029727,-0.43443248786485134,-0.7172162439324257,0.14139187803378717,0.5706959390168935,0.7853479695084468,-0.10732601524577662,-0.5536630076228883,-0.7768315038114442,-0.8884157519057221,-0.944207875952861,0.02789606202356948,0.5139480310117848,0.7569740155058924,-0.12151299224705381,0.4392435038764731,0.7196217519382365,-0.14018912403088174,0.42990543798455916,-0.2850472810077204,0.35747635949613976,-0.3212618202519301,0.3393690898740349,-0.33031545506298254,-0.6651577275314913,0.16742113623425436,-0.4162894318828728,-0.7081447159414365,0.14592764202928177,-0.4270361789853591,-0.7135180894926796,-0.8567590447463398,-0.9283795223731699,0.03581023881341505,-0.4820948805932925,0.25895255970335374,-0.37052372014832313,0.31473813992583843,0.6573690699629192,0.8286845349814596,-0.08565773250927022,-0.5428288662546351,-0.7714144331273176,0.1142927834363412,0.5571463917181706,0.7785731958590854,-0.11071340207045732,0.44464329896477134,-0.27767835051761436,0.3611608247411928,0.6805804123705964,0.8402902061852981,0.9201451030926491,0.9600725515463245,-0.01996372422683773,0.4900181378865811,-0.25499093105670945,-0.6274954655283547,-0.8137477327641773,0.09312613361791133,-0.45343693319104433,0.2732815334044778,0.6366407667022389,-0.18167961664888055,-0.5908398083244403,-0.7954199041622201,0.10229004791888996,-0.448854976040555,0.2755725119797225,0.6377862559898613,-0.18110687200506936,-0.5905534360025346,0.2047232819987327,-0.39763835900063366,0.3011808204996832,-0.3494095897501584,-0.6747047948750792,-0.8373523974375396,-0.9186761987187698,-0.959338099359385,-0.9796690496796925,0.010165475160153759,-0.4949172624199231,-0.7474586312099616,0.1262706843950192,-0.4368646578024904,-0.7184323289012452,-0.8592161644506227,0.07039191777468867,-0.46480404111265566,-0.7324020205563279,-0.8662010102781639,0.06689949486091806,-0.46655025256954097,-0.7332751262847705,0.13336243685761473,-0.43331878157119263,-0.7166593907855963,-0.8583296953927981,-0.9291648476963991,0.03541757615180047,-0.48229121192409974,0.25885439403795013,-0.3705728029810249,-0.6852864014905125,-0.8426432007452562,0.07867839962737189,-0.46066080018631406,0.26966959990684297,0.6348347999534215,-0.18258260002328924,0.40870869998835535,0.7043543499941777,0.8521771749970888,0.9260885874985444,-0.036955706250727804,-0.5184778531253639,0.24076107343731806,-0.379619463281341,-0.6898097316406705,0.15509513417966475,-0.42245243291016765,0.2887737835449162,-0.3556131082275419,-0.677806554113771,0.1610967229431145,0.5805483614715572,-0.2097258192642214,0.3951370903678893,0.6975685451839446,0.8487842725919723,0.9243921362959862,0.9621960681479931,-0.01890196592600346,0.49054901703699827,-0.25472549148150087,0.37263725425924954,0.6863186271296248,0.8431593135648123,0.9215796567824062,0.9607898283912031,0.9803949141956015,-0.00980254290219923,-0.5049012714510996,0.24754936427445018,-0.3762253178627749,-0.6881126589313875,-0.8440563294656938,0.07797183526715312,0.5389859176335765,0.7694929588167883,0.8847464794083941,0.9423732397041971,0.9711866198520985,0.9855933099260492,-0.007203345036975395,0.4963983274815123,0.7481991637407561,-0.12590041812962194,0.43704979093518903,-0.2814751045324055,-0.6407375522662028,0.17963122386689861,-0.41018438806655066,-0.7050921940332753,0.14745390298336236,-0.4262730485083188,0.2868634757458406,0.6434317378729203,0.8217158689364601,0.91085793446823,0.955428967234115,-0.022285516382942516,-0.5111427581914713,-0.7555713790957357,0.12221431045213216,0.561107155226066,-0.219446422386967,0.3902767888065165,0.6951383944032583,0.8475691972016292,0.9237845986008146,-0.038107700699592684,0.48094614965020366,-0.25952692517489817,-0.6297634625874491,-0.8148817312937245,-0.9074408656468622,-0.9537204328234311,0.023139783588284446,0.5115698917941423,-0.24421505410292887,-0.6221075270514644,0.18894623647426778,0.5944731182371339,-0.20276344088143305,-0.6013817204407166,0.1993091397796417,0.5996545698898208,-0.2001727150550896,-0.6000863575275448,0.1999568212362276,0.5999784106181139,0.7999892053090569,0.8999946026545285,0.9499973013272642,0.9749986506636321,0.9874993253318161,-0.006250337334091971,-0.5031251686670459,0.24843741566647704,0.6242187078332385,-0.18789064608338074,0.40605467695830966,0.7030273384791548,0.8515136692395774,0.9257568346197886,0.9628784173098943,0.9814392086549472,-0.00928039567252642,-0.5046401978362632,0.24767990108186838,-0.3761600494590658,-0.6880800247295329,-0.8440400123647664,-0.9220200061823832,0.03898999690880839,-0.48050500154559583,-0.7402525007727979,-0.8701262503863989,0.06493687480680055,0.5324684374034003,0.7662342187017002,0.8831171093508501,0.941558554675425,0.9707792773377125,0.9853896386688563,0.9926948193344282,-0.003652590332785921,0.498173704833607,0.7490868524168035,0.8745434262084018,0.9372717131042009,0.9686358565521005,-0.015682071723949753,0.4921589641380251,0.7460794820690125,-0.12696025896549373,0.43651987051725316,0.7182599352586265,0.8591299676293133,0.9295649838146567,0.9647824919073283,0.9823912459536641,0.9911956229768321,-0.004402188511583971,0.49779890574420804,0.748899452872104,-0.125550273563948,-0.562775136781974,0.218612431609013,0.6093062158045065,-0.19534689209774675,0.4023265539511266,-0.2988367230244367,0.3505816384877817,0.6752908192438909,0.8376454096219454,0.9188227048109727,0.9594113524054864,0.9797056762027432,0.9898528381013716,-0.005073580949314205,-0.5025367904746572,-0.7512683952373286,-0.8756341976186643,-0.9378170988093322,0.031091450595333914,0.515545725297667,-0.24222713735116652,-0.6211135686755833,0.18944321566220834,0.5947216078311042,-0.20263919608444791,-0.6013195980422239,-0.800659799021112,-0.900329899510556,0.04983505024472201,-0.475082474877639,-0.7375412374388195,0.13122938128059025,-0.4343853093597049,0.28280734532014756,0.6414036726600738,-0.1792981636699631,0.41035091816501845,0.7051754590825092,-0.1474122704587454,0.4262938647706273,0.7131469323853137,-0.14342653380734316,-0.5717132669036715,0.21414336654816424,0.6070716832740821,-0.19646415836295894,-0.5982320791814795,0.20088396040926026,0.6004419802046301,0.8002209901023151,0.9001104950511576,0.9500552475255788,-0.024972376237210603,-0.5124861881186054,-0.7562430940593027,-0.8781215470296513,0.06093922648517436,-0.4695303867574128,0.2652348066212936,-0.3673825966893532,-0.6836912983446766,0.15815435082766172,0.5790771754138309,0.7895385877069154,0.8947692938534577,-0.05261535307327114,-0.5263076765366356,-0.7631538382683178,-0.8815769191341589,-0.9407884595670795,-0.9703942297835397,0.014802885108230135,-0.49259855744588493,0.25370072127705756,0.6268503606385287,0.8134251803192644,-0.09328740984036782,-0.5466437049201839,0.22667814753990806,-0.386660926230046,0.306669536884977,0.6533347684424885,-0.17333261577875575,0.4133336921106221,0.706666846055311,0.8533334230276555,-0.07333328848617227,0.46333335575691387,0.731666677878457,-0.13416666106077152,-0.5670833305303857,-0.7835416652651929,0.10822916736740357,0.5541145836837018,0.7770572918418509,0.8885286459209254,-0.0557356770395373,-0.5278678385197686,0.2360660807401157,0.6180330403700578,-0.1909834798149711,0.40450826009251445,0.7022541300462573,0.8511270650231286,0.9255635325115643,-0.037218233744217843,-0.518609116872109,-0.7593045584360545,-0.8796522792180272,0.06017386039098638,-0.4699130698045068,0.26504346509774657,0.6325217325488732,0.8162608662744366,0.9081304331372183,0.9540652165686092,-0.022967391715695396,-0.5114836958578477,-0.7557418479289238,-0.877870923964462,0.06106453801776901,-0.4694677309911155,0.26526613450444225,0.6326330672522211,-0.18368346637388944,0.4081582668130553,0.7040791334065276,-0.1479604332967362,0.42601978335163193,-0.28699010832418403,-0.6434950541620921,-0.821747527081046,-0.9108737635405231,0.04456311822973846,-0.47771844088513077,-0.7388592204425654,-0.8694296102212826,-0.9347148051106413,0.032642597444679344,-0.48367870127766033,-0.7418393506388301,-0.870919675319415,-0.9354598376597075,-0.9677299188298538,-0.9838649594149269,0.008067520292536545,0.5040337601462683,0.7520168800731342,-0.12399155996343292,0.43800422001828354,0.7190021100091417,0.8595010550045709,0.9297505275022855,0.9648752637511427,-0.01756236812442863,0.4912188159377857,-0.25439059203110714,0.37280470398444643,-0.3135976480077768,0.3432011759961116,0.6716005879980558,0.8358002939990279,0.9179001469995139,-0.04104992650024303,-0.5205249632501215,-0.7602624816250607,0.11986875918746964,0.5599343795937348,-0.2200328102031326,-0.6100164051015663,0.19499179744921685,0.5974958987246084,-0.2012520506376958,-0.6006260253188479,-0.800313012659424,-0.900156506329712,0.049921746835144,-0.475039126582428,0.262480436708786,0.631240218354393,-0.18437989082280348,0.40781005458859826,0.7039050272942992,0.8519525136471495,-0.07402374317642524,0.4629881284117874,0.7314940642058937,0.8657470321029468,-0.0671264839485266,0.4664367580257367,0.7332183790128683,-0.13339081049356583,0.4333045947532171,-0.2833477026233915,0.35832614868830426,0.6791630743441521,-0.16041846282792394,-0.580209231413962,-0.790104615706981,0.10494769214650951,-0.4475261539267452,0.2762369230366274,0.6381184615183138,0.8190592307591569,-0.09047038462042156,0.4547648076897892,0.7273824038448946,0.8636912019224473,0.9318456009612237,0.9659228004806119,-0.017038599759694073,0.491480700120153,-0.2542596499399235,0.3728701750300383,-0.31356491248498086,0.34321754375750957,0.6716087718787548,-0.1641956140606226,-0.5820978070303113,-0.7910489035151557,-0.8955244517575778,-0.9477622258787889,0.026118887060605556,-0.48694055646969725,0.2565297217651514,0.6282648608825757,0.8141324304412878,0.9070662152206439,-0.04646689238967805,0.476766553805161,-0.2616167230974195,0.3691916384512902,0.6845958192256452,0.8422979096128226,0.9211489548064113,-0.03942552259679433,-0.5197127612983972,0.24014361935080142,0.6200718096754008,-0.18996409516229962,0.4050179524188502,-0.2974910237905749,0.35125448810471255,-0.3243727559476437,-0.6621863779738218,0.16890681101308908,0.5844534055065446,-0.20777329724672772,-0.6038866486233638,0.19805667568831808,-0.40097166215584096,0.2995141689220795,-0.35024291553896025,-0.6751214577694802,-0.8375607288847401,0.08121963555762995,-0.459390182221185,0.2703049088894075,0.6351524544447038,-0.1824237727776481,-0.591211886388824,0.20439405680558798,-0.397802971597206,0.301098514201397,0.6505492571006986,0.8252746285503493,-0.08736268572482536,0.45631865713758735,0.7281593285687937,-0.13592033571560314,-0.5679601678578016,-0.7839800839289008,0.10800995803554958,0.5540049790177748,0.7770024895088874,-0.1114987552455563,0.44425062237722185,-0.2778746888113891,-0.6389373444056945,-0.8194686722028472,0.09026566389857638,-0.4548671680507118,0.2725664159746441,-0.3637167920126779,0.31814160399366104,0.6590708019968305,-0.17046459900158473,-0.5852322995007924,0.20738385024960382,0.6036919251248019,0.8018459625624009,-0.09907701871879954,-0.5495385093593997,0.22523074532030013,-0.3873846273398499,0.30630768633007505,0.6531538431650376,0.8265769215825187,0.9132884607912594,-0.04335576960437032,-0.5216778848021851,-0.7608389424010926,0.11958052879945369,0.5597902643997268,0.7798951321998634,-0.1100524339000683,-0.5550262169500342,-0.7775131084750171,0.11124344576249146,0.5556217228812457,-0.22218913855937716,-0.6110945692796885,-0.8055472846398443,0.09722635768007787,-0.4513868211599611,-0.7256934105799806,0.1371532947100097,-0.43142335264499515,-0.7157116763224975,-0.8578558381612488,-0.9289279190806243,0.035536040459687834,-0.4822319797701561,-0.7411159898850781,0.12944200505746095,-0.4352789974712695,0.28236050126436524,-0.35881974936781735,-0.6794098746839087,-0.8397049373419543,0.08014753132902286,0.5400737656645114,0.7700368828322557,0.8850184414161278,0.9425092207080639,-0.028745389645968067,0.48562730517701597,-0.25718634741149204,-0.628593173705746,-0.814296586852873,-0.9071482934264365,0.046425853286781726,-0.47678707335660914,-0.7383935366783045,0.13080323166084773,-0.43459838416957614,-0.7172991920847881,0.14135040395760595,-0.42932479802119705,-0.7146623990105985,-0.8573311995052992,-0.9286655997526496,-0.9643327998763248,0.017833600061837596,-0.49108319996908123,-0.7455415999845406,-0.8727707999922703,0.06361460000386487,-0.46819269999806756,-0.7340963499990338,0.13295182500048308,-0.43352408749975846,-0.7167620437498792,-0.8583810218749396,-0.9291905109374698,-0.9645952554687349,0.017702372265632538,0.5088511861328162,-0.2455744069335919,0.37721279653320405,0.688606398266602,-0.15569680086669901,-0.5778484004333495,0.21107579978332525,0.6055378998916626,-0.1972310500541687,0.40138447497291563,-0.2993077625135422,-0.6496538812567711,-0.8248269406283856,0.08758652968580721,-0.4562067351570964,-0.7281033675785482,-0.8640516837892741,0.06797415810536295,-0.4660129209473185,0.26699353952634075,-0.3665032302368296,-0.6832516151184148,-0.8416258075592074,0.07918709622039632,0.5395935481101981,-0.23020322594490095,0.3848983870275495,0.6924491935137748,-0.15377540324311262,-0.5768877016215563,0.21155614918922183,-0.3942219254053891,-0.6971109627026946,0.15144451864865272,0.5757222593243263,-0.21213887033783685,0.3939305648310816,0.6969652824155408,0.8484826412077704,0.9242413206038852,-0.0378793396980574,-0.5189396698490287,-0.7594698349245144,-0.8797349174622572,0.06013254126887141,0.5300662706344357,-0.23496686468278216,-0.6174834323413911,0.19125828382930443,0.5956291419146522,-0.2021854290426739,-0.601092714521337,-0.8005463572606685,0.09972682136966576,0.5498634106848329,0.7749317053424165,0.8874658526712083,0.9437329263356041,-0.028133536832197936,0.485933231583901,0.7429666157919506,-0.12851669210402472,0.43574165394798764,-0.28212917302600615,-0.6410645865130031,-0.8205322932565016,0.08973385337174922,0.5448669266858746,-0.22756653665706272,-0.6137832683285314,-0.8068916341642657,-0.9034458170821329,0.04827709145893355,0.5241385457294667,-0.23793072713526664,-0.6189653635676333,-0.8094826817838167,-0.9047413408919083,-0.9523706704459541,0.02381466477702293,-0.4880926676114885,-0.7440463338057443,-0.8720231669028722,-0.9360115834514361,0.031994208274281954,-0.48400289586285905,-0.7420014479314295,0.12899927603428524,0.5644996380171426,-0.21775018099142868,-0.6088750904957143,0.19556245475214284,0.5977812273760714,-0.2011093863119643,-0.6005546931559822,-0.8002773465779911,-0.9001386732889955,0.049930663355502225,-0.4750346683222489,0.2624826658388756,-0.3687586670805622,-0.6843793335402811,-0.8421896667701405,-0.9210948333850703,0.03945258330746487,-0.4802737083462676,0.2598631458268662,0.6299315729134332,0.8149657864567166,-0.09251710677164171,-0.5462585533858209,-0.7731292766929104,-0.8865646383464552,-0.9432823191732276,0.02835884041338621,-0.4858205797933069,-0.7429102898966534,-0.8714551449483268,-0.9357275724741634,-0.9678637862370817,0.016068106881459154,0.5080340534407296,-0.2459829732796352,0.3770085133601824,0.6885042566800912,0.8442521283400456,-0.0778739358299772,-0.5389369679149886,-0.7694684839574943,0.11526575802125283,-0.4423671209893736,0.2788164395053132,-0.3605917802473434,-0.6802958901236718,0.15985205493816412,-0.42007397253091794,0.28996301373454103,-0.3550184931327295,-0.6775092465663648,0.1612453767168176,-0.4193773116415912,-0.7096886558207955,-0.8548443279103978,-0.9274221639551989,-0.9637110819775995,-0.9818555409887997,0.00907222950560016,-0.4954638852471999,0.2522680573764,0.6261340286882,-0.1869329856559,-0.59346649282795,-0.796733246413975,0.10163337679301249,-0.4491833116034938,-0.7245916558017469,0.13770417209912655,0.5688520860495633,0.7844260430247816,-0.10778697848760921,0.4461065107561954,0.7230532553780977,-0.13847337231095114,0.43076331384452443,0.7153816569222622,0.8576908284611311,-0.07115458576943445,0.4644227071152828,-0.2677886464423586,0.36610567677882067,-0.31694716161058967,0.34152641919470517,-0.3292367904026474,0.3353816047986763,0.6676908023993382,0.8338454011996691,-0.08307729940016545,-0.5415386497000827,-0.7707693248500413,0.11461533757497933,-0.44269233121251034,-0.7213461656062552,-0.8606730828031276,-0.9303365414015639,-0.9651682707007819,0.017415864649609036,-0.4912920676751955,-0.7456460338375978,0.12717698308120112,-0.43641150845939947,-0.7182057542296998,-0.8591028771148499,-0.929551438557425,0.035224280721287526,-0.48238785963935626,0.25880607018032187,-0.37059696490983907,-0.6852984824549195,-0.8426492412274598,-0.9213246206137299,-0.960662310306865,-0.9803311551534325,-0.9901655775767162,0.004917211211641903,-0.49754139439417905,0.25122930280291045,0.6256146514014552,0.8128073257007276,0.9064036628503638,0.9532018314251819,0.976600915712591,0.9883004578562955,0.9941502289281478,0.9970751144640739,0.998537557232037,-0.0007312213839815174,0.49963438930800924,0.7498171946540046,0.8749085973270023,-0.06254570133649884,0.4687271493317506,0.7343635746658753,-0.13281821266706234,-0.5664091063335311,-0.7832045531667655,0.10839772341661724,0.5541988617083087,0.7770994308541543,0.8885497154270772,0.9442748577135386,0.9721374288567692,0.9860687144283846,0.9930343572141923,-0.0034828213929038454,-0.501741410696452,0.24912929465177402,-0.375435352674113,0.3122823236629435,0.6561411618314718,0.8280705809157358,0.9140352904578679,-0.042982354771066045,0.478508822614467,0.7392544113072335,0.8696272056536167,0.9348136028268084,0.9674068014134042,0.983703400706702,-0.008148299646648982,-0.5040741498233245,-0.7520370749116623,0.12398146254416886,0.5619907312720844,-0.21900463436395778,-0.6095023171819789,-0.8047511585909894,0.09762442070450528,0.5488122103522526,-0.2255938948238737,-0.6127969474119368,-0.8063984737059684,0.0968007631470158,0.5484003815735079,0.774200190786754,-0.11289990460662302,0.4435500476966885,0.7217750238483442,-0.13911248807582788,0.43044375596208606,-0.28477812201895697,-0.6423890610094785,-0.8211945305047392,-0.9105972652523696,-0.9552986326261848,-0.9776493163130924,0.011175341843453812,0.5055876709217269,-0.24720616453913657,-0.6236030822695683,0.18819845886521586,0.594099229432608,-0.20295038528369602,0.398524807358152,-0.300737596320924,-0.650368798160462,0.174815600919769,0.5874078004598845,-0.20629609977005775,0.3968519501149711,-0.30157402494251445,-0.6507870124712573,0.17460649376437137,0.5873032468821857,-0.20634837655890714,0.39682581172054643,0.6984129058602733,-0.15079354706986337,-0.5753967735349317,-0.7876983867674658,-0.8938491933837329,-0.9469245966918665,0.02653770165406677,0.5132688508270333,-0.24336557458648334,-0.6216827872932417,-0.8108413936466208,0.09457930317668961,-0.4527103484116552,-0.7263551742058276,-0.8631775871029138,-0.9315887935514569,0.034205603224271575,-0.4828971983878642,0.25855140080606787,-0.37072429959696607,-0.685362149798483,-0.8426810748992415,0.07865946255037926,-0.4606702687248104,-0.7303351343624052,-0.8651675671812026,-0.9325837835906012,-0.9662918917953006,0.01685405410234969,-0.4915729729488252,-0.7457864864744126,-0.8728932432372063,-0.9364466216186031,0.031776689190698426,-0.4841116554046508,0.25794417229767463,0.6289720861488373,-0.18551395692558137,0.4072430215372093,0.7036215107686047,0.8518107553843024,-0.0740946223078488,-0.5370473111539245,-0.7685236555769622,-0.8842618277884811,-0.9421309138942405,-0.9710654569471202,0.014467271526439895,-0.49276636423678005,-0.74638318211839,0.12680840894080497,-0.4365957955295975,0.28170210223520126,-0.35914894888239934,0.32042552555880033,0.6602127627794001,-0.16989361861029995,0.41505319069485,0.707526595347425,0.8537632976737125,-0.07311835116314375,0.46344082441842815,-0.2682795877907859,-0.634139793895393,-0.8170698969476965,-0.9085349484738483,0.04573252576307585,0.5228662628815379,-0.23856686855923104,0.3807165657203845,-0.30964171713980776,-0.6548208585699039,-0.827410429284952,-0.913705214642476,0.043147392678762,-0.478426303660619,0.2607868481696905,0.6303934240848452,-0.1848032879575774,0.4075983560212113,-0.29620082198939435,-0.6481004109946972,-0.8240502054973486,0.08797489725132568,-0.45601255137433716,-0.7280062756871686,-0.8640031378435843,-0.9320015689217922,-0.9660007844608961,0.01699960776955195,-0.491500196115224,0.254249901942388,-0.37287504902880597,0.313562475485597,-0.3432187622572015,-0.6716093811286008,0.1641953094356996,-0.4179023452821502,0.2910488273589249,-0.35447558632053755,-0.6772377931602688,0.1613811034198656,-0.4193094482900672,-0.7096547241450336,0.1451726379274832,-0.42741368103625843,0.2862931594818708,-0.35685342025906464,0.3215732898704677,-0.33921335506476613,0.33039332246761693,-0.3348033387661915,-0.6674016693830958,0.16629916530845212,-0.41685041734577394,-0.7084252086728869,-0.8542126043364435,-0.9271063021682218,-0.9635531510841109,-0.9817765755420554,-0.9908882877710277,0.0045558561144861676,0.5022779280572431,-0.24886103597137843,0.3755694820143108,-0.31221525899284464,0.3438923705035777,-0.32805381474821116,0.3359730926258944,-0.3320134536870528,0.3339932731564736,-0.3330033634217632,0.3334983182891184,0.6667491591445592,0.8333745795722796,0.9166872897861398,-0.04165635510693011,0.47917182244653495,-0.26041408877673256,0.3697929556116337,-0.31510352219418314,-0.6575517610970916,-0.8287758805485458,0.08561205972572711,0.5428060298628635,-0.22859698506856824,-0.6142984925342841,-0.8071492462671421,-0.9035746231335711,0.04821268843321447,-0.47589365578339277,-0.7379468278916964,-0.8689734139458483,-0.9344867069729241,-0.9672433534864621,-0.9836216767432311,0.008189161628384456,0.5040945808141922,0.7520472904070961,0.876023645203548,-0.061988177398225985,-0.530994088699113,0.2345029556504435,0.6172514778252217,0.8086257389126108,-0.0956871305436946,0.4521564347281527,-0.27392178263592365,-0.6369608913179619,0.18151955434101907,-0.40924022282949046,0.29537988858525477,0.6476899442926274,0.8238449721463137,0.9119224860731568,0.9559612430365785,-0.02201937848171076,0.4889903107591446,0.7444951553795723,-0.12775242231021383,0.4361237888448931,-0.28193810557755344,-0.6409690527887767,0.17951547360561165,0.5897577368028059,0.794878868401403,0.8974394342007015,0.9487197171003507,0.9743598585501754,0.9871799292750877,0.9935899646375439,-0.0032050176812280506,0.498397491159386,-0.250801254420307,-0.6254006272101535,0.18729968639492323,0.5936498431974616,-0.2031750784012692,-0.6015875392006346,0.19920623039968272,-0.40039688480015867,0.29980155759992066,0.6499007787999603,0.8249503893999801,0.91247519469999,-0.04376240265000497,0.4781187986749975,0.7390593993374988,0.8695296996687494,0.9347648498343747,-0.032617575082812655,-0.5163087875414063,-0.7581543937707031,0.12092280311464843,0.5604614015573242,0.7802307007786621,-0.10988464961066896,0.44505767519466555,0.7225288375973328,0.8612644187986664,0.9306322093993332,0.9653161046996666,-0.5,-0.75,0.125,0.5625,-0.21875,0.390625,-0.3046875,0.34765625,0.673828125,-0.1630859375,0.41845703125,-0.290771484375,0.3546142578125,0.67730712890625,-0.161346435546875,-0.5806732177734375,-0.7903366088867188,0.10483169555664062,0.5524158477783203,-0.22379207611083984,0.3881039619445801,-0.30594801902770996,0.347025990486145,-0.3264870047569275,0.33675649762153625,0.6683782488107681,-0.16581087559461594,-0.582905437797308,0.20854728110134602,-0.395726359449327,-0.6978631797246635,-0.8489315898623317,-0.9244657949311659,-0.9622328974655829,-0.9811164487327915,0.009441775633604266,0.5047208878168021,-0.24763955609159893,0.37618022195420053,-0.31190988902289973,0.34404505548855013,-0.32797747225572493,0.33601126387213753,-0.33199436806393123,-0.6659971840319656,0.1670014079840172,0.5835007039920086,-0.2082496480039957,-0.6041248240019979,0.19793758799900107,-0.40103120600049946,-0.7005156030002497,-0.8502578015001249,-0.9251289007500625,-0.9625644503750312,0.018717774812484378,-0.4906411125937578,-0.7453205562968789,-0.8726602781484394,-0.9363301390742197,0.031834930462890154,0.5159174652314451,-0.24204126738427745,0.3789793663078613,0.6894896831539307,-0.15525515842303467,-0.5776275792115173,0.21118621039424135,-0.3944068948028793,-0.6972034474014397,0.15139827629928015,0.5756991381496401,-0.21215043092517993,0.39392478453741003,0.696962392268705,0.8484811961343526,-0.07575940193282371,-0.5378797009664118,-0.7689398504832059,-0.884469925241603,-0.9422349626208015,0.028882518689599235,-0.4855587406552004,0.2572206296723998,0.6286103148361999,0.8143051574181,-0.09284742129095003,-0.546423710645475,-0.7732118553227375,-0.8866059276613687,0.05669703616931565,0.5283485180846579,-0.23582574095767106,0.38208712952116447,0.6910435647605823,-0.15447821761970887,-0.5772391088098544,-0.7886195544049273,0.10569022279753637,0.5528451113987682,-0.22357744430061588,0.38821127784969206,0.694105638924846,0.847052819462423,0.9235264097312115,0.9617632048656057,-0.019118397567197132,-0.5095591987835986,-0.7547795993917993,0.12261020030410036,0.5613051001520502,-0.21934744992397492,-0.6096737249619875,-0.8048368624809937,-0.9024184312404968,-0.9512092156202484,0.024395392189875797,-0.4878023039050621,-0.743901151952531,0.12804942402373448,0.5640247120118672,-0.2179876439940664,0.3910061780029668,-0.3044969109985166,-0.6522484554992583,0.17387577225037087,-0.41306211387481456,0.29346894306259275,-0.3532655284687036,0.3233672357656482,-0.3383163821171759,-0.669158191058588,-0.834579095529294,0.082710452235353,0.5413552261176765,-0.22932238694116175,-0.6146611934705809,-0.8073305967352904,-0.9036652983676452,0.0481673508161774,-0.4759163245919113,0.2620418377040443,-0.36897908114797784,-0.6844895405739889,-0.8422447702869944,-0.9211223851434972,0.0394388074282514,-0.4802805962858743,0.25985970185706286,0.6299298509285314,-0.1850350745357343,-0.5925175372678672,0.20374123136606642,0.6018706156830332,-0.19906469215848338,-0.5995323460792417,-0.7997661730396208,0.10011691348018958,0.5500584567400948,-0.2249707716299526,0.3875146141850237,0.6937573070925118,0.8468786535462559,0.923439326773128,-0.038280336613435995,0.480859831693282,0.740429915846641,-0.1297850420766795,0.43510747896166024,-0.2824462605191699,-0.641223130259585,0.1793884348702075,-0.41030578256489625,0.2948471087175519,-0.35257644564122403,0.323711777179388,-0.338144111410306,-0.669072055705153,0.16546397214742348,-0.41726801392628826,-0.7086340069631442,0.14568299651842792,0.5728414982592139,0.7864207491296069,-0.10678962543519654,-0.5533948127175983,0.22330259364120086,-0.38834870317939957,-0.6941743515896998,-0.8470871757948499,-0.923543587897425,-0.9617717939487125,0.01911410302564376,-0.4904429484871781,0.2547785257564109,-0.37261073712179454,0.3136946314391027,-0.34315268428044865,0.3284236578597757,0.6642118289298878,-0.16789408553505608,0.41605295723247193,-0.29197352138376403,-0.645986760691882,-0.822993380345941,0.08850330982702947,0.5442516549135148,-0.2278741725432426,-0.6139370862716214,-0.8069685431358107,0.09651572843209466,-0.45174213578395267,-0.7258710678919763,0.13706446605401185,0.568532233027006,-0.21573388348649702,0.3921330582567515,0.6960665291283757,0.8480332645641879,-0.07598336771790604,-0.537991683858953,-0.7689958419294765,0.11550207903526177,-0.4422489604823691,-0.7211244802411846,0.1394377598794077,-0.4302811200602962,0.2848594399698519,-0.35757028001507407,-0.6787851400075371,0.16060742999623145,-0.4196962850018843,-0.7098481425009422,0.1450759287495289,0.5725379643747645,-0.21373101781261777,0.39313449109369114,0.6965672455468456,-0.15171637722657721,-0.5758581886132886,0.21207090569335568,-0.3939645471533222,-0.6969822735766611,-0.8484911367883305,-0.9242455683941653,0.03787721580291736,0.5189386079014586,-0.2405306960492707,-0.6202653480246354,0.1898673259876823,-0.40506633700615885,-0.7025331685030795,0.14873341574846027,0.5743667078742302,0.7871833539371151,-0.10640832303144243,-0.5532041615157213,0.22339791924213936,0.6116989596210697,-0.19415052018946516,-0.5970752600947326,0.20146236995263372,-0.39926881502368317,0.3003655924881584,-0.3498172037559208,-0.6749086018779604,0.1625456990610198,0.58127284953051,-0.20936357523474503,-0.6046817876173725,0.19765910619131377,-0.4011704469043431,0.29941477654782844,-0.3502926117260858,-0.6751463058630429,0.16242684706847854,0.5812134235342392,0.7906067117671196,0.8953033558835598,-0.0523483220582201,0.4738258389708899,0.7369129194854449,-0.13154354025727755,-0.5657717701286388,-0.7828858850643194,0.10855705746784028,0.5542785287339201,0.7771392643669601,-0.11143036781651994,-0.5557151839082599,-0.77785759195413,0.11107120402293502,0.5555356020114675,-0.22223219899426627,0.38888390050286686,0.6944419502514334,-0.1527790248742833,0.42361048756285835,0.7118052437814292,0.8559026218907146,-0.07204868905464268,0.46397565547267866,0.7319878277363393,0.8659939138681696,0.9329969569340848,-0.0335015215329576,-0.5167507607664787,0.24162461961676063,0.6208123098083803,0.8104061549041901,0.905203077452095,-0.047398461273952475,-0.5236992306369762,0.2381503846815119,-0.3809248076592441,0.30953759617037796,-0.34523120191481105,-0.6726156009574056,0.1636921995212972,-0.4181539002393514,-0.7090769501196756,0.14546152494016218,0.572730762470081,-0.21363461876495948,0.39318269061752026,0.6965913453087601,0.84829567265438,0.92414783632719,-0.037926081836405,0.4810369590817975,-0.2594815204591012,0.3702592397704494,0.6851296198852247,0.8425648099426124,-0.0787175950286938,0.4606412024856531,0.7303206012428265,-0.13483969937858675,0.4325801503107066,0.7162900751553534,0.8581450375776767,0.9290725187888383,-0.03546374060558083,-0.5177318703027904,0.24113406484860478,-0.3794329675756976,-0.6897164837878488,0.1551417581060756,-0.42242912094696217,-0.7112145604734811,0.14439271976325946,-0.42780364011837024,0.2860981799408149,0.6430490899704074,0.8215245449852038,0.9107622724926019,-0.044618863753699056,0.47769056812315047,0.7388452840615752,0.8694226420307876,0.9347113210153938,-0.03264433949230311,-0.5163221697461515,-0.7581610848730758,-0.8790805424365379,-0.939540271218269,0.030229864390865502,-0.48488506780456725,-0.7424425339022837,-0.8712212669511419,0.06438936652442906,-0.46780531673778547,0.26609734163110726,-0.3669513291844464,-0.6834756645922232,0.1582621677038884,0.5791310838519442,-0.21043445807402789,-0.6052172290370139,0.19739138548149304,0.5986956927407465,0.7993478463703733,0.8996739231851867,-0.05016303840740666,0.47491848079629667,0.7374592403981484,0.8687296201990742,0.9343648100995371,-0.032817594950231455,-0.5164087974751157,-0.7582043987375578,0.12089780063122108,0.5604489003156106,0.7802244501578053,-0.10988777492109736,-0.5549438874605487,0.22252805626972566,-0.3887359718651372,0.3056320140674314,-0.3471839929662843,-0.6735919964831422,0.16320400175842892,0.5816020008792144,-0.20919899956039278,0.3954005002198036,-0.3022997498900982,0.3488501250549509,0.6744250625274755,-0.16278746873626226,0.41860626563186887,0.7093031328159345,-0.14534843359203276,0.4273257832039836,-0.2863371083980082,0.3568314458009959,0.6784157229004979,-0.16079213854975105,0.4196039307251245,0.7098019653625622,-0.14509901731871888,0.42745049134064056,0.7137252456703203,-0.14313737716483987,0.42843131141758006,0.71421565570879,0.857107827854395,-0.0714460860728025,0.4642769569635987,0.7321384784817994,-0.13393076075910032,0.43303461962044987,0.7165173098102249,-0.14174134509488756,0.4291293274525562,-0.28543533627372186,0.35728233186313907,-0.32135883406843047,0.33932058296578477,0.6696602914828924,-0.1651698542585538,-0.5825849271292769,0.20870753643536155,0.6043537682176807,0.8021768841088404,0.9010884420544202,-0.04945577897278991,0.4752721105136051,-0.26236394474319746,0.36881802762840127,0.6844090138142006,-0.1577954930928997,-0.5788977465464499,-0.789448873273225,0.1052755633633875,-0.44736221831830625,-0.7236811091591531,0.13815944542042347,0.5690797227102118,0.7845398613551059,0.892269930677553,-0.0538650346612235,-0.5269325173306117,0.23653374133469413,-0.3817331293326529,-0.6908665646663265,0.15456671766683677,0.5772833588334184,-0.2113583205832908,0.39432083970835463,0.6971604198541773,-0.15141979007291134,0.42429010496354436,0.7121450524817722,-0.1439274737591139,0.4280362631204431,-0.28598186843977846,0.35700906578011077,0.6785045328900554,-0.1607477335549723,0.41962613322251385,0.709813066611257,0.8549065333056285,-0.07254673334718575,0.4637266333264071,0.7318633166632036,0.8659316583316018,0.932965829165801,-0.033517085417099524,0.48324145729145024,0.7416207286457251,-0.12918963567713743,0.4354051821614313,0.7177025910807157,-0.14114870445964217,0.4294256477701789,0.7147128238850895,-0.14264358805745525,-0.5713217940287276,-0.7856608970143638,0.1071695514928181,0.5535847757464091,0.7767923878732046,0.8883961939366023,0.9441980969683011,-0.027900951515849426,-0.5139504757579247,-0.7569752378789624,-0.8784876189394812,0.06075619053025938,-0.4696219047348703,0.26518904763256484,0.6325945238162825,0.8162972619081412,0.9081486309540706,0.9540743154770353,0.9770371577385176,0.9885185788692588,0.9942592894346294,0.9971296447173147,0.9985648223586574,-0.0007175888206712999,0.49964120558966435,-0.2501793972051678,0.3749103013974161,0.6874551506987081,-0.15627242465064595,-0.578136212325323,0.2109318938373385,0.6054659469186693,0.8027329734593347,-0.09863351327033265,0.4506832433648337,-0.27465837831758316,-0.6373291891587916,0.18133540542060422,-0.4093322972896979,-0.7046661486448489,0.14766692567757556,0.5738334628387878,0.7869167314193939,0.8934583657096969,-0.05327081714515153,0.47336459142742426,0.7366822957137121,0.8683411478568561,0.9341705739284281,-0.03291471303578597,0.483542643482107,-0.25822867825894646,0.37088566087052677,0.6854428304352633,0.8427214152176317,0.9213607076088158,0.960680353804408,-0.019659823097796014,0.490170088451102,-0.254914955774449,0.3725425221127755,0.6862712610563877,0.8431356305281938,-0.07843218473590308,0.46078390763204846,0.7303919538160242,0.8651959769080121,-0.06740201154599396,0.46629899422700305,0.7331494971135015,0.8665747485567508,0.9332873742783754,0.9666436871391877,-0.016678156430406155,0.4916609217847969,0.7458304608923985,0.8729152304461992,0.9364576152230997,0.9682288076115498,0.984114403805775,0.9920572019028875,0.9960286009514437,0.9980143004757218,-0.000992849762139092,-0.5004964248810695,-0.7502482124405347,0.12487589377973263,-0.4375620531101337,-0.7187810265550668,-0.8593905132775335,-0.9296952566387667,0.035152371680616634,-0.4824238141596917,-0.7412119070798459,0.12939404646007707,0.5646970232300386,-0.21765148838498072,0.39117425580750964,0.6955871279037549,0.8477935639518774,-0.07610321802406128,0.46194839098796936,0.7309741954939847,0.8654870977469924,-0.0672564511265038,0.4663717744367481,0.7331858872183741,0.866592943609187,0.9332964718045935,0.9666482359022968,0.9833241179511484,0.9916620589755742,-0.004168970512212877,0.49791551474389356,-0.2510422426280532,0.3744788786859734,0.6872394393429867,0.8436197196714934,-0.0781901401642533,0.46090492991787335,0.7304524649589367,0.8652262324794684,0.9326131162397342,0.9663065581198671,-0.01684672094006645,0.4915766395299668,0.7457883197649834,0.8728941598824917,0.9364470799412459,-0.03177646002937706,0.48411176998531147,0.7420558849926557,0.8710279424963279,0.9355139712481639,-0.03224301437591803,0.483878492812041,0.7419392464060205,0.8709696232030102,0.9354848116015051,0.9677424058007525,0.9838712029003762,0.9919356014501881,0.995967800725094,-0.0020160996374529727,0.4989919501812735,-0.25050402490936324,0.37474798754531835,0.6873739937726592,0.8436869968863296,0.9218434984431648,0.9609217492215825,0.9804608746107912,-0.009769562694604383,0.4951152186526978,0.747557609326349,-0.12622119533682552,0.43688940233158724,0.7184447011657936,0.8592223505828969,-0.07038882470855157,0.4648055876457242,0.7324027938228621,0.866201396911431,-0.06689930154428447,0.46655034922785776,0.7332751746139289,-0.13336241269303556,0.43331879365348225,-0.2833406031732589,0.3583296984133706,0.6791648492066853,0.8395824246033426,0.9197912123016714,-0.04010439384916431,0.47994780307541784,0.7399739015377089,0.8699869507688545,-0.06500652461557277,0.4674967376922136,0.7337483688461068,-0.13312581557694658,0.4334370922115267,0.7167185461057634,0.8583592730528817,0.9291796365264409,0.9645898182632204,0.9822949091316102,0.9911474545658051,0.9955737272829026,-0.002213136358548695,-0.5011065681792743,0.24944671591036283,0.6247233579551814,-0.1876383210224093,0.40618083948879535,-0.2969095802556023,0.35154520987219884,0.6757726049360995,0.8378863024680497,-0.08105684876597513,0.45947157561701246,0.7297357878085062,-0.13513210609574688,-0.5675660530478734,0.21621697347606328,-0.39189151326196836,0.3040542433690158,-0.34797287831549206,0.32601356084225397,-0.336993219578873,-0.6684966097894365,0.16575169510528176,0.5828758475526409,0.7914379237763205,-0.10428103811183975,0.4478594809440801,0.7239297404720401,0.8619648702360201,-0.06901756488198996,-0.534508782440995,0.2327456087795025,0.6163728043897513,-0.19181359780512436,0.40409320109743785,-0.2979533994512811,0.35102330027435946,-0.32448834986282027,0.33775582506858987,-0.33112208746570504,-0.6655610437328525,0.16721947813357374,-0.41639026093321313,0.29180486953339346,-0.35409756523330327,0.32295121738334837,0.6614756086916742,0.8307378043458371,0.9153689021729186,0.9576844510864593,-0.021157774456770362,0.4894211127716148,0.7447105563858074,-0.1276447218070963,0.43617763909645185,0.7180888195482259,-0.14095559022588705,0.4295222048870565,0.7147611024435283,0.8573805512217642,-0.07130972438911792,0.46434513780544107,-0.26782743109727947,0.36608628445136027,0.6830431422256802,0.8415215711128401,-0.07923921444357995,-0.53961960722179,0.23019019638910498,0.6150950981945524,-0.19245245090272378,0.4037737745486381,0.701886887274319,0.8509434436371595,-0.07452827818142027,0.46273586090928986,0.731367930454645,0.8656839652273225,-0.06715801738633875,0.4664209913068306,0.7332104956534153,-0.13339475217329233,0.43330262391335383,-0.2833486880433231,0.35832565597833843,0.6791628279891693,0.8395814139945846,0.9197907069972924,-0.04010464650135381,0.4799476767493231,0.7399738383746616,0.8699869191873308,-0.06500654040633458,0.4674967297968327,-0.2662516351015837,-0.6331258175507919,0.18343709122460405,0.591718545612302,0.795859272806151,-0.10207036359692451,0.4489648182015378,0.7244824091007689,0.8622412045503844,0.9311206022751922,-0.03443969886240389,-0.5172198494312019,0.24139007528439904,0.6206950376421996,-0.1896524811789002,0.4051737594105499,-0.29741312029472505,0.3512934398526375,0.6756467199263188,0.8378233599631594,-0.08108832001842031,0.45945583999078987,0.729727919995395,-0.1351360400023025,-0.5675680200011513,0.21621598999942437,-0.3918920050002878,0.30405399749985607,-0.34797300125007197,0.32601349937496404,-0.336993250312518,-0.668496625156259,0.16575168742187052,0.5828758437109353,-0.20856207814453237,0.39571896092773384,0.6978594804638669,0.8489297402319335,-0.07553512988403327,-0.5377675649420166,0.2311162175289917,0.6155581087644959,-0.19222094561775205,0.403889527191124,-0.298055236404438,0.350972381797781,-0.3245138091011095,0.33774309544944525,-0.3311284522752774,-0.6655642261376387,0.16721788693118067,-0.41639105653440966,0.29180447173279517,-0.3540977641336024,0.3229511179331988,0.6614755589665994,0.8307377794832997,0.9153688897416499,0.9576844448708249,-0.021157777564587532,0.48942111121770626,0.7447105556088531,-0.12764472219557343,0.4361776389022133,0.7180888194511066,-0.1409555902744467,0.42952220486277665,0.7147611024313884,0.8573805512156942,0.9286902756078471,0.9643451378039236,-0.017827431098038193,0.4910862844509809,0.7455431422254905,0.8727715711127453,0.9363857855563726,0.9681928927781863,-0.01590355361090684,-0.5079517768054534,0.24602411159727328,0.6230120557986366,0.8115060278993182,-0.09424698605034088,-0.5471234930251705,0.22643825348741475,0.6132191267437074,-0.1933904366281463,0.40330478168592687,0.7016523908429635,-0.14917380457851825,-0.5745869022892591,0.21270654885537044,-0.3936467255723148,0.3031766372138426,0.6515883186069213,-0.17420584069653933,0.41289707965173034,0.7064485398258652,0.8532242699129327,0.9266121349564663,0.9633060674782332,0.9816530337391166,-0.009173483130441695,0.4954132584347791,0.7477066292173895,-0.12614668539130525,-0.5630733426956527,-0.7815366713478263,0.10923166432608683,-0.44538416783695656,-0.7226920839184783,0.13865395804076086,0.5693269790203804,0.7846634895101903,-0.10766825524490486,0.44616587237754757,0.7230829361887738,0.8615414680943869,0.9307707340471935,-0.03461463297640327,0.4826926835117984,0.7413463417558992,0.8706731708779496,-0.0646634145610252,0.4676682927194874,-0.2661658536402563,0.3669170731798719,-0.31654146341006406,0.34172926829496797,-0.329135365852516,-0.664567682926258,0.167716158536871,0.5838580792684355,-0.20807096036578226,-0.6040354801828911,0.19798225990855445,0.5989911299542772,0.7994955649771386,0.8997477824885693,0.9498738912442847,0.9749369456221424,-0.012531527188928804,-0.5062657635944644,0.2468671182027678,0.6234335591013839,-0.18828322044930806,0.40585838977534594,-0.29707080511232703,0.3514645974438365,0.6757322987219183,-0.16213385063904084,0.4189330746804796,-0.2905334626597602,0.3547332686701199,-0.32263336566494005,0.33868331716753,0.669341658583765,0.8346708292918825,0.9173354146459413,-0.04133229267702937,-0.5206661463385147,0.23966692683074264,-0.3801665365846287,0.30991673170768563,0.6549583658538428,0.8274791829269215,0.9137395914634607,-0.043130204268269634,0.4784348978658652,0.7392174489329326,-0.1303912755335337,-0.5651956377667668,0.21740218111661658,0.6087010905583083,-0.19564945472084583,0.4021752726395771,-0.29891236368021146,0.35054381815989427,0.6752719090799472,0.8376359545399736,-0.08118202273001318,0.4594089886349934,0.7297044943174967,-0.13514775284125163,-0.5675738764206258,-0.7837869382103129,0.10810653089484357,0.5540532654474217,0.7770266327237109,0.8885133163618555,0.9442566581809277,0.9721283290904639,0.9860641645452319,0.993032082272616,-0.003483958863692016,0.498258020568154,-0.25087098971592303,0.3745645051420385,0.6872822525710193,0.8436411262855097,0.9218205631427548,-0.03908971842862258,-0.5195448592143113,0.24022757039284437,0.6201137851964222,0.8100568925982111,0.9050284462991056,-0.04748577685044719,-0.5237428884252235,0.23812855578738823,-0.3809357221063059,-0.6904678610531529,-0.8452339305265765,0.07738303473671176,0.5386915173683559,-0.23065424131582207,0.38467287934208894,-0.30766356032895553,-0.6538317801644777,0.17308410991776113,-0.41345794504111943,-0.7067289725205597,0.14663551373972017,0.5733177568698601,-0.21334112156506996,0.393329439217465,0.6966647196087326,-0.15166764019563372,-0.5758338200978168,0.2120830899510916,-0.3939584550244542,0.3030207724877729,0.6515103862438865,0.8257551931219432,-0.08712240343902838,-0.5435612017195142,0.22821939914024292,-0.38589030042987854,0.3070548497850607,-0.34647257510746965,-0.6732362875537348,0.16338185622313262,0.5816909281115663,0.7908454640557832,0.8954227320278916,-0.05228863398605421,-0.5261443169930271,0.23692784150348645,0.6184639207517433,-0.19076803962412836,0.4046159801879358,0.7023079900939679,0.851153995046984,0.925576997523492,0.962788498761746,-0.018605750619127004,0.49069712469043647,0.7453485623452183,0.8726742811726091,-0.06366285941369543,0.4681685702931523,0.7340842851465761,0.867042142573288,0.933521071286644,0.966760535643322,0.983380267821661,-0.008309866089169504,0.49584506695541525,0.7479225334777077,0.8739612667388539,0.9369806333694269,-0.03150968331528653,0.4842451583423567,0.7421225791711783,0.8710612895855891,0.9355306447927946,0.9677653223963973,-0.01611733880180133,-0.5080586694009006,0.2459706652995497,0.6229853326497748,-0.18850733367511258,0.4057463331624437,0.7028731665812218,0.8514365832906109,0.9257182916453055,0.9628591458226528,0.9814295729113264,-0.009285213544336812,0.49535739322783157,0.7476786966139157,-0.12616065169304214,0.43691967415347893,0.7184598370767394,-0.14077008146163028,-0.5703850407308151,0.21480747963459246,-0.39259626018270377,-0.6962981300913519,0.15185093495432406,0.575925467477162,-0.212037266261419,0.39398136686929053,0.6969906834346453,-0.15150465828267734,0.42424767085866133,0.7121238354293307,-0.14393808228533467,-0.5719690411426673,0.21401547942866633,-0.3929922602856668,-0.6964961301428334,0.1517519349285833,0.5758759674642917,-0.21206201626785415,0.3939689918660729,0.6969844959330365,0.8484922479665182,-0.07575387601674088,-0.5378769380083704,0.23106153099581478,0.6155307654979074,0.8077653827489537,0.9038826913744769,0.9519413456872384,0.9759706728436193,0.9879853364218096,0.9939926682109048,0.9969963341054524,0.9984981670527262,0.9992490835263631,0.9996245417631815,0.9998122708815907,0.9999061354407954,0.9999530677203977,-2.346613980114265e-05,0.49998826693009946,0.7499941334650497,0.8749970667325249,0.9374985333662624,0.9687492666831312,0.9843746333415656,0.9921873166707829,-0.00390634166460857,0.4980468291676957,0.7490234145838479,-0.12548829270807604,-0.562744146354038,0.218627926822981,-0.39068603658850953,-0.6953430182942548,-0.8476715091471274,0.0761642454264363,-0.46191787728678185,0.2690410613566091,-0.36547946932169545,0.3172602653391523,0.6586301326695762,-0.17068493366521192,0.41465753316739407,0.707328766583697,0.8536643832918485,0.9268321916459242,-0.036583904177037885,-0.518291952088519,0.24085402395574051,0.6204270119778703,-0.18978649401106484,-0.5948932470055324,0.20255337649723382,0.6012766882486169,0.8006383441243085,0.9003191720621542,0.9501595860310771,0.9750797930155386,0.9875398965077693,-0.00623005174611535,0.4968849741269423,0.7484424870634712,-0.12577875646826442,0.4371106217658678,0.7185553108829339,0.859277655441467,0.9296388277207335,0.9648194138603667,0.9824097069301834,-0.008795146534908316,0.49560242673254584,0.7478012133662729,0.8739006066831365,-0.06304969665843174,-0.5315248483292159,-0.7657624241646079,-0.882881212082304,-0.941440606041152,-0.970720303020576,0.014639848489712004,0.5073199242448561,0.753659962122428,0.876829981061214,0.938414990530607,0.9692074952653035,0.9846037476326517,0.9923018738163258,0.9961509369081629,0.9980754684540815,-0.0009622657729592698,0.49951886711352034,0.7497594335567601,0.8748797167783801,0.9374398583891901,0.968719929194595,0.9843599645972976,0.9921799822986488,-0.003910008850675606,0.4980449955746622,0.7490224977873311,0.8745112488936655,0.9372556244468327,-0.03137218777658363,0.4843139061117082,-0.2578430469441459,-0.628921523472073,0.1855392382639635,-0.4072303808680182,0.2963848095659909,0.6481924047829954,0.8240962023914977,-0.08795189880425114,0.45602405059787443,-0.2719879747010628,-0.6359939873505314,-0.8179969936752657,0.09100150316236716,0.5455007515811836,-0.2272496242094082,0.3863751878952959,0.693187593947648,-0.15340620302617602,0.423296898486912,-0.288351550756544,0.355824224621728,0.677912112310864,0.838956056155432,0.919478028077716,-0.040260985961142026,-0.520130492980571,0.2399347535097145,0.6199673767548572,0.8099836883774286,0.9049918441887144,-0.047504077905642816,0.4762479610471786,-0.2618760194764107,-0.6309380097382054,0.18453099513089732,-0.40773450243455134,0.29613274878272433,0.6480663743913622,0.8240331871956811,0.9120165935978406,0.9560082967989203,0.9780041483994601,0.9890020741997301,0.994501037099865,-0.0027494814500674813,-0.5013747407250337,0.24931262963748313,0.6246563148187416,-0.1876718425906292,-0.5938359212953146,0.2030820393523427,-0.39845898032382865,0.3007705098380857,0.6503852549190429,-0.17480737254047857,0.4125963137297607,-0.29370184313511966,-0.6468509215675599,-0.8234254607837799,-0.9117127303918899,-0.955856365195945,-0.9779281825979724,-0.9889640912989862,-0.9944820456494932,-0.9972410228247466,-0.9986205114123733,0.0006897442938133547,-0.4996551278530933,-0.7498275639265466,-0.8749137819632733,-0.9374568909816366,-0.9687284454908183,-0.9843642227454091,-0.9921821113727045,-0.9960910556863523,0.001954472156823872,0.5009772360784119,-0.24951138196079403,-0.6247556909803971,0.18762215450980146,-0.40618892274509927,-0.7030944613725496,-0.8515472306862748,0.0742263846568626,-0.4628868076715687,0.2685565961642157,-0.36572170191789216,-0.6828608509589461,-0.8414304254794731,-0.9207152127397366,-0.9603576063698682,0.01982119681506589,0.509910598407533,-0.24504470079623353,-0.6225223503981168,0.18873882480094162,-0.4056305875995292,-0.7028152937997646,-0.8514076468998824,-0.9257038234499412,-0.9628519117249705,-0.9814259558624853,0.009287022068757367,-0.49535648896562134,-0.7476782444828107,0.12616087775859464,0.5630804388792974,0.7815402194396487,-0.10922989028017566,0.4453850548599122,-0.2773074725700439,-0.638653736285022,0.180673131857489,0.5903365659287445,0.7951682829643723,0.8975841414821861,-0.05120792925890694,0.47439603537054653,-0.26280198231472673,-0.6314009911573634,0.18429950442131832,-0.40785024778934087,0.29607487610532957,-0.3519625619473352,-0.6759812809736676,-0.8379906404868338,0.0810046797565831,-0.45949766012170845,-0.7297488300608542,-0.8648744150304271,-0.9324372075152135,0.033781396242393236,-0.4831093018788034,-0.7415546509394018,-0.8707773254697009,0.06461133726514956,-0.4676943313674252,-0.7338471656837127,-0.8669235828418563,-0.9334617914209282,-0.9667308957104641,0.016634552144767945,-0.491682723927616,-0.745841361963808,0.127079319018096,0.563539659509048,0.781769829754524,-0.10911508512273799,0.445442457438631,-0.2772787712806845,0.3613606143596577,0.6806803071798289,0.8403401535899144,0.9201700767949572,0.9600850383974786,-0.019957480801260696,0.49002125959936965,-0.2549893702003152,0.3725053148998424,0.6862526574499213,0.8431263287249606,-0.07843683563751969,0.46078158218124016,-0.2696092089093799,-0.63480460445469,-0.817402302227345,-0.9087011511136724,0.04564942444316378,-0.4771752877784181,0.26141235611079094,-0.36929382194460453,-0.6846469109723022,0.15767654451384888,-0.4211617277430756,0.2894191361284622,0.6447095680642311,0.8223547840321155,-0.08882260798394226,0.45558869600802887,-0.27220565199598556,0.3638971740020072,-0.3180514129989964,0.3409742935005018,-0.3295128532497491,0.33524357337512545,-0.3323782133124373,0.33381089334378133,-0.33309455332810933,0.33345272333594533,0.6667263616679726,0.8333631808339863,-0.08331840958300685,0.4583407952084966,-0.2708296023957517,0.36458519880212414,0.682292599401062,0.841146299700531,0.9205731498502655,-0.03971342507486725,0.4801432874625664,0.7400716437312832,0.8700358218656417,0.9350179109328208,0.9675089554664105,-0.016245522266794765,0.4918772388666026,0.7459386194333013,-0.12703069028334935,-0.5635153451416747,0.21824232742916266,0.6091211637145814,0.8045605818572907,0.9022802909286454,0.9511401454643227,-0.024429927267838658,0.48778503636608067,0.7438925181830404,-0.12805374090847982,0.43597312954576006,0.71798656477288,0.85899328238644,0.92949664119322,-0.035251679403390024,0.482374160298305,-0.25881291985084753,0.37059354007457623,0.6852967700372881,-0.15735161498135597,0.421324192509322,-0.28933790374533896,0.3553310481273305,0.6776655240636653,0.8388327620318327,-0.08058361898408367,0.4597081905079582,0.7298540952539792,0.8649270476269896,-0.06753647618650521,-0.5337682380932526,0.2331158809533737,-0.3834420595233131,-0.6917210297616565,0.15413948511917175,0.5770697425595859,0.7885348712797929,0.8942674356398965,0.9471337178199483,0.9735668589099742,0.9867834294549871,-0.006608285272506453,-0.5033041426362532,0.2483479286818734,0.6241739643409367,-0.18791301782953163,0.4060434910852342,0.7030217455426171,-0.14848912722869145,0.4257554363856543,0.7128777181928272,0.8564388590964136,0.9282194295482068,-0.0358902852258966,0.48205485738705167,0.7410274286935259,0.870513714346763,0.9352568571733815,-0.032371571413309264,0.48381421429334537,-0.2580928928533273,-0.6290464464266636,0.18547677678666818,-0.4072616116066659,-0.7036308058033329,-0.8518154029016665,0.07409229854916677,0.5370461492745834,-0.2314769253627083,-0.6157384626813541,0.19213076865932294,-0.4039346156703385,-0.7019673078351693,-0.8509836539175846,0.07450817304120771,0.5372540865206039,-0.23137295673969804,0.384313521630151,-0.3078432391849245,-0.6539216195924622,-0.8269608097962311,0.08651959510188445,-0.4567402024490578,0.2716298987754711,-0.36418505061226447,0.31790747469386776,0.6589537373469339,-0.17052313132653307,-0.5852615656632665,-0.7926307828316332,-0.8963153914158166,0.05184230429209169,0.5259211521460458,0.7629605760730229,-0.11851971196348854,-0.5592598559817443,0.22037007200912784,-0.3898149639954361,0.305092518002282,-0.347453740998859,-0.6737268704994295,0.16313656475028526,-0.41843171762485737,-0.7092158588124287,-0.8546079294062143,0.07269603529689284,-0.4636519823515536,-0.7318259911757767,0.13408700441211163,-0.4329564977939442,-0.7164782488969721,-0.858239124448486,-0.929119562224243,0.035440218887878516,0.5177201094439392,0.7588600547219696,-0.1205699726390152,0.4397150136804924,-0.2801424931597538,-0.6400712465798769,0.17996437671006155,-0.4100178116449692,0.2949910941775154,0.6474955470887577,-0.17625222645562116,0.4118738867721894,0.7059369433860947,-0.14703152830695265,0.4264842358465237,-0.28675788207673814,-0.643378941038369,0.1783105294808155,-0.41084473525959225,-0.7054223676297962,0.14728881618510192,-0.42635559190744904,-0.7131777959537245,0.14341110202313773,0.5717055510115688,0.7858527755057845,-0.10707361224710776,0.4464631938764461,-0.27676840306177697,-0.6383842015308885,-0.8191921007654442,-0.9095960503827221,-0.954798025191361,0.022600987404319484,-0.48869950629784026,0.25565024685107984,-0.3721748765744601,-0.6860874382872301,-0.8430437191436151,0.07847814042819246,0.5392390702140962,-0.2303804648929519,0.38480976755352403,-0.307595116223238,-0.653797558111619,0.1731012209441905,-0.4134493895279048,-0.7067246947639524,-0.8533623473819762,0.07331882630901188,-0.46334058684549406,-0.731670293422747,-0.8658351467113735,0.06708242664431324,0.5335412133221566,-0.23322939333892168,0.38338530333053916,0.6916926516652696,-0.1541536741673652,0.4229231629163174,0.7114615814581586,-0.14426920927092068,0.42786539536453966,-0.28606730231773014,-0.643033651158865,0.1784831744205675,-0.41075841278971625,0.2946207936051419,0.647310396802571,-0.17634480159871452,0.4118275992006427,-0.29408620039967864,-0.6470431001998393,0.17647844990008033,0.5882392249500401,0.79411961247502,-0.10294019376248997,0.448529903118755,0.7242649515593775,0.8621324757796888,-0.06893376211015562,0.4655331189449222,-0.2672334405275389,-0.6336167202637695,-0.8168083601318847,0.09159581993405763,-0.4542020900329712,0.2728989549835144,0.6364494774917572,0.8182247387458785,-0.09088763062706073,0.45455618468646963,0.7272780923432348,0.8636390461716175,0.9318195230858087,0.9659097615429044,0.9829548807714522,-0.008522559614273895,-0.504261279807137,0.2478693600964315,0.6239346800482157,-0.18803265997589214,0.40598367001205393,0.7029918350060269,0.8514959175030135,-0.07425204124849327,0.46287397937575336,0.7314369896878767,0.8657184948439384,0.9328592474219692,-0.03357037628901538,-0.5167851881445077,0.24160740592774615,0.6208037029638731,0.8104018514819366,0.9052009257409683,-0.047399537129515834,0.4763002314352421,-0.261849884282379,0.3690750578588105,0.6845375289294052,0.8422687644647027,0.9211343822323513,-0.03943280888382433,0.48028359555808786,0.7401417977790439,0.8700708988895219,0.935035449444761,0.9675177247223805,-0.016241137638809744,0.49187943118059513,-0.2540602844097024,0.3729698577951488,0.6864849288975744,0.8432424644487873,0.9216212322243936,0.9608106161121968,-0.01959469194390162,-0.5097973459719508,-0.7548986729859755,0.12255066350701227,-0.43872466824649387,-0.7193623341232469,0.14031883293837655,-0.4298405835308117,-0.7149202917654058,0.14253985411729708,0.5712699270586485,-0.21436503647067573,0.39281748176466214,0.6964087408823311,0.8482043704411655,0.9241021852205827,0.9620510926102914,-0.018974453694854287,-0.5094872268474271,0.24525638657628646,0.6226281932881432,-0.18868590335592839,0.4056570483220358,0.7028285241610179,-0.14858573791949103,0.4257071310402545,0.7128535655201272,0.8564267827600636,0.9282133913800318,-0.03589330430998411,0.482053347845008,-0.258973326077496,0.370513336961252,0.685256668480626,-0.15737166575968697,0.4213141671201565,0.7106570835600783,-0.14467145821996086,0.42766427089001957,0.7138321354450098,-0.1430839322774951,-0.5715419661387475,-0.7857709830693738,-0.8928854915346869,0.05355725423265656,0.5267786271163283,0.7633893135581642,0.8816946567790821,0.9408473283895411,-0.029576335805229448,0.4852118320973853,0.7426059160486926,0.8713029580243463,0.9356514790121732,0.9678257395060865,0.9839128697530433,0.9919564348765216,0.9959782174382608,0.9979891087191304,0.9989945543595652,0.9994972771797825,0.9997486385898913,-0.00012568070505436513,0.4999371596474728,0.7499685798237364,0.8749842899118683,0.9374921449559341,0.9687460724779671,-0.015626963761016466,0.49218651811949177,0.7460932590597459,0.8730466295298729,-0.06347668523506356,0.4682616573824682,0.7341308286912341,0.8670654143456171,0.9335327071728086,0.9667663535864043,0.9833831767932022,0.9916915883966011,0.9958457941983005,-0.0020771029008497255,0.49896144854957514,0.7494807242747876,-0.1252596378626062,0.4373701810686969,0.7186850905343485,-0.14065745473282576,-0.5703287273664128,0.2148356363167936,-0.3925821818416032,-0.6962910909208015,0.15185445453959923,0.5759272272697996,0.7879636136348998,0.8939818068174499,0.9469909034087249,0.9734954517043625,0.9867477258521813,0.9933738629260906,-0.0033130685369546775,0.49834346573152266,-0.25082826713423867,0.37458586643288067,-0.31270706678355964,0.3436464666082202,-0.3281767666958899,-0.664088383347945,0.16795580832602752,0.5839779041630138,0.7919889520815069,0.8959944760407534,0.9479972380203767,-0.02600138098981164,0.4869993095050942,-0.2565003452474529,0.37174982737627355,-0.3141250863118632,0.3429374568440684,0.6714687284220342,-0.1642656357889829,0.41786718210550855,0.7089335910527543,0.8544667955263772,0.9272333977631886,0.9636166988815943,0.9818083494407972,0.9909041747203986,0.9954520873601993,-0.00227395631990035,0.4988630218400498,-0.2505684890799751,0.37471575546001246,-0.31264212226999377,0.3436789388650031,0.6718394694325016,0.8359197347162508,0.9179598673581254,0.9589799336790628,0.9794899668395314,0.9897449834197657,0.9948724917098828,0.9974362458549414,0.9987181229274706,0.9993590614637353,0.9996795307318677,0.9998397653659339,0.9999198826829669,0.9999599413414835,-2.0029329258264283e-05,-0.5000100146646291,0.24999499266768543,0.6249974963338427,0.8124987481669214,0.9062493740834607,-0.04687531295826963,-0.5234376564791348,-0.7617188282395674,0.11914058588021631,0.5595702929401082,0.779785146470054,0.889892573235027,0.9449462866175136,0.9724731433087568,0.9862365716543784,0.9931182858271892,0.9965591429135946,-0.0017204285432027011,-0.5008602142716013,0.24956989286419934,0.6247849464320997,0.8123924732160499,0.906196236608025,0.9530981183040125,-0.023450940847993762,0.48827452957600315,0.7441372647880016,0.8720686323940008,0.9360343161970004,-0.0319828419014998,-0.5159914209507499,0.24200428952462505,0.6210021447623125,0.8105010723811563,0.9052505361905782,0.9526252680952891,0.9763126340476446,0.9881563170238223,0.9940781585119112,-0.002960920744044415,-0.5014804603720222,0.2492597698139889,0.6246298849069944,0.8123149424534972,-0.09384252877325139,0.4530787356133743,0.7265393678066872,0.8632696839033436,-0.06836515804832821,0.4658174209758359,0.732908710487918,0.866454355243959,0.9332271776219795,0.9666135888109897,0.9833067944054948,0.9916533972027475,0.9958266986013737,0.9979133493006869,-0.0010433253496565653,-0.5005216626748283,-0.7502608313374142,0.12486958433129292,0.5624347921656465,0.7812173960828233,-0.10939130195858837,0.4453043490207058,0.7226521745103529,0.8613260872551765,0.9306630436275882,-0.03466847818620589,-0.5173342390931029,-0.7586671195465515,0.12066644022672424,0.5603332201133622,0.7801666100566811,-0.10991669497165946,0.44504165251417027,-0.27747917374291486,0.36126041312854257,0.6806302065642713,0.8403151032821357,0.9201575516410678,0.9600787758205339,0.9800393879102669,0.9900196939551335,0.9950098469775668,0.9975049234887834,0.9987524617443917,0.9993762308721958,0.9996881154360979,0.999844057718049,-7.797114097551905e-05,0.49996101442951224,0.7499805072147561,0.874990253607378,0.9374951268036891,0.9687475634018445,0.9843737817009223,0.9921868908504612,0.9960934454252306,0.9980467227126153,0.9990233613563076,0.9995116806781539,0.9997558403390769,-0.00012207983046153004,0.49993896008476923,0.7499694800423846,0.8749847400211923,0.9374923700105962,0.9687461850052981,-0.01562690749735096,0.4921865462513245,0.7460932731256622,0.8730466365628311,-0.06347668171858445,0.4682616591407078,0.7341308295703539,-0.13293458521482304,-0.5664672926074115,0.21676635369629427,0.6083831768481471,0.8041915884240736,-0.09790420578796322,0.4510478971060184,0.7255239485530092,0.8627619742765046,0.9313809871382523,0.9656904935691262,0.9828452467845631,0.9914226233922816,0.9957113116961408,0.9978556558480705,-0.0010721720759647724,-0.5005360860379824,0.2497319569810088,0.6248659784905044,0.8124329892452522,-0.0937835053773739,0.45310824731131305,0.7265541236556565,0.8632770618278283,0.9316385309139141,0.9658192654569571,0.9829096327284785,0.9914548163642393,0.9957274081821197,0.9978637040910598,0.9989318520455299,-0.0005340739772350389,0.4997329630113825,-0.25013351849430876,0.3749332407528456,-0.3125333796235772,0.3437333101882114,0.6718666550941057,0.8359333275470529,0.9179666637735264,0.9589833318867632,0.9794916659433817,0.9897458329716908,-0.0051270835141545845,-0.5025635417570773,-0.7512817708785386,0.12435911456073068,-0.43782044271963466,0.2810897786401827,-0.35945511067990865,-0.6797275553399543,-0.8398637776699771,0.08006811116501145,0.5400340555825057,-0.22998297220874714,-0.6149914861043736,0.1925042569478132,0.5962521284739066,0.7981260642369533,0.8990630321184767,0.9495315160592384,0.9747657580296192,0.9873828790148096,0.9936914395074048,0.9968457197537024,0.9984228598768512,0.9992114299384256,-0.00039428503078720034,0.4998028574846064,0.7499014287423031,0.8749507143711516,0.9374753571855758,-0.03126232140721208,0.48436883929639396,-0.257815580351803,0.3710922098240985,0.6855461049120493,0.8427730524560246,0.9213865262280123,0.9606932631140062,0.9803466315570031,0.9901733157785015,0.9950866578892508,0.9975433289446254,0.9987716644723127,0.9993858322361564,-0.00030708388192179914,0.4998464580590391,0.7499232290295196,0.8749616145147598,-0.06251919274262008,-0.53125959637131,0.23437020181434498,0.6171851009071725,0.8085925504535862,-0.09570372477320688,0.45214813761339656,0.7260740688066982,0.8630370344033491,0.9315185172016746,-0.03424074139916272,0.4828796293004186,0.7414398146502093,0.8707199073251046,0.9353599536625523,-0.032320023168723844,0.4838399884156381,-0.25808000579218093,0.37095999710390953,0.6854799985519547,0.8427399992759774,0.9213699996379887,0.9606849998189944,0.9803424999094972,0.9901712499547486,0.9950856249773743,0.9975428124886871,0.9987714062443436,0.9993857031221718,0.9996928515610859,0.999846425780543,0.9999232128902715,0.9999616064451358,0.9999808032225679,0.9999904016112839,-4.799194358029446e-06,0.499997600402821,0.7499988002014105,0.8749994001007053,0.9374997000503527,0.9687498500251763,-0.015625074987411836,0.4921874625062941,0.746093731253147,0.8730468656265735,0.9365234328132868,-0.03173828359335662,0.4841308582033217,-0.25793457089833915,0.3710327145508304,-0.3144836427245848,0.34275817863770763,0.6713790893188538,0.8356895446594269,-0.08215522767028655,-0.5410776138351433,0.22946119308242835,-0.3852694034587858,-0.6926347017293929,-0.8463173508646964,-0.9231586754323482,-0.9615793377161741,-0.980789668858087,-0.9903948344290435,-0.9951974172145217,-0.9975987086072609,-0.9987993543036304,0.0006003228481847867,0.5003001614240924,-0.2498499192879538,-0.6249249596439769,0.18753752017801156,-0.4062312399109942,0.2968843800445029,0.6484421900222515,0.8242210950111257,0.9121105475055629,-0.04394472624721857,-0.5219723631236093,-0.7609861815618046,-0.8804930907809023,-0.9402465453904512,-0.9701232726952256,0.01493836365238721,-0.4925308181738064,0.2537345909130968,-0.3731327045434516,-0.6865663522717258,-0.8432831761358629,0.07835841193206855,-0.4608207940339657,-0.7304103970169828,0.13479480149150858,0.5673974007457543,0.7836987003728771,-0.10815064981356143,-0.5540753249067807,-0.7770376624533903,-0.8885188312266952,0.055740584386652414,0.5278702921933263,-0.23606485390333687,-0.6180324269516684,-0.8090162134758342,0.0954918932620829,-0.4522540533689585,-0.7261270266844793,-0.8630635133422396,-0.9315317566711199,-0.9657658783355599,-0.98288293916778,-0.99144146958389,-0.995720734791945,-0.9978603673959725,-0.9989301836979863,-0.9994650918489931,-0.9997325459244966,0.00013372703775171857,0.5000668635188759,0.7500334317594379,-0.12498328412028104,-0.5624916420601405,-0.7812458210300702,0.10937708948496488,-0.4453114552575176,-0.7226557276287588,0.13867213618562058,-0.4306639319071897,-0.7153319659535948,-0.8576659829767974,-0.9288329914883987,-0.9644164957441994,-0.9822082478720997,0.008895876063950148,-0.4955520619680249,-0.7477760309840125,0.12611198450799377,-0.4369440077460031,-0.7184720038730016,-0.8592360019365008,-0.9296180009682504,-0.9648090004841252,0.017595499757937394,-0.4912022501210313,-0.7456011250605157,-0.8728005625302578,0.06359971873487108,-0.46820014063256443,0.2658999296837178,-0.3670500351581411,0.3164749824209294,-0.3417625087895353,0.32911874560523235,0.6645593728026162,-0.16772031359869188,-0.583860156799346,-0.791930078399673,-0.8959650391998365,-0.9479825195999183,-0.9739912597999592,-0.9869956298999796,-0.9934978149499898,-0.9967489074749949,0.001625546262502553,0.5008127731312513,-0.24959361343437436,-0.6247968067171872,-0.8123984033585936,0.0938007983207032,-0.4530996008396484,0.2734501995801758,-0.3632749002099121,0.318362549895044,-0.340818725052478,0.329590637473761,-0.33520468126311953,-0.6676023406315598,-0.8338011703157799,-0.91690058515789,0.041549707421055015,-0.4792251462894725,-0.7396125731447363,-0.8698062865723681,-0.9349031432861841,-0.967451571643092,-0.983725785821546,0.008137107089226991,0.5040685535446134,-0.24796572322769328,-0.6239828616138466,-0.8119914308069234,-0.9059957154034617,0.047002142298269156,-0.4764989288508654,-0.7382494644254327,-0.8691247322127164,-0.9345623661063582,-0.9672811830531791,0.01635940847341044,-0.4918202957632948,-0.7459101478816474,-0.8729550739408237,-0.9364775369704119,0.03176123151479404,-0.484119384242603,-0.7420596921213015,-0.8710298460606507,0.06448507696967465,-0.4677574615151627,-0.7338787307575814,0.13306063462120932,-0.43346968268939534,-0.7167348413446977,0.14163257932765116,-0.4291837103361744,0.2854081448319128,-0.3572959275840436,0.3213520362079782,-0.3393239818960109,-0.6696619909480055,-0.8348309954740027,-0.9174154977370014,-0.9587077488685007,-0.9793538744342504,0.010323062782874814,-0.4948384686085626,-0.7474192343042814,0.12629038284785932,0.5631451914239296,-0.2184274042880352,-0.6092137021440176,-0.8046068510720088,0.0976965744639956,-0.4511517127680022,0.2744241436159989,0.6372120718079994,-0.18139396409600028,0.40930301795199986,-0.29534849102400007,0.35232575448799996,-0.323837122756,-0.661918561378,-0.830959280689,0.08452035965549998,0.54226017982775,-0.228869910086125,0.3855650449569375,-0.3072174775215313,0.34639126123923436,0.6731956306196172,-0.1634021846901914,-0.5817010923450957,0.20914945382745215,-0.39542527308627395,-0.697712636543137,-0.8488563182715685,0.07557184086421576,0.5377859204321078,-0.2311070397839461,-0.615553519891973,-0.8077767599459865,0.09611162002700674,-0.45194418998649666,-0.7259720949932483,0.13701395250337584,-0.4314930237483121,-0.715746511874156,-0.8578732559370781,-0.928936627968539,0.03553168601573048,-0.4822341569921348,0.2588829215039326,0.6294414607519663,-0.18527926962401686,0.40736036518799157,0.7036801825939958,-0.1481599087030021,-0.574079954351501,-0.7870399771757506,-0.8935199885878753,-0.9467599942939376,-0.9733799971469688,-0.9866899985734844,-0.9933449992867422,0.0033275003566288763,-0.49833624982168556,0.2508318750891572,-0.3745840624554214,-0.6872920312277107,-0.8436460156138553,-0.9218230078069276,-0.9609115039034638,-0.9804557519517318,-0.9902278759758659,-0.995113937987933,0.0024430310060334914,-0.49877848449698325,-0.7493892422484916,0.12530537887575421,-0.4373473105621229,-0.7186736552810614,-0.8593368276405307,-0.9296684138202653,0.03516579308986734,-0.48241710345506633,-0.7412085517275332,-0.8706042758637667,-0.9353021379318833,-0.9676510689659417,-0.9838255344829708,-0.9919127672414854,0.00404361637925732,-0.49797819181037134,0.2510109040948143,-0.37449454795259285,-0.6872472739762965,-0.8436236369881482,-0.9218118184940741,0.03909409075296294,-0.48045295462351856,0.2597735226882407,0.6298867613441204,-0.18505661932793982,0.4074716903360301,-0.296264154831985,-0.6481320774159924,-0.8240660387079962,-0.912033019353998,-0.956016509676999,0.021991745161500487,-0.48900412741924976,-0.7445020637096249,-0.8722510318548125,-0.9361255159274062,-0.9680627579637031,0.015968621018148443,0.5079843105090742,0.7539921552545371,-0.12300392237273144,0.43849803881363425,-0.2807509805931829,0.35962450970340853,-0.32018774514829573,-0.6600938725741479,-0.8300469362870739,-0.915023468143537,-0.9575117340717685,0.02124413296411576,0.5106220664820579,-0.24468896675897106,0.37765551662051444,0.6888277583102572,-0.1555861208448714,0.4222069395775643,0.7111034697887821,-0.14444826510560893,0.42777586744719553,0.7138879337235977,-0.14305603313820114,0.42847198343089943,0.7142359917154497,0.8571179958577249,0.9285589979288624,-0.035720501035568786,0.4821397494822156,-0.2589301252588922,-0.6294650626294461,-0.8147325313147231,-0.9073662656573616,-0.9536831328286808,-0.9768415664143404,-0.9884207832071702,-0.9942103916035852,-0.9971051958017926,0.0014474020991037118,0.5007237010495519,-0.24963814947522406,-0.624819074737612,-0.8124095373688061,-0.906204768684403,0.046897615657798486,-0.47655119217110076,-0.7382755960855504,0.1308622019572248,0.5654311009786124,-0.2172844495106938,-0.6086422247553469,-0.8043211123776735,-0.9021605561888367,0.04891972190558164,-0.47554013904720915,0.2622299304763954,-0.3688850347618023,-0.6844425173809011,-0.8422212586904505,-0.9211106293452253,0.039444685327387374,0.5197223426636937,0.7598611713318468,0.8799305856659234,0.9399652928329617,-0.030017353583519146,-0.5150086767917595,0.24249566160412023,-0.37875216919793986,-0.6893760845989699,-0.8446880422994849,-0.9223440211497425,-0.9611720105748712,0.019413994712564386,-0.4902930026437178,0.2548534986781411,0.6274267493390706,-0.1862866253304647,-0.5931433126652323,-0.7965716563326162,0.10171417183369191,0.550857085916846,0.775428542958423,0.8877142714792114,-0.056142864260394276,-0.5280714321301971,0.23596428393490143,-0.3820178580325493,-0.6910089290162746,-0.8455044645081373,-0.9227522322540687,-0.9613761161270343,-0.9806880580635171,-0.9903440290317586,-0.9951720145158793,0.0024139927420603335,-0.49879300362896983,-0.7493965018144849,-0.8746982509072425,0.06265087454637874,0.5313254372731894,-0.23433728136340531,0.38283135931829737,0.6914156796591486,-0.15429216017042569,0.42285391991478716,-0.2885730400426064,-0.6442865200213033,0.17785673998934837,-0.4110716300053258,-0.7055358150026629,-0.8527679075013315,-0.9263839537506657,-0.9631919768753329,-0.9815959884376664,-0.9907979942188332,-0.9953989971094166,-0.9976994985547083,-0.9988497492773541,-0.9994248746386771,-0.9997124373193386,-0.9998562186596693,-0.9999281093298347,3.594533508266551e-05,-0.49998202733245867,-0.7499910136662293,-0.8749955068331147,0.06250224658344267,-0.4687488767082787,-0.7343744383541393,-0.8671872191770696,0.06640639041146518,-0.46679680479426744,-0.7333984023971337,-0.8666992011985668,-0.9333496005992834,-0.9666748002996417,0.01666259985017915,-0.4916687000749104,-0.7458343500374552,0.12708282498127238,-0.43645858750936384,0.2817707062453181,0.640885353122659,-0.17955732343867048,0.41022133828066476,0.7051106691403324,-0.1474446654298338,-0.5737223327149169,-0.7868611663574585,-0.8934305831787293,-0.9467152915893646,0.026642354205317686,0.5133211771026589,0.7566605885513294,-0.12166970572433528,-0.5608348528621676,0.2195825735689162,-0.3902087132155419,0.3048956433922291,-0.34755217830388546,-0.6737760891519428,-0.8368880445759714,-0.9184440222879857,-0.9592220111439929,0.02038899442800357,0.5101944972140018,-0.2449027513929991,-0.6224513756964996,0.18877431215175022,0.5943871560758751,-0.20280642196206244,0.3985967890189688,0.6992983945094844,-0.1503508027452578,-0.5751754013726289,0.21241229931368555,-0.3937938503431572,0.30310307482842136,0.6515515374142107,-0.17422423129289466,-0.5871121156464474,-0.7935560578232237,0.10322197108838815,0.5516109855441941,-0.22419450722790296,-0.6120972536139515,0.19395137319302425,-0.4030243134034879,-0.7015121567017439,-0.850756078350872,-0.925378039175436,-0.962689019587718,-0.981344509793859,-0.9906722548969296,-0.9953361274484648,0.00233193627576761,0.5011659681378838,-0.24941701593105808,-0.624708507965529,-0.8123542539827645,0.09382287300861775,-0.45308856349569115,0.2734557182521544,-0.3632721408739228,-0.6816360704369614,0.1591819647815193,0.5795909823907597,-0.21020450880462016,-0.6051022544023101,-0.8025511272011551,0.09872443639942247,0.5493622181997112,-0.2253188909001444,0.3873405545499278,-0.3063297227250361,0.34683513863748194,0.673417569318741,-0.16329121534062951,-0.5816456076703147,0.20917719616484265,-0.3954114019175787,0.30229429904121063,-0.3488528504793947,0.3255735747603027,-0.33721321261984866,-0.6686066063099243,0.16569669684503785,-0.4171516515774811,-0.7085758257887406,0.14571208710562972,0.5728560435528148,0.7864280217764075,-0.10678598911179626,0.44660700544410187,0.7233035027220509,0.8616517513610255,0.9308258756805128,-0.03458706215974361,-0.5172935310798719,0.24135323446006407,-0.37932338276996797,-0.689661691384984,0.155169154307508,-0.422415422846246,-0.711207711423123,0.1443961442884385,0.5721980721442192,-0.21390096392789038,-0.6069504819639452,0.1965247590180274,-0.40173762049098627,-0.7008688102454932,-0.8504344051227466,-0.9252172025613733,-0.9626086012806867,-0.9813043006403434,0.009347849679828324,0.5046739248399141,-0.24766303758004293,0.37616848120997853,-0.3119157593950107,-0.6559578796975054,-0.8279789398487527,0.08601053007562365,-0.4569947349621882,-0.7284973674810941,0.13575131625945297,-0.4321243418702735,-0.7160621709351367,-0.8580310854675683,-0.9290155427337842,-0.9645077713668921,-0.9822538856834461,0.008873057158276965,-0.49556347142086155,0.2522182642895692,0.6261091321447846,-0.1869454339276077,-0.5934727169638039,-0.7967363584819019,0.10163182075904903,-0.4491840896204755,-0.7245920448102378,0.13770397759488112,-0.4311480112025594,0.2844259943987203,-0.35778700280063985,-0.6788935014003199,0.16055324929984005,0.58027662464992,0.79013831232496,-0.10493084383752,0.44753457808124,-0.27623271095938,-0.63811635547969,-0.819058177739845,-0.9095290888699226,-0.9547645444349613,-0.9773822722174806,-0.9886911361087403,0.0056544319456298675,0.5028272159728149,0.7514136079864074,0.8757068039932037,0.9378534019966018,0.9689267009983009,-0.015536649500849542,-0.5077683247504248,0.24611583762478761,-0.3769420811876062,-0.688471040593803,0.15576447970309848,0.5778822398515493,0.7889411199257746,-0.10552944003711268,0.44723527998144363,-0.2763823600092782,-0.6381911800046391,0.18090440999768043,0.5904522049988402,0.79522610249942,-0.10238694875028997,-0.551193474375145,-0.7755967371875725,0.11220163140621375,0.5561008157031069,0.7780504078515534,-0.11097479607422328,-0.5554873980371117,0.22225630098144417,0.6111281504907221,0.805564075245361,-0.0972179623773195,0.45139101881134025,-0.2743044905943299,-0.637152245297165,0.18142387735141752,0.5907119386757087,0.7953559693378544,-0.10232201533107282,0.44883899233446356,-0.2755805038327682,0.3622097480836159,-0.318895125958192,-0.659447562979096,-0.829723781489548,-0.914861890744774,0.04256905462761301,0.5212845273138065,-0.23935773634309676,-0.6196788681715484,0.1901605659142258,-0.4049197170428871,0.29754014147855645,0.6487700707392783,-0.17561496463036086,0.41219251768481957,-0.2939037411575902,-0.6469518705787951,-0.8234759352893976,0.08826203235530122,-0.4558689838223494,0.2720655080888253,-0.3639672459555874,-0.6819836229777937,0.15900818851110315,0.5795040942555516,0.7897520471277758,0.894876023563888,0.947438011781944,-0.02628099410902801,-0.513140497054514,0.24342975147274298,0.6217148757363715,0.8108574378681858,0.9054287189340928,-0.04728564053295359,-0.5236428202664768,0.2381785898667616,-0.38091070506661917,-0.6904553525333096,-0.8452276762666548,-0.9226138381333274,0.03869308093333629,-0.48065345953333183,-0.7403267297666659,0.12983663511666704,-0.43508168244166645,-0.7175408412208333,-0.8587704206104166,-0.9293852103052083,-0.9646926051526041,0.017653697423697934,0.508826848711849,0.7544134243559245,-0.12279328782203774,-0.5613966439110188,-0.7806983219555095,0.10965083902224526,-0.44517458048887737,-0.7225872902444387,0.13870635487778066,-0.43064682256110964,-0.7153234112805549,-0.8576617056402774,-0.9288308528201388,-0.9644154264100694,-0.9822077132050346,-0.9911038566025173,0.0044480716987413405,-0.4977759641506293,-0.7488879820753147,0.12555600896234265,0.5627780044811713,-0.21861099775941434,-0.6093054988797072,-0.8046527494398537,-0.9023263747199268,-0.9511631873599634,0.024418406320018293,-0.4877907968399908,-0.7438953984199954,-0.8719476992099977,-0.9359738496049989,-0.9679869248024995,-0.9839934624012497,0.00800326879937513,-0.4959983656003124,-0.7479991828001562,0.1260004085999219,-0.43699979570003905,-0.7184998978500196,-0.8592499489250098,-0.9296249744625049,-0.9648124872312525,0.01759375638437377,-0.4912031218078131,-0.7456015609039066,0.1271992195480467,0.5635996097740233,-0.21820019511298833,-0.6091000975564942,0.1954499512217529,-0.40227502438912355,-0.7011375121945618,-0.8505687560972809,-0.9252843780486404,0.037357810975679806,0.5186789054878399,-0.24066054725608005,0.37966972637195995,0.68983486318598,-0.15508256840701,-0.577541284203505,0.21122935789824748,-0.39438532105087626,-0.6971926605254382,-0.8485963302627191,-0.9242981651313595,0.03785091743432023,-0.4810745412828399,-0.7405372706414199,0.12973136467929003,0.564865682339645,-0.21756715883017752,0.39121642058491124,0.6956082102924557,-0.15219589485377216,-0.5760979474268861,-0.7880489737134431,-0.8940244868567215,-0.9470122434283608,-0.9735061217141804,0.013246939142909808,0.5066234695714549,-0.24668826521427256,0.3766558673928637,-0.31167206630356814,-0.6558360331517841,-0.827918016575892,0.08604099171205398,0.543020495856027,-0.22848975207198652,-0.6142448760359933,0.19287756198200334,0.5964387809910017,0.7982193904955008,-0.10089030475224958,-0.5504451523761248,-0.7752225761880625,0.11238871190596877,0.5561943559529844,-0.2219028220235078,-0.6109514110117539,0.19452429449412306,-0.4027378527529385,-0.7013689263764693,-0.8506844631882347,-0.9253422315941173,-0.9626711157970587,0.01866444210147067,0.5093322210507354,0.7546661105253677,0.8773330552626839,0.938666527631342,0.969333263815671,0.9846666319078354,0.9923333159539177,-0.003833342023041142,0.4980833289884794,0.7490416644942397,-0.12547916775288015,-0.5627395838764401,-0.7813697919382201,-0.89068489596911,0.05465755201544498,0.5273287760077225,0.7636643880038613,0.8818321940019307,0.9409160970009653,0.9704580485004827,-0.014770975749758664,0.49261451212512064,0.7463072560625603,-0.12684637196871984,0.4365768140156401,0.71828840700782,-0.14085579649608998,0.42957210175195504,-0.2852139491240225,-0.6426069745620112,0.1786965127189944,0.5893482563594972,-0.20532587182025142,-0.6026629359101257,0.19866853204493717,0.5993342660224685,-0.20033286698876573,-0.6001664334943828,0.1999167832528086,0.5999583916264043,-0.20002080418679785,0.39998959790660105,0.6999947989533005,0.8499973994766503,0.9249986997383252,0.9624993498691625,-0.018750325065418738,-0.5093751625327094,0.2453124187336453,-0.37734379063317736,-0.6886718953165887,-0.8443359476582943,0.07783202617085283,-0.4610839869145736,-0.7305419934572868,0.13472900327135662,-0.4326354983643217,0.28368225081783915,0.6418411254089196,-0.1790794372955402,-0.5895397186477701,-0.794769859323885,0.1026150703380575,-0.44869246483097125,0.2756537675845144,-0.36217311620774284,-0.6810865581038714,-0.8405432790519357,-0.9202716395259678,0.0398641802370161,0.519932090118508,0.759966045059254,-0.12001697747037299,-0.5600084887351865,-0.7800042443675932,-0.8900021221837966,0.0549989389081017,0.5274994694540509,0.7637497347270255,-0.11812513263648727,-0.5590625663182436,-0.7795312831591218,0.1102343584204391,-0.4448828207897805,0.27755858960510976,-0.3612207051974451,-0.6806103525987226,-0.8403051762993613,0.07984741185031935,0.5399237059251597,0.7699618529625798,0.8849809264812899,-0.05750953675935505,0.4712452316203225,-0.26437738418983875,-0.6321886920949193,0.18390565395254033,-0.40804717302372984,-0.7040235865118649,-0.8520117932559325,0.07399410337203377,0.5369970516860169,-0.23150147415699157,0.3842492629215042,0.6921246314607521,-0.15393768426962395,-0.576968842134812,-0.788484421067406,0.10575778946629699,-0.4471211052668515,-0.7235605526334258,0.1382197236832871,0.5691098618416436,-0.2154450690791782,0.39227746546041087,-0.30386126726979457,0.3480693663651027,-0.32596531681744867,-0.6629826584087244,0.1685086707956378,0.5842543353978189,0.7921271676989095,-0.10393641615054527,-0.5519682080752726,0.2240158959623637,-0.38799205201881815,0.3060039739905909,0.6530019869952954,-0.17349900650235228,0.41325049674882386,0.706625248374412,0.853312624187206,0.926656312093603,-0.0366718439531985,-0.5183359219765993,-0.7591679609882996,-0.8795839804941499,0.06020800975292506,0.5301040048764625,0.7650520024382312,0.8825260012191156,0.9412630006095578,0.970631500304779,0.9853157501523895,0.9926578750761947,0.9963289375380974,0.9981644687690487,-0.0009177656154756297,0.4995411171922622,-0.25022944140386894,-0.6251147207019345,0.18744263964903274,-0.40627868017548363,-0.7031393400877418,-0.8515696700438709,0.07421516497806457,0.5371075824890323,-0.23144620875548383,0.3842768956222581,0.692138447811129,-0.1539307760944355,0.42303461195278225,0.7115173059763911,-0.14424134701180447,-0.5721206735059022,0.21393966324704888,0.6069698316235245,-0.19651508418823777,0.40174245790588115,-0.2991287710470594,0.3504356144764703,0.6752178072382351,-0.16239109638088245,-0.5811955481904412,-0.7905977740952206,-0.8952988870476103,-0.9476494435238052,-0.9738247217619026,-0.9869123608809514,-0.9934561804404757,-0.9967280902202378,0.0016359548898811083,-0.49918202255505945,-0.7495910112775297,-0.8747955056387648,0.06260224718061758,0.5313011235903088,-0.2343494382048456,-0.6171747191024228,-0.8085873595512114,-0.9042936797756057,0.047853160112197146,0.5239265800560986,-0.2380367099719507,-0.6190183549859753,0.19049082250701233,-0.40475458874649384,-0.7023772943732469,0.14881135281337654,0.5744056764066883,0.7872028382033441,-0.10639858089832793,0.44680070955083606,0.723400354775418,0.861700177387709,-0.0691499113061455,0.4654250443469272,0.7327125221734636,0.8663562610867318,0.933178130543366,0.966589065271683,0.9832945326358415,0.9916472663179208,-0.004176366841039614,0.4979118165794802,-0.2510440917102599,-0.6255220458551299,-0.812761022927565,-0.9063805114637825,-0.9531902557318912,-0.9765951278659456,0.0117024360670272,0.5058512180335136,-0.2470743909832432,0.37646280450837843,0.6882314022541892,0.8441157011270946,0.9220578505635473,-0.03897107471822636,0.4805144626408868,0.7402572313204434,0.8701286156602217,0.9350643078301109,-0.032467846084944574,-0.5162339230424723,-0.7581169615212362,0.1209415192393819,-0.43952924038030905,-0.7197646201901545,-0.8598823100950772,-0.9299411550475386,-0.9649705775237694,-0.9824852887618847,0.00875735561905766,-0.49562132219047117,-0.7478106610952355,0.12609466945238224,0.5630473347261911,0.7815236673630955,-0.10923816631845223,-0.5546190831592261,-0.7773095415796131,-0.8886547707898065,-0.9443273853949032,0.02783630730254838,0.5139181536512742,-0.24304092317436288,-0.6215204615871814,-0.8107602307935907,-0.9053801153967953,0.04730994230160235,0.5236549711508012,-0.2381725144245994,-0.6190862572122997,-0.8095431286061499,-0.9047715643030749,-0.9523857821515375,-0.9761928910757687,0.011903554462115662,0.5059517772310578,-0.2470241113844711,0.37648794430776444,-0.3117560278461178,0.3441219860769411,0.6720609930384706,0.8360304965192353,0.9180152482596177,-0.04099237587019117,0.47950381206490444,0.7397519060324522,0.8698759530162261,0.9349379765081131,-0.03253101174594347,0.4837344941270283,0.7418672470635141,-0.12906637646824293,-0.5645331882341215,-0.7822665941170608,-0.8911332970585304,0.0544333514707348,-0.4727833242646326,0.2636083378676837,-0.36819583106615816,0.3159020844669209,0.6579510422334605,0.8289755211167302,0.9144877605583651,0.9572438802791825,0.9786219401395913,-0.010689029930204375,-0.5053445149651021,0.24732774251744893,0.6236638712587245,0.8118319356293622,0.9059159678146811,-0.047042016092659455,0.4764789919536703,0.7382394959768351,-0.13088025201158243,-0.5654401260057912,-0.7827200630028956,-0.8913600315014478,-0.9456800157507239,-0.972840007875362,0.013579996062319022,0.5067899980311595,-0.24660500098442023,-0.6233025004922101,0.18834874975389493,0.5941743748769475,0.7970871874384737,-0.10145640628076313,-0.5507282031403815,-0.7753641015701908,0.11231794921490462,-0.44384102539254766,-0.7219205126962738,0.1390397436518631,-0.43048012817406844,0.2847599359129658,0.6423799679564829,-0.17881001602175856,-0.5894050080108792,-0.7947025040054396,0.10264874799728019,-0.4486756260013599,0.27566218699932005,-0.36216890650033995,0.31891554674983,-0.340542226625085,0.3297288866874575,-0.33513555665627126,-0.6675677783281356,-0.8337838891640679,-0.9168919445820339,0.04155402770898303,0.5207770138544915,0.7603885069272458,-0.1198057465363771,0.44009712673181145,0.7200485633659057,0.8600242816829529,-0.06998785915852357,0.4650060704207382,-0.2674969647896309,-0.6337484823948154,-0.8168742411974077,0.09156287940129615,0.5457814397006481,-0.22710928014967596,-0.613554640074838,-0.806777320037419,-0.9033886600187095,-0.9516943300093548,0.024152834995322614,0.5120764174976613,-0.24396179125116935,-0.6219808956255847,0.18900955218720766,0.5945047760936039,0.7972523880468019,0.8986261940234009,-0.05068690298829953,-0.5253434514941497,0.23732827425292513,0.6186641371264625,0.8093320685632313,0.9046660342816156,0.9523330171408078,0.9761665085704039,0.9880832542852019,-0.00595837285739903,0.49702081357130046,-0.25148959321434977,-0.6257447966071749,-0.8128723983035875,-0.9064361991517937,-0.9532180995758969,0.023390950212051564,-0.48830452489397425,0.2558477375530129,-0.3720761312234936,-0.6860380656117469,0.15698096719412657,-0.4215095164029367,-0.7107547582014684,0.1446226208992658,0.5723113104496329,0.7861556552248165,0.8930778276124083,0.9465389138062041,0.9732694569031021,0.9866347284515511,0.9933173642257755,0.9966586821128878,0.9983293410564439,0.999164670528222,0.999582335264111,-0.00020883236794450033,0.4998955838160277,-0.25005220809198614,-0.625026104045993,0.1874869479770035,0.5937434739885017,0.7968717369942508,0.8984358684971254,0.9492179342485627,0.9746089671242814,-0.012695516437859322,0.49365224178107037,0.7468261208905351,0.8734130604452676,0.9367065302226338,0.9683532651113169,0.9841766325556585,0.9920883162778292,0.9960441581389146,0.9980220790694573,0.9990110395347287,-0.0004944802326356523,-0.5002472401163178,-0.7501236200581589,0.12493818997092054,0.5624690949854603,0.7812345474927301,0.8906172737463651,0.9453086368731826,0.9726543184365912,0.9863271592182956,0.9931635796091478,0.9965817898045739,0.998290894902287,-0.0008545525488565242,0.4995727237255717,0.7497863618627858,0.8748931809313929,0.9374465904656964,0.9687232952328482,0.9843616476164241,0.992180823808212,0.9960904119041061,0.998045205952053,-0.0009773970239734808,-0.5004886985119867,0.24975565074400663,0.6248778253720033,-0.18756108731399834,0.40621945634300083,0.7031097281715004,-0.1484451359142498,0.4257774320428751,0.7128887160214376,0.8564443580107188,0.9282221790053594,0.9641110895026797,0.9820555447513398,0.99102777237567,0.995513886187835,0.9977569430939175,0.9988784715469587,-0.000560764226520627,0.4997196178867397,0.7498598089433699,0.874929904471685,-0.06253504776415753,0.46873247611792124,0.7343662380589606,0.8671831190294803,0.9335915595147402,0.9667957797573701,0.983397889878685,-0.00830105506065748,0.49584947246967126,0.7479247362348356,0.8739623681174178,-0.0630188159412911,0.46849059202935445,0.7342452960146773,0.8671226480073386,-0.06643867599633069,0.46678066200183466,-0.26660966899908267,-0.6333048344995413,0.18334758275022933,0.5916737913751147,0.7958368956875573,0.8979184478437787,0.9489592239218894,0.9744796119609447,-0.01276019401952766,0.49361990299023617,-0.2531900485048819,-0.626595024252441,0.18670248787377952,0.5933512439368898,0.7966756219684449,-0.10166218901577756,-0.5508310945078888,0.2245844527460556,-0.3877077736269722,0.3061461131865139,-0.346926943406743,-0.6734634717033715,-0.8367317358516857,0.08163413207415715,0.5408170660370786,0.7704085330185393,0.8852042665092696,0.9426021332546348,0.9713010666273174,0.9856505333136587,0.9928252666568294,0.9964126333284147,-0.0017936833357926618,0.49910315833210367,0.7495515791660519,0.8747757895830259,0.937387894791513,0.9686939473957565,0.9843469736978783,0.9921734868489391,0.9960867434244696,0.9980433717122348,0.9990216858561174,-0.0004891570719413041,0.49975542146402935,0.7498777107320147,0.8749388553660074,0.9374694276830037,0.9687347138415019,-0.015632643079249053,0.4921836784603755,-0.25390816076981226,-0.6269540803849061,0.18652295980754696,0.5932614799037734,-0.2033692600481133,0.39831536997594336,-0.3008423150120283,-0.6504211575060141,-0.8252105787530071,0.08739471062349646,-0.45630264468825177,0.2718486776558741,-0.3640756611720629,0.31796216941396854,0.6589810847069842,0.8294905423534922,0.9147452711767461,0.957372635588373,0.9786863177941865,-0.010656841102906767,0.4946715794485466,0.7473357897242733,-0.12633210513786336,0.4368339474310683,0.7184169737155341,0.8592084868577671,0.9296042434288836,-0.035197878285558204,0.4824010608572209,0.7412005304286104,0.8706002652143052,0.9353001326071526,0.9676500663035763,-0.016174966848211847,0.4919125165758941,0.7459562582879471,0.8729781291439735,0.9364890645719868,0.9682445322859934,0.9841222661429967,0.9920611330714983,0.9960305665357492,0.9980152832678746,-0.0009923583660627067,0.49950382081696865,-0.2502480895915157,0.37487595520424216,-0.3125620223978789,0.34371898880106055,-0.3281405055994697,0.33592974720026514,0.6679648736001326,0.8339824368000663,0.9169912184000332,0.9584956092000165,-0.020752195399991735,-0.5103760976999958,0.2448119511500021,0.6224059755750011,0.8112029877875006,0.9056014938937502,0.9528007469468751,0.9764003734734376,0.9882001867367187,0.9941000933683594,-0.0029499533158203195,-0.5014749766579102,0.2492625116710449,-0.3753687441644775,0.31231562791776124,0.6561578139588806,0.8280789069794403,0.9140394534897202,0.9570197267448601,0.9785098633724301,-0.010745068313784967,-0.5053725341568924,0.24731373292155379,0.6236568664607769,0.8118284332303884,0.9059142166151942,0.9529571083075972,-0.023521445846201416,0.4882392770768993,0.7441196385384496,0.8720598192692248,0.9360299096346124,-0.031985045182693794,0.48400747740865313,0.7420037387043266,0.8710018693521633,0.9355009346760816,-0.03224953266195918,0.4838752336690204,0.7419376168345102,0.8709688084172551,0.9354844042086276,0.9677422021043138,0.9838711010521569,0.9919355505260785,-0.004032224736960743,0.49798388763151963,0.7489919438157598,0.87449597190788,0.93724798595394,0.96862399297697,-0.015688003511515003,0.4921559982442425,-0.25392200087787875,-0.6269610004389394,0.18651949978053028,0.5932597498902652,0.7966298749451326,0.8983149374725663,0.9491574687362831,-0.025421265631858425,-0.5127106328159292,0.2436446835920354,-0.3781776582039823,-0.6890888291019912,0.1554555854490044,0.5777277927245021,0.7888638963622511,-0.10556805181887446,-0.5527840259094372,0.2236079870452814,-0.3881960064773593,0.30590199676132035,0.6529509983806602,-0.1735245008096699,-0.586762250404835,0.2066188747975825,0.6033094373987913,0.8016547186993956,0.9008273593496978,0.9504136796748489,0.9752068398374245,0.9876034199187123,0.9938017099593561,0.9969008549796781,-0.001549572510160968,0.4992252137449195,0.7496126068724598,0.8748063034362299,0.937403151718115,0.9687015758590575,0.9843507879295288,0.9921753939647644,0.9960876969823822,0.9980438484911911,0.9990219242455955,0.9995109621227978,0.9997554810613989,-0.0001222594693005563,0.4999388702653497,0.7499694351326749,0.8749847175663374,0.9374923587831687,0.9687461793915844,0.9843730896957922,0.9921865448478961,0.9960932724239481,0.998046636211974,-0.0009766818940130095,0.4995116590529935,0.7497558295264968,-0.1251220852367516,-0.5625610426183758,0.2187194786908121,-0.39064026065459395,0.304679869672703,-0.3476600651636485,0.3261699674181757,0.6630849837090879,0.831542491854544,0.915771245927272,0.957885622963636,0.9789428114818179,-0.010528594259091029,0.4947357028704545,0.7473678514352272,-0.1263160742823864,0.43684196285880683,0.7184209814294034,0.8592104907147017,0.9296052453573509,0.9648026226786754,-0.017598688660662276,0.49120065566966886,-0.25439967216516557,0.3728001639174172,0.6864000819587086,0.8432000409793543,0.9216000204896772,0.9608000102448386,0.9804000051224193,0.9902000025612097,0.9951000012806048,0.9975500006403024,0.9987750003201512,0.9993875001600756,0.9996937500800378,0.9998468750400189,0.9999234375200095,-3.8281239995274774e-05,0.49998085938000236,-0.2500095703099988,0.3749952148450006,-0.3125023925774997,0.34374880371125016,0.6718744018556251,0.8359372009278125,0.9179686004639063,-0.041015699768046865,-0.5205078498840234,-0.7602539249420117,-0.8801269624710059,0.05993651876449707,0.5299682593822486,0.7649841296911243,0.8824920648455621,0.941246032422781,0.9706230162113905,0.9853115081056952,0.9926557540528476,0.9963278770264238,-0.0018360614867881098,-0.500918030743394,0.249540984628303,0.6247704923141515,0.8123852461570757,0.9061926230785379,0.953096311539269,0.9765481557696345,0.9882740778848172,-0.005862961057591376,0.49706851947120434,0.7485342597356022,0.8742671298678011,-0.06286643506609946,-0.5314332175330497,0.23428339123347514,0.6171416956167376,0.8085708478083689,0.9042854239041844,0.9521427119520922,-0.023928644023953893,0.48803567798802305,0.7440178389940115,0.8720089194970058,0.9360044597485029,-0.03199777012574856,0.4840011149371257,0.7420005574685629,0.8710002787342814,0.9355001393671407,0.9677500696835704,0.9838750348417852,0.9919375174208926,0.9959687587104463,0.9979843793552232,0.9989921896776116,0.9994960948388059,0.9997480474194029,0.9998740237097015,0.9999370118548507,0.9999685059274254,-1.5747036287316885e-05,-0.5000078735181437,0.24999606324092816,0.6249980316204641,0.8124990158102321,0.906249507905116,0.953124753952558,0.976562376976279,-0.011718811511860494,0.49414059424406975,0.7470702971220349,0.8735351485610174,0.9367675742805087,0.9683837871402543,0.9841918935701272,-0.007904053214936424,-0.5039520266074682,0.2480239866962659,-0.37598800665186705,0.3120059966740665,0.6560029983370332,-0.17199850083148338,-0.5859992504157416,0.20700037479212918,0.6035001873960646,0.8017500936980323,-0.09912495315098385,0.45043752342450805,0.7252187617122541,-0.13739061914387296,0.4313046904280635,-0.28434765478596824,0.3578261726070159,0.678913086303508,0.839456543151754,0.919728271575877,0.9598641357879385,0.9799320678939692,-0.010033966053015375,0.49498301697349234,-0.25250849151325383,0.3737457542433731,-0.31312712287831346,0.34343643856084327,0.6717182192804216,-0.16414089035978918,0.4179295548201054,0.7089647774100527,0.8544823887050264,0.9272411943525132,0.9636205971762566,0.9818102985881283,0.9909051492940641,-0.0045474253529679265,0.49772628732351604,-0.251136856338242,0.374431571830879,-0.3127842140845605,-0.6563921070422802,0.17180394647885988,0.5859019732394299,0.792950986619715,0.8964754933098575,0.9482377466549288,0.9741188733274644,0.9870594366637322,0.9935297183318661,0.996764859165933,0.9983824295829665,-0.000808785208516738,0.4995956073957416,0.7497978036978707,-0.12510109815106463,0.4374494509244677,0.7187247254622339,0.8593623627311169,-0.07031881863444156,-0.5351594093172207,0.23242029534138964,-0.3837898523293052,0.3081050738353474,0.6540525369176737,0.8270262684588369,0.9135131342294185,-0.043243432885290756,0.4783782835573546,0.7391891417786773,0.8695945708893387,0.9347972854446693,0.9673986427223347,0.9836993213611673,-0.008150339319416333,0.49592483034029183,-0.25203758482985406,-0.626018792414927,-0.8130093962074635,0.09349530189626826,0.5467476509481342,0.7733738254740671,0.8866869127370336,-0.0566565436314832,0.4716717281842584,0.7358358640921292,0.8679179320460646,-0.0660410339769677,0.46697948301151615,0.7334897415057581,0.8667448707528791,-0.06662756462356045,0.4666862176882198,0.7333431088441099,0.8666715544220549,0.9333357772110275,-0.033332111394486275,0.4833339443027569,-0.25833302784862155,0.3708334860756892,0.6854167430378446,-0.1572916284810777,0.42135418575946115,0.7106770928797306,-0.1446614535601347,-0.5723307267800674,-0.7861653633900336,0.10691731830498319,0.5534586591524916,0.7767293295762459,0.8883646647881229,-0.05581766760593854,0.47209116619703073,-0.26395441690148463,-0.6319772084507423,0.18401139577462883,-0.4079943021126856,-0.7039971510563428,0.14800142447182862,0.5740007122359143,-0.21299964388204284,-0.6064998219410214,-0.8032499109705107,0.09837504451474466,-0.45081247774262767,0.27459376112868616,-0.3627031194356569,0.31864844028217154,-0.34067577985891423,-0.6703378899294571,0.16483105503527146,0.5824155275176357,0.7912077637588179,-0.10439611812059107,0.4478019409397045,-0.27609902953014775,0.3619504852349261,-0.31902475738253694,-0.6595123786912684,0.17024381065436578,0.5851219053271829,-0.20743904733640856,0.39628047633179575,0.6981402381658979,-0.15092988091705106,0.42453505954147447,0.7122675297707373,-0.14386623511463137,0.4280668824426843,0.7140334412213422,-0.14298327938932892,0.42850836030533557,-0.2857458198473322,-0.6428729099236661,0.17856354503816696,0.5892817725190835,-0.20535911374045823,-0.6026795568702291,0.19866022156488544,-0.4006698892175573,0.29966505539122135,-0.3501674723043893,-0.6750837361521946,0.16245813192390268,-0.41877093403804866,-0.7093854670190243,0.14530726649048786,-0.42734636675475607,-0.7136731833773781,0.14316340831131097,-0.42841829584434454,0.28579085207782773,0.6428954260389139,0.821447713019457,-0.08927614349027152,0.4553619282548642,0.7276809641274321,-0.13615951793628395,-0.568079758968142,-0.7840398794840711,0.10798006025796447,0.5539900301289822,-0.2230049849355089,0.38849750753224555,0.6942487537661228,-0.15287562311693859,0.4235621884415307,-0.28821890577923465,-0.6441094528896173,-0.8220547264448086,-0.9110273632224043,0.04448631838879785,0.5222431591943989,-0.23887842040280055,0.38056078979859975,0.6902803948992999,-0.15485980255035003,0.422570098724825,-0.2887149506375875,0.3556425246812063,0.6778212623406031,-0.16108936882969843,0.4194553155851508,0.7097276577925754,0.8548638288962878,0.9274319144481439,0.9637159572240719,-0.018142021387964058,-0.509071010693982,-0.754535505346991,0.1227322473265045,0.5613661236632522,0.7806830618316261,-0.10965846908418697,0.4451707654579065,0.7225853827289532,-0.13870730863552339,0.4306463456822383,0.7153231728411191,-0.14233841357944044,0.4288307932102798,0.7144153966051399,0.8572076983025699,0.9286038491512849,0.9643019245756425,0.9821509622878213,0.9910754811439106,0.9955377405719553,-0.0022311297140223396,0.49888443514298886,0.7494422175714944,0.8747211087857472,0.9373605543928736,0.9686802771964368,-0.015659861401781605,0.4921700692991092,0.7460850346495547,-0.12695748267522267,0.43652125866238867,-0.28173937066880567,-0.6408696853344028,0.1795651573327986,0.5897825786663993,0.7948912893331996,-0.10255435533340018,-0.5512771776667,0.22436141116664998,0.612180705583325,0.8060903527916625,0.9030451763958313,0.9515225881979157,0.9757612940989578,0.987880647049479,0.9939403235247395,-0.0030298382376302557,-0.5015149191188151,0.24924254044059246,-0.37537872977970377,-0.6876893648898519,-0.8438446824449259,0.07807765877753703,-0.4609611706112315,-0.7304805853056158,-0.8652402926528079,0.06737985367359606,0.5336899268367981,0.766844963418399,0.8834224817091996,-0.058288759145400215,-0.5291443795727001,0.23542781021364995,0.617713905106825,0.8088569525534125,-0.09557152372329375,-0.5477857618616468,-0.7738928809308234,0.11305355953458829,0.5565267797672941,-0.22173661011635293,0.38913169494182354,0.6945658474709118,0.8472829237354559,0.923641461867728,-0.038179269066136,0.480910365466932,-0.259544817266534,0.370227591366733,0.6851137956833665,0.8425568978416833,-0.07872155107915835,0.4606392244604208,0.7303196122302105,0.8651598061151052,0.9325799030575526,0.9662899515287763,0.9831449757643882,-0.008427512117805902,-0.504213756058903,0.24789312197054852,0.6239465609852742,-0.18802671950736288,0.4059866402463186,0.7029933201231593,0.8514966600615796,-0.07425166996921018,0.4628741650153949,-0.26856291749230254,-0.6342814587461513,0.18285927062692436,-0.40857036468653785,0.2957148176567311,-0.3521425911716345,-0.6760712955858172,0.16196435220709138,0.5809821761035456,0.7904910880517728,0.8952455440258864,0.9476227720129432,-0.026188613993528398,0.48690569300323583,0.7434528465016179,-0.12827357674919104,0.4358632116254045,0.7179316058127022,0.8589658029063512,0.9294829014531756,0.9647414507265878,0.9823707253632938,0.9911853626816469,0.9955926813408235,0.9977963406704118,-0.0011018296647941073,-0.500550914832397,-0.7502754574161985,0.12486227129190075,0.5624311356459504,-0.2187844321770248,0.3906077839114876,0.6953038919557438,-0.1523480540221281,0.423825972988936,0.711912986494468,-0.144043506752766,-0.572021753376383,0.21398912331180853,0.6069945616559043,0.8034972808279521,0.9017486404139761,-0.04912567979301197,-0.524562839896506,0.237718580051747,0.6188592900258735,0.8094296450129368,0.9047148225064684,0.9523574112532343,-0.023821294373382873,0.48808935281330856,-0.2559553235933457,-0.6279776617966728,0.1860111691016636,0.5930055845508317,0.7965027922754159,0.8982513961377079,-0.05087430193114606,-0.5254371509655731,-0.7627185754827865,0.11864071225860673,0.5593203561293034,0.7796601780646517,0.8898300890323259,0.9449150445161629,0.9724575222580815,-0.013771238870959268,0.4931143805645204,0.7465571902822602,0.8732785951411302,0.9366392975705651,0.9683196487852825,0.9841598243926413,0.9920799121963206,0.9960399560981603,-0.0019800219509198413,0.4990099890245401,-0.25049500548772996,0.374752497256135,-0.3126237513719325,0.3436881243140337,0.6718440621570169,-0.16407796892149157,0.41796101553925424,0.7089805077696272,0.8544902538848136,0.9272451269424068,-0.0363774365287966,0.4818112817356017,-0.25909435913219914,0.37045282043390043,0.6852264102169502,0.8426132051084751,-0.07869339744576243,0.4606533012771188,0.7303266506385594,0.8651633253192796,0.9325816626596398,0.96629083132982,0.98314541566491,-0.008427292167545009,0.4957863539162275,-0.25210682304188625,0.3739465884790569,0.6869732942395285,-0.15651335288023577,0.4217433235598821,0.7108716617799411,0.8554358308899705,0.9277179154449853,0.9638589577224926,0.9819294788612463,0.9909647394306231,0.9954823697153116,0.9977411848576558,0.9988705924288279,-0.0005647037855860404,0.499717648107207,0.7498588240536035,-0.12507058797319826,0.4374647060134009,0.7187323530067005,-0.14063382349664977,0.4296830882516751,0.7148415441258376,0.8574207720629188,0.9287103860314594,-0.035644806984270305,0.48217759650786485,0.7410887982539325,-0.12945560087303376,0.4352721995634831,0.7176360997817416,0.8588180498908708,0.9294090249454354,0.9647045124727177,-0.017647743763641144,0.49117612811817946,0.7455880640590897,0.8727940320295449,0.9363970160147724,0.9681985080073863,-0.015900745996306864,-0.5079503729981534,-0.7539751864990767,0.12301240675046166,0.5615062033752308,-0.21924689831238459,0.39037655084380773,0.6951882754219039,-0.15240586228904807,-0.576202931144524,0.21189853442773798,-0.394050732786131,0.3029746336069345,0.6514873168034673,-0.17425634159826636,-0.5871281707991332,0.20643591460043342,-0.3967820426997833,-0.6983910213498916,-0.8491955106749458,-0.9245977553374729,-0.9622988776687365,-0.9811494388343682,0.009425280582815887,0.5047126402914079,0.752356320145704,0.876178160072852,-0.06191091996357401,0.469044540018213,-0.2654777299908935,0.36726113500455326,-0.31636943249772337,-0.6581847162488617,0.17090764187556917,0.5854538209377846,-0.20727308953110768,-0.6036365447655538,0.19818172761722308,-0.40090913619138846,0.29954543190430577,0.6497727159521529,-0.17511364202392354,-0.5875568210119617,-0.7937784105059809,0.10311079474700957,0.5515553973735048,0.7757776986867524,0.8878888493433762,0.9439444246716882,0.9719722123358441,-0.014013893832077962,-0.507006946916039,-0.7535034734580195,0.12324826327099025,-0.4383758683645049,-0.7191879341822525,-0.8595939670911262,-0.9297969835455631,-0.9648984917727815,0.017550754113609235,0.5087753770568046,-0.24561231147159768,-0.6228061557357989,-0.8114030778678994,0.09429846106605028,-0.4528507694669749,0.27357461526651256,0.6367873076332563,0.8183936538166281,0.909196826908314,0.954598413454157,-0.022700793272921516,0.48864960336353924,0.7443248016817696,-0.1278375991591152,-0.5639187995795576,0.2180406002102212,0.6090203001051107,0.8045101500525553,-0.09774492497372234,-0.5488724624868612,0.22556376875656942,0.6127818843782847,-0.19360905781085763,0.4031954710945712,-0.2984022644527144,-0.6492011322263572,0.1753994338868214,-0.4123002830565893,-0.7061501415282947,-0.8530750707641473,-0.9265375353820737,0.036731232308963135,0.5183656161544816,-0.2408171919227592,-0.6204085959613796,0.18979570201931018,0.5948978510096551,0.7974489255048276,-0.1012755372475862,-0.5506377686237931,-0.7753188843118966,-0.8876594421559483,0.05617027892202586,0.5280851394610129,0.7640425697305064,-0.11797871513474678,-0.5589893575673734,-0.7794946787836867,-0.8897473393918434,-0.9448736696959217,0.02756316515203916,0.5137815825760196,-0.2431092087119902,-0.6215546043559951,-0.8107773021779976,-0.9053886510889988,0.0473056744555006,-0.4763471627722497,0.2618264186138751,0.6309132093069376,-0.1845433953465312,-0.5922716976732656,-0.7961358488366328,-0.8980679244183164,0.0509660377908418,-0.47451698110457907,0.26274150944771046,-0.36862924527614477,-0.6843146226380724,0.1578426886809638,-0.4210786556595181,0.28946067217024096,-0.3552696639148795,0.3223651680425602,-0.3388174159787199,0.3305912920106401,0.6652956460053201,-0.16735217699733995,-0.58367608849867,-0.791838044249335,0.10408097787533249,-0.4479595110623338,-0.7239797555311669,0.13801012223441655,-0.4309949388827917,-0.7154974694413958,-0.8577487347206979,0.07112563263965105,-0.4644371836801745,-0.7322185918400872,0.1338907040799564,0.5669453520399782,-0.2165273239800109,0.3917363380099945,0.6958681690049973,0.8479340845024986,0.9239670422512494,0.9619835211256247,-0.019008239437187657,-0.5095041197185939,0.24524794014070306,-0.37737602992964847,-0.6886880149648242,-0.8443440074824121,0.07782799625879394,0.538913998129397,-0.2305430009353015,-0.6152715004676508,-0.8076357502338254,0.0961821248830873,-0.45190893755845635,0.2740455312207718,-0.3629772343896141,0.318511382805193,-0.3407443085974035,0.3296278457012982,-0.3351860771493509,0.33240696142532455,-0.3337965192873377,-0.6668982596436689,0.16655087017816556,0.5832754350890827,-0.20836228245545863,-0.6041811412277294,-0.8020905706138647,0.09895471469306766,-0.4505226426534662,-0.7252613213267332,0.13736933933663342,0.5686846696683168,0.7843423348341584,-0.10782883258292081,-0.5539144162914604,0.22304279185426978,0.6115213959271348,-0.19423930203643258,0.4028803489817837,0.7014401744908918,-0.1492799127545541,-0.574639956377277,0.21268002181136147,0.6063400109056807,0.8031700054528403,0.9015850027264202,0.9507925013632101,0.9753962506816051,-0.012301874659197465,0.4938490626704013,-0.25307546866479935,0.3734622656676003,0.6867311328338002,-0.15663443358309992,-0.57831721679155,-0.789158608395775,-0.8945793041978876,-0.9472896520989438,0.02635517395052811,0.513177586975264,-0.24341120651236797,0.37829439674381604,-0.310852801628092,0.344573599185954,-0.327713200407023,0.3361433997964885,0.6680716998982442,-0.1659641500508779,-0.582982075025439,0.2085089624872805,0.6042544812436402,-0.19787275937817989,0.40106362031091003,-0.299468189844545,-0.6497340949222725,0.17513295253886374,0.5875664762694319,-0.20621676186528404,0.396891619067358,0.698445809533679,0.8492229047668395,-0.07538854761658026,0.46230572619170984,0.7311528630958549,0.8655764315479275,0.9327882157739638,-0.03360589211301812,-0.5168029460565091,-0.7584014730282546,-0.8792007365141272,0.06039963174293639,-0.4698001841285318,-0.7349000920642659,0.13254995396786706,0.5662749769839335,-0.21686251150803326,0.39156874424598337,-0.3042156278770083,-0.6521078139385041,0.17394609303074793,0.586973046515374,-0.20651347674231302,-0.6032567383711565,-0.8016283691855782,0.09918581540721089,-0.45040709229639453,-0.7252035461481973,-0.8626017730740987,0.06869911346295066,-0.46565044326852467,-0.7328252216342623,-0.8664126108171312,0.06679369459143442,0.5333968472957172,-0.23330157635214138,-0.6166507881760707,0.19167460591196467,0.5958373029559824,-0.20208134852200882,-0.6010406742610044,0.1994796628694978,0.5997398314347488,-0.20013008428262558,0.3999349578586872,-0.30003252107065637,-0.6500162605353281,0.17499186973233594,-0.41250406513383203,0.29374796743308396,0.646873983716542,0.823436991858271,-0.08828150407086449,-0.5441407520354322,0.2279296239822839,-0.38603518800885805,0.306982405995571,-0.3465087970022145,0.32674560149889276,-0.3366271992505536,0.3316864003747232,0.6658432001873615,-0.16707839990631923,0.4164608000468404,0.7082304000234202,-0.1458847999882899,0.427057600005855,-0.2864711999970725,-0.6432355999985362,-0.8216177999992681,0.08919110000036595,-0.455404449999817,-0.7277022249999086,-0.8638511124999543,0.06807444375002286,0.5340372218750115,0.7670186109375057,0.8835093054687528,-0.05824534726562358,-0.5291226736328118,-0.7645613368164059,0.11771933159179704,0.5588596657958985,0.7794298328979492,-0.1102850835510254,0.4448574582244873,-0.27757127088775635,-0.6387856354438781,0.18060718227806094,-0.40969640886096953,0.2951517955695152,0.6475758977847577,-0.17621205110762117,0.4118939744461894,-0.2940530127769053,-0.6470265063884526,-0.8235132531942263,0.08824337340288685,0.5441216867014435,0.7720608433507217,0.8860304216753608,-0.05698478916231958,0.4715076054188402,0.7357538027094201,-0.13212309864528993,-0.566061549322645,-0.7830307746613225,-0.8915153873306613,0.054242306334669366,0.5271211531673347,-0.23643942341633267,-0.6182197117081664,0.19089014414591682,-0.4045549279270416,0.2977225360364792,-0.3511387319817604,-0.6755693659908801,0.16221531700455993,-0.41889234149772003,0.29055382925114,-0.35472308537443,0.322638457312785,-0.3386807713436075,0.33065961432819624,0.6653298071640981,0.832664903582049,0.9163324517910245,0.9581662258955123,-0.02091688705224387,0.4895415564738781,-0.25522922176306095,-0.6276146108815305,0.18619269455923476,0.5930963472796174,0.7965481736398087,0.8982740868199044,-0.0508629565900478,0.4745685217049761,0.7372842608524881,-0.13135786957375595,-0.565678934786878,-0.782839467393439,-0.8914197336967196,0.05429013315164022,-0.4728549334241799,-0.7364274667120899,0.13178626664395504,-0.43410686667802245,0.2829465666609888,-0.35852671666950564,-0.6792633583347528,-0.8396316791673764,0.08018416041631182,-0.4599079197918441,0.27004604010407796,0.635023020052039,-0.18248848997398048,0.40875575501300976,-0.2956221224934951,-0.6478110612467476,-0.8239055306233738,-0.9119527653116869,-0.9559763826558434,0.022011808672078303,-0.48899409566396085,-0.7444970478319805,-0.8722485239159903,0.06387573804200486,-0.46806213097899757,0.2659689345105012,-0.3670155327447494,0.3164922336276253,-0.3417538831861874,0.3291230584069063,-0.3354384707965469,0.33228076460172656,0.6661403823008633,-0.16692980884956837,0.41653509557521584,0.7082675477876079,0.854133773893804,0.927066886946902,0.963533443473451,0.9817667217367255,0.9908833608683627,0.9954416804341814,0.9977208402170907,0.9988604201085454,-0.000569789945727317,-0.5002848949728637,0.24985755251356817,0.6249287762567841,-0.18753561187160794,0.40623219406419603,0.703116097032098,0.851558048516049,0.9257790242580245,0.9628895121290122,-0.018555243935493904,0.49072237803225305,-0.2546388109838735,0.37268059450806323,0.6863402972540316,0.8431701486270158,-0.07841492568649211,0.46079253715675395,-0.269603731421623,0.36519813428918846,-0.31740093285540577,0.34129953357229714,0.6706497667861486,0.8353248833930743,0.9176624416965371,-0.04116877915173145,0.4794156104241343,0.7397078052120671,0.8698539026060336,-0.06507304869698322,-0.5325365243484916,0.23373173782575418,0.6168658689128771,-0.19156706554356145,0.40421646722821925,-0.2978917663858904,-0.6489458831929452,-0.8244729415964727,0.08776352920176367,0.5438817646008818,0.7719408823004409,0.8859704411502205,0.9429852205751103,0.9714926102875552,0.9857463051437776,-0.007126847428111205,0.4964365762859444,0.7482182881429722,0.8741091440714861,0.937054572035743,0.9685272860178715,0.9842636430089358,0.9921318215044679,-0.003934089247766059,0.49803295537611697,0.7490164776880585,0.8745082388440293,0.9372541194220146,0.9686270597110074,0.9843135298555037,0.9921567649277518,0.9960783824638759,0.998039191231938,0.999019595615969,0.9995097978079845,0.9997548989039923,0.9998774494519962,0.9999387247259981,0.999969362362999,-1.5318818500476006e-05,0.49999234059074976,0.7499961702953749,0.8749980851476875,0.9374990425738438,-0.03125047871307812,-0.515625239356539,0.24218738032173048,0.6210936901608652,-0.18945315491956738,-0.5947265774597836,0.20263671127010818,0.6013183556350541,0.800659177817527,0.9003295889087635,0.9501647944543817,0.9750823972271909,-0.012458801386404539,0.49377059930679773,0.7468852996533989,-0.12655735017330055,0.4367213249133497,0.7183606624566748,-0.14081966877166258,0.42959016561416874,0.7147950828070844,0.8573975414035422,-0.07130122929822891,0.46434938535088555,0.7321746926754428,0.8660873463377214,0.9330436731688607,0.9665218365844304,-0.01673908170778482,-0.5083695408538924,0.2458152295730538,0.6229076147865269,0.8114538073932634,0.9057269036966318,0.9528634518483159,0.976431725924158,0.988215862962079,0.9941079314810395,0.9970539657405197,0.9985269828702599,0.9992634914351299,0.999631745717565,-0.00018412714121751605,0.49990793642939124,-0.2500460317853044,-0.6250230158926522,0.1874884920536739,0.593744246026837,-0.20312787698658152,0.39843606150670924,0.6992180307533546,0.8496090153766773,0.9248045076883387,0.9624022538441693,0.9812011269220846,-0.009399436538957695,-0.5046997182694788,0.2476501408652606,0.6238250704326302,0.8119125352163151,-0.09404373239184244,-0.5470218661959212,0.2264890669020394,-0.3867554665489803,0.30662226672550985,-0.3466888666372451,-0.6733444333186225,0.16332778334068876,0.5816638916703444,-0.2091680541648278,0.3954159729175861,-0.30229201354120694,-0.6511460067706034,-0.8255730033853017,0.08721349830734915,0.5436067491536746,0.7718033745768373,0.8859016872884187,0.9429508436442093,0.9714754218221047,0.9857377109110523,-0.007131144544473833,0.4964344277277631,0.7482172138638815,0.8741086069319408,-0.0629456965340296,0.4685271517329852,0.7342635758664926,-0.1328682120667537,0.43356589396662315,-0.2832170530166884,-0.6416085265083442,-0.8208042632541721,0.08959786837291395,0.544798934186457,0.7723994670932285,-0.11380026645338576,0.44309986677330715,0.7215499333866535,0.8607749666933268,0.9303874833466634,-0.03480625832666828,0.48259687083666586,0.741298435418333,-0.12935078229083352,0.43532460885458324,0.7176623044272916,-0.1411688477863542,0.4294155761068229,-0.28529221194658855,-0.6426461059732943,-0.8213230529866471,0.08933847350667645,-0.4553307632466618,-0.7276653816233309,0.13616730918833453,0.5680836545941672,0.7840418272970836,-0.1079790863514582,-0.5539895431757291,0.22300522841213544,-0.3884973857939323,0.3057513071030339,-0.34712434644848306,0.3264378267757585,0.6632189133878792,-0.1683905433060604,0.4158047283469698,0.707902364173485,-0.14604881791325752,0.42697559104337124,-0.2865122044783144,0.3567438977608428,-0.3216280511195786,0.3391859744402107,0.6695929872201054,0.8347964936100527,0.9173982468050264,0.9586991234025132,0.9793495617012566,-0.010325219149371678,-0.5051626095746858,-0.7525813047873429,-0.8762906523936714,0.061854673803164284,-0.4690726630984179,0.26546366845079106,0.6327318342253956,-0.1836340828873022,0.4081829585563489,0.7040914792781745,-0.14795426036091275,0.4260228698195436,0.7130114349097718,-0.1434942825451141,0.42825285872744295,-0.2858735706362785,-0.6429367853181392,-0.8214683926590696,0.08926580367046522,0.5446329018352326,-0.2276835490823837,0.3861582254588082,0.693079112729404,-0.15346044363529798,-0.576730221817649,0.2116348890911755,0.6058174445455877,0.8029087222727939,-0.09854563886360307,0.4507271805681985,-0.27463640971590075,0.3626817951420496,-0.3186591024289752,-0.6593295512144877,0.17033522439275617,-0.4148323878036219,0.292583806098189,-0.3537080969509055,0.3231459515245473,-0.33842702423772636,0.33078648788113685,0.6653932439405684,-0.1673033780297158,-0.5836516890148579,0.20817415549257107,-0.39591292225371444,0.3020435388731428,-0.3489782305634286,0.3255108847182857,-0.33724455764085715,0.3313777211795714,-0.3343111394102143,0.33284443029489286,-0.33357778485255357,-0.6667888924262768,-0.8333944462131384,-0.9166972231065692,-0.9583486115532847,-0.9791743057766423,-0.9895871528883211,0.005206423555839446,-0.4973967882220803,0.2513016058889599,-0.37434919705552006,-0.68717459852776,0.15641270073612001,-0.42179364963194,0.28910317518403,0.644551587592015,-0.17772420620399249,0.41113789689800373,0.7055689484490019,-0.14721552577549907,0.4263922371122505,-0.28680388144387475,-0.6434019407219373,0.17829902963903133,-0.41085048518048434,-0.7054252425902422,0.1472873787048789,0.5736436893524395,-0.21317815532378026,0.39341092233810987,-0.30329453883094504,-0.6516472694154725,0.17417636529226377,-0.4129118173538681,-0.7064559086769341,0.14677204566153296,-0.42661397716923355,-0.7133069885846168,-0.8566534942923084,0.07167325285384579,-0.46416337357307713,0.26791831321346143,0.6339591566067307,-0.18302042169663463,-0.5915102108483173,-0.7957551054241587,-0.8978775527120794,0.05106122364396032,-0.47446938817801987,-0.73723469408901,0.131382652955495,-0.4343086735222525,0.2828456632388737,0.6414228316194368,0.8207114158097184,-0.0896442920951408,0.4551778539524296,0.7275889269762148,-0.1362055365118926,0.4318972317440537,-0.28405138412797315,0.3579743079360134,0.6789871539680067,-0.16050642301599666,0.41974678849200164,0.7098733942460008,-0.1450633028769996,-0.5725316514384998,0.2137341742807501,-0.39313291285962493,-0.6965664564298124,-0.8482832282149062,-0.9241416141074531,0.03792919294627345,0.5189645964731368,0.7594822982365683,-0.12025885088171584,0.4398705745591421,-0.280064712720429,0.3599676436397855,-0.32001617818010725,0.3399919109099464,0.6699959554549733,-0.16500202227251337,0.4174989888637433,-0.29125050556812837,0.3543747472159358,0.6771873736079679,0.8385936868039839,-0.08070315659800803,-0.540351578299004,-0.770175789149502,-0.885087894574751,-0.9425439472873756,-0.9712719736436878,0.01436401317815611,0.5071820065890781,-0.24640899670546096,-0.6232044983527305,0.18839775082363475,0.5941988754118174,-0.2029005622940913,-0.6014502811470457,0.19927485942647716,0.5996374297132385,0.7998187148566193,-0.10009064257169037,0.44995467871415484,0.7249773393570774,-0.1375113303214613,-0.5687556651607306,0.2156221674196347,0.6078110837098174,0.8039055418549087,0.9019527709274544,0.9509763854637272,0.9754881927318636,0.9877440963659319,0.9938720481829659,0.996936024091483,0.9984680120457414,0.9992340060228707,0.9996170030114353,-0.00019149849428234944,0.4999042507528588,0.7499521253764294,0.8749760626882147,0.9374880313441074,0.9687440156720537,0.9843720078360269,0.9921860039180135,0.9960930019590067,-0.0019534990204966296,0.4990232504897517,0.7495116252448759,0.874755812622438,0.937377906311219,0.9686889531556095,0.9843444765778048,-0.007827761711097614,0.4960861191444512,-0.2519569404277744,0.3740215297861128,0.6870107648930563,-0.15649461755347183,-0.5782473087767359,-0.789123654388368,-0.894561827194184,0.05271908640290801,0.5263595432014541,0.763179771600727,-0.11841011419963648,0.44079494290018173,0.7203974714500909,0.8601987357250455,0.9300993678625227,0.9650496839312613,0.9825248419656307,0.9912624209828154,0.9956312104914077,0.9978156052457039,-0.001092197377148052,0.499453901311426,-0.250273049344287,0.37486347532785647,-0.31256826233607177,0.34371586883196414,0.6718579344159821,-0.16407103279200896,0.4179644836039955,0.7089822418019978,0.8544911209009989,0.9272455604504994,0.9636227802252497,0.9818113901126249,-0.00909430494368757,0.4954528475281562,-0.2522735762359219,0.3738632118820391,0.6869316059410195,0.8434658029705098,0.9217329014852549,0.9608664507426274,0.9804332253713137,-0.00978338731434314,0.49510830634282843,-0.2524458468285858,0.37377707658570714,0.6868885382928536,0.8434442691464268,0.9217221345732134,-0.039138932713393304,0.48043053364330335,-0.2597847331783483,0.37010763341082586,0.685053816705413,0.8425269083527065,-0.07873654582364675,0.4606317270881766,0.7303158635440883,0.8651579317720441,0.9325789658860221,0.9662894829430111,0.9831447414715055,0.9915723707357528,0.9957861853678764,0.9978930926839382,0.9989465463419691,0.9994732731709846,-0.0002633634145077224,0.49986831829274614,0.7499341591463731,-0.12503292042681347,0.43748353978659327,-0.28125823010670337,0.3593708849466483,0.6796854424733242,-0.1601572787633379,0.4199213606183311,0.7099606803091656,-0.1450196598454172,-0.5725098299227086,-0.7862549149613542,-0.8931274574806771,-0.9465637287403386,0.02671813562983072,0.5133590678149154,-0.24332046609254232,0.37833976695372884,0.6891698834768645,0.8445849417384322,-0.07770752913078388,0.4611462354346081,-0.26942688228269596,0.365286558858652,0.682643279429326,-0.158678360285337,-0.5793391801426685,0.21033040992866575,-0.3948347950356671,0.30258260248216645,-0.34870869875891675,-0.6743543493794584,-0.8371771746897292,-0.9185885873448646,0.0407057063275677,0.5203528531637839,0.760176426581892,-0.119911786709054,0.440044106645473,0.7200220533227365,-0.13998897333863175,-0.5699944866693158,0.21500275666534208,0.607501378332671,0.8037506891663355,0.9018753445831678,0.9509376722915839,0.9754688361457919,-0.01226558192710403,-0.506132790963552,-0.753066395481776,-0.876533197740888,-0.938266598870444,0.030866700564778027,-0.484566649717611,0.2577166751411945,0.6288583375705973,0.8144291687852987,-0.09278541560735065,0.4536072921963247,-0.27319635390183766,0.3634018230490812,0.6817009115245406,-0.1591495442377297,0.4204252278811351,-0.28978738605943244,-0.6448936930297162,0.1775531534851419,0.588776576742571,0.7943882883712855,-0.10280585581435725,0.4485970720928214,-0.2757014639535893,0.36214926802320535,-0.3189253659883973,-0.6594626829941986,0.17026865850290068,0.5851343292514504,0.7925671646257252,0.8962835823128625,-0.05185820884356873,0.47407089557821563,0.7370354477891078,-0.1314822761054461,0.4342588619472769,-0.28287056902636154,0.35856471548681923,-0.3207176422565904,0.3396411788717048,0.6698205894358524,-0.16508970528207378,-0.5825448526410368,0.20872757367948158,-0.3956362131602592,-0.6978181065801297,0.15109094670993517,0.5755454733549676,0.7877727366774838,-0.10611363166125809,-0.553056815830629,0.22347159208468548,0.6117357960423427,-0.19413210197882863,0.40293394901058566,0.7014669745052928,0.8507334872526464,-0.07463325637367679,0.4626833718131616,0.7313416859065808,0.8656708429532904,classic
