2_135767957_135793678,0.5,0.75,0.875,0.9375,0.96875,0.984375,0.9921875,0.99609375,0.998046875,0.9990234375,-0.00048828125,0.499755859375,-0.2501220703125,-0.62506103515625,0.187469482421875,0.5937347412109375,0.7968673706054688,0.8984336853027344,0.9492168426513672,-0.025391578674316406,0.4873042106628418,-0.2563478946685791,0.37182605266571045,-0.3140869736671448,0.3429565131664276,0.6714782565832138,0.8357391282916069,0.9178695641458035,0.9589347820729017,0.9794673910364509,-0.010266304481774569,0.4948668477591127,0.7474334238795564,0.8737167119397782,-0.06314164403011091,0.46842917798494454,0.7342145889924723,0.8671072944962361,0.9335536472481181,0.966776823624059,-0.016611588187970483,-0.5083057940939852,-0.7541528970469926,0.12292355147650369,-0.43853822426174816,-0.7192691121308741,-0.859634556065437,-0.9298172780327185,-0.9649086390163593,0.01754568049182037,-0.4912271597540898,-0.7456135798770449,0.12719321006147755,0.5635966050307388,0.7817983025153694,0.8908991512576847,0.9454495756288424,-0.027275212185578823,-0.5136376060927894,0.2431811969536053,-0.37840940152319735,0.3107952992384013,-0.34460235038079934,-0.6723011751903997,0.16384941240480017,0.5819247062024001,0.7909623531012,-0.1045188234494,0.4477405882753,0.72387029413765,-0.138064852931175,0.4309675735344125,-0.28451621323279375,-0.6422581066163968,0.1788709466918016,-0.4105645266540992,-0.7052822633270496,0.1473588683364752,0.5736794341682376,0.7868397170841188,0.8934198585420594,0.9467099292710297,0.9733549646355149,0.9866774823177574,-0.006661258841121287,0.4966693705794394,-0.2516653147102803,-0.6258326573551402,0.18708367132242992,0.593541835661215,0.7967709178306075,-0.10161454108469625,-0.5508072705423481,0.22459636472882594,0.6122981823644129,0.8061490911822065,-0.09692545440889677,-0.5484627272044484,0.22576863639777578,-0.3871156818011121,0.30644215909944394,-0.346778920450278,0.326610539774861,0.6633052698874304,0.8316526349437152,-0.08417368252814239,0.4579131587359288,0.7289565793679644,-0.13552171031601778,0.4322391448419911,-0.28388042757900445,-0.6419402137895023,0.17902989310524886,-0.41048505344737557,-0.7052425267236878,-0.852621263361844,0.07368936831907802,0.536844684159539,0.7684223420797696,0.8842111710398848,0.9421055855199424,0.9710527927599713,0.9855263963799856,-0.007236801810007187,-0.5036184009050035,-0.7518092004525018,-0.8759046002262509,-0.9379523001131255,0.031023849943437265,0.5155119249717186,0.7577559624858593,0.8788779812429297,0.9394389906214649,0.9697194953107324,-0.015140252344633787,-0.5075701261723169,0.24621493691384155,-0.3768925315430792,-0.6884462657715396,-0.8442231328857698,-0.922111566442885,-0.9610557832214425,-0.9805278916107212,-0.9902639458053606,-0.9951319729026803,0.0024340135486598524,0.5012170067743299,0.750608503387165,-0.1246957483064175,0.43765212584679125,0.7188260629233956,0.8594130314616978,-0.07029348426915111,-0.5351467421345756,0.2324266289327122,-0.3837866855336439,-0.6918933427668219,-0.845946671383411,-0.9229733356917055,-0.9614866678458527,-0.9807433339229263,-0.9903716669614632,-0.9951858334807315,0.002407083259634235,0.5012035416298171,0.7506017708149085,0.8753008854074542,0.9376504427037271,0.9688252213518636,0.9844126106759318,0.9922063053379659,-0.003896847331017028,-0.5019484236655085,-0.7509742118327543,-0.8754871059163771,-0.9377435529581886,-0.9688717764790943,-0.9844358882395472,-0.9922179441197736,-0.9961089720598868,-0.9980544860299434,-0.9990272430149717,-0.9995136215074858,-0.9997568107537429,-0.9998784053768714,-0.9999392026884357,3.039865578213785e-05,0.5000151993278911,0.7500075996639455,0.8750037998319727,0.9375018999159863,-0.031249050042006843,0.4843754749789966,0.7421877374894983,0.8710938687447491,0.9355469343723746,0.9677734671861873,0.9838867335930936,0.9919433667965468,-0.004028316601726589,0.49798584169913673,-0.25100707915043163,-0.6255035395752158,-0.8127517697876079,-0.9063758848938039,-0.953187942446902,-0.976593971223451,-0.9882969856117255,-0.9941484928058628,0.002925753597068592,0.5014628767985343,-0.24926856160073285,0.3753657191996336,0.6876828595998168,0.8438414297999084,0.9219207148999542,0.9609603574499771,-0.01951982127501145,-0.5097599106375057,-0.7548799553187528,-0.8774399776593764,-0.9387199888296882,-0.9693599944148441,0.015320002792577947,-0.492339998603711,-0.7461699993018556,-0.8730849996509278,0.06345750017453611,0.531728750087268,0.765864375043634,0.882932187521817,0.9414660937609085,0.9707330468804543,0.9853665234402271,0.9926832617201136,0.9963416308600568,-0.0018291845699716092,0.4990854077150142,-0.2504572961424929,0.37477135192875355,-0.3126143240356232,0.3436928379821884,0.6718464189910942,0.8359232094955471,0.9179616047477736,0.9589808023738868,-0.020509598813056584,-0.5102547994065283,0.24487260029673585,0.6224363001483679,0.811218150074184,0.905609075037092,0.952804537518546,-0.023597731240727005,0.4882011343796365,-0.25589943281018174,0.3720502835949091,0.6860251417974546,0.8430125708987273,0.9215062854493636,-0.03924685727531818,0.4803765713623409,-0.25981171431882955,0.3700941428405852,0.6850470714202926,-0.15747646428985368,-0.5787382321449268,-0.7893691160724634,0.1053154419637683,0.5526577209818841,0.7763288604909421,0.888164430245471,0.9440822151227355,0.9720411075613677,0.9860205537806839,-0.006989723109658064,-0.503494861554829,0.24825256922258548,0.6241262846112927,-0.18793685769435364,-0.5939684288471768,-0.7969842144235884,-0.8984921072117942,-0.9492460536058971,-0.9746230268029485,-0.9873115134014743,-0.9936557567007371,0.003172121649631432,-0.4984139391751843,0.25079303041240786,-0.37460348479379607,0.312698257603102,-0.343650871198449,0.3281745644007755,0.6640872822003878,0.8320436411001939,-0.08397817944990305,0.4580109102750485,0.7290054551375242,-0.13549727243123788,0.43225136378438106,0.7161256818921905,0.8580628409460953,0.9290314204730477,-0.03548428976347617,0.4822578551182619,-0.25887107244086904,0.3705644637795655,0.6852822318897828,0.8426411159448914,-0.07867944202755428,-0.5393397210137771,0.23033013949311143,0.6151650697465557,-0.19241746512672214,-0.596208732563361,0.20189563371831948,-0.39905218314084023,-0.6995260915704201,-0.8497630457852101,0.07511847710739494,-0.46244076144630253,0.26877961927684874,-0.3656101903615756,0.3171949048192122,-0.3414025475903939,-0.670701273795197,-0.8353506368975985,-0.9176753184487992,-0.9588376592243997,0.020581170387800163,0.5102905851939001,-0.24485470740304993,0.37757264629847503,0.6887863231492375,-0.15560683842538126,0.4221965807873094,-0.2889017096063453,0.35554914519682734,0.6777745725984137,0.8388872862992068,0.9194436431496034,0.9597218215748017,-0.02013908921259916,0.4899304553937004,-0.2550347723031498,0.37248261384842507,-0.31375869307578746,0.3431206534621063,0.6715603267310531,-0.16421983663447343,0.4178900816827633,-0.29105495915861834,0.35447252042069083,0.6772362602103454,0.8386181301051727,0.9193090650525864,-0.04034546747370682,0.4798272662631466,-0.2600863668684267,0.36995681656578666,0.6849784082828934,-0.15751079585855332,-0.5787553979292767,-0.7893776989646384,0.10531115051768081,0.5526555752588405,-0.22367221237057977,-0.6118361061852899,0.19408194690735503,0.5970409734536775,0.7985204867268387,-0.10073975663658064,0.4496301216817097,-0.27518493915914516,-0.6375924695795726,0.1812037652102137,0.5906018826051068,0.7953009413025534,0.8976504706512767,0.9488252353256383,0.9744126176628192,0.9872063088314096,0.9936031544157048,-0.003198422792147604,0.4984007886039262,-0.2507996056980369,0.3746001971509816,-0.3126999014245092,0.3436500492877454,0.6718250246438727,0.8359125123219364,-0.08204374383903179,0.4589781280804841,0.729489064040242,-0.13525546797987897,0.4323722660100605,-0.28381386699496974,-0.6419069334974848,0.17904653325125758,0.5895232666256288,0.7947616333128145,-0.10261918334359277,0.4486904083282036,-0.2756547958358982,0.36217260208205093,0.6810863010410255,-0.15945684947948724,-0.5797284247397436,-0.7898642123698718,-0.8949321061849359,0.05253394690753205,0.526266973453766,0.7631334867268831,0.8815667433634415,0.9407833716817208,0.9703916858408603,-0.014804157079569835,0.4925979214602151,-0.25370103926989246,-0.6268505196349462,0.1865747401825269,0.5932873700912634,-0.2033563149543683,-0.6016781574771841,0.19916092126140794,0.599580460630704,0.799790230315352,0.899895115157676,0.949947557578838,-0.025026221210581012,-0.5125131106052905,0.24374344469735476,0.6218717223486774,-0.1890641388256613,0.40546793058716935,0.7027339652935847,-0.14863301735320766,0.42568349132339617,0.7128417456616981,0.8564208728308491,-0.07178956358457544,-0.5358947817922877,-0.7679473908961438,0.11602630455192808,0.558013152275964,0.7790065761379821,0.889503288068991,0.9447516440344955,0.9723758220172478,-0.013812088991376092,0.49309395550431195,-0.25345302224784405,0.373273488876078,0.686636744438039,0.8433183722190195,0.9216591861095098,0.9608295930547549,-0.019585203472622548,-0.5097926017363112,-0.7548963008681556,-0.8774481504340779,-0.9387240752170389,0.030637962391480533,0.5153189811957403,0.7576594905978702,0.8788297452989351,0.9394148726494675,-0.030292563675266226,-0.5151462818376331,-0.7575731409188166,-0.8787865704594082,0.06060671477029589,-0.46969664261485206,0.26515167869257394,0.632575839346287,-0.1837120803268565,0.40814395983657176,0.7040719799182859,0.852035989959143,0.9260179949795715,0.9630089974897857,0.9815044987448929,-0.009247750627553564,-0.5046238753137768,0.24768806234311158,-0.3761559688284442,-0.6880779844142221,0.15596100779288896,-0.4220194961035555,-0.7110097480517777,-0.8555048740258888,-0.9277524370129444,-0.9638762185064722,-0.9819381092532361,-0.9909690546266181,-0.995484527313309,-0.9977422636566545,0.0011288681716727367,0.5005644340858364,0.7502822170429182,0.8751411085214591,0.9375705542607295,-0.031214722869635225,-0.5156073614348176,-0.7578036807174088,-0.8789018403587043,0.06054907982064783,-0.4697254600896761,-0.734862730044838,-0.867431365022419,-0.9337156825112095,-0.9668578412556048,-0.9834289206278024,-0.9917144603139012,-0.9958572301569506,0.0020713849215246993,-0.49896430753923765,0.2505178462303812,0.6252589231151906,-0.1873705384424047,0.40631473077879765,0.7031573653893988,0.8515786826946994,0.9257893413473497,-0.037105329326325154,-0.5185526646631626,0.24072366766841868,-0.37963816616579066,-0.6898190830828953,0.15509045845855235,-0.4224547707707238,0.2887726146146381,-0.35561369269268095,0.3221931536536595,0.6610965768268298,0.8305482884134149,0.9152741442067074,-0.04236292789664631,0.47881853605167685,0.7394092680258384,0.8697046340129192,-0.0651476829935404,-0.5325738414967702,-0.7662869207483851,0.11685653962580744,0.5584282698129037,0.7792141349064519,0.8896070674532259,0.944803533726613,0.9724017668633065,0.9862008834316532,-0.006899558284173379,0.49655022085791334,-0.25172488957104333,-0.6258624447855217,0.18706877760723917,0.5935343888036195,-0.20323280559819024,-0.6016164027990951,-0.8008082013995476,-0.9004041006997738,0.04979794965011308,0.5248989748250565,0.7624494874125283,0.8812247437062641,-0.05938762814686793,0.47030618592656603,-0.264846907036717,-0.6324234535183585,0.18378827324082075,0.5918941366204103,0.7959470683102052,-0.10202646584489738,-0.5510132329224486,0.22449338353877568,-0.38775330823061216,0.3061233458846939,0.653061672942347,0.8265308364711734,0.9132654182355867,-0.043367290882206644,0.47831635455889665,0.7391581772794483,-0.13042091136027584,-0.565210455680138,-0.782605227840069,-0.8913026139200345,-0.9456513069600172,-0.9728256534800086,-0.9864128267400043,-0.9932064133700022,-0.996603206685001,0.0016983966574994902,0.5008491983287497,0.7504245991643749,0.8752122995821874,0.9376061497910937,-0.031196925104453155,0.4844015374477734,-0.25779923127611326,0.37110038436194337,-0.3144498078190283,0.34277509609048584,-0.3286124519547571,0.33569377402262146,-0.33215311298868927,0.3339234435056554,0.6669617217528276,0.8334808608764138,-0.08325956956179309,-0.5416297847808965,0.22918510760955174,-0.38540744619522416,0.3072962769023879,0.653648138451194,0.826824069225597,-0.08658796538720148,0.45670601730639926,-0.27164699134680037,-0.6358234956734001,-0.8179117478367001,0.09104412608164997,0.545522063040825,0.7727610315204125,0.8863805157602063,0.9431902578801031,0.9715951289400515,0.9857975644700258,0.9928987822350128,-0.003550608882493589,0.4982246955587532,-0.25088765222062337,0.3745561738896883,-0.31272191305515584,0.3436390434724221,-0.32818047826378893,-0.6640902391318945,-0.8320451195659473,-0.9160225597829736,0.04198872010851318,0.5209943600542566,-0.2395028199728717,-0.6197514099864359,-0.8098757049932179,0.09506214750339104,0.5475310737516955,-0.22623446312415224,0.3868827684379239,-0.30655861578103805,-0.653279307890519,0.1733603460547405,0.5866801730273703,0.7933400865136851,0.8966700432568426,0.9483350216284213,0.9741675108142107,0.9870837554071054,0.9935418777035527,-0.003229061148223633,0.4983854694258882,0.7491927347129441,0.8745963673564721,-0.06270181632176397,-0.531350908160882,0.23432454591955898,-0.3828377270402205,-0.6914188635201103,-0.8457094317600551,0.07714528411997246,-0.46142735794001377,0.2692863210299931,0.6346431605149966,-0.1826784197425017,-0.5913392098712509,-0.7956696049356254,0.10216519753218728,0.5510825987660937,0.7755412993830468,-0.11222935030847658,-0.5561146751542383,-0.7780573375771191,-0.8890286687885596,0.055485665605720214,0.5277428328028602,-0.23612858359856992,0.38193570820071504,-0.30903214589964245,0.3454839270501788,-0.3272580364749106,0.3363709817625447,-0.3318145091187277,0.33409274544063616,0.6670463727203181,0.8335231863601591,-0.08323840681992045,-0.5416192034099603,0.22919039829501986,0.6145951991475099,0.807297599573755,-0.09635120021312249,0.45182439989343876,0.7259121999467194,-0.1370439000266403,0.4314780499866798,-0.2842609750066601,0.35786951249667,-0.321065243751665,-0.6605326218758325,-0.8302663109379163,-0.9151331554689581,0.04243342226552094,-0.47878328886723953,0.26060835556638023,0.6303041777831901,0.8151520888915951,0.9075760444457975,0.9537880222228987,-0.023105988888550644,-0.5115529944442754,0.2442235027778623,0.6221117513889312,0.8110558756944656,0.9055279378472327,-0.04723603107638363,-0.5236180155381918,-0.7618090077690959,-0.880904503884548,-0.940452251942274,0.029773874028863,0.5148869370144316,-0.24255653149278422,-0.6212782657463921,0.18936086712680394,-0.40531956643659806,-0.702659783218299,0.1486701083908505,-0.42566494580457476,0.28716752709771265,-0.3564162364511437,-0.6782081182255718,0.1608959408872141,-0.4195520295563929,-0.7097760147781964,-0.8548880073890982,0.0725559963054509,-0.4637220018472745,-0.7318610009236373,0.13406949953818137,-0.4329652502309093,0.2835173748845453,0.6417586874422727,0.8208793437211364,0.9104396718605682,-0.04478016406971591,0.4776099179651421,0.738804958982571,-0.13059752050871448,0.4347012397456428,-0.2826493801271786,0.3586753099364107,0.6793376549682053,0.8396688274841027,0.9198344137420513,0.9599172068710257,-0.02004139656448717,-0.5100206982822436,0.2449896508588782,-0.3775051745705609,0.31124741271471956,-0.3443762936426402,0.3278118531786799,-0.33609407341066005,-0.66804703670533,0.16597648164733497,-0.4170117591763325,0.29149412041183376,-0.3542529397940831,-0.6771264698970416,-0.8385632349485208,-0.9192816174742604,0.0403591912628698,0.5201795956314349,-0.23991020218428255,-0.6199551010921412,0.19002244945392938,0.5950112247269647,0.7975056123634823,-0.10124719381825886,0.44937640309087057,-0.2753117984545647,-0.6376558992272824,-0.8188279496136412,-0.9094139748068206,0.04529301259658969,0.5226465062982948,0.7613232531491474,-0.1193383734254263,-0.5596691867127132,0.22016540664364342,-0.3899172966781783,0.30504135166091084,-0.3474793241695446,0.3262603379152277,0.6631301689576139,0.831565084478807,-0.08421745776059653,-0.5421087288802983,-0.7710543644401491,0.11447281777992546,-0.44276359111003727,-0.7213817955550186,-0.8606908977775093,0.06965455111124536,0.5348272755556227,0.7674136377778114,-0.11629318111109432,0.44185340944445284,-0.2790732952777736,0.3604633523611132,-0.3197683238194434,0.3401158380902783,0.6700579190451391,0.8350289595225695,0.9175144797612848,-0.041242760119357624,0.47937861994032116,0.7396893099701606,0.8698446549850802,0.9349223274925401,0.96746116374627,-0.016269418126865,-0.5081347090634325,0.24593264546828375,0.6229663227341419,-0.18851683863292906,0.4057415806835355,0.7028707903417677,-0.14856460482911615,-0.574282302414558,-0.787141151207279,-0.8935705756036395,0.05321471219818025,-0.47339264390090985,-0.736696321950455,0.1316518390247725,-0.43417408048761374,0.2829129597561931,-0.35854352012190344,0.3207282399390483,0.6603641199695242,-0.16981794001523792,-0.584908970007619,-0.7924544850038096,0.10377275749809522,-0.4481136212509524,-0.7240568106254762,-0.862028405312738,0.06898579734363097,0.5344928986718155,-0.23275355066409226,0.38362322466795384,-0.3081883876660231,0.34590580616698846,-0.3270470969165058,0.3364764515417471,-0.33176177422912645,0.3341191128854368,0.6670595564427184,-0.1664702217786408,-0.5832351108893203,-0.7916175554446602,-0.89580877772233,0.052095611138834985,0.5260478055694175,0.7630239027847088,-0.11848804860764561,0.4407559756961772,0.7203779878480886,0.8601889939240444,0.9300944969620222,0.9650472484810111,-0.017476375759494456,0.49126181212025277,-0.2543690939398736,0.3728154530300632,-0.31359227348496843,0.3432038632575158,0.6716019316287579,-0.16419903418562104,0.4179004829071895,0.7089502414535948,0.8544751207267973,-0.07276243963660134,0.46361878018169933,-0.26819060990915033,0.36590469504542483,0.6829523475227124,-0.1585238262386438,0.4207380868806781,-0.289630956559661,-0.6448154782798305,0.17759226086008473,0.5887961304300424,0.7943980652150212,-0.1028009673924894,0.4485995163037553,0.7242997581518776,0.8621498790759388,0.9310749395379694,0.9655374697689847,0.9827687348844923,0.9913843674422462,0.9956921837211231,-0.002153908139438443,0.4989230459302808,0.7494615229651405,0.8747307614825702,-0.06263461925871489,-0.5313173096293574,0.2343413451853213,0.6171706725926607,0.8085853362963303,-0.09570733185183483,0.45214633407408256,0.7260731670370413,0.8630365835185206,0.9315182917592604,0.9657591458796302,0.9828795729398151,-0.008560213530092453,0.4957198932349538,0.7478599466174769,0.8739299733087385,-0.06303501334563077,0.4684824933271846,0.7342412466635924,0.8671206233317962,-0.06643968833410191,0.4667801558329491,-0.26660992208352546,0.3666950389582373,-0.31665248052088135,0.3416737597395593,-0.3291631201302203,0.33541843993488984,-0.3322907800325551,-0.6661453900162775,-0.8330726950081387,0.08346365249593063,0.5417318262479653,0.7708659131239827,0.8854329565619914,0.9427164782809957,-0.028641760859502152,0.4856791195702489,0.7428395597851245,0.8714197798925623,0.9357098899462811,0.9678549449731406,0.9839274724865703,-0.008036263756714845,0.4959818681216426,-0.2520090659391787,0.37399546703041064,0.6869977335152053,-0.15650113324239734,0.42174943337880133,0.7108747166894007,0.8554373583447004,0.9277186791723502,-0.03614066041382491,-0.5180703302069125,0.24096483489654374,0.6204824174482719,-0.18975879127586404,-0.594879395637932,0.202560302181034,-0.398719848909483,-0.6993599244547415,-0.8496799622273707,-0.9248399811136854,0.037580009443157314,0.5187900047215787,-0.24060499763921067,-0.6203024988196053,0.18984875059019735,-0.4050756247049013,0.29746218764754934,0.6487310938237747,0.8243655469118873,-0.08781722654405633,0.45609138672797184,0.728045693363986,0.864022846681993,0.9320114233409965,0.9660057116704983,0.9830028558352492,-0.008498572082375422,-0.5042492860411877,-0.7521246430205939,0.12393767848970305,0.5619688392448515,0.7809844196224258,-0.10950779018878709,-0.5547538950943935,-0.7773769475471968,0.11131152622640161,0.5556557631132009,0.7778278815566004,-0.11108605922169978,-0.5555430296108499,-0.777771514805425,-0.8888857574027125,-0.9444428787013562,-0.9722214393506781,0.013889280324660969,-0.4930553598376695,-0.7465276799188347,0.12673616004058263,0.5633680800202914,-0.2183159599898543,-0.6091579799949272,-0.8045789899974636,0.09771050500126821,-0.4511447474993659,-0.725572373749683,-0.8627861868748414,0.06860690656257928,0.5343034532812896,-0.2328482733593552,0.3835758633203224,0.6917879316601612,-0.15410603416991941,0.4229469829150403,0.7114734914575201,0.8557367457287601,-0.07213162713561994,-0.53606581356781,-0.768032906783905,0.1159835466080475,0.5579917733040237,-0.22100411334798814,-0.610502056673994,-0.805251028336997,0.09737448583150149,0.5486872429157508,-0.2256563785421246,0.3871718107289377,-0.30641409463553115,0.3467929526822344,0.6733964763411172,-0.1633017618294414,0.4183491190852793,-0.29082544045736036,0.3545872797713198,-0.32270636011434006,-0.66135318005717,-0.8306765900285851,-0.9153382950142925,0.04233085249285373,-0.47883457375357313,0.26058271312321346,0.6302913565616067,-0.18485432171919663,0.40757283914040165,-0.2962135804297992,0.3518932097851004,-0.3240533951074498,0.3379733024462751,-0.33101334877686245,-0.6655066743884313,-0.8327533371942156,-0.9163766685971078,0.04181166570144612,0.520905832850723,-0.2395470835746385,-0.6197735417873192,-0.8098867708936597,0.09505661455317016,0.5475283072765851,-0.22623584636170746,-0.6131179231808537,0.19344103840957316,0.5967205192047866,0.7983602596023933,-0.10081987019880334,-0.5504099350994016,-0.7752049675497008,-0.8876024837748504,-0.9438012418874252,0.0280993790562874,0.5140496895281437,0.7570248447640718,-0.12148757761796408,-0.560743788808982,-0.7803718944044911,-0.8901859472022455,-0.9450929736011228,-0.9725464868005613,0.013726756599719336,0.5068633782998597,0.7534316891499299,0.876715844574965,0.9383579222874825,-0.030821038856258753,-0.5154105194281293,-0.7577052597140647,-0.8788526298570323,-0.9394263149285161,0.03028684253574193,0.5151434212678709,-0.24242828936606453,-0.6212141446830323,-0.8106070723415162,0.0946964638292419,-0.45265176808537905,-0.7263258840426895,-0.8631629420213447,0.06841852898932765,-0.4657907355053362,-0.7328953677526681,-0.866447683876334,-0.933223841938167,-0.9666119209690835,-0.9833059604845418,-0.9916529802422709,-0.9958264901211354,-0.9979132450605677,-0.9989566225302838,0.0005216887348580834,0.500260844367429,0.7501304221837145,0.8750652110918573,-0.062467394454071345,-0.5312336972270357,-0.7656168486135179,0.11719157569324107,0.5585957878466206,0.7792978939233103,-0.11035105303834486,-0.5551755265191725,-0.7775877632595862,-0.8887938816297931,-0.9443969408148966,-0.9721984704074482,-0.9860992352037241,0.006950382398137944,0.5034751911990689,-0.24826240440046554,0.37586879779976723,-0.3120656011001164,-0.6560328005500582,-0.8280164002750291,-0.9140082001375145,-0.9570041000687572,-0.9785020500343786,0.010748974982810688,-0.49462551250859466,0.25268724374570267,0.6263436218728513,-0.18682818906357435,-0.5934140945317872,0.2032929527341064,0.6016464763670533,0.8008232381835266,0.9004116190917633,-0.04979419045411837,-0.5248970952270592,0.2375514523864704,-0.3812242738067648,-0.6906121369033824,-0.8453060684516912,-0.9226530342258457,-0.9613265171129228,-0.9806632585564614,-0.9903316292782307,-0.9951658146391154,0.002417092680442323,0.5012085463402212,-0.24939572682988942,0.3753021365850553,-0.31234893170747235,-0.6561744658537362,-0.828087232926868,0.08595638353656598,0.542978191768283,0.7714890958841415,-0.11425545205792925,0.44287227397103535,-0.2785638630144823,0.36071806849275884,-0.31964096575362055,-0.6598204828768103,-0.8299102414384052,0.0850448792807974,0.5425224396403987,-0.22873878017980065,-0.6143693900899003,-0.8071846950449502,-0.9035923475224751,-0.9517961737612375,-0.9758980868806187,-0.9879490434403093,-0.9939745217201547,-0.9969872608600774,-0.9984936304300387,-0.9992468152150193,-0.9996234076075097,-0.9998117038037548,9.414809812258174e-05,-0.4999529259509387,-0.7499764629754694,0.1250117685122653,0.5625058842561327,-0.21874705787193366,-0.6093735289359669,-0.8046867644679834,0.09765661776600831,-0.45117169111699584,-0.7255858455584979,-0.862792922779249,0.06860353861037549,-0.46569823069481225,-0.7328491153474062,0.13357544232629692,0.5667877211631485,-0.21660613941842577,-0.6083030697092129,-0.8041515348546064,-0.9020757674273032,0.04896211628634839,0.5244810581431743,-0.23775947092841287,-0.6188797354642064,0.1905601322678968,-0.4047199338660516,-0.7023599669330258,0.1488200165334871,-0.42558999173325646,-0.7127949958666282,0.1436025020666859,-0.42819874896665705,-0.7140993744833285,-0.8570496872416642,-0.9285248436208321,-0.9642624218104161,-0.982131210905208,-0.991065605452604,0.004467197273697987,-0.497766401363151,-0.7488832006815755,-0.8744416003407878,-0.9372208001703939,-0.9686104000851969,-0.9843052000425985,-0.9921526000212992,-0.9960763000106496,-0.9980381500053248,-0.9990190750026624,-0.9995095375013312,-0.9997547687506656,-0.9998773843753328,-0.9999386921876664,3.065390616679986e-05,0.5000153269530834,-0.24999233652345831,-0.6249961682617291,0.18750191586913545,0.5937509579345677,0.7968754789672838,-0.10156226051635808,0.44921886974182096,-0.27539056512908955,0.3623047174354552,0.6811523587177276,-0.1594238206411362,0.4202880896794319,-0.28985595516028406,0.35507202241985797,0.677536011209929,-0.1612319943950355,0.4193840028024822,-0.2903079985987589,-0.6451539992993794,-0.8225769996496897,-0.9112884998248448,-0.9556442499124225,-0.9778221249562112,0.011088937521894382,-0.49445553123905284,0.2527722343804736,-0.3736138828097632,-0.6868069414048816,-0.8434034707024408,0.07829826464877959,-0.46085086767561023,-0.7304254338378051,-0.8652127169189026,-0.9326063584594513,-0.9663031792297256,-0.9831515896148628,-0.9915757948074314,0.004212102596284295,0.5021060512981421,-0.24894697435092894,0.37552651282453553,-0.31223674358773224,0.3438816282061339,0.6719408141030669,0.8359704070515335,-0.08201479647423326,0.45899260176288337,-0.2705036991185583,-0.6352518495592792,0.18237407522036042,0.5911870376101802,0.7955935188050901,0.8977967594025451,0.9488983797012726,-0.025550810149363723,-0.5127754050746819,-0.7563877025373409,-0.8781938512686704,0.06090307436566478,-0.4695484628171676,-0.7347742314085838,-0.8673871157042918,0.06630644214785408,0.533153221073927,-0.23342338946303648,0.3832883052684818,0.691644152634241,-0.15417792368287953,-0.5770889618414398,-0.7885444809207198,-0.8942722404603599,-0.94713612023018,0.026431939884909994,-0.486784030057545,-0.7433920150287725,-0.8716960075143863,0.06415199624280687,0.5320759981214034,0.7660379990607017,-0.11698100046964915,-0.5584905002348246,-0.7792452501174123,-0.8896226250587062,-0.9448113125293531,0.027594343735323434,-0.4862028281323383,-0.7431014140661691,-0.8715507070330846,-0.9357753535165423,-0.9678876767582711,0.01605616162086443,-0.4919719191895678,-0.7459859595947839,-0.8729929797973919,0.06350351010130406,-0.46824824494934797,-0.734124122474674,-0.867062061237337,-0.9335310306186685,-0.9667655153093342,0.016617242345332905,0.5083086211726664,-0.2458456894136668,-0.6229228447068333,0.18853857764658333,-0.40573071117670834,-0.7028653555883542,0.14856732220582292,-0.42571633889708854,-0.7128581694485443,-0.8564290847242721,-0.9282145423621361,0.03589272881893196,-0.48205363559053405,0.258973182204733,-0.3705134088976335,-0.6852567044488167,0.15737164777559165,0.5786858238877959,0.7893429119438979,0.894671455971949,0.9473357279859744,0.9736678639929872,0.9868339319964936,-0.006583034001753196,-0.5032915170008766,-0.7516457585004384,0.12417712074978082,-0.4379114396251096,0.2810442801874452,0.6405221400937227,-0.17973892995313867,-0.5898694649765693,-0.7949347324882847,-0.8974673662441424,-0.9487336831220712,-0.9743668415610356,-0.9871834207805178,-0.993591710390259,0.0032041448048705234,-0.49839792759756474,0.25080103620121763,0.6254005181006088,-0.1872997409496956,0.4063501295251522,-0.2968249352374239,0.35158753238128804,0.675793766190644,-0.162103116904678,-0.581051558452339,-0.7905257792261695,0.10473711038691524,-0.4476314448065424,0.2761842775967288,0.6380921387983645,0.8190460693991822,-0.09047696530040888,-0.5452384826502045,0.22738075867489776,-0.38630962066255115,0.3068451896687244,0.6534225948343622,-0.17328870258281892,-0.5866443512914095,-0.7933221756457047,-0.8966610878228524,-0.9483305439114262,-0.9741652719557131,-0.9870826359778566,-0.9935413179889283,-0.9967706589944642,-0.998385329497232,-0.999192664748616,0.00040366762569199466,-0.499798166187154,0.250100916906423,0.6250504584532115,0.8125252292266057,-0.09373738538669713,-0.5468686926933486,-0.7734343463466743,0.11328282682666285,-0.4433585865866686,-0.7216792932933342,-0.8608396466466671,0.06958017667666644,-0.4652099116616668,-0.7326049558308334,-0.8663024779154167,-0.9331512389577084,-0.9665756194788542,0.016712190260572912,-0.49164390486971354,0.25417804756514323,0.6270890237825716,-0.1864554881087142,0.4067722559456429,0.7033861279728215,-0.14830693601358924,0.4258465319932054,-0.2870767340033973,-0.6435383670016986,0.17823081649915068,-0.4108845917504247,-0.7054422958752123,-0.8527211479376062,-0.9263605739688031,0.03681971301559844,-0.48159014349220075,0.2592049282538996,0.6296024641269498,0.8148012320634749,0.9074006160317374,0.9537003080158687,-0.023149845992065654,-0.5115749229960328,0.2442125385019836,0.6221062692509918,0.8110531346254959,-0.09447343268725206,-0.547236716343626,-0.773618358171813,0.11319082091409349,-0.44340458954295325,-0.7217022947714766,-0.8608511473857383,0.06957442630713084,0.5347872131535654,-0.23260639342321732,-0.6163031967116086,-0.8081515983558043,-0.9040757991779022,0.047962100411048925,-0.47601894979447557,-0.7380094748972378,-0.869004737448619,-0.9345023687243095,-0.9672511843621547,-0.9836255921810774,-0.9918127960905387,-0.9959063980452694,0.002046800977365315,-0.49897659951131734,-0.7494882997556587,0.12525585012217066,-0.43737207493891467,0.28131396253054264,-0.3593430187347287,0.3203284906326357,0.6601642453163179,0.830082122658159,0.9150410613290795,-0.04247946933546026,-0.5212397346677301,-0.7606198673338651,-0.8803099336669326,0.05984503316653372,-0.47007748341673317,-0.7350387417083666,0.1324806291458167,0.5662403145729084,0.7831201572864541,0.8915600786432271,-0.05421996067838647,0.4728900196608068,0.7364450098304034,0.8682225049152017,-0.06588874754239915,-0.5329443737711996,0.23352781311440018,-0.3832360934427999,-0.6916180467213999,-0.8458090233607,-0.92290451168035,-0.961452255840175,-0.9807261279200875,0.009636936039956245,-0.4951815319800219,-0.747590765990011,-0.8737953829950055,-0.9368976914975027,0.03155115425124866,0.5157755771256243,-0.24211221143718786,-0.6210561057185939,0.18947194714070303,-0.4052640264296485,-0.7026320132148243,-0.8513160066074121,0.07434199669629393,-0.46282900165185303,-0.7314145008259265,-0.8657072504129633,-0.9328536252064816,-0.9664268126032408,-0.9832134063016205,-0.9916067031508102,-0.9958033515754051,-0.9979016757877026,0.0010491621061486933,-0.49947541894692565,0.25026229052653715,0.6251311452632686,-0.18743442736836569,-0.5937172136841828,-0.7968586068420914,-0.8984293034210458,0.05078534828947712,-0.47460732585526144,-0.7373036629276307,-0.8686518314638154,0.06567408426809229,0.5328370421340461,0.7664185210670231,-0.11679073946648844,0.4416046302667558,-0.2791976848666221,0.36040115756668895,-0.3197994212166555,-0.6598997106083277,-0.8299498553041639,-0.914974927652082,-0.957487463826041,0.021256268086979502,-0.4893718659565103,0.25531406702174486,0.6276570335108724,-0.18617148324456378,0.4069142583777181,0.703457129188859,-0.14827143540557047,0.42586428229721474,-0.28706785885139263,-0.6435339294256963,-0.8217669647128482,-0.910883482356424,-0.955441741178212,0.022279129410893994,0.511139564705447,-0.24443021764727652,0.3777848911763617,0.6888924455881809,-0.15555377720590957,0.4222231113970452,0.7111115556985226,-0.1444442221507387,-0.5722221110753694,-0.7861110555376847,0.10694447223115766,0.5534722361155788,-0.22326388194221058,-0.6116319409711053,0.19418402951444735,-0.4029079852427763,0.2985460073786118,0.649273003689306,0.824636501844653,0.9123182509223264,0.9561591254611632,-0.02192043726941839,-0.5109602186347092,0.2445198906826454,0.6222599453413227,0.8111299726706613,0.9055649863353307,-0.047217506832334666,-0.5236087534161673,0.23819562329191635,-0.3809021883540418,-0.6904510941770209,0.15477445291148956,0.5773872264557448,-0.2113063867721276,-0.6056531933860638,0.1971734033069681,0.598586701653484,0.799293350826742,-0.10035332458662899,-0.5501766622933145,0.22491166885334274,0.6124558344266714,0.8062279172133358,0.9031139586066679,-0.04844302069666606,0.47577848965166697,0.7378892448258335,0.8689446224129167,0.9344723112064584,0.9672361556032292,0.9836180778016146,-0.008190961099192706,0.49590451945040365,0.7479522597252019,0.873976129862601,0.9369880649313005,0.9684940324656502,-0.015752983767174877,0.4921235081164126,-0.2539382459417937,-0.6269691229708969,-0.8134845614854485,-0.9067422807427242,-0.9533711403713621,-0.976685570185681,-0.9883427850928406,-0.9941713925464203,0.0029143037267898575,0.5014571518633949,-0.24927142406830255,-0.6246357120341512,0.18768214398292438,-0.4061589280085378,-0.7030794640042689,-0.8515397320021345,-0.9257698660010673,0.03711506699946637,0.5185575334997332,0.7592787667498666,-0.1203606166250667,0.43981969168746665,-0.2800901541562667,-0.6400450770781334,-0.8200225385390667,-0.9100112692695334,0.044994365365233324,0.5224971826826167,-0.23875140865869166,-0.6193757043293459,0.19031214783532707,0.5951560739176636,0.7975780369588318,0.8987890184794158,0.9493945092397079,-0.02530274538014604,0.487348627309927,-0.2563256863450365,-0.6281628431725182,0.18591857841374088,-0.40704071079312953,-0.7035203553965648,0.14823982230171762,0.5741199111508588,0.7870599555754294,0.8935299777877147,-0.05323501110614265,0.4733824944469287,-0.26330875277653565,-0.6316543763882678,0.1841728118058661,-0.40791359409706696,-0.7039567970485334,0.1480216014757333,0.5740108007378666,-0.2129945996310667,0.39350270018446665,-0.3032486499077667,-0.6516243249538833,-0.8258121624769417,-0.9129060812384708,-0.9564530406192354,-0.9782265203096177,0.010886739845191173,0.5054433699225955,-0.24727831503870223,-0.6236391575193512,-0.8118195787596756,0.0940902106201622,0.5470451053100811,-0.22647744734495945,0.3867612763275203,0.6933806381637602,-0.15330968091811992,-0.5766548404590599,0.21167257977047005,0.605836289885235,-0.19708185505738252,-0.5985409275286913,-0.7992704637643456,0.10036476811782719,-0.4498176159410864,-0.7249088079705432,0.13754559601472838,-0.4312272019926358,-0.7156136009963179,0.14219319950184106,-0.42890340024907947,0.28554829987546027,-0.35722585006226987,0.3213870749688651,-0.33930646251556745,0.33034676874221625,-0.3348266156288919,-0.667413307814446,0.16629334609277702,0.5831466730463886,0.7915733365231943,0.8957866682615971,0.9478933341307986,-0.026053332934600715,-0.5130266664673003,-0.7565133332336502,-0.8782566666168251,-0.9391283333084126,0.030435833345793695,-0.48478208332710315,-0.7423910416635515,-0.8711955208317758,-0.9355977604158878,-0.9677988802079439,-0.983899440103972,-0.991949720051986,-0.995974860025993,0.0020125699870034985,0.5010062849935017,-0.24949685750324913,0.37525157124837544,0.6876257856241877,0.8438128928120938,-0.07809355359395309,-0.5390467767969765,-0.7695233883984882,-0.8847616941992441,-0.942380847099622,0.028809576450189,0.5144047882250945,-0.24279760588745275,0.3786011970562736,0.6893005985281369,-0.15534970073593157,-0.5776748503679658,-0.7888374251839829,-0.8944187125919915,-0.9472093562959958,-0.9736046781479979,0.013197660926001054,0.5065988304630005,0.7532994152315002,0.8766497076157501,0.938324853807875,-0.0308375730960625,-0.5154187865480313,0.24229060672598435,0.6211453033629921,-0.18942734831850394,-0.594713674159252,0.202643162920374,0.601321581460187,-0.1993392092699065,-0.5996696046349532,-0.7998348023174766,0.1000825988412617,0.5500412994206308,-0.22497935028968458,-0.6124896751448423,-0.8062448375724212,-0.9031224187862106,0.04843879060689471,0.5242193953034473,0.7621096976517236,-0.11894515117413818,-0.5594725755870691,-0.7797362877935345,-0.8898681438967673,-0.9449340719483836,-0.9724670359741918,0.013766482012904091,-0.49311675899354795,-0.746558379496774,-0.8732791897483869,-0.9366395948741935,-0.9683197974370967,-0.9841598987185484,-0.9920799493592742,-0.9960399746796371,0.0019800126601814405,0.5009900063300907,-0.24950499683495464,0.3752475015825227,0.6876237507912614,0.8438118753956307,0.9219059376978154,-0.039047031151092315,-0.5195235155755462,0.2402382422122269,-0.37988087889388655,-0.6899404394469433,0.15502978027652836,-0.4224851098617358,-0.7112425549308679,0.14437872253456607,0.572189361267283,-0.21390531936635848,0.39304734031682076,0.6965236701584103,-0.15173816492079484,0.4241309175396026,0.7120654587698013,-0.14396727061509934,0.4280163646924503,0.7140081823462252,0.8570040911731126,-0.0714979544134437,0.4642510227932781,0.7321255113966391,0.8660627556983196,0.9330313778491598,-0.0334843110754201,0.4832578444622899,-0.25837107776885504,-0.6291855388844275,0.18540723055778624,0.5927036152788931,0.7963518076394466,-0.10182409618027671,-0.5509120480901384,-0.7754560240450692,-0.8877280120225346,0.0561359939887327,0.5280679969943664,-0.23596600150281682,0.38201699924859156,0.6910084996242958,-0.1544957501878521,-0.577247875093926,-0.788623937546963,0.10568803122651849,0.5528440156132592,-0.22357799219337038,-0.6117889960966851,-0.8058944980483426,-0.9029472490241712,0.048526375487914386,0.5242631877439572,-0.2378684061280214,-0.6189342030640107,0.19053289846799465,0.5952664492339973,-0.20236677538300135,0.3988166123084993,0.6994083061542496,-0.15029584692287518,-0.5751479234614376,-0.7875739617307188,0.1062130191346406,-0.4468934904326797,0.27655325478366016,0.6382766273918301,-0.18086168630408495,-0.5904308431520424,-0.7952154215760212,0.1023922892119894,0.5511961446059948,0.7755980723029974,-0.11220096384850131,-0.5561004819242507,-0.7780502409621253,0.11097487951893736,-0.4445125602405313,0.27774371987973434,0.6388718599398672,0.8194359299699336,0.9097179649849668,0.9548589824924834,-0.022570508753758323,-0.5112852543768791,-0.7556426271884396,-0.8778213135942198,0.06108934320289011,0.530544671601445,0.7652723358007225,-0.11736383209963874,-0.5586819160498193,-0.7793409580249097,-0.8896704790124548,-0.9448352395062274,-0.9724176197531137,-0.9862088098765569,0.006895595061721549,0.5034477975308608,-0.2482761012345696,0.3758619493827152,0.6879309746913576,0.8439654873456788,-0.07801725632716061,-0.5390086281635803,-0.7695043140817901,-0.884752157040895,-0.9423760785204476,0.02881196073977621,-0.4855940196301119,0.2572029901849441,0.6286014950924721,-0.18569925245376395,-0.592849626226882,0.203575186886559,-0.3982124065567205,-0.6991062032783603,-0.8495531016391802,-0.9247765508195901,0.037611724590204954,0.5188058622951025,0.7594029311475512,0.8797014655737756,0.9398507327868878,-0.0300746336065561,-0.515037316803278,0.242481341598361,0.6212406707991804,-0.18937966460040978,-0.5946898323002049,0.20265508384989755,0.6013275419249487,-0.19933622903752563,-0.5996681145187628,-0.7998340572593814,0.1000829713703093,-0.44995851431484535,-0.7249792571574227,-0.8624896285787114,-0.9312448142893557,-0.9656224071446778,-0.9828112035723389,0.008594398213830567,0.5042971991069153,0.7521485995534576,0.8760742997767288,-0.0619628501116356,-0.5309814250558178,-0.7654907125279089,-0.8827453562639545,0.058627321868022775,0.5293136609340114,0.7646568304670057,-0.11767158476649714,-0.5588357923832485,0.22058210380837573,0.6102910519041879,0.8051455259520939,-0.09742723702395306,-0.5487136185119765,-0.7743568092559883,-0.8871784046279941,-0.9435892023139971,-0.9717946011569986,0.01410269942150072,-0.4929486502892496,-0.7464743251446249,-0.8732371625723124,0.06338141871384378,0.5316907093569219,-0.23415464532153907,0.38292267733923047,-0.30853866133038477,0.3457306693348076,0.6728653346674038,0.8364326673337019,-0.08178366633314904,0.4591081668334255,-0.27044591658328726,-0.6352229582916437,-0.8176114791458218,-0.9088057395729109,0.04559713021354456,0.5227985651067723,0.7613992825533862,0.8806996412766931,0.9403498206383465,0.9701749103191732,0.9850874551595866,-0.007456272420206689,-0.5037281362101034,-0.7518640681050517,-0.8759320340525258,0.06203398297373708,-0.46898300851313146,0.26550849574343427,0.6327542478717172,-0.1836228760641414,-0.5918114380320707,-0.7959057190160354,-0.8979528595080177,-0.9489764297540089,0.025511785122995567,-0.4872441074385022,0.2563779462807489,0.6281889731403745,0.8140944865701872,-0.09295275671490638,-0.5464763783574532,-0.7732381891787266,0.11338090541063672,-0.44330954729468164,-0.7216547736473409,-0.8608273868236704,0.06958630658816478,-0.4652068467059176,0.2673965766470412,0.6336982883235206,0.8168491441617602,0.9084245720808801,0.9542122860404401,0.97710614302022,-0.011446928489889985,-0.505723464244945,-0.7528617321224724,-0.8764308660612362,-0.938215433030618,-0.969107716515309,-0.9845538582576545,-0.9922769291288273,-0.9961384645644136,0.0019307677177932137,-0.4990346161411034,-0.7495173080705517,-0.8747586540352759,-0.9373793270176379,-0.9686896635088189,0.015655168245590545,-0.4921724158772047,-0.7460862079386024,0.12695689603069882,-0.4365215519846506,-0.7182607759923253,0.14086961200383735,-0.42956519399808135,-0.7147825969990407,0.14260870150047966,-0.42869564924976017,-0.7143478246248801,0.14282608768755994,-0.42858695615622,-0.7142934780781101,-0.857146739039055,-0.9285733695195275,-0.9642866847597638,0.01785665762011812,-0.49107167118994094,-0.7455358355949705,0.12723208220251475,-0.4363839588987426,-0.7181919794493713,0.14090401027531435,0.5704520051376571,0.7852260025688286,0.8926130012844142,0.9463065006422071,0.9731532503211036,-0.013423374839448221,0.4932883125802759,0.7466441562901379,0.873322078145069,0.9366610390725345,-0.031669480463732747,0.4841652597681336,-0.2579173701159332,-0.6289586850579666,-0.8144793425289834,-0.9072396712644917,-0.9536198356322458,0.02319008218387708,-0.48840495890806146,-0.7442024794540307,0.12789876027298464,-0.4360506198635077,-0.7180253099317538,-0.859012654965877,-0.9295063274829385,-0.9647531637414692,-0.9823765818707346,0.008811709064632689,-0.49559414546768366,-0.7477970727338419,0.12610146363307906,-0.43694926818346047,0.28152536590826976,0.6407626829541349,0.8203813414770674,0.9101906707385337,-0.04490466463073317,0.4775476676846334,-0.2612261661576833,-0.6306130830788417,-0.8153065415394208,0.09234672923028958,-0.45382663538485524,0.2730866823075724,-0.3634566588462138,0.3182716705768931,0.6591358352884465,-0.17043208235577673,0.4147839588221116,0.7073919794110558,-0.1463040102944721,-0.5731520051472361,0.21342399742638196,-0.393288001286809,0.3033559993565955,0.6516779996782978,-0.17416100016085112,0.41291949991957444,0.7064597499597872,0.8532298749798937,-0.07338506251005317,0.4633074687449734,-0.2683462656275133,0.36582686718624335,0.6829134335931217,-0.15854328320343913,0.42072835839828043,0.7103641791991402,0.8551820895995701,0.927591044799785,0.9637955223998925,-0.018102238800053738,-0.5090511194000269,0.24547444029998655,0.6227372201499932,-0.1886313899250034,0.4056843050374983,0.7028421525187492,-0.14857892374062542,-0.5742894618703127,0.21285526906484364,-0.3935723654675782,0.3032138172662109,-0.34839309136689456,0.3258034543165527,-0.33709827284172367,-0.6685491364208618,-0.8342745682104309,-0.9171372841052154,-0.9585686420526077,0.02071567897369614,0.5103578394868481,0.755178919743424,0.877589459871712,0.938794729935856,-0.030602635032072,-0.515301317516036,-0.7576506587580181,0.12117467062099097,-0.4394126646895045,-0.7197063323447522,-0.8598531661723761,-0.929926583086188,-0.964963291543094,0.017518354228452993,-0.49124082288577353,-0.7456204114428868,-0.8728102057214434,0.0635948971392783,0.5317974485696392,0.7658987242848196,0.8829493621424098,0.9414746810712049,0.9707373405356025,-0.014631329732198772,-0.5073156648660994,0.24634216756695032,-0.3768289162165248,-0.6884144581082624,-0.8442072290541311,-0.9221036145270656,0.03894819273646721,0.5194740963682336,0.7597370481841168,-0.1201314759079416,-0.5600657379539709,-0.7800328689769854,-0.8900164344884927,0.05499178275575367,0.5274958913778769,-0.23625205431106155,0.3818739728444692,-0.3090630135777654,-0.6545315067888827,-0.8272657533944414,0.08636712330277929,-0.45681643834861035,-0.7284082191743052,0.1357958904128474,0.5678979452064237,-0.21605102739678816,0.3919744863016059,-0.30401275684919704,-0.6520063784245985,-0.8260031892122992,-0.9130015946061496,0.0434992026969252,-0.4782503986515374,-0.7391251993257687,-0.8695625996628844,-0.9347812998314422,-0.9673906499157211,0.01630467504213945,-0.4918476624789303,-0.7459238312394652,-0.8729619156197326,-0.9364809578098663,-0.9682404789049331,-0.9841202394524666,-0.9920601197262333,-0.9960300598631167,-0.9980150299315583,-0.9990075149657791,-0.9995037574828896,-0.9997518787414448,-0.9998759393707224,-0.9999379696853612,3.101515731940285e-05,0.5000155075786596,0.7500077537893298,-0.12499612310533509,-0.5624980615526676,-0.7812490307763338,0.10937548461183311,0.5546877423059166,-0.22265612884704172,-0.6113280644235208,0.19433596778823958,-0.4028320161058802,0.29858399194705987,-0.35070800402647007,-0.675354002013235,-0.8376770010066175,0.08116149949669127,0.5405807497483457,0.7702903748741728,-0.11485481256291358,0.4425725937185432,0.7212862968592716,-0.1393568515703642,-0.5696784257851821,0.21516078710740894,-0.39241960644629553,-0.6962098032231477,-0.8481049016115738,-0.9240524508057869,-0.9620262254028935,0.018986887298553246,0.5094934436492766,0.7547467218246383,0.8773733609123191,-0.06131331954384045,0.4693433402280798,0.7346716701140399,-0.13266416494298006,-0.56633208247149,-0.7831660412357451,-0.8915830206178725,-0.9457915103089363,-0.9728957551544681,-0.9864478775772341,-0.993223938788617,-0.9966119693943085,-0.9983059846971543,-0.9991529923485771,0.0004235038257114354,-0.4997882480871443,0.25010587595642786,-0.37494706202178607,0.31252646898910696,-0.3437367655054465,0.32813161724727674,0.6640658086236384,0.8320329043118192,0.9160164521559095,-0.04199177392204523,0.4790041130389774,-0.2604979434805113,-0.6302489717402556,-0.8151244858701279,-0.9075622429350639,-0.953781121467532,-0.976890560733766,-0.9884452803668831,-0.9942226401834415,-0.9971113200917208,-0.9985556600458604,-0.9992778300229301,-0.9996389150114651,-0.9998194575057325,-0.9999097287528662,4.513562356689427e-05,-0.49997743218821655,-0.7499887160941083,-0.8749943580470542,-0.9374971790235271,-0.9687485895117636,-0.9843742947558818,-0.9921871473779409,-0.9960935736889704,-0.9980467868444852,0.0009766065777573885,-0.4995116967111213,-0.7497558483555606,0.12512207582221968,0.5625610379111099,-0.21871948104444505,0.3906402594777775,-0.30467987026111126,-0.6523399351305557,0.17383003243472217,0.5869150162173611,0.7934575081086805,0.8967287540543403,0.9483643770271701,0.9741821885135851,0.9870910942567925,0.9935455471283963,0.9967727735641981,0.998386386782099,-0.0008068066089504944,-0.5004034033044753,-0.7502017016522377,-0.8751008508261189,-0.9375504254130594,0.03122478729347028,0.5156123936467352,-0.24219380317663242,-0.6210969015883162,-0.810548450794158,0.09472577460292098,-0.4526371126985395,0.2736814436507302,0.6368407218253651,0.8184203609126826,0.9092101804563413,0.9546050902281706,-0.02269745488591468,0.48865127255704266,-0.25567436372147867,0.37216281813926066,-0.31391859093036967,-0.6569592954651848,-0.8284796477325924,0.08576017613370379,-0.4571199119331481,-0.7285599559665741,0.13572002201671296,0.5678600110083565,0.7839300055041782,-0.10803499724791088,-0.5540174986239554,0.22299125068802228,0.6114956253440111,-0.19425218732799443,-0.5971260936639973,-0.7985630468319986,-0.8992815234159993,0.05035923829200034,-0.4748203808539998,0.2625898095730001,0.6312949047865001,0.81564745239325,-0.09217627380337501,-0.5460881369016874,0.22695593154915628,-0.38652203422542186,-0.6932610171127109,-0.8466305085563555,-0.9233152542781777,-0.9616576271390889,0.019171186430455567,-0.4904144067847722,-0.7452072033923861,0.12739639830380695,-0.43630180084809655,-0.7181509004240483,-0.8590754502120241,-0.9295377251060121,-0.964768862553006,-0.982384431276503,-0.9911922156382516,0.004403892180874225,0.5022019460904371,-0.24889902695478144,0.37555048652260925,-0.3122247567386954,0.34388762163065234,-0.32805618918467383,-0.6640280945923369,0.16798595270383154,0.5839929763519158,0.7919964881759579,-0.10400175591202104,-0.5520008779560105,0.22399956102199475,-0.38800021948900265,-0.6940001097445013,-0.8470000548722507,-0.9235000274361254,-0.9617500137180627,-0.9808750068590313,-0.9904375034295156,0.004781248285242179,-0.4976093758573789,-0.7488046879286895,-0.8744023439643447,-0.9372011719821723,-0.9686005859910862,0.015699707004456886,0.5078498535022284,0.7539249267511142,0.876962463375557,0.9384812316877785,0.9692406158438893,-0.01537969207805534,0.49231015396097233,0.7461550769804861,-0.12692246150975695,0.4365387692451215,-0.28173061537743926,0.35913469231128037,-0.3204326538443598,0.3397836730778201,-0.33010816346108995,0.334945918269455,0.6674729591347275,-0.16626352043263626,-0.5831317602163182,0.2084341198918409,0.6042170599459205,-0.19789147002703977,-0.5989457350135199,0.20052713249324006,-0.39973643375337997,-0.69986821687669,-0.8499341084383449,-0.9249670542191725,-0.9624835271095862,0.01875823644520691,-0.49062088177739654,-0.7453104408886982,0.12734477955565088,-0.4363276102221746,-0.7181638051110872,0.14091809744445638,-0.4295409512777718,-0.714770475638886,0.14261476218055702,-0.4286926189097215,-0.7143463094548608,-0.8571731547274304,-0.9285865773637152,-0.9642932886818576,-0.9821466443409288,-0.9910733221704644,-0.9955366610852322,-0.9977683305426162,-0.9988841652713081,-0.999442082635654,-0.999721041317827,-0.9998605206589135,-0.9999302603294568,-0.9999651301647283,-0.9999825650823642,-0.9999912825411821,-0.999995641270591,-0.9999978206352955,-0.9999989103176478,-0.9999994551588238,-0.9999997275794119,-0.999999863789706,6.810514702193515e-08,-0.49999996594742646,-0.7499999829737132,-0.8749999914868566,0.0625000042565717,0.5312500021282859,0.765625001064143,0.8828125005320715,0.9414062502660357,0.9707031251330178,-0.01464843743349109,-0.5073242187167455,-0.7536621093583727,0.12316894532081363,0.5615844726604068,0.7807922363302033,0.8903961181651017,-0.054801940917449166,0.4725990295412754,0.7362995147706377,0.8681497573853189,0.9340748786926594,0.9670374393463297,-0.016481280326835157,-0.5082406401634176,-0.7541203200817088,-0.8770601600408544,-0.9385300800204273,-0.9692650400102136,-0.9846325200051068,-0.9923162600025535,-0.9961581300012767,-0.9980790650006384,0.0009604674996808171,-0.4995197662501596,-0.7497598831250798,-0.8748799415625399,-0.93743997078127,-0.968719985390635,-0.9843599926953175,-0.9921799963476587,-0.9960899981738294,-0.9980449990869147,-0.9990224995434573,-0.9995112497717287,0.00024437511413566426,-0.49987781244293217,-0.7499389062214661,0.12503054688926696,-0.4374847265553665,0.28125763672231674,-0.35937118163884163,0.3203144091805792,-0.3398427954097104,0.3300786022951448,0.6650393011475724,0.8325196505737862,0.9162598252868931,0.9581299126434466,-0.0209350436782767,0.48953247816086165,-0.2552337609195692,0.3723831195402154,-0.3138084402298923,0.34309577988505385,0.6715478899425269,-0.16422605502873655,-0.5821130275143682,-0.7910565137571841,-0.895528256878592,0.05223587156070397,0.526117935780352,0.763058967890176,0.881529483945088,0.940764741972544,0.970382370986272,0.985191185493136,-0.007404407253431999,-0.503702203626716,0.248148898186642,0.624074449093321,-0.1879627754533395,-0.5939813877266698,-0.7969906938633349,-0.8984953469316674,-0.9492476734658337,-0.9746238367329169,-0.9873119183664585,-0.9936559591832292,-0.9968279795916146,-0.9984139897958073,-0.9992069948979037,0.00039650255104817234,0.5001982512755241,-0.24990087436223796,-0.624950437181119,-0.8124752185905595,0.09376239070472026,-0.4531188046476399,-0.72655940232382,-0.86327970116191,-0.931639850580955,-0.9658199252904776,-0.9829099626452388,0.008545018677380611,-0.4957274906613097,0.25213625466934514,0.6260681273346725,-0.18696593633266373,0.40651703183366816,-0.2967414840831659,-0.648370742041583,-0.8241853710207915,-0.9120926855103957,0.04395365724480216,0.5219768286224011,0.7609884143112006,0.8804942071556003,0.9402471035778002,-0.029876448211099915,-0.51493822410555,0.242530887947225,-0.3787345560263875,0.31063272198680625,0.6553163609934032,-0.1723418195032984,-0.5861709097516492,-0.7930854548758246,-0.8965427274379123,-0.9482713637189562,-0.9741356818594781,-0.9870678409297391,0.006466079535130453,0.5032330397675653,-0.24838348011621736,-0.6241917400581087,0.18790412997094563,-0.4060479350145272,0.2969760324927364,0.6484880162463682,-0.1757559918768159,0.41212200406159205,0.706061002030796,-0.146969498984602,-0.573484749492301,0.2132576252538495,0.6066288126269248,0.8033144063134624,0.9016572031567311,-0.04917139842163443,-0.5245856992108172,0.2377071503945914,-0.38114642480270433,0.30942678759864783,-0.3452866062006761,-0.672643303100338,0.16367834844983098,-0.4181608257750845,-0.7090804128875423,-0.8545402064437712,0.07272989677811442,0.5363649483890572,0.7681824741945287,-0.11590876290273566,-0.5579543814513679,-0.7789771907256839,-0.889488595362842,-0.944744297681421,-0.9723721488407104,0.013813925579644781,-0.4930930372101776,0.2534534813949112,-0.3732732593025444,-0.6866366296512723,0.15668168517436387,-0.42165915741281806,0.28917042129359094,0.6445852106467955,0.8222926053233978,0.9111463026616988,0.9555731513308494,0.9777865756654247,-0.011106712167287647,0.4944466439163562,0.7472233219581781,-0.12638833902091096,0.4368058304895445,0.7184029152447723,-0.14079854237761386,0.42960072881119304,0.7148003644055965,-0.14259981779720177,0.4287000911013991,-0.2856499544493004,-0.6428249772246502,-0.8214124886123251,-0.9107062443061625,-0.9553531221530813,0.022323438923459338,-0.48883828053827033,0.25558085973086486,-0.37220957013456757,-0.6861047850672838,-0.843052392533642,-0.921526196266821,-0.9607630981334105,0.01961845093329473,-0.49019077453335264,-0.7450953872666763,0.12745230636666183,-0.4362738468166691,0.28186307659166543,0.6409315382958327,-0.17953423085208364,0.4102328845739582,0.7051164422869791,-0.14744177885651044,0.4262791105717448,0.7131395552858724,0.8565697776429362,0.9282848888214681,0.964142444410734,0.982071222205367,0.9910356111026835,-0.004482194448658272,0.49775890277567086,0.7488794513878354,-0.1255602743060823,-0.5627801371530412,-0.7813900685765206,-0.8906950342882602,-0.9453475171441301,-0.9726737585720651,-0.9863368792860325,-0.9931684396430163,0.0034157801784918673,-0.49829210991075407,0.250853945044623,0.6254269725223115,-0.18728651373884425,0.4063567431305779,-0.29682162843471105,-0.6484108142173555,-0.8242054071086777,0.08789729644566113,-0.45605135177716943,0.2719743241114153,-0.36401283794429234,-0.6820064189721462,0.1589967905139269,-0.42050160474303655,-0.7102508023715183,-0.8551254011857592,0.0724372994071204,0.5362186497035601,-0.23189067514821993,-0.61594533757411,-0.807972668787055,0.09601366560647251,-0.45199316719676375,-0.7259965835983819,0.13700170820080904,0.5685008541004045,-0.21574957294979774,0.3921252135251011,-0.30393739323744945,-0.6519686966187247,0.17401565169063765,0.5870078258453189,-0.20649608707734057,0.3967519564613297,0.6983759782306649,0.8491879891153324,0.9245939945576662,-0.03770300272116689,-0.5188515013605834,0.24057424931970828,0.6202871246598541,0.8101435623299271,-0.09492821883503644,-0.5474641094175182,-0.7737320547087592,0.11313397264562042,-0.4434330136771898,-0.7217165068385949,0.13914174658070255,0.5695708732903513,-0.21521456335482436,0.3923927183225878,0.6961963591612939,-0.15190182041935307,-0.5759509102096765,0.21202454489516176,0.6060122724475809,0.8030061362237905,-0.09849693188810477,-0.5492484659440524,-0.7746242329720262,0.1126878835139869,0.5563439417569934,0.7781719708784967,-0.11091401456075167,0.44454299271962416,0.722271496359812,0.861135748179906,0.930567874089953,0.9652839370449765,-0.01735803147751175,0.49132098426124415,-0.2543395078693779,0.372830246065311,-0.3135848769673445,0.34320756151632775,-0.32839621924183615,-0.6641981096209181,-0.832099054810459,-0.9160495274052295,-0.9580247637026147,0.020987618148692655,-0.4895061909256537,-0.7447530954628269,0.12762345226858657,0.5638117261342933,0.7819058630671467,-0.10904706846642664,-0.5545235342332133,-0.7772617671166067,0.11136911644169667,-0.44431544177915167,-0.7221577208895759,0.13892113955521207,-0.43053943022239394,-0.715269715111197,-0.8576348575555985,-0.9288174287777993,-0.9644087143888996,-0.9822043571944499,0.008897821402775064,-0.49555108929861247,0.25222445535069377,0.6261122276753469,-0.18694388616232654,0.40652805691883676,0.7032640284594184,0.8516320142297091,0.9258160071148546,0.9629080035574273,0.9814540017787137,0.9907270008893568,-0.004636499555321583,-0.5023182497776608,0.2488408751111696,-0.3755795624444152,0.3122102187777924,-0.3438948906111038,-0.6719474453055518,-0.8359737226527759,0.08201313867361204,-0.458993430663194,-0.729496715331597,-0.8647483576657985,0.06762582116710075,0.5338129105835504,0.7669064552917753,0.8834532276458876,-0.058273386177056186,-0.5291366930885281,0.23543165345573597,0.617715826727868,0.808857913363934,-0.09557104331803301,0.4522144783409835,0.7261072391704917,-0.13694638041475415,0.4315268097926229,-0.28423659510368854,-0.6421182975518442,-0.8210591487759221,-0.9105295743879611,-0.9552647871939806,0.02236760640300972,-0.48881619679849514,-0.7444080983992476,-0.8722040491996238,0.0638979754001881,-0.468051012299906,0.265974493850047,0.6329872469250235,0.8164936234625118,-0.09175318826874412,0.45412340586562794,-0.27293829706718603,-0.636469148533593,0.18176542573320348,0.5908827128666018,0.7954413564333009,-0.10227932178334953,0.44886033910832523,-0.2755698304458374,0.3622150847770813,-0.31889245761145935,-0.6594462288057297,0.17027688559713516,-0.4148615572014324,-0.7074307786007162,0.14628461069964188,-0.4268576946501791,0.28657115267491046,0.6432855763374552,0.8216427881687276,0.9108213940843638,-0.0445893029578181,-0.5222946514789091,-0.7611473257394545,0.11942633713027273,-0.44028683143486363,0.2798565842825682,-0.3600717078587159,0.31996414607064205,0.659982073035321,-0.17000896348233951,-0.5850044817411697,-0.7925022408705849,-0.8962511204352924,0.05187443978235379,0.5259372198911769,-0.23703139005441154,-0.6185156950272057,0.19074215248639714,0.5953710762431985,0.7976855381215993,-0.10115723093920037,-0.5505786154696002,-0.7752893077348001,-0.8876446538674001,0.05617767306629995,-0.47191116346685,-0.735955581733425,0.1320222091332875,0.5660111045666437,-0.21699444771667814,0.39150277614166096,0.6957513880708305,-0.15212430596458476,-0.5760621529822924,-0.7880310764911462,-0.8940155382455731,-0.9470077691227865,0.02649611543860675,0.5132480577193034,0.7566240288596517,0.8783120144298259,-0.060843992785087064,0.4695780036074565,0.7347890018037282,0.8673945009018641,-0.06630274954906795,0.466848625225466,-0.266575687387267,-0.6332878436936336,-0.8166439218468168,0.09167803907659161,0.5458390195382958,-0.22708049023085208,-0.613540245115426,0.19322987744228698,0.5966149387211435,0.7983074693605717,0.8991537346802858,0.9495768673401429,-0.025211566329928548,0.4873942168350357,-0.25630289158248215,-0.628151445791241,-0.8140757228956206,0.09296213855218971,-0.45351893072390514,0.2732405346380474,-0.3633797326809763,-0.6816898663404881,0.15915506682975594,0.5795775334148779,0.789788766707439,0.8948943833537195,0.9474471916768598,0.9737235958384298,-0.013138202080785089,-0.5065691010403925,-0.7532845505201963,0.12335772473990186,-0.4383211376300491,0.28083943118497545,-0.3595802844075123,0.3202098577962439,0.660104928898122,0.830052464449061,-0.0849737677754695,0.45751311611226525,0.7287565580561326,-0.1356217209719337,-0.5678108604859669,-0.7839054302429834,-0.8919527151214917,-0.9459763575607458,0.027011821219627086,0.5135059106098135,-0.24324704469509323,-0.6216235223475466,-0.8108117611737733,-0.9054058805868866,0.04729705970655668,0.5236485298532784,-0.23817573507336082,0.38091213246331956,-0.3095439337683402,-0.65477196688417,-0.827385983442085,0.08630700827895749,0.5431535041394787,0.7715767520697394,-0.1142116239651303,0.44289418801743485,0.7214470940087174,0.8607235470043587,-0.06963822649782064,-0.5348191132489103,-0.7674095566244552,-0.8837047783122276,-0.9418523891561138,-0.970926194578057,-0.9854630972890285,-0.9927315486445143,-0.9963657743222571,-0.9981828871611286,-0.9990914435805642,-0.9995457217902821,-0.9997728608951411,0.00011356955242947109,-0.49994321522378526,-0.7499716076118926,-0.8749858038059464,0.06250709809702681,-0.4687464509514866,0.2656267745242567,0.6328133872621283,-0.18359330636893584,0.40820334681553205,0.7041016734077661,0.852050836703883,-0.07397458164805848,-0.5369872908240292,-0.7684936454120146,-0.8842468227060073,-0.9421234113530037,-0.9710617056765019,0.014469147161749074,0.5072345735808745,0.7536172867904373,0.8768086433952187,-0.061595678302390655,-0.5307978391511954,-0.7653989195755977,-0.8826994597877988,-0.9413497298938994,0.02932513505305029,0.5146625675265252,0.7573312837632626,0.8786656418816313,0.9393328209408156,0.9696664104704078,-0.015166794764796099,-0.507583397382398,-0.753791698691199,-0.8768958493455995,0.06155207532720025,-0.46922396233639985,-0.7346119811681999,-0.8673059905841,-0.93365299529205,0.03317350235397498,-0.4834132488230125,-0.7417066244115063,0.12914668779424687,-0.43542665610287656,0.2822866719485617,0.6411433359742809,0.8205716679871404,-0.08971416600642979,0.4551429169967851,0.7275714584983926,-0.13621427075080372,-0.5681071353754019,-0.784053567687701,-0.8920267838438505,-0.9460133919219252,-0.9730066959609627,0.013496652019518662,0.5067483260097594,0.7533741630048797,-0.12331291849756015,0.43834354075121995,-0.28082822962439,-0.640414114812195,-0.8202070574060976,0.08989647129695122,0.5449482356484756,0.7724741178242378,-0.1137629410878811,-0.5568814705439405,0.22155926472802973,0.6107796323640149,-0.19461018381799255,0.4026949080910037,0.7013474540455018,-0.1493262729772491,-0.5746631364886245,-0.7873315682443123,-0.8936657841221561,-0.946832892061078,0.026583553969460993,0.5132917769847305,0.7566458884923652,-0.12167705575381738,0.4391614721230913,0.7195807360615456,-0.1402096319692272,0.4298951840153864,0.7149475920076932,0.8574737960038465,-0.07126310199807673,-0.5356315509990384,0.23218422450048082,-0.3839078877497596,-0.6919539438748799,-0.8459769719374399,-0.92298848596872,0.03850575701564002,0.51925287850782,-0.24037356074609,0.379813219626955,-0.3100933901865225,-0.6550466950932612,0.1724766524533694,-0.4137616737733153,0.29311916311334235,0.6465595815566711,-0.17672020922166443,0.4116398953891678,-0.2941800523054161,0.35290997384729195,0.676454986923646,0.838227493461823,0.9191137467309115,0.9595568733654558,0.9797784366827279,-0.010110781658636048,-0.505055390829318,0.24747230458534097,0.6237361522926705,-0.18813192385366473,0.40593403807316764,-0.2970329809634162,-0.6485164904817081,0.17574175475914594,-0.412129122620427,-0.7060645613102134,0.14696771934489328,0.5734838596724466,0.7867419298362233,0.8933709649181116,-0.053314517540944184,0.4733427412295279,-0.26332862938523605,0.368335685307382,0.684167842653691,-0.1579160786731545,0.42104196066342275,0.7105209803317114,-0.1447395098341443,-0.5723697549170721,-0.786184877458536,0.10690756127073198,-0.446546219364634,0.276726890317683,0.6383634451588415,0.8191817225794207,-0.09040913871028966,0.45479543064485517,-0.2726022846775724,-0.6363011423387862,-0.818150571169393,0.09092471441530348,-0.45453764279234826,-0.7272688213961741,-0.8636344106980871,-0.9318172053490436,-0.9659086026745218,-0.9829543013372609,-0.9914771506686304,-0.9957385753343152,-0.9978692876671575,-0.9989346438335788,-0.9994673219167893,0.0002663390416053346,0.5001331695208027,0.7500665847604013,0.8750332923802007,0.9375166461901003,0.9687583230950502,-0.015620838452474917,0.4921895807737625,-0.25390520961311874,-0.6269526048065593,0.18652369759672033,0.5932618487983602,-0.2033690756008199,-0.60168453780041,-0.800842268900205,-0.9004211344501025,-0.9502105672250513,-0.9751052836125256,-0.9875526418062628,0.006223679096868606,0.5031118395484343,-0.24844408022578285,0.3757779598871086,0.6878889799435544,-0.15605551002822282,0.4219722449858886,0.7109861224929444,0.8554930612464722,0.9277465306232361,-0.036126734688381956,-0.518063367344191,0.2409683163279045,0.6204841581639522,0.8102420790819761,0.9051210395409881,-0.04743948022950595,0.476280259885247,-0.2618598700573765,-0.6309299350286882,-0.8154649675143442,-0.9077324837571721,0.04613375812141396,0.5230668790607069,0.7615334395303535,-0.11923328023482327,0.44038335988258837,0.7201916799412942,0.8600958399706471,-0.06995208001467645,-0.5349760400073382,0.2325119799963309,0.6162559899981654,0.8081279949990827,-0.09593600250045864,-0.5479680012502293,0.22601599937488537,-0.3869920003125573,-0.6934960001562787,-0.8467480000781393,-0.9233740000390697,-0.9616870000195348,0.01915649999023261,0.5095782499951163,-0.24521087500244187,0.37739456249877906,-0.31130271875061044,-0.6556513593753053,0.17217432031234736,-0.4139128398438263,-0.7069564199219132,-0.8534782099609566,0.07326089501952171,-0.46336955249023914,0.2683152237548804,0.6341576118774402,0.8170788059387202,0.9085394029693601,0.95426970148468,0.9771348507423401,-0.011432574628829961,0.494283712685585,0.7471418563427925,0.8735709281713963,-0.06321453591430187,0.46839273204284904,0.7341963660214246,-0.1329018169892877,0.43354909150535614,-0.28322545424732193,-0.6416127271236609,-0.8208063635618305,0.08959681821908477,0.5447984091095424,0.7723992045547712,0.8861996022773856,0.9430998011386929,0.9715499005693464,0.9857749502846732,0.9928874751423367,0.9964437375711683,0.9982218687855842,0.9991109343927921,-0.00044453280360395864,0.499777733598198,0.749888866799099,0.8749444333995495,-0.06252778330022524,-0.5312638916501127,0.23436805417494366,0.6171840270874718,0.8085920135437359,0.9042960067718679,-0.04785199661406603,-0.523925998307033,-0.7619629991535165,-0.8809814995767582,-0.9404907497883791,0.02975462510581045,0.5148773125529053,0.7574386562764526,0.8787193281382263,-0.06064033593088686,-0.5303201679654435,-0.7651600839827217,-0.8825800419913609,-0.9412900209956805,0.029354989502159756,-0.4853225052489201,-0.74266125262446,0.12866937368776998,0.564334686843885,0.7821673434219425,-0.10891632828902875,-0.5544581641445143,0.22277091792774284,0.6113854589638714,0.8056927294819357,-0.09715363525903215,-0.548576817629516,0.22571159118524198,-0.387144204407379,0.3064278977963105,0.6532139488981552,-0.1733930255509224,-0.5866965127754612,0.2066517436122694,0.6033258718061347,0.8016629359030674,-0.09916853204846632,-0.5495842660242332,-0.7747921330121166,-0.8873960665060583,-0.9436980332530291,0.028150983373485428,0.5140754916867427,0.7570377458433714,-0.12148112707831432,-0.5607405635391571,0.21962971823042143,0.6098148591152107,0.8049074295576053,0.9024537147788027,0.9512268573894014,-0.02438657130529931,-0.5121932856526497,-0.7560966428263248,0.12195167858683759,-0.43902416070658123,0.2804879196467094,-0.3597560401766453,0.32012197991167735,0.6600609899558387,0.8300304949779194,-0.08498475251104032,0.45750762374447984,0.7287538118722399,-0.13562309406388007,-0.56781154703194,0.21609422648402998,0.608047113242015,0.8040235566210074,0.9020117783105037,-0.04899411084474814,-0.524497055422374,0.237751472288813,0.6188757361444065,0.8094378680722032,0.9047189340361016,-0.0476405329819492,0.4761797335090254,-0.2619101332454873,0.36904493337725636,-0.31547753331137185,0.3422612333443141,0.671130616672157,0.8355653083360786,-0.08221734583196072,-0.5411086729159804,0.2294456635420098,0.614722831771005,0.8073614158855025,-0.09631929205724876,-0.5481596460286244,-0.7740798230143122,-0.8870399115071561,0.056480044246421945,-0.471759977876789,-0.7358799889383945,-0.8679399944691972,0.06603000276540139,0.5330150013827006,0.7665075006913503,-0.11674624965432484,0.4416268751728376,-0.2791865624135812,-0.6395932812067906,0.1802033593966047,-0.40989832030169765,-0.7049491601508489,0.14752541992457557,-0.4262372900377122,-0.7131186450188561,-0.8565593225094281,-0.9282796612547141,-0.964139830627357,0.017930084686321512,-0.49103495765683924,-0.7455174788284196,0.12724126058579022,-0.4363793697071049,0.28181031514644755,0.6409051575732237,0.8204525787866119,0.910226289393306,0.955113144696653,-0.02244342765167351,-0.5112217138258368,0.2443891430870816,0.6221945715435409,0.8110972857717704,-0.09445135711411479,-0.5472256785570574,-0.7736128392785286,-0.8868064196392643,0.05659679018036784,0.528298395090184,-0.23585080245490803,-0.617925401227454,-0.808962700613727,0.0955186496931365,-0.45224067515343175,0.2738796624232841,-0.36306016878835795,-0.681530084394179,0.15923495780291053,0.5796174789014552,0.7898087394507276,-0.1050956302746362,0.4474521848626819,0.7237260924313409,0.8618630462156704,-0.06906847689216478,0.4654657615539176,-0.2672671192230412,0.36636644038847943,0.6831832201942397,-0.15840838990288014,-0.57920419495144,0.21039790252427998,-0.39480104873786004,0.30259947563107,0.651299737815535,0.8256498689077675,0.9128249344538837,-0.04358753277305816,-0.5217937663865291,0.23910311680673546,0.6195515584033677,0.8097757792016839,0.9048878896008419,-0.04755605519957906,-0.5237780275997895,-0.7618890137998948,0.11905549310005259,0.5595277465500264,0.7797638732750132,-0.11011806336249341,0.4449409683187533,-0.27752951584062335,-0.6387647579203117,-0.8193823789601559,0.09030881051992207,0.5451544052599611,-0.22742279737001947,0.38628860131499027,-0.3068556993425049,0.34657215032874755,0.6732860751643738,0.8366430375821869,-0.08167848120890653,0.45916075939554674,-0.27041962030222666,0.36479018984888667,0.6823950949244433,0.8411975474622216,0.9205987737311108,-0.03970061313444462,0.4801496934327777,-0.25992515328361115,0.37003742335819445,0.6850187116790972,0.8425093558395487,0.9212546779197743,0.9606273389598872,0.9803136694799436,-0.009843165260028208,-0.5049215826300141,0.24753920868499296,0.6237696043424965,0.8118848021712483,-0.09405759891437587,0.45297120054281204,0.726485600271406,0.863242800135703,0.9316214000678515,0.9658107000339258,0.9829053500169629,0.9914526750084814,-0.004273662495759278,0.49786316875212033,0.7489315843760602,0.8744657921880301,-0.06276710390598494,-0.5313835519529925,-0.7656917759764963,-0.8828458879882481,-0.9414229439941241,0.029288528002937964,-0.485355735998531,0.2573221320007345,0.6286610660003673,0.8143305330001837,-0.09283473349990817,0.4535826332500459,0.7267913166250229,-0.13660434168748853,0.43169782915625576,-0.2841510854218721,-0.642075542710936,0.17896222864453198,0.589481114322266,-0.205259442838867,0.3973702785805665,-0.30131486070971675,-0.6506574303548583,-0.8253287151774291,-0.9126643575887146,-0.9563321787943573,0.02183391060282136,-0.4890830446985893,-0.7445415223492946,0.1277292388253527,0.5638646194126764,0.7819323097063382,0.8909661548531691,-0.05451692257341545,0.4727415387132923,-0.26362923064335386,-0.6318146153216769,-0.8159073076608385,0.09204634616958074,0.5460231730847904,0.7730115865423952,0.8865057932711976,-0.0567471033644012,-0.5283735516822006,0.23581322415889971,-0.38209338792055014,0.30895330603972493,-0.34552334698013754,0.32723832650993123,0.6636191632549656,0.8318095816274829,0.9159047908137414,-0.042047604593129284,-0.5210238022965646,-0.7605119011482824,-0.8802559505741412,0.059872024712929406,0.5299360123564647,-0.23503199382176765,-0.6175159969108839,0.19124200154455806,0.5956210007722791,-0.20218949961386046,-0.6010947498069302,-0.8005473749034651,-0.9002736874517325,-0.9501368437258663,0.024931578137066868,-0.48753421093146654,-0.7437671054657333,0.12811644726713334,0.5640582236335667,-0.21797088818321664,0.3910145559083917,-0.30449272204580413,-0.6522463610229021,-0.8261231805114511,-0.9130615902557255,-0.9565307951278628,0.021734602436068617,-0.4891326987819657,0.2554336506090171,-0.37228317469549144,0.3138584126522543,0.6569292063261272,0.8284646031630636,0.9142323015815318,0.957116150790766,0.978558075395383,0.9892790376976914,0.9946395188488457,0.9973197594244229,-0.001340120287788571,-0.5006700601438943,-0.7503350300719471,0.12483248496402644,-0.4375837575179868,0.2812081212410066,-0.3593959393794967,0.3203020303102516,0.6601510151551258,0.8300755075775629,0.9150377537887815,0.9575188768943907,-0.021240561552804627,-0.5106202807764023,0.24468985961179884,0.6223449298058994,0.8111724649029497,-0.09441376754852515,0.4527931162257374,-0.27360344188713126,-0.6368017209435657,0.18159913952821716,-0.4092004302358914,0.2953997848820543,0.6476998924410271,-0.17615005377948645,-0.5880750268897432,0.2059624865551284,0.6029812432775642,0.801490621638782,-0.09925468918060898,0.4503726554096955,0.7251863277048478,-0.1374068361475761,-0.568703418073788,-0.784351709036894,-0.892175854518447,0.05391207274077647,-0.47304396362961176,0.2634780181851941,0.6317390090925971,0.8158695045462985,0.9079347522731492,0.9539673761365746,0.9769836880682873,-0.01150815596585636,-0.5057540779829282,0.24712296100853592,-0.37643851949573204,0.311780740252134,0.655890370126067,0.8279451850630335,-0.08602740746848325,-0.5430137037342416,-0.7715068518671209,-0.8857534259335604,-0.9428767129667802,-0.9714383564833902,-0.9857191782416951,-0.9928595891208476,0.0035702054395762017,-0.4982148972802119,0.2508925513598941,-0.37455372432005296,0.3127231378399735,-0.34363843108001324,0.3281807844599934,0.6640903922299967,0.8320451961149984,-0.0839774019425008,0.4580112990287496,0.7290056495143749,-0.13549717524281257,0.4322514123785937,-0.28387429381070317,-0.6419371469053516,-0.8209685734526758,-0.9104842867263379,0.04475785663683107,-0.47762107168158446,-0.7388105358407923,-0.8694052679203961,-0.934702633960198,-0.967351316980099,0.01632434150995049,0.5081621707549753,-0.24591891462251236,-0.6229594573112562,-0.8114797286556281,-0.9057398643278141,-0.952869932163907,-0.9764349660819536,-0.9882174830409768,-0.9941087415204883,0.0029456292397558315,0.5014728146198779,0.750736407309939,-0.12463179634503052,0.43768410182748474,-0.28115794908625763,-0.6405789745431288,-0.8202894872715645,-0.9101447436357822,-0.9550723718178911,-0.9775361859089455,0.011231907045527234,-0.4943840464772364,-0.7471920232386182,0.1264039883806909,-0.43679800580965455,-0.7183990029048273,-0.8591995014524136,-0.9295997507262068,-0.9647998753631034,0.017600062318448295,-0.4911999688407759,-0.745599984420388,0.127200007789806,-0.436399996105097,-0.7181999980525485,0.14090000097372574,0.5704500004868629,0.7852250002434314,-0.10738749987828428,-0.5536937499391421,-0.776846874969571,-0.8884234374847855,-0.9442117187423927,0.027894140628803632,0.5139470703144018,-0.2430264648427991,-0.6215132324213996,0.18924338378930022,0.5946216918946501,0.797310845947325,0.8986554229736625,-0.05067228851316874,0.47466385574341563,-0.2626680721282922,-0.6313340360641461,0.18433298196792697,-0.40783350901603654,0.29608324549198173,0.6480416227459909,0.8240208113729954,-0.08798959431350228,-0.5439947971567511,-0.7719973985783756,-0.8859986992891877,0.057000650355406135,-0.47149967482229693,-0.7357498374111484,-0.8678749187055742,-0.9339374593527872,-0.9669687296763936,-0.9834843648381968,-0.9917421824190984,-0.9958710912095492,0.0020644543952254013,0.5010322271976126,-0.24948388640119368,0.37525805679940316,-0.3123709716002984,0.34381451419985076,-0.3280927429000746,0.3359536285499627,0.6679768142749813,-0.16601159286250933,0.41699420356874534,0.7084971017843726,-0.14575144910781368,0.42712427544609316,0.7135621377230466,-0.14321893113847672,-0.5716094655692383,0.21419526721538085,-0.3929023663923096,0.3035488168038452,0.6517744084019226,-0.1741127957990387,0.41294360210048064,-0.2935281989497597,0.35323590052512016,0.6766179502625601,0.83830897513128,-0.08084551243436,0.45957724378282,-0.27021137810859,0.364894310945705,0.6824471554728525,-0.15877642226357375,-0.5793882111317868,0.21030589443410658,-0.39484705278294674,-0.6974235263914734,0.1512882368042633,-0.42435588159786836,0.28782205920106585,0.6439110296005329,-0.17804448519973354,-0.5890222425998668,-0.7945111212999334,-0.8972555606499667,0.05137221967501665,-0.4743138901624917,0.26284305491875415,0.6314215274593771,0.8157107637296885,0.9078553818648443,-0.046072309067577866,-0.5230361545337889,-0.7615180772668945,-0.8807590386334472,-0.9403795193167236,0.029810240341638206,-0.48509487982918087,-0.7425474399145904,-0.8712737199572952,-0.9356368599786475,0.03218157001067623,-0.4839092149946619,-0.7419546074973309,-0.8709773037486654,0.06451134812566728,0.5322556740628337,-0.23387216296858315,0.3830639185157084,-0.3084680407421458,0.3457659796289271,0.6728829898144635,-0.16355850509276826,-0.5817792525463841,0.20911037372680796,-0.395444813136596,0.302277593431702,0.6511387967158511,-0.17443060164207447,0.41278469917896277,0.7063923495894814,-0.1468038252052593,-0.5734019126026296,-0.7867009563013148,0.10664952184934262,-0.4466752390753287,0.27666238046233566,-0.3616688097688322,0.3191655951155839,0.6595827975577919,0.829791398778896,0.9148956993894479,0.957447849694724,-0.02127607515263802,-0.510638037576319,0.2446809812118405,0.6223404906059202,0.8111702453029601,0.9055851226514801,0.95279256132574,0.97639628066287,-0.011801859668565007,-0.5059009298342825,0.24704953508285876,-0.3764752324585706,0.3117623837707147,-0.3441188081146427,0.32794059594267866,0.6639702979713393,-0.16801485101433034,-0.5840074255071652,-0.7920037127535826,-0.8960018563767913,0.05199907181160435,-0.4740004640941978,0.2629997679529011,0.6314998839764505,0.8157499419882253,0.9078749709941126,-0.046062514502943686,-0.5230312572514718,-0.7615156286257359,0.11924218568713207,-0.44037890715643396,-0.720189453578217,-0.8600947267891085,0.06995263660544576,0.5349763183027229,-0.23251184084863857,-0.6162559204243193,0.19187203978784034,0.5959360198939202,-0.2020319900530399,-0.6010159950265199,0.19949200248674004,0.59974600124337,0.799873000621685,0.8999365003108425,-0.050031749844578755,-0.5250158749222894,-0.7625079374611448,0.11874603126942762,-0.4406269843652862,-0.7203134921826431,-0.8601567460913215,0.06992162695433923,0.5349608134771696,0.7674804067385848,0.8837402033692924,-0.05812989831535381,0.4709350508423231,0.7354675254211616,0.8677337627105808,-0.06613311864470961,0.4669334406776452,-0.2665332796611774,-0.6332666398305887,0.18336668008470564,0.5916833400423528,0.7958416700211763,0.8979208350105882,-0.051039582494705915,0.47448020875264707,0.7372401043763235,-0.13137994781183826,-0.5656899739059191,-0.7828449869529596,0.10857750652352022,0.5542887532617601,-0.22285562336911996,-0.61142781168456,0.19428609415772002,0.59714304707886,-0.20142847646057,-0.600714238230285,-0.8003571191151425,0.09982144044242874,0.5499107202212143,0.7749553601106072,-0.11252231994469641,0.4437388400276518,-0.2781305799861741,-0.6390652899930871,-0.8195326449965435,-0.9097663224982717,0.04511683875086414,-0.47744158062456793,0.261279209687716,0.6306396048438581,0.815319802421929,0.9076599012109645,-0.04617004939451774,0.47691497530274113,-0.26154251234862946,-0.6307712561743147,-0.8153856280871574,0.09230718595642129,-0.45384640702178936,0.2730767964891053,-0.36346160175544734,-0.6817308008777236,0.15913459956113818,0.5795672997805691,-0.21021635010971546,-0.6051081750548577,0.19744591247257115,-0.4012770437637144,-0.7006385218818572,0.14968073905907142,0.5748403695295357,0.7874201847647678,-0.10628990761761609,0.446855046191192,0.723427523095596,-0.138286238452202,-0.569143119226101,-0.7845715596130505,-0.8922857798065252,0.05385711009673738,-0.47307144495163134,-0.7365357224758157,0.13173213876209217,0.5658660693810461,0.782933034690523,-0.1085334826547385,0.44573325867263075,-0.2771333706636846,-0.6385666853318424,-0.8192833426659212,0.09035832866703941,0.5451791643335198,0.7725895821667599,-0.11370520891662006,0.44314739554168997,-0.278426302229155,-0.6392131511145775,-0.8196065755572888,0.09019671222135561,0.5450983561106778,0.7725491780553388,-0.11372541097233058,-0.5568627054861652,-0.7784313527430826,-0.8892156763715413,-0.9446078381857707,0.027696080907114673,0.5138480404535574,0.7569240202267786,0.8784620101133893,0.9392310050566947,-0.03038449747165267,0.48480775126417364,-0.2575961243679132,0.3712019378160434,-0.3143990310919783,0.34280048445401085,-0.32859975777299455,-0.6642998788864973,0.16785006055675133,-0.41607496972162433,0.2919625151391878,-0.3540187424304061,0.32299062878479695,-0.3385046856076015,-0.6692523428038007,-0.8346261714019003,-0.9173130857009502,0.04134345714952492,0.5206717285747624,-0.2396641357126188,0.3801679321436906,-0.3099160339281547,0.34504198303592265,-0.3274790084820387,-0.6637395042410194,0.16813024787949032,-0.4159348760602548,-0.7079674380301274,-0.8539837190150636,0.07300814049246818,0.536504070246234,0.768252035123117,-0.11587398243844149,-0.5579369912192207,-0.7789684956096103,-0.8894842478048052,-0.9447421239024025,0.027628938048798735,-0.48618553097560063,0.25690723451219966,-0.37154638274390017,-0.68577319137195,-0.842886595685975,0.07855670215701249,0.5392783510785062,0.7696391755392531,0.8848195877696265,0.9424097938848133,-0.028795103057593363,0.4856024484712033,0.7428012242356017,-0.12859938788219916,-0.5642996939410996,0.2178501530294502,0.6089250765147252,-0.19553746174263742,-0.5977687308713187,0.20111563456434067,0.6005578172821704,0.8002789086410852,0.9001394543205425,0.9500697271602713,-0.024965136419864364,0.4875174317900678,-0.2562412841049661,0.3718793579475169,-0.31406032102624154,-0.6570301605131208,-0.8285150802565604,0.0857424598717198,-0.4571287700641401,0.27143561496792995,0.635717807483965,-0.1821410962580175,-0.5910705481290087,-0.7955352740645043,-0.8977676370322522,-0.9488838185161261,0.025558090741936934,0.5127790453709684,-0.2436104773145158,0.3781947613427421,-0.31090261932862895,0.3445486903356855,0.6722743451678428,-0.1638628274160786,-0.5819314137080394,0.20903429314598032,-0.39548285342700984,0.3022585732864951,0.6511292866432475,-0.17443535667837623,-0.5872176783391881,0.20639116083040593,-0.39680441958479706,-0.6984022097923985,0.15079889510380073,0.5753994475519004,0.7876997237759502,0.8938498618879751,0.9469249309439876,0.9734624654719938,0.9867312327359969,0.9933656163679985,0.9966828081839992,-0.001658595908000382,-0.5008292979540002,0.2495853510229999,-0.3752073244885,-0.6876036622442501,0.15619816887787497,-0.4219009155610625,-0.7109504577805312,-0.8554752288902656,-0.9277376144451328,-0.9638688072225664,-0.9819344036112831,0.009032798194358427,-0.4954836009028208,0.25225819954858963,0.6261290997742948,-0.18693545011285262,0.4065322749435737,-0.29673386252821315,0.3516330687358934,-0.3241834656320533,-0.6620917328160266,0.1689541335919867,0.5844770667959933,0.7922385333979967,-0.10388073330100167,0.44805963334949916,0.7240298166747496,-0.13798509166262518,-0.5689925458313125,-0.7844962729156563,0.10775186354217187,0.553875931771086,-0.22306203411445702,0.3884689829427715,-0.3057655085286143,0.34711724573569286,-0.3264413771321536,0.3367793114339232,-0.33161034428303837,-0.6658051721415192,0.16709741392924038,0.5835487069646201,0.7917743534823101,-0.10411282325884497,0.4479435883705775,0.7239717941852888,-0.1380141029073556,-0.5690070514536778,-0.7845035257268389,0.10774823713658055,0.5538741185682903,-0.22306294071585486,0.38846852964207257,0.6942342648210362,-0.15288286758948189,0.42355856620525906,-0.2882207168973705,0.35588964155131475,-0.3220551792243426,-0.6610275896121713,0.16948620519391433,0.5847431025969572,0.7923715512984786,-0.10381422435076071,0.44809288782461965,0.7240464439123098,-0.13797677804384512,0.43101161097807744,-0.28449419451096125,0.3577529027445194,-0.3211235486277403,-0.6605617743138701,0.16971911284306496,-0.4151404435784675,0.2924297782107662,0.6462148891053832,-0.17689255544730842,-0.5884462777236542,-0.794223138861827,0.10288843056908648,-0.44855578471545676,-0.7242778923577284,-0.8621389461788642,0.06893052691056789,0.534465263455284,-0.232767368272358,0.383616315863821,-0.30819184206808947,0.34590407896595526,-0.32704796051702234,-0.6635239802585111,-0.8317619901292556,0.08411900493537222,0.5420595024676861,-0.22897024876615696,-0.6144851243830785,0.19275743780846077,-0.4036212810957696,-0.7018106405478848,0.1490946797260576,-0.4254526601369712,-0.7127263300684856,-0.8563631650342428,0.0718184174828786,-0.4640907912585607,-0.7320453956292803,-0.8660226978146401,0.06698865109267993,0.53349432554634,-0.23325283722683,-0.6166264186134149,-0.8083132093067075,-0.9041566046533538,-0.9520783023266769,0.023960848836661552,-0.4880195755816692,-0.7440097877908346,0.1279951061045827,0.5639975530522914,0.7819987765261457,0.8909993882630729,-0.05450030586846355,0.4727498470657682,0.7363749235328841,0.868187461766442,-0.06590626911677899,0.4670468654416105,0.7335234327208052,-0.1332382836395974,-0.5666191418197987,0.21669042909010067,-0.3916547854549497,-0.6958273927274748,0.15208630363626258,0.5760431518181313,-0.21197842409093437,0.3940107879545328,-0.3029946060227336,-0.6514973030113668,0.17425134849431662,-0.41287432575284166,0.29356283712357917,0.6467814185617896,0.8233907092808948,-0.08830464535955262,-0.5441523226797763,-0.7720761613398881,-0.886038080669944,0.056980959665027975,0.528490479832514,0.7642452399162569,-0.11787738004187154,0.44106130997906423,-0.2794693450104679,-0.639734672505234,0.18013266374738302,-0.4099336681263085,-0.7049668340631543,-0.8524834170315772,0.07375829148421142,0.5368791457421057,0.7684395728710529,0.8842197864355265,-0.05789010678223677,-0.5289450533911184,0.2355274733044408,0.6177637366522204,-0.1911181316738898,-0.595559065836945,0.20222046708152752,-0.39888976645923624,-0.6994448832296181,0.15027755838519097,0.5751387791925955,0.7875693895962977,-0.10621530520185113,-0.5531076526009255,0.22344617369953723,-0.3882769131502314,0.3058615434248843,0.6529307717124422,-0.1735346141437789,-0.5867673070718895,-0.7933836535359448,-0.8966918267679724,-0.9483459133839862,0.025827043308006892,0.5129135216540035,0.7564567608270018,-0.12177161958649912,0.43911419020675047,-0.28044290489662477,0.3597785475516876,-0.3201107262241562,-0.6600553631120781,0.16997231844396093,0.5849861592219805,0.7924930796109902,-0.10375346019450488,0.44812326990274753,0.7240616349513738,-0.13796918252431312,-0.5689845912621565,-0.7844922956310783,0.10775385218446087,0.5538769260922305,-0.22306153695388475,0.3884692315230576,-0.3057653842384712,0.3471173078807644,-0.32644134605961783,0.3367793269701911,0.6683896634850955,0.8341948317425478,-0.08290258412872609,0.45854870793563696,-0.2707256460321815,-0.6353628230160908,0.1823185884919546,0.5911592942459774,0.7955796471229887,-0.10221017643850566,0.44889491178074714,0.7244474558903735,-0.13777627205481324,-0.5688881360274066,-0.7844440680137033,0.10777796599314837,0.5538889829965742,-0.2230555085017129,0.3884722457491435,-0.30576387712542824,-0.6528819385627141,-0.826440969281357,-0.9132204846406785,0.043389757679660745,-0.47830512116016966,0.2608474394199152,-0.3695762802900424,0.3152118598549788,-0.3423940700725106,0.3288029649637447,0.6644014824818724,0.8322007412409362,-0.08389962937953188,0.45805018531023406,0.7290250926551171,-0.13548745367244147,-0.5677437268362208,-0.7838718634181103,0.10806406829094484,-0.4459679658545276,0.2770160170727362,0.6385080085363681,0.8192540042681841,-0.09037299786590797,0.454813501067046,0.727406750533523,-0.1362966247332385,0.4318516876333808,-0.2840741561833096,0.3579629219083452,-0.3210185390458274,0.33949073047708633,-0.33025463476145683,-0.6651273173807284,-0.8325636586903642,-0.9162818293451821,-0.958140914672591,-0.9790704573362955,-0.9895352286681478,-0.9947676143340739,-0.9973838071670369,-0.9986919035835184,-0.9993459517917592,0.00032702410412038807,0.5001635120520602,0.7500817560260301,-0.12495912198698494,-0.5624795609934925,-0.7812397804967463,-0.8906198902483731,-0.9453099451241865,-0.9726549725620932,-0.9863274862810466,-0.9931637431405234,0.0034181284297383208,0.5017090642148692,-0.24914546789256542,-0.6245727339462828,-0.8122863669731414,-0.9061431834865707,-0.9530715917432854,-0.9765357958716427,-0.9882678979358214,0.0058660510320893144,0.5029330255160447,-0.24853348724197766,0.37573325637901117,-0.3121333718104944,-0.6560666859052472,-0.8280333429526237,-0.9140166714763118,-0.9570083357381559,-0.978504167869078,-0.989252083934539,-0.9946260419672694,-0.9973130209836347,0.0013434895081826381,0.5006717447540914,0.7503358723770457,0.8751679361885228,-0.06241603190573858,0.46879198404713074,-0.26560400797643463,-0.6328020039882173,0.18359899800589136,-0.4082005009970543,-0.7041002504985272,-0.8520501252492636,-0.9260250626246318,-0.9630125313123159,-0.981506265656158,-0.990753132828079,-0.9953765664140395,0.0023117167929802562,0.5011558583964901,-0.24942207080175494,-0.6247110354008775,-0.8123555177004387,-0.9061777588502193,-0.9530888794251097,-0.9765444397125549,0.011727780143722555,0.5058638900718613,-0.24706805496406936,-0.6235340274820347,-0.8117670137410173,0.09411649312949133,0.5470582465647457,0.7735291232823729,-0.11323543835881356,0.4433822808205932,0.7216911404102966,-0.1391544297948517,-0.5695772148974259,-0.7847886074487129,-0.8923943037243565,-0.9461971518621782,0.026901424068910884,-0.48654928796554453,0.25672535601722773,-0.3716373219913861,-0.6858186609956931,-0.8429093304978466,-0.9214546652489233,0.03927266737553836,-0.4803636663122308,0.2598181668438846,0.6299090834219423,0.8149545417109711,-0.09252272914451443,-0.5462613645722572,0.22686931771387142,-0.3865653411430643,0.30671732942846786,0.653358664714234,0.826679332357117,-0.0866603338214415,0.4566698330892792,-0.2716650834553604,0.3641674582723198,0.6820837291361599,0.8410418645680799,-0.07947906771596003,0.46026046614202,-0.26986976692899,-0.634934883464495,0.1825325582677525,0.5912662791338763,0.7956331395669382,0.897816569783469,0.9489082848917345,0.9744541424458673,-0.012772928777066372,-0.5063864643885332,-0.7531932321942666,0.1234033839028667,-0.4382983080485666,-0.7191491540242834,0.14042542298785832,0.5702127114939292,-0.21489364425303542,-0.6074468221265177,-0.8037234110632588,0.09813829446837058,-0.4509308527658147,0.27453457361709266,0.6372672868085463,0.8186336434042731,-0.09068317829786343,-0.5453415891489317,0.22732920542553414,-0.38633539728723293,0.3068323013563835,-0.34658384932180825,-0.6732919246609042,0.16335403766954792,0.581677018834774,-0.20916149058261302,-0.6045807452913066,0.19770962735434672,-0.40114518632282664,-0.7005725931614133,0.14971370341929335,0.5748568517096466,0.7874284258548233,-0.10628578707258834,0.4468571064637058,-0.2765714467681471,-0.6382857233840735,0.18085713830796324,0.5904285691539817,0.7952142845769908,0.8976071422884955,-0.05119642885575226,-0.5255982144278761,-0.7627991072139381,0.11860044639303097,-0.4406997768034845,-0.7203498884017423,-0.8601749442008711,0.06991252789956443,0.5349562639497822,-0.23252186802510888,-0.6162609340125544,0.19186953299372278,0.5959347664968614,0.7979673832484306,-0.10101630837578468,0.44949184581210766,0.7247459229060538,-0.1376270385469731,-0.5688135192734866,-0.7844067596367432,0.10779662018162839,0.5538983100908141,0.7769491550454071,0.8884745775227035,-0.05576271123864823,-0.5278813556193241,-0.763940677809662,0.11802966109516899,-0.4409851694524155,-0.7204925847262078,-0.8602462923631039,-0.930123146181552,-0.965061573090776,-0.9825307865453881,-0.991265393272694,-0.995632696636347,0.002183651681826493,-0.4989081741590867,0.25054591292045664,0.6252729564602283,-0.18736352176988585,-0.593681760884943,-0.7968408804424715,-0.8984204402212357,-0.9492102201106178,-0.9746051100553089,-0.9873025550276544,0.0063487224861727976,0.5031743612430863,-0.24841281937845683,-0.6242064096892284,-0.8121032048446142,0.09394839757769291,0.5469741987888465,0.7734870993944232,-0.11325645030278841,-0.5566282251513942,0.2216858874243029,-0.3891570562878486,0.3054214718560757,-0.34728926407196214,-0.673644632035981,-0.8368223160179905,0.08158884199100475,0.5407944209955023,-0.22960278950224883,-0.6148013947511244,-0.8074006973755622,-0.903700348687781,-0.9518501743438905,-0.9759250871719453,0.01203745641402737,0.5060187282070137,0.7530093641035068,-0.12349531794824659,-0.5617476589741233,-0.7808738294870616,-0.8904369147435308,-0.9452184573717655,-0.9726092286858827,-0.9863046143429414,-0.9931523071714707,-0.9965761535857354,0.0017119232071323154,0.5008559616035662,0.7504279808017831,0.8752139904008915,-0.06239300479955423,-0.5311965023997771,0.23440174880011144,0.6172008744000557,-0.19139956279997217,-0.595699781399986,-0.797849890699993,-0.8989249453499966,-0.9494624726749983,-0.9747312363374991,-0.9873656181687496,0.006317190915625215,-0.4968414045421874,-0.7484207022710937,-0.8742103511355468,-0.9371051755677734,0.0314474122161133,0.5157237061080566,0.7578618530540283,0.8789309265270142,-0.060534536736492894,-0.5302672683682464,-0.7651336341841233,-0.8825668170920616,0.05871659145396918,-0.47064170427301544,-0.7353208521365078,-0.8676604260682539,0.06616978696587306,-0.46691510651706347,0.26654244674146826,0.6332712233707342,0.816635611685367,0.9083178058426835,-0.045841097078658244,0.4770794514606709,-0.26146027426966456,-0.6307301371348323,0.18463493143258386,0.592317465716292,0.796158732858146,0.8980793664290729,-0.05096031678546353,0.47451984160726823,0.7372599208036341,-0.13137003959818294,0.43431498020090853,-0.28284250989954574,0.35857874505022713,0.6792893725251136,-0.16035531373744322,-0.5801776568687216,-0.7900888284343608,0.1049555857828196,-0.4475222071085902,-0.7237611035542951,-0.8618805517771475,0.06905972411142625,0.5345298620557131,0.7672649310278565,0.8836324655139283,-0.05818376724303587,-0.5290918836215179,-0.764545941810759,-0.8822729709053795,-0.9411364854526898,0.0294317572736551,-0.48528412136317245,-0.7426420606815862,-0.8713210303407931,0.06433948482960344,0.5321697424148017,-0.23391512879259913,0.38304243560370044,0.6915212178018502,0.8457606089009251,-0.07711969554953746,0.46144015222523127,-0.26927992388738436,0.3653600380563078,-0.3173199809718461,-0.658659990485923,-0.8293299952429616,-0.9146649976214808,0.042667501189259605,0.5213337505946298,0.7606668752973149,-0.11966656235134254,0.44016671882432873,-0.2799166405878356,0.3600416797060822,-0.31997916014695893,-0.6599895800734794,0.1700052099632603,0.5850026049816301,0.7925013024908151,-0.10374934875459246,0.4481253256227038,-0.2759373371886481,0.36203133140567595,-0.318984334297162,0.340507832851419,-0.32974608357429047,0.33512695821285476,0.6675634791064273,-0.16621826044678634,0.41689086977660683,-0.2915545651116966,-0.6457772825558483,0.17711135872207584,0.5885556793610379,-0.20572216031948104,0.3971389198402595,-0.30143054007987025,-0.6507152700399351,-0.8253576350199676,0.08732118249001619,-0.4563394087549919,0.27183029562250405,0.635915147811252,-0.182042426094374,0.408978786952813,-0.2955106065235935,-0.6477553032617968,0.17612234836910162,-0.41193882581544916,0.2940305870922754,-0.35298470645386226,-0.6764923532269311,-0.8382461766134656,0.08087691169326722,0.5404384558466336,0.7702192279233169,-0.11489038603834156,-0.5574451930191708,-0.7787225965095854,-0.8893612982547927,0.055319350872603645,0.5276596754363019,-0.23617016228184906,-0.6180850811409245,0.19095745942953773,-0.4045212702852311,0.29773936485738445,0.6488696824286923,-0.17556515878565387,0.41221742060717304,0.7061087103035866,-0.1469456448482067,0.42652717757589664,-0.2867364112120517,-0.6433682056060258,0.1783158971969871,0.5891579485984936,0.7945789742992468,0.8972894871496234,0.9486447435748118,-0.025677628212594117,0.48716118589370294,-0.25641940705314853,-0.6282097035265742,0.18589514823671288,-0.4070524258816436,0.2964737870591782,-0.35176310647041087,-0.6758815532352054,-0.8379407766176027,-0.9189703883088014,-0.9594851941544007,-0.9797425970772004,0.010128701461399825,-0.4949356492693001,0.25253217536534994,-0.373733912317325,-0.6868669561586624,0.15656652192066878,0.5782832609603343,0.7891416304801672,-0.10542918475991642,-0.5527145923799582,0.22364270381002088,0.6118213519050104,0.8059106759525052,0.9029553379762526,-0.0485223310118737,0.4757388344940632,-0.2621305827529684,0.3689347086235158,-0.31553264568824213,0.34223367715587893,-0.32888316142206053,-0.6644415807110302,0.1677792096444849,0.5838896048222424,-0.2080551975888788,0.3959724012055606,-0.30201379939721973,0.34899310030139014,0.6744965501506951,0.8372482750753476,0.9186241375376738,0.9593120687688369,0.9796560343844185,0.9898280171922093,0.9949140085961046,0.9974570042980523,0.9987285021490262,0.9993642510745131,0.9996821255372565,-0.00015893723137172522,-0.5000794686156859,0.24996026569215707,-0.37501986715392144,0.3124900664230393,0.6562450332115196,-0.1718774833942402,0.4140612583028799,-0.29296937084856006,0.35351531457571994,-0.32324234271214003,-0.66162117135607,-0.830810585678035,0.0845947071609825,-0.45770264641950875,-0.7288513232097544,-0.8644256616048772,-0.9322128308024387,0.03389358459878067,0.5169467922993903,-0.24152660385030483,0.3792366980748476,0.6896183490374238,-0.1551908254812881,-0.5775954127406441,0.21120229362967796,0.605601146814839,0.8028005734074195,0.9014002867037098,0.9507001433518549,-0.024649928324072534,-0.5123249641620362,-0.7561624820810181,0.12191875895949095,-0.4390406205202545,0.28047968973987275,0.6402398448699363,0.8201199224349682,0.9100599612174841,0.9550299806087421,0.9775149903043711,0.9887574951521856,0.9943787475760928,-0.002810626211953604,-0.5014053131059768,0.2492973434470116,-0.3753513282764942,-0.6876756641382471,-0.8438378320691236,-0.9219189160345618,0.03904054198271911,-0.48047972900864044,0.2597601354956798,-0.3701199322521601,0.31494003387391994,-0.34252998306304006,0.32873500846848,0.66436750423424,-0.16781624788288002,-0.58390812394144,-0.7919540619707199,0.10402296901464003,0.5520114845073201,0.77600574225366,0.88800287112683,-0.05599856443658502,-0.5279992822182925,0.23600035889085375,0.6180001794454268,-0.19099991027728658,0.4045000448613567,0.7022500224306784,-0.14887498878466082,0.4255625056076696,0.7127812528038349,-0.14360937359808257,0.4281953132009587,0.7140976566004793,-0.14295117169976035,-0.5714755858498801,-0.7857377929249401,0.10713110353752997,-0.446434448231235,0.2767827758843825,-0.36160861205780875,-0.6808043060289044,-0.8404021530144522,-0.9202010765072262,0.03989946174638692,0.5199497308731935,0.7599748654365968,0.8799874327182984,0.9399937163591492,-0.030003141820425405,0.4849984290897873,-0.25750078545510635,0.3712496072724468,0.6856248036362234,0.8428124018181117,0.9214062009090558,0.9607031004545279,-0.019648449772736054,0.490175775113632,-0.254912112443184,-0.6274560562215921,0.18627197188920397,-0.406864014055398,-0.703432007027699,-0.8517160035138496,0.07414199824307521,-0.4629290008784624,0.26853549956076883,-0.3657322502196156,0.3171338748901922,0.6585669374450961,0.8292834687225481,-0.08535826563872595,0.457320867180637,0.7286604335903185,0.8643302167951592,0.9321651083975796,0.9660825541987899,-0.016958722900605072,0.49152063854969746,-0.25423968072515124,0.3728801596374244,0.6864400798187122,-0.15677996009064388,0.42161001995467806,-0.28919499002266097,-0.6445974950113305,-0.8222987475056652,0.08885062624716739,-0.45557468687641633,0.27221265656179183,-0.3638936717191041,0.31805316414044793,0.6590265820702239,0.829513291035112,-0.08524335448244402,-0.542621677241222,0.228689161379389,-0.3856554193103055,0.3071722903448473,0.6535861451724236,0.8267930725862118,0.9133965362931059,0.956698268146553,-0.021650865926723495,-0.5108254329633617,-0.7554127164816808,0.12229364175915958,0.5611468208795798,0.7805734104397899,0.890286705219895,-0.054856647390052526,0.47257167630497376,-0.2637141618475131,0.3681429190762434,-0.3159285404618783,0.3420357297690608,-0.3289821351154696,-0.6644910675577348,-0.8322455337788675,0.08387723311056627,-0.45806138344471686,-0.7290306917223585,-0.8645153458611792,0.06774232706941041,0.5338711635347052,-0.2330644182326474,-0.6165322091163237,0.19173389544183816,0.5958669477209191,0.7979334738604595,0.8989667369302298,-0.050516631534885115,-0.5252583157674425,0.23737084211627874,0.6186854210581394,0.8093427105290697,-0.09532864473546515,0.45233567763226745,-0.2738321611838663,0.36308391940806684,0.6815419597040334,0.8407709798520167,0.9203854899260083,-0.03980725503699584,0.48009637248150205,0.7400481862407511,-0.12997590687962446,0.43501204656018777,0.7175060232800938,0.8587530116400469,0.9293765058200234,0.9646882529100117,-0.01765587354499415,0.49117206322750295,0.7455860316137515,-0.12720698419312426,-0.5636034920965621,0.21819825395171893,0.6090991269758594,0.8045495634879297,0.9022747817439649,-0.04886260912801754,-0.5244313045640088,0.23778434771799561,0.6188921738589979,-0.19055391307050107,-0.5952769565352505,0.20236152173237476,0.6011807608661874,0.8005903804330937,0.9002951902165468,0.9501475951082734,-0.0249262024458633,-0.5124631012229317,0.24376844938853415,-0.3781157753057329,0.31094211234713354,0.6554710561735668,0.8277355280867834,-0.0861322359566083,-0.5430661179783042,0.2284669410108479,0.614233470505424,0.807116735252712,0.903558367626356,0.9517791838131779,-0.02411040809341103,0.4879447959532945,-0.25602760202335273,0.37198619898832364,-0.3140069005058382,-0.6570034502529191,0.17149827487354047,-0.41425086256322974,-0.7071254312816149,0.14643728435919257,0.5732186421795963,-0.21339067891020186,-0.6066953394551009,0.19665233027244955,0.5983261651362248,0.7991630825681124,-0.10041845871594379,0.4497907706420281,0.724895385321014,0.862447692660507,0.9312238463302536,-0.034388076834873216,-0.5171940384174366,0.2414029807912817,0.6207014903956408,-0.1896492548021796,0.40517537259891023,-0.2974123137005449,-0.6487061568502724,0.17564692157486378,-0.41217653921256814,-0.706088269606284,0.146955865196858,-0.426522067401571,0.28673896629921447,0.6433694831496073,0.8216847415748036,-0.08915762921259818,0.4554211853937009,-0.27228940730314954,-0.6361447036515748,-0.8180723518257874,-0.9090361759128938,0.04548191204355312,0.5227409560217766,0.7613704780108883,-0.11931476099455585,0.4403426195027221,0.720171309751361,0.8600856548756806,0.9300428274378403,0.9650214137189201,0.9825107068594601,0.99125535342973,0.9956276767148651,-0.0021861616425674635,-0.5010930808212837,0.24945345958935816,0.624726729794679,0.8123633648973395,-0.09381831755133024,-0.5469091587756651,0.22654542061216743,0.6132727103060838,-0.19336364484695812,0.40331817757652094,-0.29834091121173956,0.3508295443941302,0.6754147721970651,-0.16229261390146743,0.4188536930492663,0.7094268465246332,-0.14528657673768341,-0.5726432883688417,0.21367835581557915,-0.3931608220922104,0.30341958895389476,-0.3482902055230526,0.3258548972384737,-0.33707255138076314,-0.6685362756903815,-0.8342681378451908,0.08286593107740459,0.5414329655387022,-0.22928351723064888,0.38535824138467556,-0.3073208793076622,-0.6536604396538311,0.17316978017308443,-0.41341510991345776,0.2932924450432711,-0.35335377747836444,0.3233231112608178,0.6616615556304088,0.8308307778152044,-0.08458461109239779,-0.5422923055461989,0.22885384722690055,0.6144269236134503,-0.19278653819327485,-0.5963932690966374,0.20180336545168132,0.6009016827258407,0.8004508413629203,0.9002254206814602,0.9501127103407301,0.975056355170365,-0.01247182241481748,-0.5062359112074087,-0.7531179556037044,0.12344102219814779,0.561720511099074,-0.21913974445046303,0.3904301277747685,0.6952150638873842,0.8476075319436921,-0.07619623402815395,-0.538098117014077,0.23095094149296153,0.6154754707464808,0.8077377353732405,-0.09613113231337977,-0.5480655661566899,-0.7740327830783449,-0.8870163915391724,0.05649180423041378,0.5282459021152068,-0.23587704894239658,-0.6179385244711983,-0.8089692622355992,-0.9044846311177996,-0.9522423155588998,-0.97612115777945,0.011939421110275017,0.5059697105551375,0.7529848552775688,-0.12350757236121562,0.4382462138193922,0.7191231069096962,-0.14043844654515192,0.42978077672742404,-0.285109611636288,0.357445194181856,-0.32127740290907203,0.339361298545464,0.669680649272732,0.834840324636366,0.917420162318183,0.9587100811590915,0.9793550405795457,-0.01032247971022715,0.4948387601448864,0.7474193800724432,-0.12629030996377838,0.4368548450181108,0.7184274225090554,-0.14078628874547228,0.42960685562726386,0.7148034278136319,0.857401713906816,0.928700856953408,-0.03564957152329601,-0.517824785761648,0.24108760711917598,0.620543803559588,0.810271901779794,0.9051359508898971,-0.047432024555051466,-0.5237160122775257,-0.7618580061387629,0.11907099693061857,-0.44046450153469074,-0.7202322507673453,-0.8601161253836727,-0.9300580626918363,0.034970968654081835,0.5174854843270409,0.7587427421635204,0.8793713710817602,-0.06031431445911989,0.4698428427704401,0.73492142138522,0.86746071069261,0.933730355346305,0.9668651776731525,0.9834325888365762,0.9917162944182881,-0.004141852790855938,0.49792907360457206,0.748964536802286,0.8744822684011431,0.9372411342005715,0.9686205671002858,0.9843102835501429,0.9921551417750715,0.9960775708875358,0.9980387854437679,-0.0009806072781160524,0.499509696360942,0.749754848180471,0.8748774240902355,0.9374387120451178,0.9687193560225589,0.9843596780112794,0.9921798390056398,-0.003910080497180113,0.49804495975140994,0.749022479875705,-0.1254887600621475,0.43725561996892626,0.7186278099844632,0.8593139049922316,0.9296569524961158,0.9648284762480579,-0.01758576187597105,0.4912071190620145,-0.2543964404689928,-0.6271982202344963,0.18640088988275183,0.5932004449413759,-0.20339977752931204,0.398300111235344,0.699150055617672,0.849575027808836,0.9247875139044179,-0.03760624304779103,-0.5188031215238955,-0.7594015607619478,0.12029921961902612,0.5601496098095131,-0.21992519509524344,0.3900374024523783,0.6950187012261891,-0.15249064938690543,-0.5762453246934527,0.21187733765327366,0.6059386688266368,-0.19703066558668159,-0.5985153327933408,-0.7992576663966704,-0.8996288331983352,0.0501855834008324,0.5250927917004162,0.7625463958502081,0.8812731979251041,0.940636598962552,0.970318299481276,0.985159149740638,0.992579574870319,0.9962897874351595,0.9981448937175798,0.9990724468587899,0.999536223429395,-0.00023188828530251726,0.49988405585734874,0.7499420279286744,0.8749710139643372,0.9374855069821686,0.9687427534910843,-0.015628623254457852,-0.5078143116272289,-0.7539071558136144,-0.8769535779068072,-0.9384767889534036,0.030761605523298208,0.5153808027616491,0.7576904013808246,0.8788452006904123,0.9394226003452062,0.9697113001726031,0.9848556500863015,-0.007572174956849254,0.4962139125215754,0.7481069562607877,0.8740534781303939,0.937026739065197,0.9685133695325985,0.9842566847662992,0.9921283423831496,0.9960641711915748,0.9980320855957874,0.9990160427978937,-0.0004919786010531557,0.49975401069947345,0.7498770053497368,-0.1250614973251316,0.4374692513374342,-0.2812653743312829,0.3593673128343585,0.6796836564171793,-0.16015817179141034,-0.5800790858957052,-0.7900395429478526,0.1049802285260737,0.5524901142630368,0.7762450571315185,0.8881225285657592,0.9440612642828796,-0.02796936785856019,-0.5139846839292801,0.24300765803535995,0.62150382901768,-0.18924808549116,-0.59462404274558,0.20268797862721,-0.398656010686395,0.3006719946568025,-0.34966400267159875,0.32516799866420065,-0.3374160006678997,-0.6687080003339498,-0.8343540001669749,-0.9171770000834875,-0.9585885000417438,0.020705749979128107,0.510352874989564,-0.24482356250521797,0.377588218747391,-0.3112058906263045,-0.6556029453131522,0.1721985273434239,0.586099263671712,0.793049631835856,-0.10347518408207201,0.448262407958964,-0.275868796020518,0.362065601989741,-0.3189671990051295,-0.6594835995025647,-0.8297417997512824,0.08512910012435881,0.5425645500621794,0.7712822750310897,0.8856411375155449,0.9428205687577724,-0.028589715621113787,-0.5142948578105568,0.24285257109472158,0.6214262855473608,-0.1892868572263196,-0.5946434286131598,-0.7973217143065798,-0.8986608571532899,-0.949330428576645,0.02533478571167752,0.5126673928558387,0.7563336964279194,0.8781668482139597,0.9390834241069799,0.9695417120534899,0.984770856026745,-0.007614571986627516,-0.5038072859933138,-0.7519036429966569,0.12404817850167155,-0.4379759107491642,0.2810120446254179,0.6405060223127089,0.8202530111563544,0.9101265055781772,-0.0449367472109114,0.4775316263945443,0.7387658131972721,-0.13061709340136396,-0.565308546700682,-0.782654273350341,0.1086728633248295,-0.44566356833758525,-0.7228317841687926,-0.8614158920843963,-0.9307079460421981,0.03464602697890096,-0.4826769865105495,0.2586615067447252,-0.3706692466276374,0.31466537668618133,-0.34266731165690933,-0.6713336558284546,-0.8356668279142273,-0.9178334139571136,0.0410832930214432,0.5205416465107215,0.7602708232553608,0.8801354116276804,0.9400677058138402,-0.029966147093079876,0.48501692645346006,0.74250846322673,0.871254231613365,0.9356271158066825,0.9678135579033412,0.9839067789516707,0.9919533894758353,-0.004023305262082333,0.4979883473689588,-0.2510058263155206,0.3744970868422397,-0.31275145657888015,-0.65637572828944,0.17181213585528,0.58590606792764,0.79295303396382,0.89647651698191,-0.051761741509045,-0.5258808707545225,-0.7629404353772613,0.11852978231136935,0.5592648911556847,0.7796324455778423,0.8898162227889211,0.9449081113944606,0.9724540556972303,0.9862270278486152,0.9931135139243076,0.9965567569621538,0.9982783784810769,-0.0008608107594615388,-0.5004304053797308,-0.7502152026898654,-0.8751076013449327,0.06244619932753365,0.5312230996637668,-0.2343884501681166,0.3828057749159417,0.6914028874579708,-0.15429855627101458,0.4228507218644927,-0.28857463906775366,0.35571268046612314,0.6778563402330615,-0.16107182988346924,0.4194640850582654,-0.2902679574708673,0.35486602126456634,0.6774330106322832,0.8387165053161416,0.9193582526580708,0.9596791263290354,0.9798395631645177,0.9899197815822589,0.9949598907911295,0.9974799453955647,0.9987399726977824,0.9993699863488912,-0.0003150068255544092,-0.5001575034127772,0.2499212482936114,-0.3750393758531943,0.3124803120734029,0.6562401560367015,0.8281200780183507,0.9140600390091753,-0.04296998049541234,0.47851500975229383,-0.26074249512385306,0.36962875243807347,-0.31518562378096326,-0.6575928118904817,0.17120359405475916,-0.4143982029726204,-0.7071991014863102,0.14640044925684492,-0.42679977537157754,-0.7133998876857888,-0.8566999438428944,0.07165002807855281,-0.4641749859607236,0.2679125070196382,0.6339562535098191,-0.18302187324509045,0.4084890633774548,0.7042445316887274,-0.14787773415563632,-0.5739388670778182,0.21303056646109092,-0.3934847167694545,-0.6967423583847272,0.1516288208076364,0.5758144104038182,0.7879072052019092,0.8939536026009546,0.9469768013004773,0.9734884006502387,-0.013255799674880664,-0.5066278998374403,0.24668605008127986,0.62334302504064,0.81167151252032,0.90583575626016,-0.04708212186992,0.47645893906504,0.73822946953252,0.86911473476626,0.93455736738313,-0.032721316308435,0.4836393418457825,-0.25818032907710875,-0.6290901645385544,0.1854549177307228,0.5927274588653614,0.7963637294326806,0.8981818647163403,0.9490909323581702,-0.025454533820914893,-0.5127272669104574,-0.7563636334552287,0.12181818327238564,-0.43909090836380715,-0.7195454541819035,0.14022727290904824,0.5701136364545241,0.785056818227262,0.892528409113631,-0.05373579544318452,0.47313210227840774,-0.26343394886079613,-0.6317169744303981,0.18414151278480095,-0.4079292436075995,0.29603537819620024,0.6480176890981001,-0.17599115545094995,-0.587995577725475,0.20600221113726253,-0.3969988944313687,-0.6984994472156844,0.15075027639215782,-0.4246248618039211,0.28768756909803944,0.6438437845490197,0.8219218922745098,-0.08903905386274508,-0.5445195269313725,-0.7722597634656863,-0.8861298817328431,-0.9430649408664216,-0.9715324704332108,0.014233764783394609,0.5071168823916973,-0.24644155880415136,0.37677922059792435,0.6883896102989622,0.8441948051494811,0.9220974025747406,0.9610487012873703,-0.01947564935631485,0.4902621753218426,0.7451310876609213,0.8725655438304607,0.9362827719152303,-0.031858614042384825,0.48407069297880756,0.7420353464894038,0.8710176732447019,0.935508836622351,-0.03224558168882452,-0.5161227908444123,0.24193860457779387,0.6209693022888969,0.8104846511444485,0.9052423255722242,-0.047378837213887914,0.47631058139305604,0.7381552906965281,0.869077645348264,-0.06546117732586798,-0.532730588662934,-0.7663652943314669,-0.8831826471657335,0.058408676417133265,-0.4707956617914334,0.2646021691042833,0.6323010845521416,-0.1838494577239292,-0.5919247288619646,0.20403763556901772,0.6020188177845088,-0.19899059110774558,-0.5994952955538728,-0.7997476477769364,0.1001261761115318,-0.44993691194423413,-0.724968455972117,-0.8624842279860585,-0.9312421139930293,0.034378943003485374,-0.48281052849825734,0.25859473575087133,-0.37070263212456434,-0.6853513160622822,-0.8426756580311411,0.07866217098442946,0.5393310854922148,0.7696655427461074,-0.11516722862694628,-0.5575836143134731,0.22120819284326343,0.6106040964216317,-0.19469795178918414,-0.597348975894592,0.201325512052704,-0.399337243973648,0.300331378013176,0.650165689006588,-0.174917155496706,-0.587458577748353,-0.7937292888741765,-0.8968646444370882,0.05156767778145588,-0.47421616110927206,-0.7371080805546361,-0.868554040277318,0.06572297986134101,0.5328614899306705,0.7664307449653353,-0.11678462751733237,0.44160768624133384,0.7208038431206669,-0.13959807843966654,-0.5697990392198333,0.21510048039008334,-0.39244975980495833,0.30377512009752083,0.6518875600487604,0.8259437800243802,-0.08702810998780991,-0.5435140549939049,0.22824297250304754,-0.38587851374847626,-0.6929392568742381,-0.846469628437119,0.07676518578144048,0.5383825928907202,-0.2308087035546399,0.38459564822268005,0.69229782411134,0.84614891205567,0.923074456027835,0.9615372280139175,-0.01923138599304125,0.49038430700347935,0.7451921535017396,-0.1274039232491302,-0.5637019616245651,-0.7818509808122825,0.10907450959385873,-0.4454627452030706,-0.7227313726015353,-0.8613656863007677,-0.9306828431503839,0.03465857842480807,-0.48267071078759594,0.25866464460620203,-0.370667677696899,-0.6853338388484496,-0.8426669194242248,0.07866654028788761,-0.46066672985605617,0.2696666350719719,0.6348333175359859,0.817416658767993,0.9087083293839965,0.9543541646919982,-0.022822917654000907,0.48858854117299955,0.7442942705864998,-0.1278528647067501,0.43607356764662497,-0.2819632161766875,0.35901839191165624,-0.32049080404417185,0.3397545979779141,-0.33012270101104296,-0.6650613505055215,0.16746932474723925,0.5837346623736196,0.7918673311868099,0.8959336655934049,-0.05203316720329754,0.47398341639835123,0.7369917081991756,-0.1315041459004122,0.43424792704979387,-0.28287603647510307,-0.6414380182375515,0.17928099088122423,0.5896404954406121,-0.20517975227969393,-0.6025898761398469,0.19870506193007653,0.5993525309650383,0.7996762654825191,-0.10016186725874043,-0.5500809336293702,0.22495953318531492,-0.38752023340734254,0.30623988329632873,-0.34688005835183566,0.32655997082408217,-0.3367200145879589,0.3316399927060205,-0.33418000364698974,-0.6670900018234949,-0.8335450009117474,-0.9167725004558738,0.04161374977206311,0.5208068748860315,0.7604034374430158,-0.11979828127849212,0.44010085936075394,0.7200504296803769,-0.13997478515981154,-0.5699873925799057,-0.7849936962899529,0.10750315185502357,-0.4462484240724882,-0.7231242120362441,-0.861562106018122,0.069218946990939,-0.4653905265045305,0.26730473674773475,-0.3663476316261326,0.3168261841869337,0.6584130920934669,-0.17079345395326656,0.41460327302336675,-0.2926983634883166,0.35365081825584166,-0.32317459087207917,-0.6615872954360396,0.16920635228198022,0.5846031761409901,0.7923015880704951,0.8961507940352476,0.9480753970176238,0.9740376985088119,0.987018849254406,0.9935094246272029,-0.0032452876863985347,0.49837735615680073,0.7491886780784004,-0.1254056609607998,0.43729716951960007,-0.28135141524019996,-0.6406757076201,0.17966214618995002,0.589831073094975,0.7949155365474875,-0.10254223172625626,-0.5512711158631282,0.22436444206843592,0.6121822210342179,0.8060911105171089,0.9030455552585545,0.9515227776292772,0.9757613888146386,-0.012119305592680707,0.49394034720365965,-0.2530298263981702,0.3734850868009149,0.6867425434004575,-0.15662872829977126,-0.5783143641498856,-0.7891571820749428,0.1054214089625286,-0.4472892955187357,-0.7236446477593679,-0.8618223238796839,-0.930911161939842,-0.965455580969921,-0.9827277904849605,0.008636104757519747,-0.4956819476212401,-0.7478409738106201,-0.8739204869053101,-0.936960243452655,0.031519878273672475,0.5157599391368363,-0.24212003043158187,0.3789399847842091,0.6894699923921046,-0.1552650038039477,0.42236749809802615,0.711183749049013,-0.14440812547549348,-0.5722040627377467,0.21389796863112664,-0.3930510156844367,0.30347449215778166,0.6517372460788908,0.8258686230394454,0.9129343115197227,0.9564671557598614,0.9782335778799307,-0.010883211060034648,-0.5054416055300173,-0.7527208027650086,-0.8763604013825044,0.061819799308747814,0.530909899654374,0.765454949827187,-0.11727252508640651,0.44136373745679675,-0.27931813127160166,0.3603409343641992,-0.3198295328179004,0.3400852335910498,-0.3299573832044751,-0.6649786916022375,-0.8324893458011188,0.08375532709944061,0.5418776635497203,0.7709388317748602,-0.11453058411256989,-0.5572652920562849,-0.7786326460281425,-0.8893163230140713,0.05534183849296437,0.5276709192464821,-0.23616454037675894,-0.6180822701883795,-0.8090411350941897,0.09547943245290513,0.5477397162264526,-0.22613014188677372,-0.6130650709433869,-0.8065325354716935,0.09673373226415327,-0.45163313386792336,-0.7258165669339617,0.13709171653301916,-0.4314541417334904,-0.7157270708667451,-0.8578635354333726,0.07106823228331371,-0.46446588385834314,0.26776705807082846,0.6338835290354142,0.8169417645177071,-0.09152911774114647,0.45423544112942676,0.7271177205647134,0.8635588602823567,-0.06822056985882163,0.4658897150705892,0.7329448575352946,-0.1335275712323527,-0.5667637856161764,0.21661810719191182,0.6083090535959559,0.8041545267979779,-0.09792273660101103,-0.5489613683005055,0.22551931584974727,0.6127596579248736,0.8063798289624369,0.9031899144812184,0.9515949572406093,0.9757974786203046,0.9878987393101524,-0.006050630344923813,-0.503025315172462,0.24848734241376902,0.6242436712068845,-0.18787816439655775,-0.5939390821982788,0.20303045890086058,0.6015152294504302,0.8007576147252151,-0.09962119263739244,-0.5498105963186962,-0.774905298159348,-0.887452649079674,0.056273675460162986,0.5281368377300815,0.7640684188650407,0.8820342094325204,0.9410171047162602,0.97050855235813,-0.014745723820934975,0.4926271380895325,-0.25368643095523374,0.3731567845223831,-0.31342160773880845,-0.6567108038694043,0.17164459806529786,0.5858222990326489,0.7929111495163245,0.8964555747581622,0.9482277873790811,-0.025886106310459456,0.4870569468447703,-0.25647152657761485,0.3717642367111926,-0.3141178816444037,0.34294105917779816,-0.3285294704111009,0.33573526479444954,-0.3321323676027752,-0.6660661838013876,0.1669669080993062,-0.41651654595034693,0.29174172702482654,0.6458708635124133,0.8229354317562066,0.9114677158781033,-0.044266142060948366,0.4778669289695258,0.7389334644847629,0.8694667322423815,-0.06526663387880927,-0.5326333169394046,0.23368334153029768,0.6168416707651488,0.8084208353825744,0.9042104176912872,-0.04789479115435641,0.4760526044228218,0.7380263022114109,0.8690131511057054,0.9345065755528528,-0.032746712223573615,0.4836266438882132,0.7418133219441065,0.8709066609720533,0.9354533304860266,0.9677266652430133,0.9838633326215067,-0.008068333689246643,-0.5040341668446233,0.24798291657768834,-0.37600854171115583,-0.6880042708555779,-0.8440021354277889,-0.9220010677138945,0.038999466143052774,-0.4805002669284736,0.2597498665357632,-0.3701250667321184,0.3149374666339408,0.6574687333169704,0.8287343666584852,0.9143671833292426,-0.0428164083353787,-0.5214082041676893,-0.7607041020838446,-0.8803520510419223,-0.9401760255209611,-0.9700880127604805,-0.9850440063802403,0.007477996809879872,-0.49626100159506004,0.25186949920247,0.625934749601235,-0.18703262519938252,0.4064836874003087,0.7032418437001544,-0.1483790781499228,0.4258104609250386,0.7129052304625193,-0.14354738476874035,-0.5717736923843701,0.21411315380781493,-0.39294342309609254,-0.6964717115480463,0.15176414422597684,0.5758820721129885,0.7879410360564942,-0.10602948197175288,-0.5530147409858764,0.22349262950706178,0.6117463147535309,-0.19412684262323454,-0.5970634213116173,-0.7985317106558086,0.10073414467209568,0.5503670723360479,0.7751835361680239,0.887591768084012,0.943795884042006,-0.028102057978997008,0.4859489710105015,-0.25702551449474925,-0.6285127572473747,0.18574362137631267,-0.4071281893118437,-0.7035640946559218,0.14821795267203908,-0.42589102366398046,-0.7129455118319903,-0.8564727559159951,-0.9282363779579976,0.035881811021001186,0.5179409055105006,0.7589704527552503,-0.12051477362237484,0.4397426131888126,-0.2801286934055937,-0.6400643467027969,-0.8200321733513984,-0.9100160866756992,0.04499195666215039,-0.4775040216689248,0.2612479891655376,0.6306239945827687,0.8153119972913844,-0.09234400135430781,0.4538279993228461,0.7269139996614231,0.8634569998307116,0.9317284999153558,0.965864249957678,-0.017067875021161028,0.4914660624894195,-0.25426696875529026,0.37286651562235484,0.6864332578111774,0.8432166289055887,0.9216083144527943,-0.03919584277360283,-0.5195979213868014,-0.7597989606934007,-0.8798994803467004,0.0600502598266498,-0.4699748700866751,-0.7349874350433375,0.13250628247833124,-0.4337468587608344,0.2831265706195828,-0.3584367146902086,-0.6792183573451043,0.16039082132744786,0.5801954106637239,0.790097705331862,0.895048852665931,-0.05247557366703448,-0.5262377868335173,0.23688110658324135,0.6184405532916206,-0.1907797233541897,-0.5953898616770948,-0.7976949308385475,0.10115253458072626,0.5505762672903631,0.7752881336451816,0.8876440668225908,0.9438220334112954,0.9719110167056477,0.9859555083528239,0.992977754176412,0.996488877088206,-0.0017555614558970034,0.49912221927205147,0.7495611096360257,0.8747805548180129,-0.06260972259099357,0.4686951387045032,-0.2656524306477484,-0.6328262153238742,-0.8164131076619371,0.09179344616903146,0.5458967230845158,-0.22705163845774212,-0.6135258192288711,-0.8067629096144355,-0.9033814548072178,0.04830927259639112,0.5241546362981956,-0.2379226818509022,0.3810386590745489,-0.30948067046272554,-0.6547403352313628,-0.8273701676156814,-0.9136850838078407,0.043157458096079626,-0.4784212709519602,-0.7392106354759801,-0.8696053177379901,0.06519734113100495,0.5325986705655025,0.7662993352827512,0.8831496676413756,-0.058425166179312205,-0.5292125830896561,0.23539370845517193,0.617696854227586,0.808848427113793,0.9044242135568965,0.9522121067784483,0.9761060533892241,0.988053026694612,0.9940265133473061,-0.0029867433263469634,0.4985066283368265,-0.25074668583158677,-0.6253733429157934,0.1873133285421033,0.5936566642710517,0.7968283321355258,0.8984141660677629,-0.05079291696611854,0.47460354151694073,0.7373017707584704,-0.13134911462076482,-0.5656745573103824,-0.7828372786551911,0.10858136067240443,0.5542906803362022,0.7771453401681011,0.8885726700840506,0.9442863350420253,0.9721431675210126,0.9860715837605063,-0.006964208119746851,-0.5034821040598734,-0.7517410520299367,0.12412947398503166,0.5620647369925158,0.7810323684962579,0.890516184248129,0.9452580921240645,-0.027370953937967735,0.48631452303101613,0.7431572615155081,-0.12842136924224595,0.435789315378877,-0.2821053423105615,0.35894732884471925,0.6794736644223596,-0.16026316778882022,-0.5801315838944101,0.20993420805279495,0.6049671040263975,0.8024835520131988,0.9012417760065994,-0.04937911199670031,0.47531044400164985,0.7376552220008249,-0.13117238899958755,0.43441380550020625,0.7172069027501031,0.8586034513750516,0.9293017256875258,-0.03534913715623711,-0.5176745685781186,0.24116271571094072,-0.37941864214452964,0.3102906789277352,-0.3448546605361324,-0.6724273302680662,0.1637863348659669,0.5818931674329835,-0.20905341628350826,0.39547329185824587,-0.30226335407087707,0.3488683229645615,0.6744341614822807,0.8372170807411403,0.9186085403705702,0.9593042701852851,0.9796521350926426,0.9898260675463213,0.9949130337731606,0.9974565168865803,0.9987282584432902,0.9993641292216451,0.9996820646108225,0.9998410323054112,-7.948384729439262e-05,-0.5000397419236472,0.2499801290381764,0.6249900645190882,0.8124950322595441,-0.09375248387022794,-0.546876241935114,-0.7734381209675569,-0.8867190604837785,0.05664046975811077,0.5283202348790554,0.7641601174395277,0.8820800587197639,-0.05895997064011804,0.470520014679941,0.7352600073399704,0.8676300036699852,0.9338150018349927,0.9669075009174963,0.9834537504587482,-0.008273124770625917,-0.5041365623853129,0.24793171880734355,-0.3760341405963282,0.3119829297018359,-0.34400853514908203,-0.672004267574541,-0.8360021337872705,0.08199893310636475,-0.4590005334468176,-0.7295002667234088,-0.8647501333617045,0.06762493331914776,0.5338124666595738,0.7669062333297869,0.8834531166648935,0.9417265583324468,-0.029136720833776608,0.4854316395831117,-0.2572841802084441,-0.628642090104222,0.185678954947889,-0.4071605225260555,-0.7035802612630278,-0.8517901306315139,0.07410493468424306,-0.46294753265787847,-0.7314737663289392,0.13426311683553038,0.5671315584177652,0.7835657792088826,0.8917828896044413,0.9458914448022206,0.9729457224011103,0.9864728612005551,-0.006763569399722447,-0.5033817846998612,0.24830910765006942,0.6241545538250347,0.8120772769125173,0.9060386384562586,0.9530193192281293,0.9765096596140647,-0.011745170192967669,-0.5058725850964838,-0.7529362925482419,0.12353185372587905,0.5617659268629396,0.7808829634314698,0.8904414817157349,-0.05477925914213255,-0.5273896295710663,0.23630518521446686,0.6181525926072334,0.8090762963036167,0.9045381481518083,0.9522690740759041,-0.023865462962047945,0.488067268518976,0.744033634259488,0.872016817129744,-0.063991591435128,-0.5319957957175641,0.23400210214121797,0.617001051070609,-0.1914994744646955,0.40425026276765225,-0.29787486861617385,-0.6489374343080869,-0.8244687171540435,-0.9122343585770217,0.043882820711489134,0.5219414103557446,-0.2390292948221277,0.3804853525889361,-0.30975732370553194,0.345121338147234,-0.327439330926383,-0.6637196654631915,0.16814016726840425,0.5840700836342021,0.792035041817101,-0.10398247909144948,-0.5519912395457247,0.22400438022713764,-0.3879978098864312,0.3060010950567844,-0.3469994524716078,-0.6734997262358039,0.16325013688209805,0.581625068441049,0.7908125342205246,-0.10459373288973772,-0.5522968664448689,-0.7761484332224344,0.11192578338878278,0.5559628916943914,0.7779814458471956,-0.11100927707640218,0.4444953614617989,0.7222476807308995,0.8611238403654498,0.9305619201827249,-0.03471903990863756,0.4826404800456812,-0.2586797599771594,0.3706601200114203,0.6853300600057102,0.8426650300028551,0.9213325150014275,0.9606662575007138,0.9803331287503569,0.9901665643751785,-0.004916717812410765,0.4975416410937946,0.7487708205468973,-0.12561458972655137,-0.5628072948632756,-0.7814036474316378,0.10929817628418109,-0.4453509118579094,-0.7226754559289548,0.13866227203552262,0.5693311360177613,-0.21533443199111935,-0.6076672159955596,-0.8038336079977798,0.0980831960011101,0.5490415980005551,-0.22547920099972246,-0.6127396004998612,-0.8063698002499307,0.09681509987503467,-0.45159245006248266,-0.7257962250312413,0.13710188748437935,0.5685509437421896,0.7842754718710948,0.8921377359355473,0.9460688679677737,0.9730344339838868,-0.013482783008056609,-0.5067413915040283,-0.7533706957520141,0.12331465212399295,-0.4383426739380035,-0.7191713369690018,0.1404143315154991,0.5702071657577495,-0.21489641712112523,0.3925517914394374,0.6962758957197187,-0.15186205214014065,0.4240689739299297,-0.28796551303503515,0.3560172434824824,-0.3219913782587588,0.3390043108706206,0.6695021554353103,-0.16524892228234483,0.4173755388588276,-0.2913122305705862,0.3543438847147069,-0.32282805764264655,-0.6614140288213233,-0.8307070144106616,-0.9153535072053308,0.04232324639733459,-0.4788383768013327,0.26058081159933366,-0.36970959420033317,0.3151452028998334,-0.3424273985500833,-0.6712136992750417,0.16439315036247915,-0.4178034248187604,0.2910982875906198,0.6455491437953099,-0.17722542810234504,-0.5886127140511725,0.20569364297441373,0.6028468214872069,0.8014234107436035,0.9007117053718017,0.9503558526859008,0.9751779263429504,0.9875889631714752,-0.006205518414262423,0.4968972407928688,-0.2515513796035656,-0.6257756898017828,-0.8128878449008914,0.0935560775495543,-0.45322196122522285,0.2733890193873886,0.6366945096936942,0.8183472548468471,-0.09082637257657644,0.4545868137117118,-0.27270659314414414,-0.6363532965720721,0.18182335171396397,0.590911675856982,0.7954558379284911,0.8977279189642455,0.9488639594821228,0.9744319797410614,0.9872159898705307,-0.0063920050647346405,0.4968039974676327,0.7484019987338164,-0.1257990006330918,-0.5628995003165459,0.21855024984172705,-0.39072487507913645,-0.6953624375395682,0.15231878123021592,0.5761593906151079,-0.21192030469244605,0.394039847653777,0.6970199238268885,0.8485099619134442,0.9242549809567221,0.962127490478361,0.9810637452391805,-0.009468127380409752,-0.5047340636902049,-0.7523670318451025,0.12381648407744877,0.5619082420387244,0.7809541210193622,0.8904770605096811,0.9452385302548405,-0.02738073487257975,-0.5136903674362898,-0.7568451837181449,0.12157740814092755,0.5607887040704638,0.7803943520352319,0.8901971760176159,0.945098588008808,0.972549294004404,0.986274647002202,-0.00686267649889899,-0.5034313382494495,-0.7517156691247248,0.12414216543763762,0.5620710827188188,-0.2189644586405906,0.3905177706797047,-0.30474111466014764,0.3476294426699262,-0.3261852786650369,0.33690736066748156,-0.33154631966625925,0.3342268401668704,0.6671134200834352,0.8335567100417176,0.9167783550208588,0.9583891775104294,0.9791945887552147,0.9895972943776074,-0.005201352811196325,-0.5026006764055981,0.24869966179720093,0.6243498308986004,-0.1878250845506998,0.4060874577246501,-0.296956271137675,0.3515218644311625,0.6757609322155813,0.8378804661077907,-0.08105976694610467,-0.5405298834730523,-0.7702649417365262,-0.8851324708682631,0.05743376456586846,0.5287168822829342,0.7643584411414671,0.8821792205707335,0.9410896102853668,-0.029455194857316624,-0.5147275974286583,0.24263620128567087,-0.37868189935716456,0.3106590503214177,0.6553295251607089,0.8276647625803544,-0.08616761870982281,0.4569161906450886,0.7284580953225444,0.8642290476612722,0.9321145238306361,-0.033942738084681956,-0.516971369042341,0.2415143154788295,-0.37924284226058524,-0.6896214211302927,-0.8448107105651463,0.07759464471742683,0.5387973223587135,0.7693986611793567,0.8846993305896784,0.9423496652948392,0.9711748326474197,0.9855874163237098,-0.007206291838145085,0.4963968540809275,-0.25180157295953626,-0.6259007864797681,0.18704960676011595,-0.406475196619942,-0.703237598309971,0.1483812008450145,0.5741906004225072,0.7870953002112536,0.8935476501056268,-0.05322617494718662,0.4733869125264067,-0.2633065437367966,0.3683467281316017,-0.31582663593419913,0.34208668203290044,0.6710433410164502,0.8355216705082251,0.9177608352541126,-0.04111958237294372,-0.5205597911864719,0.23972010440676406,0.619860052203382,0.8099300261016911,-0.09503498694915447,0.45248250652542277,0.7262412532627114,0.8631206266313557,0.9315603133156778,-0.034219843342161105,-0.5171099216710806,0.2414450391644597,-0.37927748041777015,-0.689638740208885,0.15518062989555748,-0.42240968505222126,-0.7112048425261106,-0.8556024212630553,-0.9278012106315277,0.036099394684236175,0.518049697342118,0.759024848671059,0.8795124243355295,0.9397562121677647,0.9698781060838824,0.9849390530419412,0.9924695265209706,0.9962347632604853,0.9981173816302427,-0.0009413091848786692,0.49952934540756067,0.7497646727037803,-0.12511766364810983,-0.5625588318240549,-0.7812794159120274,0.10936029204398628,0.5546801460219931,0.7773400730109965,0.8886700365054983,0.9443350182527491,-0.027832490873625437,0.4860837545631873,0.7430418772815937,0.8715209386407968,0.9357604693203985,0.9678802346601992,0.9839401173300997,0.9919700586650498,-0.004014970667475082,0.4979925146662625,0.7489962573331312,-0.12550187133343438,-0.5627509356667172,-0.7813754678333587,0.10931226608332067,0.5546561330416604,0.7773280665208302,0.8886640332604151,0.9443320166302076,-0.027833991684896198,-0.5139169958424481,0.24304150207877595,0.621520751039388,0.8107603755196939,-0.09461981224015303,0.4526900938799235,-0.2736549530600383,-0.6368274765300191,-0.8184137382650096,-0.9092068691325048,0.04539656543374759,0.5226982827168738,0.7613491413584369,-0.11932542932078155,-0.5596627146603907,-0.7798313573301954,-0.8899156786650977,-0.9449578393325488,-0.9724789196662744,0.01376054016686279,-0.4931197299165686,-0.7465598649582843,0.12672006752085785,0.563360033760429,-0.2183199831197855,-0.6091599915598928,0.19542000422005362,0.5977100021100268,-0.2011449989449866,-0.6005724994724932,-0.8002862497362466,-0.9001431248681233,0.049928437565938344,0.5249642187829692,-0.23751789060851541,0.3812410546957423,0.6906205273478712,-0.15468973632606442,0.4226551318369678,-0.2886724340815161,-0.644336217040758,-0.822168108520379,0.08891594573981049,-0.45554202713009473,0.27222898643495264,0.6361144932174763,0.8180572466087381,-0.09097137669563093,-0.5454856883478154,-0.7727428441739077,-0.8863714220869539,-0.9431857110434769,0.028407144478261537,0.5142035722391307,0.7571017861195654,-0.12144910694021732,-0.5607245534701086,-0.7803622767350543,-0.8901811383675271,-0.9450905691837636,0.027454715408118224,-0.4862726422959409,-0.7431363211479705,-0.8715681605739852,-0.9357840802869926,0.03210795985650372,0.5160539799282519,-0.24197301003587407,0.37901349498206294,0.6895067474910315,0.8447533737455157,0.9223766868727579,-0.038811656563621066,-0.5194058282818106,0.2402970858590947,-0.37985145707045265,-0.6899257285352263,-0.8449628642676131,-0.9224814321338066,-0.9612407160669033,-0.9806203580334516,-0.9903101790167258,-0.995155089508363,-0.9975775447541815,0.0012112276229092611,0.5006056138114546,-0.24969719309427268,0.3751514034528637,0.6875757017264319,0.843787850863216,0.921893925431608,-0.03905303728419601,0.480473481357902,-0.259763259321049,0.3701183703394755,0.6850591851697377,-0.15747040741513113,-0.5787352037075656,-0.7893676018537827,-0.8946838009268914,-0.9473419004634457,0.026329049768277157,-0.48683547511586145,-0.7434177375579307,-0.8717088687789654,0.06414556561051732,-0.46792721719474134,-0.7339636085973706,-0.8669818042986853,0.06650909785065734,-0.46674545107467136,-0.7333727255373357,-0.8666863627686678,0.06665681861566608,0.533328409307833,0.7666642046539165,0.8833321023269582,-0.05833394883652088,-0.5291669744182604,0.23541651279086978,0.6177082563954349,-0.19114587180228254,-0.5955729359011412,-0.7977864679505706,-0.8988932339752853,0.050553383012357345,-0.4747233084938213,0.2626383457530893,0.6313191728765446,-0.1843404135617277,0.40782979321913615,0.7039148966095681,0.851957448304784,0.925978724152392,0.962989362076196,0.981494681038098,0.990747340519049,0.9953736702595245,0.9976868351297623,-0.001156582435118847,0.4994217087824406,0.7497108543912203,-0.12514457280438984,0.4374277135978051,0.7187138567989025,-0.14064307160054873,-0.5703215358002743,0.21483923209986283,0.6074196160499314,-0.19629019197503428,0.40185490401248286,-0.2990725479937586,-0.6495362739968793,0.17523186300156035,0.5876159315007802,-0.2061920342496099,-0.603096017124805,-0.8015480085624025,-0.9007740042812012,0.04961299785939938,-0.47519350107030034,0.26240324946484983,-0.3687983752675751,-0.6843991876337876,0.1578004061831062,0.5789002030915531,-0.21054989845422345,0.3947250507728883,-0.30263747461355583,0.3486812626932221,-0.32565936865338896,0.3371703156733055,0.6685851578366527,0.8342925789183264,0.9171462894591632,-0.041426855270418395,-0.5207134276352092,-0.7603567138176046,-0.8801783569088023,0.05991082154559885,-0.4700445892272006,0.2649777053863997,0.6324888526931999,0.8162444263466,0.9081222131733,-0.04593889341335,-0.522969446706675,-0.7614847233533375,0.11925763832333125,-0.4403711808383344,-0.7201855904191672,-0.8600927952095836,-0.9300463976047918,0.0349768011976041,-0.4825115994011979,0.25874420029940104,-0.3706278998502995,0.3146860500748503,-0.34265697496257486,0.32867151251871257,0.6643357562593563,-0.16783212187032187,-0.5839160609351609,0.20804196953241955,-0.3959790152337902,-0.6979895076168952,-0.8489947538084476,0.07550262309577621,0.5377513115478881,0.768875655773944,0.884437827886972,-0.057781086056514,0.471109456971743,0.7355547284858714,0.8677773642429357,-0.06611131787853214,0.4669443410607339,-0.26652782946963305,0.3667360852651835,-0.31663195736740823,0.3416840213162959,0.670842010658148,-0.16457899467092602,-0.582289497335463,-0.7911447486677314,-0.8955723743338657,0.05221381283306714,-0.47389309358346643,0.2630534532082668,0.6315267266041333,0.8157633633020667,0.9078816816510333,0.9539408408255167,0.9769704204127583,-0.011514789793620861,-0.5057573948968104,0.2471213025515948,-0.3764393487242026,-0.6882196743621013,-0.8441098371810507,0.07794508140947465,0.5389725407047373,0.7694862703523686,0.8847431351761843,0.9423715675880922,0.9711857837940461,0.985592891897023,-0.007203554051488481,0.49639822297425573,-0.25180088851287213,-0.6259004442564361,-0.8129502221282181,-0.906475111064109,-0.9532375555320545,0.023381222233972765,0.5116906111169863,-0.24415469444150684,-0.6220773472207535,-0.8110386736103767,-0.9055193368051884,0.047240331597405816,0.523620165798703,0.7618100828993515,0.8809050414496757,0.9404525207248379,-0.029773739637581065,0.4851131301812095,-0.25744343490939525,0.3712782825453024,0.6856391412726512,-0.15718042936367438,0.4214097853181628,0.7107048926590814,-0.14464755367045928,0.4276762231647704,0.7138381115823852,0.8569190557911925,-0.07154047210440373,-0.5357702360522019,0.23211488197389907,-0.38394255901305047,0.30802872049347474,0.6540143602467374,-0.1729928198766313,-0.5864964099383156,0.20675179503084218,-0.3966241024845789,0.30168794875771054,-0.3491560256211447,-0.6745780128105724,0.1627109935947138,0.5813554967973569,0.7906777483986784,-0.10466112580066078,0.4476694370996696,0.7238347185498348,0.8619173592749174,0.9309586796374587,-0.034520660181270646,0.4827396699093647,-0.25863016504531766,-0.6293150825226588,0.1853424587386706,-0.4073287706306647,0.2963356146846676,-0.3518321926576662,-0.6759160963288331,-0.8379580481644165,0.08102097591779173,0.5405104879588959,-0.22974475602055205,0.38512762198972395,-0.307436189005138,-0.653718094502569,-0.8268590472512845,-0.9134295236256422,-0.9567147618128211,-0.9783573809064106,-0.9891786904532053,-0.9945893452266026,0.002705327386698708,-0.49864733630665065,-0.7493236681533253,0.12533816592333735,0.5626690829616687,-0.21866545851916563,0.3906672707404172,0.6953336353702086,-0.15233318231489568,-0.5761665911574478,-0.7880832955787239,0.10595835221063804,0.552979176105319,0.7764895880526594,-0.11175520597367028,0.44412239701316486,0.7220611985065825,0.8610305992532912,-0.06948470037335441,0.4652576498133228,-0.26737117509333863,-0.6336855875466694,-0.8168427937733347,-0.9084213968866673,0.04578930155666633,0.5228946507783332,0.7614473253891666,-0.1192763373054167,0.4403618313472917,-0.27981908432635416,0.3600904578368229,-0.31995477108158854,-0.6599773855407942,0.1700113072296029,0.5850056536148014,-0.2074971731925993,0.39625141340370035,0.6981257067018501,0.849062853350925,-0.07546857332453749,-0.5377342866622687,-0.7688671433311344,0.11556642833443281,0.5577832141672164,0.7788916070836083,0.8894458035418041,0.944722901770902,0.972361450885451,0.9861807254427255,-0.006909637278637248,-0.5034548186393186,0.2482725906803407,-0.37586370465982966,-0.6879318523299148,-0.8439659261649575,0.07801703691752127,-0.46099148154123937,0.2695042592293803,0.6347521296146902,0.8173760648073451,0.9086880324036726,-0.04565598379816371,-0.5228279918990819,-0.761413995949541,0.11929300202522952,0.5596465010126148,0.7798232505063074,0.8899116252531537,-0.05504418737342315,-0.5275220936867115,0.23623895315664423,0.6181194765783221,-0.19094026171083894,-0.5954701308554194,0.20226493457229028,0.6011324672861451,0.8005662336430726,-0.09971688317846372,0.45014155841076814,0.7250707792053841,-0.13746461039730795,0.431267694801346,-0.28436615259932696,0.3578169237003365,-0.3210915381498317,0.33945423092508414,0.669727115462542,0.8348635577312711,-0.08256822113436446,0.45871588943281777,-0.2706420552835911,0.36467897235820446,0.6823394861791022,0.8411697430895511,-0.07941512845522447,0.46029243577238776,0.7301462178861939,0.865073108943097,0.9325365544715485,0.9662682772357742,0.9831341386178871,0.9915670693089436,0.9957835346544718,0.9978917673272358,0.9989458836636179,-0.0005270581681910413,0.49973647091590445,-0.2501317645420478,-0.6250658822710239,0.18746705886448806,0.593733529432244,0.7968667647161221,-0.10156661764193897,0.4492166911790305,0.7246083455895153,0.8623041727947576,-0.06884791360262121,-0.5344239568013106,0.2327880215993447,-0.3836059892003276,0.3081970053998362,0.6540985026999181,0.827049251349959,-0.0864753743250205,0.45676231283748975,0.7283811564187449,0.8641905782093724,-0.0679047108953138,0.4660476445523431,0.7330238222761716,0.8665119111380858,0.933255955569043,-0.033372022215478525,0.48331398889226074,-0.25834300555386963,0.3708284972230652,-0.3145857513884674,-0.6572928756942337,-0.8286464378471168,-0.9143232189235584,-0.9571616094617792,-0.9785808047308896,0.010709597634555201,-0.49464520118272237,-0.7473226005913611,-0.8736613002956806,0.06316934985215972,0.5315846749260799,0.76579233746304,-0.11710383126848001,-0.55855191563424,-0.77927595781712,-0.88963797890856,-0.94481898945428,-0.97240949472714,0.01379525263643,-0.493102373681785,-0.7465511868408925,0.12672440657955375,-0.4366377967102231,-0.7183188983551115,0.14084055082244423,0.5704202754112221,0.7852101377056111,-0.10739493114719445,-0.5536974655735972,-0.7768487327867986,-0.8884243663933993,0.05578781680330036,0.5278939084016502,-0.2360530457991749,-0.6180265228995875,-0.8090132614497938,0.0954933692751031,0.5477466846375516,0.7738733423187758,0.8869366711593879,-0.05653166442030605,0.471734167789847,-0.2641329161050765,-0.6320664580525382,-0.8160332290262691,-0.9080166145131345,0.04599169274343273,0.5229958463717164,-0.23850207681414182,-0.6192510384070709,0.19037448079646457,-0.4048127596017677,-0.7024063798008838,-0.851203189900442,-0.925601594950221,-0.9628007974751105,0.018599601262444754,-0.4907001993687776,0.2546499003156112,0.6273249501578055,-0.18633752492109723,-0.5931687624605486,-0.7965843812302743,-0.8982921906151371,0.05085390469243145,0.5254269523462157,-0.23728652382689214,-0.6186432619134461,0.19067836904327695,-0.4046608154783615,0.29766959226081924,0.6488347961304096,-0.1755826019347952,0.4122086990326024,-0.2938956504836988,-0.6469478252418495,-0.8234739126209247,-0.9117369563104624,-0.9558684781552311,-0.9779342390776156,-0.9889671195388078,-0.994483559769404,-0.997241779884702,-0.998620889942351,0.0006895550288245067,0.5003447775144123,0.7501723887572062,-0.12491380562139692,0.4375430971893015,-0.28122845140534924,0.3593857742973254,-0.3203071128513373,0.33984644357433136,-0.3300767782128343,0.33496161089358284,0.6674808054467914,-0.16625959727660428,-0.5831297986383022,-0.7915648993191511,0.10421755034042446,-0.44789122482978777,-0.7239456124148939,0.13802719379255307,-0.4309864031037235,0.28450679844813825,-0.3577466007759309,-0.6788733003879655,-0.8394366501939827,-0.9197183250969914,-0.9598591625484957,0.02007041872575216,0.510035209362876,-0.24498239531856197,-0.622491197659281,-0.8112455988296405,-0.9056227994148203,-0.9528113997074101,-0.9764056998537051,0.011797150073147467,0.5058985750365738,-0.24705071248171312,0.3764746437591434,0.6882373218795717,0.8441186609397858,0.922059330469893,0.9610296652349465,-0.019485167382526758,-0.5097425836912634,-0.7548712918456317,-0.8774356459228159,0.06128217703859207,0.530641088519296,-0.23467945574035198,-0.617339727870176,-0.808669863935088,-0.904334931967544,0.047832534016228,0.523916267008114,-0.238041866495943,0.38097906675202853,0.6904895333760143,-0.15475523331199287,0.4226223833440036,0.7113111916720019,-0.14434440416399907,-0.5721722020819995,-0.7860861010409997,-0.8930430505204998,0.05347847473975009,0.526739237369875,-0.23663038131506248,-0.6183151906575313,0.19084240467123437,0.5954212023356171,-0.20228939883219144,-0.6011446994160957,0.19942765029195214,-0.40028617485402396,-0.700143087427012,-0.850071543713506,0.07496422814324699,0.5374821140716235,-0.23125894296418825,0.3843705285179059,0.692185264258953,0.8460926321294765,0.9230463160647382,0.9615231580323691,-0.019238420983815452,-0.5096192104919077,-0.7548096052459539,-0.8774048026229769,0.061297598688511534,0.5306487993442558,-0.2346756003278721,-0.617337800163936,-0.808668900081968,0.095665549959016,0.547832774979508,0.773916387489754,-0.113041806255123,0.44347909687243847,0.7217395484362192,0.8608697742181096,0.9304348871090549,0.9652174435545274,-0.017391278222736284,-0.5086956391113682,-0.7543478195556841,-0.877173909777842,-0.938586954888921,0.030706522555539517,-0.48464673872223024,0.2576766306388849,0.6288383153194425,0.8144191576597213,-0.09279042117013936,-0.5463952105850697,0.22680239470746516,0.6134011973537326,-0.19329940132313372,-0.5966497006615669,-0.7983248503307834,-0.8991624251653917,0.050418787417304156,0.525209393708652,0.7626046968543261,0.881302348427163,-0.05934882578641848,-0.5296744128932093,-0.7648372064466047,0.11758139677669766,-0.4412093016116512,-0.7206046508058256,-0.8603023254029127,-0.9301511627014564,0.034924418649271816,-0.48253779067536406,-0.741268895337682,-0.870634447668841,0.06468277616557949,-0.46765861191721025,-0.7338293059586052,0.1330853470206974,0.5665426735103487,0.7832713367551744,-0.10836433162241282,0.4458178341887936,-0.2770910829056032,-0.6385455414528016,-0.8192727707264008,-0.9096363853632004,0.045181807318399825,-0.4774090963408001,-0.7387045481704,0.1306477259148,0.5653238629574,0.7826619314787,0.89133096573935,-0.054334517130325,-0.5271672585651626,-0.7635836292825813,-0.8817918146412906,-0.9408959073206453,-0.9704479536603227,-0.9852239768301614,-0.9926119884150807,-0.9963059942075403,0.0018470028962298546,0.5009235014481149,-0.24953824927594254,-0.6247691246379713,0.18761543768101435,0.5938077188405072,-0.2030961405797464,0.3984519297101268,-0.3007740351449366,0.3496129824275317,-0.32519350878623415,-0.662596754393117,-0.8312983771965585,-0.9156491885982793,-0.9578245942991397,-0.9789122971495698,-0.9894561485747849,0.005271925712607539,0.5026359628563037,-0.24868201857184813,-0.6243410092859241,0.18782949535703797,0.5939147476785189,0.7969573738392595,0.8984786869196297,0.9492393434598149,-0.025380328270092567,0.4873098358649537,-0.25634508206752316,-0.6281725410337615,0.18591372948311924,-0.4070431352584404,-0.7035215676292201,-0.8517607838146101,-0.9258803919073051,-0.9629401959536525,-0.9814700979768263,-0.9907350489884131,-0.9953675244942066,-0.9976837622471033,0.001158118876448344,0.5005790594382242,0.7502895297191121,-0.12485523514044394,-0.562427617570222,0.21878619121488901,0.6093930956074445,0.8046965478037222,0.9023482739018611,-0.04882586304906944,0.4755870684754653,-0.26220646576226736,-0.6311032328811337,-0.8155516164405668,-0.9077758082202834,-0.9538879041101417,-0.9769439520550709,-0.9884719760275354,-0.9942359880137677,-0.9971179940068838,-0.9985589970034419,-0.9992794985017209,0.0003602507491395346,0.5001801253745698,-0.2499099373127151,-0.6249549686563576,-0.8124774843281788,-0.9062387421640894,0.0468806289179553,0.5234403144589777,0.7617201572294888,-0.11913992138525559,0.44043003930737223,0.7202150196536861,0.860107509826843,0.9300537549134216,-0.034973122543289215,0.4825134387283554,-0.2587432806358223,-0.6293716403179112,-0.8146858201589555,0.09265708992052224,0.5463285449602611,0.7731642724801305,0.8865821362400652,0.9432910681200326,-0.028354465939983697,-0.5141772329699918,-0.7570886164849959,0.12145569175750204,-0.439272154121249,-0.7196360770606245,0.14018196146968775,-0.4299090192651561,-0.714954509632578,-0.857477254816289,-0.9287386274081445,0.03563068629592775,0.5178153431479638,-0.24109232842601808,0.379453835786991,-0.3102730821065045,-0.6551365410532523,-0.8275682705266261,-0.913784135263313,-0.9568920676316566,-0.9784460338158283,-0.9892230169079141,0.005388491546042928,0.5026942457730215,0.7513471228865107,-0.12432643855674463,0.4378367807216277,0.7189183903608138,0.8594591951804069,-0.07027040240979654,-0.5351352012048982,0.2324323993975509,-0.38378380030122455,-0.6918919001506123,-0.8459459500753062,0.07702702496234692,-0.46148648751882654,-0.7307432437594132,-0.8653716218797066,0.06731418906014669,-0.4663429054699266,-0.7331714527349633,-0.8665857263674817,0.06670713681625917,0.5333535684081296,0.7666767842040648,-0.11666160789796759,0.4416691960510162,0.7208345980255081,0.8604172990127541,-0.06979135049362295,0.4651043247531885,0.7325521623765943,0.8662760811882971,-0.06686195940585143,-0.5334309797029257,-0.7667154898514629,-0.8833577449257315,-0.9416788724628657,-0.9708394362314329,-0.9854197181157165,0.007290140942141754,0.5036450704710709,-0.24817746476446456,0.3759112676177677,0.6879556338088839,-0.15602218309555804,0.421988908452221,-0.2890055457738895,0.35549722711305526,0.6777486135565276,-0.1611256932217362,0.4194371533891319,0.709718576694566,0.854859288347283,-0.07257035582635851,-0.5362851779131792,-0.7681425889565896,-0.8840712944782948,0.0579643527608526,0.5289821763804263,0.7644910881902132,-0.11775445590489342,0.4411227720475533,-0.2794386139762234,-0.6397193069881117,0.18014034650594413,-0.40992982674702794,-0.704964913373514,-0.852482456686757,-0.9262412283433785,-0.9631206141716893,0.01843969291415537,-0.4907801535429223,0.2546099232285388,0.6273049616142694,-0.1863475191928653,0.40682624040356735,0.7034131202017837,0.8517065601008919,0.925853280050446,0.962926640025223,0.9814633200126115,0.9907316600063057,-0.004634169996847126,0.49768291500157646,-0.25115854249921177,0.3744207287503941,0.687210364375197,0.8436051821875985,-0.07819740890620075,-0.5390987044531004,-0.7695493522265502,0.1152253238867249,0.5576126619433625,-0.22119366902831877,-0.6105968345141594,0.19470158274292032,-0.4026492086285398,0.2986753956857301,-0.35066230215713495,-0.6753311510785674,-0.8376655755392837,-0.9188327877696418,-0.9594163938848209,-0.9797081969424104,-0.9898540984712052,-0.9949270492356026,-0.9974635246178013,0.0012682376910993498,-0.49936588115445035,0.2503170594227748,0.6251585297113874,-0.1874207351443063,-0.5937103675721531,-0.7968551837860766,-0.8984275918930382,-0.9492137959465191,0.025393102026740444,0.5126965510133702,0.756348275506685,0.8781741377533425,0.9390870688766713,0.9695435344383356,0.9847717672191678,0.9923858836095839,0.9961929418047919,-0.0019035290976040509,0.499048235451198,0.749524117725599,0.8747620588627996,-0.06261897056860022,0.4686905147156999,-0.26565474264215005,-0.632827371321075,0.1835863143394625,-0.40820684283026876,-0.7041034214151344,0.1479482892924328,0.5739741446462164,0.7869870723231083,0.8934935361615541,-0.05325323191922293,0.47337338404038853,-0.26331330797980573,-0.6316566539899029,0.18417167300504855,-0.4079141634974757,0.29604291825126217,0.648021459125631,-0.1759892704371845,-0.5879946352185923,0.20600268239070385,-0.3969986588046481,-0.6984993294023241,-0.849249664701162,0.07537516764941898,0.5376875838247095,-0.23115620808764525,0.3844218959561774,0.6922109479780887,-0.15389452601095566,-0.5769472630054778,-0.788473631502739,0.10576318424863052,0.5528815921243153,0.7764407960621577,0.8882203980310788,-0.055889800984460614,0.4720550995077697,0.7360275497538848,0.8680137748769424,0.9340068874384713,0.9670034437192356,-0.016498278140382183,-0.5082491390701911,0.24587543046490445,0.6229377152324522,0.8114688576162261,0.9057344288081131,0.9528672144040565,-0.023566392797971736,-0.5117831963989858,-0.7558915981994929,-0.8779457990997465,-0.9389728995498732,0.030513550225063413,-0.4847432248874683,-0.7423716124437342,-0.8711858062218671,-0.9355929031109336,0.032203548444533214,0.5161017742222667,-0.24194911288886667,0.37902544355556667,0.6895127217777833,-0.15524363911110833,-0.5776218195555541,0.21118909022222293,-0.39440545488888856,0.3027972725555557,0.6513986362777778,-0.17430068186111108,-0.5871503409305555,0.20642482953472224,-0.3967875852326389,0.30160620738368055,-0.34919689630815975,-0.6745984481540799,-0.8372992240770399,-0.9186496120385199,0.04067519398074004,0.5203375969903701,0.760168798495185,-0.11991560075240748,0.44004219962379626,0.7200210998118981,0.860010549905949,0.9300052749529746,0.9650026374764873,-0.017498681261756355,0.4912506593691218,-0.2543746703154391,0.3728126648422805,0.6864063324211402,0.8432031662105701,-0.07839841689471494,-0.5391992084473575,0.23040039577632127,-0.3847998021118394,-0.6923999010559196,0.15380004947204018,-0.4230999752639799,-0.71154998763199,-0.855774993815995,0.07211250309200251,0.5360562515460012,0.7680281257730006,0.8840140628865003,0.9420070314432502,0.971003515721625,0.9855017578608125,-0.007249121069593745,-0.5036245605347969,-0.7518122802673984,0.12409385986630078,-0.4379530700668496,-0.7189765350334247,-0.8594882675167124,0.07025586624164382,-0.4648720668791781,-0.7324360334395891,0.13378198328020546,-0.4331090083598973,-0.7165545041799486,-0.8582772520899743,0.07086137395501285,0.5354306869775064,-0.2322846565112468,-0.6161423282556234,0.19192883587218829,0.5959644179360941,-0.20201779103195294,0.39899110448402353,-0.30050444775798824,-0.6502522238789941,-0.825126111939497,-0.9125630559697485,0.04371847201512574,0.5218592360075629,0.7609296180037814,0.8804648090018907,0.9402324045009454,-0.02988379774952732,-0.5149418988747636,-0.7574709494373818,-0.8787354747186908,0.06063226264065458,-0.4696838686796727,-0.7348419343398364,0.13257903283008182,-0.4337104835849591,0.28314475820752044,0.6415723791037602,-0.1792138104481199,-0.58960690522406,0.20519654738797,-0.397401726306015,0.3012991368469925,-0.34935043157650375,-0.6746752157882518,-0.8373376078941259,-0.918668803947063,-0.9593344019735315,-0.9796672009867657,-0.9898336004933829,-0.9949168002466915,-0.9974584001233457,0.0012707999383271273,0.5006353999691635,-0.24968230001541825,-0.6248411500077091,0.18757942499614544,-0.4062102875019273,-0.7031051437509637,0.14844742812451817,0.574223714062259,0.7871118570311295,0.8935559285155648,0.9467779642577824,-0.02661101787110881,0.4866944910644456,0.7433472455322228,0.8716736227661114,-0.06416318861694431,0.46791840569152787,-0.26604079715423606,0.366979601422882,0.6834898007114409,0.8417449003557205,-0.07912754982213976,-0.5395637749110699,-0.7697818874555349,0.11510905627223256,-0.4424454718638837,-0.7212227359319419,-0.8606113679659709,-0.9303056839829855,-0.9651528419914928,0.01742357900425362,-0.4912882104978732,0.2543558947510634,0.6271779473755317,0.8135889736877658,-0.09320551315611708,0.45339724342194143,0.7266986217109708,-0.13665068914451461,0.4316746554277427,-0.2841626722861287,0.35791866385693566,0.6789593319284678,-0.1605203340357661,-0.5802601670178831,-0.7901300835089415,-0.8950650417544708,0.052467479122764615,-0.4737662604386177,-0.7368831302193088,0.13155843489034558,-0.4342207825548272,0.2828896087225864,0.6414448043612933,0.8207224021806466,0.9103612010903233,0.9551806005451616,-0.022409699727419186,-0.5112048498637096,0.2443975750681452,-0.3778012124659274,0.3110993937670363,0.6555496968835182,0.8277748484417591,-0.08611257577912046,-0.5430562878895602,-0.7715281439447801,-0.88576407197239,-0.942882035986195,-0.9714410179930975,-0.9857205089965487,0.007139745501725636,-0.49643012724913715,0.2517849363754314,-0.3741075318122843,0.31294623409385786,-0.3435268829530711,-0.6717634414765355,0.16411827926173223,0.5820591396308661,0.791029569815433,0.8955147849077165,-0.05224260754614174,-0.5261213037730709,0.23693934811346457,-0.38153032594326775,-0.6907651629716338,-0.8453825814858169,-0.9226912907429085,-0.9613456453714542,0.019327177314272914,0.5096635886571365,-0.24516820567143177,0.37741589716428414,0.6887079485821421,0.8443539742910711,0.9221769871455355,0.9610884935727677,-0.019455753213616145,0.4902721233931919,0.745136061696596,-0.12743196915170202,-0.563715984575851,0.21814200771207448,-0.39092899614396276,-0.6954644980719814,-0.8477322490359906,-0.9238661245179953,0.03806693774100234,-0.48096653112949883,-0.7404832655647494,-0.8702416327823748,0.06487918360881262,0.5324395918044063,0.7662197959022031,-0.11689010204889844,-0.5584450510244492,-0.7792225255122246,0.1103887372438877,0.5551943686219438,-0.2224028156890281,0.38879859215548596,-0.305600703922257,-0.6528003519611285,0.17359982401943574,0.5867999120097178,-0.2066000439951411,-0.6033000219975706,0.1983499890012147,0.5991749945006073,-0.20041250274969635,-0.6002062513748482,0.1998968743125759,-0.400051562843712,-0.700025781421856,-0.850012890710928,-0.9250064453554641,0.03749677732226797,0.5187483886611339,-0.24062580566943303,0.3796870971652835,0.6898435485826417,0.8449217742913209,-0.07753911285433956,0.4612304435728302,-0.26938477821358486,0.36530761089320757,-0.3173461945533962,0.3413269027233019,-0.32933654863834905,-0.6646682743191745,0.16766586284041274,0.5838329314202064,0.7919164657101032,-0.1040417671449484,0.4479791164275258,-0.2760104417862371,-0.6380052208931186,0.1809973895534407,-0.40950130522327965,-0.7047506526116398,-0.8523753263058199,0.07381233684709004,-0.463093831576455,-0.7315469157882275,-0.8657734578941138,-0.9328867289470568,-0.9664433644735284,-0.9832216822367642,-0.9916108411183822,0.004194579440808921,-0.49790271027959554,0.25104864486020223,0.6255243224301011,0.8127621612150506,-0.09361891939247469,-0.5468094596962374,-0.7734047298481187,-0.8867023649240593,0.05664881753797035,-0.4716755912310148,0.26416220438449256,0.6320811021922463,0.8160405510961232,0.9080202755480615,0.9540101377740308,0.9770050688870153,-0.011497465556492337,-0.5057487327782462,0.24712563361087692,-0.37643718319456154,0.31178140840271923,-0.34410929579864036,-0.6720546478993201,0.16397267605033994,0.58198633802517,0.790993169012585,-0.10450341549370751,0.4477482922531463,-0.27612585387342686,-0.6380629269367134,0.1809685365316433,-0.4095157317341783,-0.7047578658670892,-0.8523789329335446,-0.9261894664667722,0.036905266766613876,0.5184526333833069,-0.24077368330834653,-0.6203868416541732,0.18980657917291338,-0.40509671041354334,-0.7025483552067717,-0.8512741776033859,-0.9256370888016929,0.037181455599153534,0.5185907277995767,-0.24070463610021164,-0.6203523180501058,-0.8101761590250529,0.09491192048747354,0.5474559602437368,-0.22627201987813161,0.3868639900609342,-0.3065680049695329,-0.6532840024847665,-0.8266420012423832,-0.9133210006211916,-0.9566605003105958,0.021669749844702102,-0.489165125077649,0.2554174374611755,-0.37229128126941224,-0.6861456406347062,-0.8430728203173531,0.07846358984132346,-0.46076820507933824,0.2696158974603309,-0.36519205126983456,0.3174039743650827,-0.34129801281745864,0.3293509935912707,-0.3353245032043647,0.33233774839781766,-0.3338311258010912,-0.6669155629005457,0.16654221854972717,0.5832711092748636,0.7916355546374318,0.8958177773187159,0.947908888659358,-0.02604555567032102,-0.5130227778351605,0.24348861108241976,0.6217443055412099,0.8108721527706049,-0.09456392361469756,0.4527180381926512,-0.2736409809036744,0.3631795095481628,-0.3184102452259186,0.34079487738704073,-0.32960256130647964,-0.6648012806532398,-0.83240064032662,0.08379967983669001,-0.458100160081655,0.2709499199591725,-0.36452504002041375,-0.6822625200102068,-0.8411312600051034,-0.9205656300025518,-0.9602828150012759,0.01985859249936206,0.5099292962496811,0.7549646481248405,-0.12251767593757973,-0.5612588379687898,-0.780629418984395,0.10968529050780251,0.5548426452539013,-0.22257867737304937,0.3887106613134753,-0.30564466934326234,-0.6528223346716312,0.1735888326641844,0.5867944163320922,-0.2066027918339539,-0.603301395916977,-0.8016506979584885,-0.9008253489792443,-0.9504126744896222,-0.9752063372448111,0.012396831377594453,-0.4938015843112028,-0.7469007921556015,-0.8734503960778007,-0.9367251980389004,0.03163740098054979,-0.4841812995097251,-0.7420906497548625,0.12895467512256875,0.5644773375612844,0.7822386687806422,0.8911193343903211,0.9455596671951605,0.9727798335975802,0.9863899167987902,0.9931949583993951,-0.0034025208003024554,0.4982987395998488,0.7491493697999244,-0.1254253151000378,-0.5627126575500189,0.21864367122499057,-0.3906781643875047,0.30466091780624766,0.6523304589031238,0.8261652294515619,0.9130826147257809,0.9565413073628904,-0.021729346318554776,-0.5108646731592774,0.2445676634203613,0.6222838317101806,0.8111419158550903,-0.09442904207245484,0.4527854789637726,-0.2736072605181137,-0.6368036302590568,-0.8184018151295285,-0.9092009075647642,-0.9546004537823821,-0.977300226891191,-0.9886501134455955,-0.9943250567227977,-0.9971625283613988,-0.9985812641806995,0.0007093679096502603,0.5003546839548252,-0.2498226580225874,-0.6249113290112938,0.18754433549435312,0.5937721677471766,0.7968860838735883,0.8984430419367941,0.9492215209683971,0.9746107604841985,-0.01269461975790076,0.4936526901210496,0.7468263450605248,-0.1265868274697376,0.4367065862651312,-0.2816467068674344,0.3591766465662828,0.6795883232831414,0.8397941616415707,0.9198970808207854,0.9599485404103927,-0.02002572979480366,0.48998713510259817,0.7449935675512991,0.8724967837756495,0.9362483918878248,0.9681241959439124,-0.015937902028043793,-0.507968951014022,0.24601552449298902,-0.3769922377535055,-0.6884961188767528,-0.8442480594383763,-0.9221240297191882,0.03893798514040592,-0.48053100742979704,0.2597344962851015,-0.37013275185744926,0.31493362407127534,0.6574668120356377,-0.17126659398218114,-0.5856332969910906,0.20718335150445472,-0.3964083242477726,0.3017958378761137,-0.3491020810619432,-0.6745510405309716,0.1627244797345142,-0.4186377601327429,-0.7093188800663714,0.14534055996681428,-0.42732972001659286,0.28633513999170357,-0.3568324300041482,0.3215837849979259,0.660791892498963,-0.1696040537505185,-0.5848020268752593,-0.7924010134376296,0.1037994932811852,0.5518997466405926,0.7759498733202963,-0.11202506333985185,0.4439874683300741,-0.27800626583496296,0.36099686708251855,-0.3195015664587407,-0.6597507832293703,-0.8298753916146852,-0.9149376958073425,-0.9574688479036713,-0.9787344239518356,-0.9893672119759178,-0.9946836059879589,0.002658197006020546,0.5013290985030103,-0.24933545074849484,-0.6246677253742474,0.1876661373128763,-0.40616693134356185,0.2969165343282191,0.6484582671641095,-0.17577086641794526,0.41211456679102737,0.7060572833955137,-0.14697135830224317,0.4265143208488784,0.7132571604244392,-0.1433714197877804,0.4283142901061098,-0.2858428549469451,0.3570785725265274,0.6785392862632638,-0.16073035686836812,-0.5803651784341841,0.20981741078290794,-0.39509129460854603,-0.697545647304273,-0.8487728236521366,-0.9243864118260683,-0.9621932059130341,0.018903397043482928,-0.49054830147825856,0.2547258492608707,-0.37263707536956464,-0.6863185376847823,-0.8431592688423912,-0.9215796344211956,-0.9607898172105978,0.019605091394701124,0.5098025456973505,0.7549012728486753,-0.12254936357566237,-0.5612746817878311,-0.7806373408939156,-0.8903186704469578,-0.9451593352234788,-0.9725796676117394,-0.9862898338058697,-0.9931449169029348,-0.9965724584514675,-0.9982862292257337,0.0008568853871331328,-0.49957155730643343,-0.7497857786532167,0.12510711067339164,-0.4374464446633042,-0.7187232223316521,0.14063838883417396,-0.429680805582913,0.2851595972085435,0.6425797986042717,0.8212898993021358,0.9106449496510679,0.955322474825534,0.977661237412767,0.9888306187063836,0.9944153093531918,0.9972076546765959,0.998603827338298,0.999301913669149,-0.00034904316542549996,0.49982547841728725,-0.25008726079135635,0.3749563696043218,0.6874781848021609,0.8437390924010805,0.9218695462005402,-0.03906522689972991,-0.519532613449865,-0.7597663067249325,-0.8798831533624663,-0.9399415766812331,-0.9699707883406166,0.015014605829691718,-0.49249269708515414,-0.7462463485425771,0.12687682572871145,0.5634384128643557,0.7817192064321778,0.8908596032160889,0.9454298016080445,0.9727149008040222,-0.013642549597988884,0.4931787252010056,0.7465893626005028,-0.1267053186997486,0.43664734065012567,0.7183236703250628,0.8591618351625314,0.9295809175812657,-0.035209541209367146,-0.5176047706046836,-0.7588023853023418,-0.8794011926511709,0.06029940367441455,-0.4698502981627927,-0.7349251490813964,0.1325374254593018,-0.4337312872703491,-0.7168656436351746,-0.8584328218175873,0.07078358909120636,-0.46460820545439685,0.2676958972728016,0.6338479486364008,-0.1830760256817996,-0.5915380128408998,-0.7957690064204499,0.10211549678977505,-0.4489422516051125,-0.7244711258025562,-0.8622355629012781,-0.9311177814506391,0.03444110927468047,-0.48277944536265976,-0.7413897226813299,-0.8706948613406649,-0.9353474306703324,-0.9676737153351662,-0.9838368576675831,0.008081571166208446,-0.4959592144168958,0.2520203927915521,-0.37398980360422396,-0.686994901802112,0.156502549098944,-0.421748725450528,-0.710874362725264,0.14456281863736797,-0.427718590681316,-0.713859295340658,-0.856929647670329,0.07153517616483551,-0.46423241191758224,-0.7321162059587911,-0.8660581029793956,-0.9330290514896977,0.03348547425515114,0.5167427371275756,-0.24162863143621222,-0.6208143157181061,0.18959284214094696,-0.4052035789295265,0.29739821053523674,-0.35130089473238163,-0.6756504473661908,-0.8378252236830954,0.08108738815845229,0.5405436940792261,0.770271847039613,0.8851359235198065,0.9425679617599032,-0.028716019120048397,-0.5143580095600242,-0.7571790047800121,0.12141049760999395,0.560705248804997,0.7803526244024985,0.8901763122012493,-0.05491184389937537,-0.5274559219496877,-0.7637279609748439,0.11813601951257807,-0.440931990243711,-0.7204659951218555,-0.8602329975609277,-0.9301164987804639,-0.965058249390232,-0.982529124695116,-0.991264562347558,-0.995632281173779,-0.9978161405868895,0.0010919297065552502,0.5005459648532776,-0.2497270175733612,-0.6248635087866806,-0.8124317543933404,0.09378412280332982,-0.4531079385983351,-0.7265539692991676,-0.8632769846495838,0.0683615076752081,-0.46581924616239595,0.267090376918802,-0.366454811540599,-0.6832274057702995,-0.8416137028851498,-0.9208068514425749,-0.9604034257212875,-0.9802017128606437,0.009899143569678137,-0.49505042821516093,-0.7475252141075804,0.12623739294620978,-0.43688130352689514,0.28155934823655243,0.6407796741182762,0.820389837059138,-0.08980508147043098,0.4550974592647845,-0.27245127036760775,-0.6362256351838038,-0.8181128175919019,0.09094359120404905,0.5454717956020245,0.7727358978010123,-0.11363205109949387,0.44318397445025304,-0.2784080127748735,0.36079599361256326,0.6803979968062817,0.8401989984031408,0.9200994992015704,-0.03995025039921479,0.4800248748003926,0.7400124374001963,-0.12999378129990186,0.43500310935004904,-0.2824984453249755,0.35875077733751226,0.6793753886687561,0.8396876943343781,0.919843847167189,-0.040078076416405484,-0.5200390382082027,-0.7600195191041014,-0.8800097595520506,-0.9400048797760253,-0.9700024398880127,-0.9850012199440064,-0.9925006099720032,-0.9962503049860016,-0.9981251524930008,-0.9990625762465004,0.0004687118767497944,-0.4997656440616251,-0.7498828220308126,0.1250585889845937,0.5625292944922968,0.7812646472461484,0.8906323236230742,0.9453161618115371,-0.02734191909423145,0.4863290404528843,0.7431645202264421,0.871582260113221,0.9357911300566105,-0.03210443497169474,-0.5160522174858474,-0.7580261087429236,-0.8790130543714618,-0.9395065271857309,-0.9697532635928654,-0.9848766317964327,-0.9924383158982164,-0.9962191579491082,0.0018904210254458986,-0.49905478948727705,-0.7495273947436385,-0.8747636973718192,0.06261815131409038,0.5313090756570452,0.7656545378285227,-0.11717273108573867,-0.5585863655428693,0.22070681722856533,0.6103534086142827,0.8051767043071414,0.9025883521535707,-0.04870582392321465,0.4756470880383927,0.7378235440191964,0.8689117720095982,-0.06554411399520088,-0.5327720569976004,-0.7663860284988002,-0.8831930142494001,0.058403492875299945,-0.47079825356235006,0.264600873218825,-0.3676995633905875,-0.6838497816952938,-0.8419248908476469,-0.9209624454238234,-0.9604812227119117,-0.9802406113559559,-0.9901203056779779,0.004939847161011035,-0.4975300764194945,0.25123496179025273,-0.37438251910487363,-0.6871912595524368,0.15640437022378162,0.5782021851118908,-0.2108989074440546,-0.6054494537220273,0.19727527313898635,-0.4013623634305068,-0.7006811817152534,-0.8503405908576267,0.07482970457118665,0.5374148522855933,0.7687074261427966,0.8843537130713983,-0.05782314346430084,0.4710884282678496,0.7355442141339248,0.8677721070669624,0.9338860535334812,0.9669430267667406,-0.0165284866166297,0.4917357566916851,-0.25413212165415744,0.3729339391729213,-0.31353303041353936,0.34323348479323035,-0.3283832576033848,-0.6641916288016925,0.16790418559915377,-0.4160479072004231,0.29197604639978847,0.6459880231998942,0.8229940115999471,-0.08850299420002644,-0.5442514971000132,-0.7721257485500066,0.1139371257249967,-0.44303143713750165,-0.7215157185687509,0.13924214071562457,0.5696210703578123,-0.21518946482109386,-0.607594732410547,0.19620263379472652,0.5981013168973632,-0.20094934155131838,-0.6004746707756592,0.1997626646121704,0.5998813323060852,0.7999406661530426,0.8999703330765213,-0.05001483346173935,-0.5250074167308697,-0.7625037083654349,-0.8812518541827175,-0.9406259270913587,0.029687036454320637,0.5148435182271603,-0.24257824088641983,-0.6212891204432099,-0.810644560221605,-0.9053222801108025,-0.9526611400554013,0.02366942997229937,0.5118347149861497,0.7559173574930749,0.8779586787465374,-0.06102066062673128,0.46948966968663436,-0.2652551651566828,-0.6326275825783414,0.1836862087108293,0.5918431043554147,-0.20407844782229267,0.39796077608885366,0.6989803880444269,0.8494901940222135,-0.07525490298889326,0.46237254850555337,0.7311862742527767,0.8655931371263883,0.9327965685631942,0.966398284281597,0.9831991421407985,-0.008400428929600745,-0.5042002144648003,0.24789989276759983,0.6239499463837999,-0.18802502680810007,-0.59401251340405,-0.7970062567020251,-0.8985031283510125,-0.9492515641755063,0.025374217912246866,0.5126871089561235,-0.24365644552193827,0.37817177723903084,-0.3109141113804846,0.34454294430975774,-0.32772852784512113,-0.6638642639225606,-0.8319321319612802,0.08403393401935988,0.5420169670096799,0.77100848350484,0.8855042417524199,0.94275212087621,-0.028623939561895018,0.4856880302190525,0.7428440151095262,-0.12857799244523688,-0.5642889962226184,0.2178555018886908,0.6089277509443454,-0.19553612452782732,0.40223193773608634,-0.29888403113195683,0.3505579844340216,0.6752789922170108,-0.1623605038914946,0.4188197480542527,-0.29059012597287365,0.3547049370135632,-0.3226475314932184,-0.6613237657466092,-0.8306618828733046,-0.9153309414366523,0.04233452928167386,-0.47883273535916304,0.2605836323204185,-0.36970818383979076,0.3151459080801046,0.6575729540400523,0.8287864770200262,-0.08560676148998692,-0.5428033807449935,-0.7714016903724967,0.11429915481375164,0.5571495774068758,-0.22142521129656212,0.38928739435171894,-0.3053563028241405,0.34732184858792975,-0.32633907570603515,-0.6631695378530176,-0.8315847689265088,-0.9157923844632544,0.0421038077683728,0.5210519038841864,0.7605259519420933,0.8802629759710466,-0.05986851201447668,0.4700657439927617,0.7350328719963808,0.8675164359981904,-0.0662417820009048,0.4668791089995476,-0.2665604455002262,-0.6332802227501131,-0.8166401113750565,0.09167994431247173,-0.45416002784376414,0.27291998607811796,-0.363540006960941,-0.6817700034804706,-0.8408850017402353,0.07955749912988236,0.5397787495649412,0.7698893747824707,0.8849446873912353,0.9424723436956177,-0.02876382815219114,-0.5143819140760956,-0.7571909570380477,-0.8785954785190239,-0.9392977392595119,-0.9696488696297559,0.01517556518512203,-0.492412217407439,0.2537938912962805,-0.37310305435185975,0.3134484728240701,-0.34327576358796497,0.3283621182060175,-0.33581894089699127,0.33209052955150437,0.6660452647757522,-0.1669773676121239,0.41651131619393805,0.708255658096969,0.8541278290484845,-0.07293608547575775,0.46353195726212115,0.7317659786310606,0.8658829893155303,-0.06705850534223484,-0.5335292526711174,0.2332353736644413,-0.3833823131677794,0.3083088434161103,0.6541544217080552,0.8270772108540276,0.9135386054270138,-0.04323069728649309,-0.5216153486432465,0.23919232567837673,0.6195961628391884,-0.1902019185804058,0.4048990407097971,-0.29755047964510145,0.3512247601774493,-0.32438761991127535,0.3378061900443623,0.6689030950221811,0.8344515475110905,0.9172257737555453,-0.04138711312222737,0.4793064434388863,0.7396532217194431,0.8698266108597216,-0.06508669457013921,0.4674566527149304,0.7337283263574652,0.8668641631787326,-0.0665679184106337,-0.5332839592053169,0.23335802039734155,0.6166790101986708,-0.1916604949006646,0.4041697525496677,0.7020848762748338,0.8510424381374169,0.9255212190687084,-0.03723939046564578,0.4813803047671771,-0.25930984761641146,-0.6296549238082058,0.18517253809589712,0.5925862690479485,-0.20370686547602573,-0.6018534327380128,-0.8009267163690064,-0.9004633581845032,-0.9502316790922516,0.024884160453874204,-0.4875579197730629,0.2562210401134686,-0.3718894799432657,-0.6859447399716329,-0.8429723699858165,0.07851381500709176,0.5392569075035458,0.7696284537517729,0.8848142268758865,-0.057592886562056744,0.47120355671897163,-0.2643982216405142,-0.6321991108202571,-0.8160995554101286,-0.9080497777050642,-0.9540248888525321,-0.977012444426266,-0.988506222213133,0.005746888893433499,0.5028734444467168,0.7514367222233584,0.8757183611116792,-0.06214081944416039,0.4689295902779198,-0.2655352048610401,-0.63276760243052,0.18361619878474,-0.40819190060763,0.295904049696185,-0.3520479751519075,-0.6760239875759537,-0.8380119937879769,0.08099400310601157,-0.4595029984469942,-0.7297514992234971,0.13512425038825143,0.5675621251941257,0.7837810625970629,-0.10810946870146854,-0.5540547343507343,0.22297263282463287,-0.38851368358768357,0.3057431582061582,-0.34712842089692086,0.32643578955153957,0.6632178947757698,-0.16839105261211512,-0.5841955263060575,-0.7920977631530288,0.10395111842348559,0.5519755592117428,0.7759877796058714,0.8879938898029357,0.9439969449014678,0.9719984724507339,0.9859992362253669,-0.0070003818873165535,0.4964998090563417,0.7482499045281709,0.8741249522640855,-0.06293752386795726,-0.5314687619339786,-0.7657343809669893,0.11713280951650534,-0.4414335952417473,-0.7207167976208737,0.13964160118956315,-0.4301791994052184,0.2849104002973908,-0.3575447998513046,-0.6787723999256523,0.16061380003717385,-0.4196930999814131,-0.7098465499907065,0.14507672500464674,0.5725383625023234,-0.2137308187488383,0.39313459062558087,-0.30343270468720956,0.3482836476563952,0.6741418238281975,0.8370709119140988,-0.08146454404295062,0.45926772797852466,0.7296338639892623,-0.13518306800536883,-0.5675915340026845,-0.7837957670013422,-0.8918978835006711,-0.9459489417503355,0.027025529124832248,-0.4864872354375839,-0.743243617718792,0.128378191140604,-0.435810904429698,-0.717905452214849,-0.8589527261074246,0.07052363694628772,0.5352618184731439,0.767630909236572,0.8838154546182859,0.941907727309143,-0.02904613634542852,0.48547693182728574,0.7427384659136429,-0.12863076704317855,0.4356846164784107,-0.28215769176079464,-0.6410788458803973,-0.8205394229401987,-0.9102697114700993,-0.9551348557350496,-0.9775674278675248,-0.9887837139337624,-0.9943918569668813,0.00280407151655937,0.5014020357582797,0.7507010178791398,0.8753505089395699,0.937675254469785,-0.031162372765107527,0.4844188136174462,0.742209406808723,0.8711047034043615,0.9355523517021808,-0.03222382414890962,0.48388808792554516,-0.2580559560372274,0.3709720219813863,-0.3145139890093068,-0.6572569945046534,-0.8286284972523267,0.08568575137383666,-0.45715712431308164,0.2714214378434592,-0.3642892810782704,0.3178553594608648,0.6589276797304324,-0.1705361601347838,0.4147319199326081,-0.292634040033696,0.353682979983152,0.676841489991576,-0.161579255004212,0.419210372497894,-0.290394813751053,0.3548025931244735,-0.32259870343776326,0.33870064828111834,-0.33064967585944083,0.3346751620702796,-0.3326624189648602,0.3336687905175699,-0.33316560474121504,0.3334171976293925,-0.33329140118530376,0.3333542994073481,-0.3333228502963259,-0.666661425148163,-0.8333307125740814,-0.9166653562870407,0.041667321856479644,0.5208336609282398,-0.2395831695358801,-0.61979158476794,0.19010420761602997,-0.404947896191985,0.2975260519040075,0.6487630259520037,0.8243815129760019,0.912190756488001,0.9560953782440005,0.9780476891220002,-0.01097615543899988,-0.5054880777194999,-0.7527440388597499,-0.876372019429875,0.061813990285062514,-0.46909300485746874,0.26545349757126563,0.6327267487856328,-0.18363662560718358,0.40818168719640824,0.7040908435982041,-0.14795457820089797,0.426022710899551,-0.2869886445502245,-0.6434943222751123,-0.8217471611375562,-0.9108735805687781,0.04456320971561095,-0.4777183951421945,0.26114080242890275,0.6305704012144514,0.8152852006072258,-0.09235739969638712,-0.5461786998481936,-0.7730893499240967,-0.8865446749620484,0.05672766251897582,0.5283638312594879,0.764181915629744,0.882090957814872,-0.058954521092563994,-0.529477260546282,0.23526136972685902,0.6176306848634295,0.8088153424317148,-0.09559232878414259,0.4522038356079287,-0.2738980821960356,-0.6369490410980179,0.18152547945099107,0.5907627397254955,0.7953813698627478,-0.10230931506862612,0.44884534246568697,-0.2755773287671565,0.3622113356164217,0.6811056678082108,0.8405528339041054,0.9202764169520528,0.9601382084760264,0.9800691042380132,-0.009965447880993406,-0.5049827239404967,-0.7524913619702484,-0.8762456809851242,0.061877159507437884,0.5309385797537189,0.7654692898768595,0.8827346449384297,0.9413673224692148,0.9706836612346075,-0.014658169382696262,-0.5073290846913481,0.24633545765432596,0.623167728827163,-0.1884161355864185,0.4057919322067908,-0.2971040338966046,0.35144798305169767,0.6757239915258488,-0.16213800423707558,0.4189309978814622,0.7094654989407311,-0.14526725052963446,-0.5726336252648172,0.2136831873675914,0.6068415936837956,-0.19657920315810218,-0.5982896015790511,-0.7991448007895255,0.10042759960523723,-0.44978620019738136,0.2751068999013093,0.6375534499506547,0.8187767249753273,0.9093883624876636,0.9546941812438319,-0.022652909378084063,0.48867354531095797,0.744336772655479,-0.12783161367226048,-0.5639158068361303,0.21804209658193485,0.6090210482909675,0.8045105241454837,-0.09774473792725813,0.45112763103637094,0.7255638155181855,0.8627819077590928,-0.0686090461204536,-0.5343045230602268,0.2328477384698866,-0.3835761307650567,-0.6917880653825283,0.15410596730873583,0.5770529836543679,-0.21147350817281607,0.39426324591359196,0.697131622956796,0.848565811478398,-0.07571709426080098,0.4621414528695995,0.7310707264347998,0.8655353632173999,0.9327676816086999,-0.03361615919565003,-0.516808079597825,0.24159596020108748,-0.37920201989945623,0.3103989900502719,-0.34480050497486403,0.327599747512568,-0.336200126243716,0.331899936878142,0.6659499684390711,-0.16702501578046447,0.41648749210976777,-0.2917562539451161,0.3541218730274419,0.677060936513721,0.8385304682568605,0.9192652341284302,0.9596326170642151,-0.02018369146789245,0.4899081542660538,-0.25504592286697314,0.37247703856651343,0.6862385192832567,-0.15688074035837163,-0.5784403701791858,-0.7892201850895929,0.10538990745520355,-0.4473050462723982,-0.7236525231361991,0.13817373843190045,-0.4309131307840498,0.2845434346079751,-0.3577282826960124,0.3211358586519938,0.660567929325997,-0.16971603533700153,0.41514198233149924,0.7075709911657496,-0.1462145044171252,-0.5731072522085626,-0.7865536261042814,-0.8932768130521407,-0.9466384065260703,-0.9733192032630351,0.013340398368482442,-0.4933298008157588,-0.7466649004078794,-0.8733324502039397,-0.9366662251019698,-0.9683331125509849,0.015833443724507568,0.5079167218622538,-0.2460416390688731,-0.6230208195344366,-0.8115104097672183,0.09424479511639083,0.5471223975581954,-0.22643880122090232,-0.6132194006104512,0.1933902996947744,0.5966951498473871,0.7983475749236936,-0.10082621253815321,0.4495868937309234,-0.2752065531345383,0.3623967234327309,-0.31880163828363456,0.34059918085818275,0.6702995904290914,0.8351497952145457,-0.08242510239272716,0.4587874488036364,0.7293937244018183,0.8646968622009091,0.9323484311004546,-0.03382578444977269,-0.5169128922248863,-0.7584564461124432,-0.8792282230562216,-0.9396141115281108,-0.9698070557640555,0.01509647211797227,0.5075482360589861,-0.24622588197050693,-0.6231129409852535,-0.8115564704926268,-0.9057782352463134,-0.9528891176231566,0.023555441188421677,-0.48822227940578916,-0.7441111397028946,0.12794443014855272,-0.43602778492572364,-0.7180138924628618,-0.8590069462314309,0.07049652688428454,-0.46475173655785773,0.26762413172107113,0.6338120658605355,-0.18309396706973224,0.4084530164651339,-0.29577349176743306,-0.6478867458837165,0.17605662705814173,-0.41197168647092913,0.29401415676453546,-0.35299292161773227,0.32350353919113384,0.6617517695955669,0.8308758847977835,-0.08456205760110824,-0.5422810288005542,0.2288594855997229,-0.38557025720013854,-0.6927851286000692,-0.8463925643000346,0.07680371784998269,0.5384018589249914,-0.23079907053750431,0.38460046473124787,-0.30769976763437606,-0.653849883817188,0.173075058091406,-0.413462470954297,0.2932687645228515,0.6466343822614258,-0.1766828088692871,-0.5883414044346436,-0.7941707022173218,-0.8970853511086609,0.05145732444566953,0.5257286622228348,-0.23713566888858262,-0.6185678344442913,-0.8092839172221457,-0.9046419586110728,-0.9523209793055364,0.023839510347231807,-0.4880802448263841,-0.7440401224131921,-0.872020061206596,-0.936010030603298,0.03199498469835099,0.5159974923491755,-0.24200125382541227,0.37899937308729387,-0.3105003134563531,0.34474984327182345,-0.3276250783640883,0.33618746081795586,0.6680937304089779,0.834046865204489,-0.0829765673977555,0.45851171630112225,-0.27074414184943885,0.3646279290752806,-0.31768603546235974,-0.6588430177311799,0.17057849113441004,-0.414710754432795,0.2926446227836025,-0.35367768860819876,0.32316115569590065,-0.3384194221520497,-0.6692097110760249,0.16539514446198755,0.5826975722309937,0.7913487861154969,-0.10432560694225157,0.4478371965288742,0.7239185982644372,-0.13804070086778142,0.4309796495661093,-0.2845101752169453,0.35774491239152734,0.6788724561957636,0.8394362280978818,-0.08028188595105912,-0.5401409429755295,-0.7700704714877648,-0.8850352357438824,0.057482382128058784,-0.4712588089359706,-0.7356294044679853,0.13218529776600735,-0.4339073511169963,-0.7169536755584982,-0.8584768377792491,0.07076158111037545,-0.4646192094448123,0.26769039527759386,-0.36615480236120307,-0.6830774011806016,0.15846129940969922,0.5792306497048496,-0.2103846751475752,0.3948076624262124,-0.30259616878689377,0.3487019156065531,0.6743509578032766,0.8371754789016383,-0.08141226054918083,-0.5407061302745904,-0.7703530651372952,-0.8851765325686476,-0.9425882662843238,-0.9712941331421618,-0.9856470665710809,0.0071764667144595395,0.5035882333572298,-0.2482058833213851,-0.6241029416606926,-0.8120514708303463,-0.9060257354151732,-0.9530128677075866,0.02349356614620668,-0.48825321692689666,0.25587339153655164,-0.3720633042317242,-0.686031652115862,-0.843015826057931,0.07849208697103449,0.5392460434855173,-0.23037697825724135,-0.6151884891286207,-0.8075942445643103,-0.9037971222821551,-0.9518985611410775,-0.9759492805705388,0.012025359714730621,-0.4939873201426347,-0.7469936600713174,0.1265031699643413,-0.43674841501782935,0.2816257924910853,0.6408128962455426,-0.1795935518772287,0.41020322406138565,-0.2948983879693072,0.3525508060153464,0.6762754030076732,-0.1618622984961634,-0.5809311492480818,0.20953442537595912,-0.39523278731202044,0.30238360634398975,-0.3488081968280051,0.32559590158599744,0.6627979507929987,-0.16860102460350063,0.4156994876982497,0.7078497438491249,-0.14607512807543754,0.42696243596228123,0.7134812179811406,-0.1432593910094297,-0.5716296955047149,0.21418515224764256,-0.3929074238761787,0.30354628806191064,-0.3482268559690447,0.32588657201547766,0.6629432860077389,-0.16852835699613056,0.4157358215019347,-0.29213208924903267,0.35393395537548367,-0.32303302231225817,0.3384834888438709,-0.33075825557806454,-0.6653791277890323,-0.8326895638945162,0.0836552180527419,0.541827609026371,-0.22908619548681453,0.38545690225659274,-0.3072715488717036,0.3463642255641482,-0.32681788721792593,-0.663408943608963,-0.8317044718044815,-0.9158522359022407,-0.9579261179511204,-0.9789630589755602,-0.9894815294877801,0.00525923525610994,0.5026296176280549,0.7513148088140275,0.8756574044070138,-0.06217129779649311,-0.5310856488982465,0.23445717555087675,0.6172285877754384,0.8086142938877192,-0.09569285305614039,-0.5478464265280703,0.22607678673596487,-0.38696160663201756,-0.6934808033160088,-0.8467404016580045,0.07662979917099777,0.5383148995854989,-0.23084255020725053,0.38457872489637474,0.6922893624481874,0.8461446812240937,-0.07692765938795315,0.46153617030602345,-0.2692319148469883,0.36538404257650586,0.6826920212882529,-0.15865398935587355,-0.5793269946779368,-0.7896634973389685,-0.8948317486694842,-0.9474158743347421,-0.973707937167371,-0.9868539685836855,0.00657301570815727,-0.49671349214592136,0.25164325392703935,-0.3741783730364803,0.31291081348175986,-0.34354459325912007,-0.6717722966295601,0.16411385168521997,0.58205692584261,0.791028462921305,-0.10448576853934749,-0.5522428842696737,0.22387855786516314,-0.3880607210674184,-0.6940303605337093,0.15298481973314537,-0.4235075901334273,0.28824620493328634,0.6441231024666432,0.8220615512333216,0.9110307756166608,-0.044484612191669604,0.4777576939041652,0.7388788469520826,0.8694394234760413,-0.06528028826197935,-0.5326401441309897,0.23367992793450515,0.6168399639672526,0.8084199819836263,0.9042099909918131,-0.04789500450409345,0.4760524977479533,-0.2619737511260234,0.3690131244369883,0.6845065622184942,0.8422532811092471,0.9211266405546236,0.9605633202773118,0.9802816601386559,0.990140830069328,0.995070415034664,0.997535207517332,-0.0012323962413339773,-0.5006161981206669,-0.7503080990603335,-0.8751540495301667,-0.9375770247650834,0.03121148761745829,0.5156057438087291,-0.24219712809563543,-0.6210985640478177,0.18945071797609114,0.5947253589880456,0.7973626794940227,-0.10131866025298863,0.4493406698735057,-0.2753296650632472,0.3623351674683764,0.6811675837341882,0.8405837918670941,0.9202918959335471,-0.03985405203322645,-0.5199270260166132,-0.7599635130083067,-0.8799817565041533,0.06000912174792333,0.5300045608739616,-0.23499771956301918,-0.6174988597815096,0.19125057010924518,0.5956252850546226,-0.20218735747268868,0.39890632126365566,-0.30054683936817217,0.3497265803159139,-0.325136709842043,-0.6625683549210215,-0.8312841774605108,-0.9156420887302554,0.042178955634872284,-0.47891052218256386,-0.7394552610912819,0.13027236945435905,-0.4348638152728205,0.28256809236358976,0.6412840461817949,0.8206420230908975,0.9103210115454488,-0.04483949422727562,-0.5224197471136378,-0.7612098735568189,0.11939506322159055,0.5596975316107953,0.7798487658053976,0.8899243829026988,-0.05503780854865059,0.4724810957256747,0.7362405478628373,-0.13187972606858134,0.43406013696570933,0.7170300684828547,0.8585150342414274,0.9292575171207137,0.9646287585603568,0.9823143792801784,0.9911571896400893,0.9955785948200446,-0.0022107025899776866,0.49889464870501116,-0.2505526756474944,-0.6252763378237471,-0.8126381689118736,-0.9063190844559368,-0.9531595422279684,-0.9765797711139842,-0.9882898855569922,-0.9941449427784961,-0.997072471389248,-0.998536235694624,-0.999268117847312,-0.999634058923656,0.00018297053817201148,0.500091485269086,-0.249954257365457,0.3750228713172715,-0.31248856434136424,-0.6562442821706821,-0.828122141085341,-0.9140610705426705,-0.9570305352713353,0.02148473236433235,0.5107423661821662,0.7553711830910831,-0.12231440845445846,0.43884279577277074,0.7194213978863854,0.8597106989431926,0.9298553494715963,-0.03507232526420184,0.4824638373678991,0.7412319186839496,0.8706159593419748,-0.06469202032901261,-0.5323460101645063,0.23382699491774683,-0.3830865025411266,0.30845674872943674,0.6542283743647184,0.8271141871823592,-0.08644290640882041,-0.5432214532044102,0.2283892733977949,-0.38580536330110254,0.30709731834944876,0.6535486591747244,0.8267743295873622,-0.0866128352063189,0.45669358239684055,-0.2716532088015797,0.36417339559921014,0.6820866977996051,0.8410433488998026,0.9205216744499013,0.9602608372249506,0.9801304186124753,0.9900652093062376,0.9950326046531188,-0.002483697673440588,-0.5012418488367203,0.24937907558163985,-0.3753104622091801,0.31234476889540996,-0.343827615552295,0.3280861922238525,-0.33595690388807375,0.3320215480559631,0.6660107740279816,-0.1669946129860092,-0.5834973064930046,0.2082513467534977,0.6041256733767488,-0.19793716331162559,0.4010314183441872,0.7005157091720936,0.8502578545860469,-0.07487107270697657,0.4625644636465117,-0.26871776817674414,0.36564111591162796,0.682820557955814,-0.158589721022093,0.4207051394889535,-0.28964743025552325,0.3551762848722384,-0.3224118575638808,-0.6612059287819404,0.1693970356090298,-0.4153014821954851,0.29234925890225744,-0.3538253705488713,-0.6769126852744356,0.1615436573627822,-0.4192281713186089,0.29038591434069555,0.6451929571703477,-0.17740352141482613,-0.5887017607074131,-0.7943508803537065,-0.8971754401768532,-0.9485877200884266,-0.9742938600442133,0.012853069977893372,-0.4935734650110533,-0.7467867325055266,-0.8733933662527633,-0.9366966831263817,-0.9683483415631908,0.015825829218404586,-0.4920870853907977,-0.7460435426953989,-0.8730217713476994,-0.9365108856738498,0.031744557163075116,0.5158722785815375,-0.24206386070923125,-0.6210319303546157,0.18948403482269216,0.594742017411346,-0.202628991294327,0.3986855043528365,0.6993427521764183,0.8496713760882091,0.9248356880441045,-0.03758215597794773,0.48120892201102616,-0.2593955389944869,0.37030223050275657,-0.3148488847486217,0.34257555762568914,-0.32871222118715543,0.3356438894064223,0.6678219447032112,0.8339109723516056,0.9169554861758028,-0.0415222569120986,-0.5207611284560493,-0.7603805642280246,-0.8801902821140123,-0.9400951410570062,-0.9700475705285031,0.01497621473574845,0.5074881073678742,0.753744053683937,-0.12312797315803148,-0.5615639865790157,-0.7807819932895079,-0.890390996644754,0.05480450167762302,-0.47259774916118846,-0.7362988745805943,0.13185056270970286,-0.43407471864514857,-0.7170373593225743,-0.8585186796612871,0.07074066016935643,-0.4646296699153218,-0.7323148349576609,0.13384258252116954,-0.43307870873941523,0.2834606456302924,-0.3582696771848538,-0.679134838592427,0.16043258070378652,-0.41978370964810674,0.29010814517594663,-0.3549459274120267,0.32252703629398666,0.6612635181469934,0.8306317590734966,-0.08468412046325169,-0.5423420602316258,0.2288289698841871,-0.38558551505790645,-0.6927927575289532,0.1536036212355234,0.5768018106177617,-0.21159909469111915,-0.6057995473455595,-0.8028997736727798,-0.9014498868363898,0.04927505658180509,-0.47536247170909746,0.2623187641454513,0.6311593820727257,-0.18442030896363715,-0.5922101544818186,0.2038949227590907,-0.39805253862045464,-0.6990262693102274,0.1504868653448863,-0.42475656732755684,-0.7123782836637784,-0.8561891418318892,-0.9280945709159446,-0.9640472854579722,-0.9820236427289861,-0.9910118213644931,-0.9955059106822466,-0.9977529553411233,-0.9988764776705616,0.0005617611647191767,0.5002808805823595,-0.24985955970882023,0.3750702201455899,-0.31246488992720506,0.34376755503639744,-0.3281162224818013,0.33594188875909936,0.6679709443795496,0.8339854721897748,-0.0830072639051126,0.4584963680474437,-0.2707518159762782,0.3646240920118609,-0.31768795399406957,-0.6588439769970348,0.1705780115014826,-0.4147109942492587,0.29264450287537064,-0.3536777485623147,0.32316112571884265,-0.33841943714057865,-0.6692097185702893,0.16539514071485534,0.5826975703574276,0.7913487851787138,0.8956743925893569,0.9478371962946784,0.9739185981473393,-0.013040700926330362,-0.5065203504631652,-0.7532601752315826,0.12336991238420869,0.5616849561921043,0.7808424780960521,-0.10957876095197394,-0.5547893804759869,-0.7773946902379935,-0.8886973451189968,0.05565132744050161,0.5278256637202507,-0.23608716813987463,0.3819564159300627,-0.30902179203496866,-0.6545108960174844,-0.8272554480087422,0.08637227599562891,-0.45681386200218554,0.2715930689989072,-0.3642034655005464,-0.6821017327502732,0.1589491336248634,0.5794745668124317,-0.21026271659378415,0.3948686417031079,-0.302565679148446,0.348717160425777,0.6743585802128885,0.8371792901064443,0.9185896450532222,-0.04070517747338892,-0.5203525887366944,-0.7601762943683472,-0.8800881471841736,-0.9400440735920867,-0.9700220367960434,0.014988981601978313,0.5074944908009892,-0.2462527545995054,0.37687362270024727,-0.31156318864987637,-0.6557815943249382,0.1721092028375309,-0.4139453985812346,0.2930273007093827,-0.3534863496453087,-0.6767431748226543,-0.8383715874113271,0.08081420629433644,0.5404071031471682,0.7702035515735841,-0.11489822421320794,-0.557449112106604,-0.778724556053302,-0.889362278026651,-0.9446811390133255,-0.9723405695066627,-0.9861702847533313,0.006914857623334325,-0.49654257118833284,-0.7482712855941664,0.12586435720291678,0.5629321786014584,-0.2185339106992708,0.3907330446503646,-0.3046334776748177,0.3476832611625912,-0.3261583694187044,0.33692081529064777,0.6684604076453239,0.8342302038226619,0.9171151019113309,0.9585575509556654,-0.020721224522167292,0.48963938773891635,-0.2551803061305418,0.3724098469347291,-0.31379507653263544,-0.6568975382663177,0.17155123086684115,0.5857756154334206,-0.2071121922832897,0.39644390385835515,0.6982219519291776,-0.1508890240354112,-0.5754445120177056,0.21227774399114718,0.6061388719955736,0.8030694359977868,-0.0984652820011066,0.4507673589994467,-0.2746163205002766,0.3626918397498617,0.6813459198749309,-0.15932704006253456,0.4203364799687327,-0.28983176001563365,0.35508411999218314,0.6775420599960915,-0.16122897000195424,-0.5806144850009771,0.20969275749951144,0.6048463787497558,-0.1975768106251221,0.40121159468743894,-0.29939420265628053,0.3503028986718597,-0.32484855066407015,-0.6624242753320351,-0.8312121376660175,-0.9156060688330088,-0.9578030344165044,-0.9789015172082522,-0.9894507586041261,0.005274620697936938,0.5026373103489685,0.7513186551744843,0.8756593275872422,-0.06217033620637891,-0.5310851681031894,-0.7655425840515947,0.11722870797420265,0.5586143539871014,-0.22069282300644932,0.38965358849677534,0.6948267942483877,-0.15258660287580617,0.4237066985620969,-0.2881466507189515,0.35592667464052424,-0.32203666267973785,0.3389816686601311,0.6694908343300655,0.8347454171650328,-0.0826272914174836,0.4586863542912582,-0.27065682285437087,0.36467158857281456,0.6823357942864072,-0.1588321028567964,-0.5794160514283981,-0.7897080257141991,-0.8948540128570995,-0.9474270064285497,0.026286496785725144,-0.48685675160713743,-0.7434283758035687,-0.8717141879017843,0.06414290604910783,-0.46792854697544606,0.26603572651227697,-0.3669821367438615,-0.6834910683719307,0.15825446581403463,-0.4208727670929827,0.28956361645350864,-0.35521819177324565,-0.6776090958866228,0.16119545205668862,-0.4194022739716557,-0.7097011369858278,0.1451494315070861,-0.427425284246457,0.2862873578767715,0.6431436789383858,0.8215718394691929,-0.08921408026540356,0.4553929598672982,-0.2723035200663509,-0.6361517600331754,-0.8180758800165877,-0.9090379400082939,-0.954518970004147,-0.9772594850020735,0.011370257498963254,0.5056851287494817,0.7528425643747408,-0.12357871781262958,0.43821064109368524,0.7191053205468426,0.8595526602734214,-0.07022366986328932,-0.5351118349316446,0.2324440825341777,0.6162220412670889,0.8081110206335445,0.9040555103167722,0.9520277551583861,0.9760138775791931,0.9880069387895966,-0.005996530605201722,0.49700173469739917,-0.2514991326513004,0.3742504336743498,0.6871252168371749,0.8435626084185874,0.9217813042092937,0.9608906521046469,0.9804453260523234,-0.009777336973838313,0.49511133151308084,0.7475556657565404,-0.1262221671217298,-0.5631110835608649,-0.7815555417804325,-0.8907777708902163,-0.9453888854451081,0.027305557277445935,-0.48634722136127706,-0.7431736106806386,-0.8715868053403193,0.06420659732984035,0.5321032986649201,0.7660516493324601,-0.11697417533376997,-0.558487087666885,-0.7792435438334425,0.11037822808327874,0.5551891140416394,0.7775945570208197,-0.11120272148959015,-0.555601360744795,-0.7778006803723976,-0.8889003401861988,-0.9444501700930994,0.027774914953450303,0.5138874574767252,-0.24305627126163742,-0.6215281356308187,-0.8107640678154093,0.09461796609229534,0.5473089830461477,-0.22634550847692614,0.38682724576153693,-0.30658637711923153,0.34670681144038423,-0.3266465942798079,-0.6633232971399039,-0.831661648569952,-0.915830824284976,0.04208458785751201,-0.478957706071244,-0.739478853035622,-0.869739426517811,0.0651302867410945,0.5325651433705473,0.7662825716852737,0.8831412858426368,0.9415706429213184,-0.029214678539340788,-0.5146073392696704,-0.7573036696348352,0.1213481651825824,0.5606740825912913,-0.21966295870435437,0.3901685206478228,-0.3049157396760886,0.3475421301619557,0.6737710650809778,-0.16311446745951108,0.41844276627024446,0.7092213831351222,0.8546106915675611,0.9273053457837805,0.9636526728918903,0.9818263364459452,0.9909131682229726,0.9954565841114863,-0.002271707944256851,0.49886414602787155,-0.2505679269860642,-0.6252839634930321,-0.812641981746516,-0.906320990873258,-0.9531604954366291,0.02341975228168547,-0.48829012385915727,0.25585493807042137,-0.3720725309647893,-0.6860362654823946,-0.8430181327411973,-0.9215090663705987,-0.9607545331852994,0.019622733407350323,0.5098113667036752,-0.2450943166481624,-0.6225471583240811,0.18872642083795943,0.5943632104189798,0.7971816052094899,-0.10140919739525506,0.44929540130237244,-0.2753522993488138,0.3623238503255931,-0.31883807483720344,-0.6594190374186018,0.17029048129069912,-0.41485475935465044,0.2925726203226748,-0.3537136898386626,0.3231431550806687,0.6615715775403344,-0.16921421122983282,-0.5846071056149165,0.20769644719254177,0.6038482235962709,-0.19807588820186456,0.40096205589906775,-0.2995189720504661,-0.649759486025233,0.17512025698738348,-0.41243987150630823,0.2937800642468459,-0.35310996787657706,0.3234450160617115,-0.33827749196914425,0.3308612540154279,0.6654306270077139,0.832715313503857,-0.08364234324807152,0.45817882837596424,0.7290894141879821,0.8645447070939911,0.9322723535469956,0.9661361767734977,0.9830680883867489,-0.008465955806625569,0.4957670220966872,-0.2521164889516564,0.3739417555241718,0.6869708777620859,-0.15651456111895706,-0.5782572805594786,-0.7891286402797393,0.10543567986013036,0.5527178399300652,-0.2236410800349674,0.3881794599825163,-0.3059102700087418,0.3470448649956291,-0.3264775675021855,0.33676121624890726,0.6683806081244537,-0.16580969593777317,0.4170951520311134,0.7085475760155567,-0.14572621199222163,-0.5728631059961108,-0.7864315529980554,-0.8932157764990277,-0.9466078882495139,0.02669605587524304,-0.4866519720623785,-0.7433259860311893,-0.8716629930155946,-0.9358314965077973,-0.9679157482538987,0.01604212587305065,-0.4919789370634747,-0.7459894685317373,-0.8729947342658686,-0.9364973671329343,0.03175131643353285,-0.4841243417832336,-0.7420621708916169,-0.8710310854458084,0.06448445727709579,0.5322422286385479,-0.23387888568072607,0.38306055715963694,0.6915302785798185,0.8457651392899093,-0.07711743035504537,0.4614412848224773,-0.2692793575887613,0.36536032120561934,0.6826801606028097,0.8413400803014048,-0.07932995984929758,0.4603350200753512,0.7301675100376757,0.8650837550188378,0.932541877509419,-0.033729061245290515,-0.5168645306226453,-0.7584322653113227,0.12078386734433866,-0.43960806632783067,-0.7198040331639153,0.14009798341804236,0.5700489917090212,0.7850244958545106,-0.10748775207274469,-0.5537438760363723,-0.7768719380181861,-0.888435969009093,0.055782015495453474,-0.47210899225227326,-0.7360544961261366,-0.8680272480630683,-0.9340136240315342,0.0329931879842329,-0.48350340600788355,-0.7417517030039418,-0.8708758515019709,0.06456207424901456,-0.46771896287549275,0.2661405185622536,0.6330702592811268,-0.1834648703594366,0.4082675648202817,-0.29586621758985915,-0.6479331087949296,0.1760334456025352,-0.4119832771987324,0.2940083614006338,-0.3529958192996831,0.3235020903501584,0.6617510451750792,0.8308755225875396,-0.0845622387062302,-0.5422811193531151,0.22885944032344246,-0.38557027983827874,-0.6927851399191394,0.15360743004043032,0.5768037150202152,0.7884018575101076,-0.1057990712449462,-0.5528995356224731,-0.7764497678112365,-0.8882248839056183,0.055887558047190866,-0.47205622097640454,0.26397188951179773,0.6319859447558989,-0.18400702762205057,-0.5920035138110253,-0.7960017569055127,-0.8980008784527563,-0.9490004392263782,0.02549978038681089,-0.48725010980659456,-0.7436250549032972,-0.8718125274516486,-0.9359062637258243,-0.9679531318629122,0.016023434068543896,-0.49198828296572805,-0.745994141482864,-0.8729970707414321,-0.936498535370716,0.03175073231464198,0.515875366157321,-0.2420623169213395,0.37896884153933025,-0.3105155792303349,0.34474221038483255,-0.3276288948075837,0.33618555259620814,0.668092776298104,0.8340463881490521,-0.08297680592547396,0.458511597037263,-0.27074420148136846,0.36462789925931577,-0.31768605037034214,0.34115697481482893,0.6705784874074144,-0.16471075629629278,0.4176446218518536,-0.2911776890740732,0.3544111554629634,-0.3227944222685183,-0.6613972111342592,0.1693013944328704,0.5846506972164351,0.7923253486082176,-0.10383732569589121,0.4480813371520544,0.7240406685760272,-0.1379796657119864,0.4310101671440068,-0.2844949164279966,-0.6422474582139983,-0.8211237291069992,-0.9105618645534996,0.04471906772325018,0.5223595338616251,0.7611797669308126,-0.11941011653459371,-0.5597050582672969,0.22014747086635156,-0.3899262645668242,0.3050368677165879,-0.34748156614170606,-0.673740783070853,0.16312960846457347,-0.41843519576771326,-0.7092175978838566,-0.8546087989419283,0.07269560052903584,-0.4636521997354821,0.26817390013225895,-0.3659130499338705,-0.6829565249669353,0.15852173751653237,0.5792608687582662,-0.2103695656208669,0.3948152171895666,-0.3025923914052167,0.3487038042973917,-0.32564809785130416,-0.662824048925652,0.16858797553717397,-0.415706012231413,-0.7078530061157065,-0.8539265030578532,-0.9269632515289266,-0.9634816257644633,-0.9817408128822316,0.009129593558884208,0.5045647967794421,-0.24771760161027895,0.37614119919486055,-0.3119294004025697,-0.6559647002012848,0.17201764989935758,-0.41399117505032124,0.2930044124748394,-0.3534977937625803,-0.6767488968812901,-0.838374448440645,0.08081277577967749,0.5404063878898387,0.7702031939449194,-0.11489840302754029,-0.5574492015137702,-0.7787246007568851,0.11063769962155745,-0.4446811501892213,-0.7223405750946106,-0.8611702875473053,0.06941485622634735,-0.4652925718868263,-0.7326462859434132,0.1336768570282934,0.5668384285141467,-0.21658078574292666,0.39170960712853664,-0.3041451964357317,0.34792740178213416,0.673963700891067,0.8369818504455335,0.9184909252227668,0.9592454626113833,-0.020377268694308337,0.48981136565284583,-0.2550943171735771,0.37245284141321144,-0.3137735792933943,0.3431132103533029,-0.32844339482334856,-0.6642216974116743,0.16788915129416287,0.5839445756470815,-0.20802771217645927,0.39598614391177034,0.6979930719558851,-0.15100346402205744,-0.5755017320110287,0.21224913399448564,-0.3938754330027572,0.3030622834986214,0.6515311417493107,0.8257655708746554,0.9128827854373277,0.9564413927186639,-0.021779303640668046,0.489110348179666,-0.25544482591016704,0.3722775870449165,-0.3138612064775418,-0.656930603238771,-0.8284653016193855,0.08576734919030726,0.5428836745951536,-0.22855816270242318,-0.6142790813512116,-0.8071395406756058,0.09643022966219711,-0.4517848851689015,-0.7258924425844507,-0.8629462212922254,-0.9314731106461127,-0.9657365553230564,-0.9828682776615282,-0.9914341388307641,0.004282930584617928,0.502141465292309,0.7510707326461545,0.8755353663230773,-0.062232316838461366,-0.5311161584192307,0.23444192079038467,0.6172209603951924,0.8086104801975962,-0.09569475990120191,0.45215262004939905,0.7260763100246995,0.8630381550123498,0.9315190775061749,-0.034240461246912546,-0.5171202306234562,-0.7585601153117281,0.12071994234413597,0.5603599711720679,-0.21982001441396604,0.390089992793017,0.6950449963965085,0.8475224981982543,-0.07623875090087284,0.4618806245495636,-0.2690596877252182,0.36547015613739087,0.6827350780686954,-0.1586324609656523,-0.5793162304828261,-0.789658115241413,-0.8948290576207065,-0.9474145288103533,0.02629273559482337,-0.4868536322025883,0.25657318389870587,-0.37171340805064707,0.3141432959746765,-0.34292835201266175,0.3285358239936691,-0.33573208800316545,-0.6678660440015827,0.16606697799920866,-0.41696651100039567,0.29151674449980214,-0.35424162775009893,-0.6771208138750495,0.16143959306247524,-0.4192802034687624,-0.7096401017343812,0.1451799491328094,-0.4274100254335953,0.28629498728320235,0.6431474936416012,0.8215737468208006,0.9107868734104003,0.9553934367052002,-0.02230328164739992,-0.5111516408237,-0.75557582041185,-0.877787910205925,-0.9388939551029625,-0.9694469775514812,0.015276511224259381,0.5076382556121297,0.7538191278060649,0.8769095639030324,0.9384547819515162,0.969227390975758,-0.015386304512120974,-0.5076931522560605,0.24615342387196976,-0.3769232880640151,0.31153835596799245,0.6557691779839963,0.8278845889919981,0.9139422944959991,0.9569711472479996,-0.021514426376000206,0.4892427868119999,-0.255378606594,0.372310696703,0.6861553483514999,-0.15692232582425003,0.421538837087875,0.7107694185439375,-0.14461529072803125,0.4276923546359844,0.7138461773179922,0.856923088658996,-0.07153845567050199,0.464230772164749,0.7321153860823745,0.8660576930411872,0.9330288465205936,-0.033485576739703204,-0.5167427883698517,-0.7583713941849258,0.12081430290753709,0.5604071514537685,0.7802035757268843,-0.10989821213655787,-0.554949106068279,-0.7774745530341395,-0.8887372765170698,-0.9443686382585349,0.02781568087073255,0.5139078404353663,-0.24304607978231685,-0.6215230398911584,0.1892384800544208,0.5946192400272103,0.7973096200136052,-0.10134518999319742,0.4493274050034013,-0.27533629749829935,0.3623318512508503,-0.31883407437457484,-0.6594170371872874,-0.8297085185936437,-0.9148542592968218,0.042572870351589076,-0.47871356482420546,-0.7393567824121028,-0.8696783912060514,0.0651608043969743,-0.4674195978015129,0.26629020109924356,0.6331451005496218,-0.1834274497251891,-0.5917137248625945,-0.7958568624312973,-0.8979284312156486,0.05103578439217571,0.5255178921960879,-0.23724105390195604,-0.618620526950978,-0.809310263475489,-0.9046551317377445,0.04767243413112776,0.5238362170655639,0.761918108532782,-0.11904094573360902,0.4404795271331955,0.7202397635665978,-0.1398801182167011,-0.5699400591083505,0.21502997044582473,0.6075149852229124,0.8037574926114561,0.9018787463057281,0.950939373152864,-0.024530313423567984,0.48773484328821604,-0.256132578355892,-0.628066289177946,0.18596685541102698,-0.4070165722944865,-0.7035082861472433,-0.8517541430736216,-0.9258770715368108,-0.9629385357684054,-0.9814692678842027,-0.9907346339421014,-0.9953673169710506,-0.9976836584855253,0.0011581707572373423,0.5005790853786187,-0.24971045731069064,0.3751447713446547,-0.31242761432767263,-0.6562138071638364,-0.8281069035819182,-0.9140534517909591,-0.9570267258954795,0.021486637052260227,0.5107433185261301,0.755371659263065,-0.12231417036846748,0.43884291481576626,0.7194214574078831,0.8597107287039416,-0.0701446356480292,-0.5350723178240147,-0.7675361589120073,-0.8837680794560037,0.05811596027199817,0.5290579801359991,-0.23547100993200043,0.3822644950339998,-0.30886775248300014,-0.6544338762415001,-0.82721693812075,-0.913608469060375,-0.9568042345301875,0.02159788273490626,0.5107989413674532,0.7553994706837266,-0.1223002646581367,-0.5611501323290684,0.2194249338354658,0.609712466917733,0.8048562334588665,-0.09757188327056676,0.4512140583647166,0.7256070291823583,0.8628035145911792,-0.0685982427044104,-0.5342991213522053,0.23285043932389737,-0.3835747803380513,-0.6917873901690257,0.15410630491548716,0.5770531524577436,-0.2114734237711282,-0.6057367118855641,-0.802868355942782,-0.901434177971391,0.04928291101430449,0.5246414555071522,0.7623207277535762,-0.11883963612321191,0.44058018193839404,0.720290090969197,0.8601450454845985,0.9300725227422992,0.9650362613711496,0.9825181306855748,0.9912590653427874,0.9956295326713938,-0.002185233664303121,-0.5010926168321516,0.24945369158392422,-0.37527315420803786,0.31236342289598107,-0.34381828855200947,0.32809085572399527,-0.3359545721380024,0.3320227139309988,-0.3339886430345006,0.3330056784827497,0.6665028392413749,-0.16674858037931256,-0.5833742901896563,-0.7916871450948282,0.10415642745258591,0.552078213726293,0.7760391068631465,0.8880195534315732,0.9440097767157867,-0.027995111642106663,0.48600244417894667,-0.25699877791052667,0.37150061104473664,0.6857503055223684,-0.1571248472388158,0.4214375763805921,-0.28928121180970395,0.35535939409514805,-0.322320302952426,-0.661160151476213,0.1694199242618935,-0.4152900378690533,0.29235498106547336,-0.35382250946726335,0.3230887452663683,0.6615443726331842,-0.1692278136834079,0.41538609315829605,-0.292306953420852,-0.646153476710426,-0.823076738355213,-0.9115383691776064,-0.9557691845888032,-0.9778845922944016,-0.9889422961472008,0.005528851926399625,-0.4972355740368002,-0.7486177870184001,-0.8743088935092,-0.9371544467546,-0.9685772233773,0.015711388311349994,-0.492144305844325,-0.7460721529221626,-0.8730360764610813,-0.9365180382305407,0.03174098088472965,0.5158704904423648,0.7579352452211824,-0.12103237738940881,0.43948381130529557,0.7197419056526477,-0.14012904717367614,0.42993547641316193,0.714967738206581,-0.1425161308967095,-0.5712580654483548,0.2143709672758226,-0.3928145163620887,0.3035927418189557,-0.34820362909052216,0.3258981854547389,-0.33705090727263054,0.33147454636368473,0.6657372731818424,0.8328686365909213,0.9164343182954606,-0.04178284085226969,-0.5208914204261348,-0.7604457102130674,-0.8802228551065336,-0.9401114275532668,-0.9700557137766335,0.014972143111683267,0.5074860715558416,0.7537430357779208,-0.1231284821110396,-0.5615642410555198,-0.7807821205277599,-0.8903910602638799,0.054804469868060035,0.52740223493403,-0.23629888253298498,0.3818505587335075,-0.30907472063324626,-0.6545373603166231,-0.8272686801583116,0.08636565992084422,-0.4568171700395779,0.27159141498021105,0.6357957074901055,-0.18210214625494725,0.4089489268725264,-0.2955255365637368,-0.6477627682818684,0.1761186158590658,-0.41194069207046713,0.29402965396476644,0.6470148269823832,0.8235074134911916,-0.0882462932544042,0.45587685337279793,-0.27206157331360104,-0.6360307866568005,0.18198460667159977,-0.4090076966642001,-0.7045038483321,-0.85225192416605,0.073874037916975,0.5369370189584874,-0.23153149052075628,-0.6157657452603782,-0.8078828726301891,-0.9039414363150946,0.0480292818424527,-0.47598535907877365,0.26200732046061315,0.6310036602303066,-0.18449816988484669,-0.5922490849424233,-0.7961245424712117,-0.8980622712356059,-0.949031135617803,0.025484432191098527,-0.48725778390445074,-0.7436288919522254,-0.8718144459761127,-0.9359072229880563,-0.9679536114940281,0.01602319425298593,-0.49198840287350704,-0.7459942014367535,-0.8729971007183768,-0.9364985503591884,0.03175072482040581,0.5158753624102029,-0.24206231879489853,0.37896884060255076,0.6894844203012753,0.8447422101506377,-0.07762889492468117,0.4611855525376594,-0.2694072237311703,-0.6347036118655851,-0.8173518059327926,0.09132409703360372,-0.4543379514831981,0.27283102425840094,-0.36358448787079956,-0.6817922439353998,0.15910387803230008,-0.42044806098384996,0.28977596950807505,-0.3551120152459625,0.32244399237701876,-0.3387780038114906,-0.6693890019057454,0.16530549904712732,0.5826527495235636,0.7913263747617818,-0.1043368126191091,0.44783159369044545,0.7239157968452228,-0.1380421015773886,-0.5690210507886944,-0.7845105253943472,0.10774473730282641,0.5538723686514132,0.7769361843257065,-0.11153190783714673,-0.5557659539185733,-0.7778829769592867,-0.8889414884796434,0.05552925576017831,-0.47223537211991085,-0.7361176860599554,0.1319411569700223,-0.43402942151498886,-0.7170147107574945,-0.8585073553787472,0.07074632231062639,-0.4646268388446868,0.2676865805776566,-0.3661567097111717,-0.6830783548555859,0.15846082257220706,0.5792304112861035,-0.21038479435694823,0.3948076028215259,-0.30259619858923703,0.3487019007053815,0.6743509503526908,0.8371754751763454,0.9185877375881727,-0.040706131205913654,-0.5203530656029568,-0.7601765328014785,-0.8800882664007392,-0.9400441332003696,-0.9700220666001849,-0.9850110333000924,0.007494483349953784,0.5037472416749769,0.7518736208374884,-0.12406318958125578,0.4379684052093721,-0.28101579739531396,-0.640507898697657,0.1797460506511715,-0.4101269746744143,0.29493651266279286,-0.35253174366860357,-0.6762658718343018,-0.8381329359171509,0.08093353204142456,0.5404667660207123,0.7702333830103562,-0.11488330849482192,-0.557441654247411,-0.7787208271237055,-0.8893604135618527,-0.9446802067809263,-0.9723401033904632,-0.9861700516952316,0.006914974152384179,-0.4965425129238079,-0.748271256461904,0.12586437176904802,0.562932185884524,-0.218533907057738,0.390733046471131,-0.30463347676443453,0.34768326161778274,-0.32615836919110863,0.3369208154044457,0.6684604077022228,0.8342302038511114,-0.08288489807444432,0.45855755096277784,-0.2707212245186111,0.3646393877406945,-0.31768030612965276,0.34115984693517365,0.6705799234675869,-0.16471003826620656,0.4176449808668967,0.7088224904334484,-0.14558875478327582,0.4272056226083621,0.713602811304181,-0.1431985943479095,-0.5715992971739547,0.21420035141302263,-0.3928998242934887,0.30355008785325566,-0.34822495607337217,0.32588752196331394,0.662943760981657,-0.16852811950917151,0.41573594024541427,0.7078679701227071,0.8539339850613535,0.9269669925306767,-0.03651650373466164,0.4817417481326692,-0.25912912593366544,0.3704354370331673,-0.31478228148341636,-0.6573911407417081,-0.8286955703708541,0.08565221481457297,0.5428261074072864,-0.22858694629635679,0.3857065268518216,-0.3071467365740892,0.3464266317129554,-0.3267866841435223,-0.6633933420717611,-0.8316966710358806,-0.9158483355179403,-0.9579241677589702,-0.978962083879485,-0.9894810419397425,0.005259479030128744,-0.4973702604849356,0.2513148697575322,0.6256574348787661,-0.18717128256061694,-0.5935856412803084,0.20320717935984578,-0.3983964103200771,0.30080179483996144,-0.34959910258001925,-0.6747995512900096,0.16260022435499522,-0.4186998878225024,-0.7093499439112512,-0.8546749719556256,0.07266251402218721,0.5363312570110936,-0.23183437149445318,0.3840828142527734,0.6920414071263867,-0.15397929643680663,0.4230103517815967,-0.2884948241092017,0.35575258794539916,-0.32212370602730045,0.3389381469863498,-0.33053092650682514,-0.6652654632534125,0.16736726837329374,-0.41631636581335313,0.29184181709332346,-0.35407909145333827,-0.6770395457266691,0.16148022713666543,-0.4192598864316673,-0.7096299432158336,0.1451850283920832,-0.4274074858039584,0.2862962570980208,0.6431481285490104,0.8215740642745052,-0.0892129678627474,0.4553935160686263,-0.27230324196568684,-0.6361516209828434,-0.8180758104914216,-0.9090379052457108,-0.9545189526228555,-0.9772594763114277,0.011370261844286134,0.5056851309221431,0.7528425654610715,-0.12357871726946423,0.4382106413652679,0.7191053206826339,0.8595526603413169,-0.07022366982934153,-0.5351118349146707,0.23244408254266463,0.6162220412713323,0.8081110206356661,0.904055510317833,0.9520277551589165,0.9760138775794582,0.9880069387897291,-0.005996530605135442,0.49700173469743225,-0.2514991326512839,-0.6257495663256419,0.18712521683717903,0.5935626084185895,0.7967813042092948,0.8983906521046474,0.9491953260523237,0.9745976630261619,0.987298831513081,0.9936494157565405,-0.0031752921217297336,-0.5015876460608648,-0.7507938230304324,-0.8753969115152163,-0.9376984557576081,0.031150772121195935,0.5155753860605979,-0.24221230696970103,-0.6211061534848505,0.18944692325757473,-0.40527653837121264,0.29736173081439365,-0.3513191345928032,-0.6756595672964016,-0.8378297836482008,-0.9189148918241004,0.04054255408794982,-0.4797287229560251,-0.7398643614780125,-0.8699321807390062,-0.9349660903695032,-0.9674830451847516,-0.9837415225923758,0.008129238703812103,0.504064619351906,-0.24796769032404697,-0.6239838451620234,0.18800807741898828,0.5940040387094941,0.7970020193547471,-0.10149899032262644,0.4492505048386868,-0.2753747475806566,0.3623126262096717,-0.3188436868951642,-0.659421843447582,-0.829710921723791,-0.9148554608618955,0.042572269569052246,-0.4787138652154739,-0.7393569326077369,-0.8696784663038685,0.06516076684806577,0.5325803834240329,0.7662901917120164,0.8831450958560082,-0.0584274520719959,-0.5292137260359979,-0.764606863017999,-0.8823034315089995,0.05884828424550026,0.5294241421227501,0.7647120710613751,0.8823560355306875,0.9411780177653437,0.9705890088826719,0.9852945044413359,-0.007352747779332036,0.496323626110334,-0.251838186944833,-0.6259190934724165,0.18704045326379176,-0.40647977336810415,-0.7032398866840521,-0.8516199433420261,-0.9258099716710131,-0.9629049858355065,-0.9814524929177533,-0.9907262464588766,0.004636876770561682,0.5023184383852808,0.7511592191926404,-0.1244203904036798,-0.5622101952018399,0.21889490239908005,-0.39055254880046,-0.69527627440023,-0.8476381372001149,-0.9238190686000575,0.038090465699971265,-0.4809547671500144,0.2595226164249928,-0.37023869178750357,-0.6851193458937518,-0.8425596729468758,0.07872016352656208,-0.46063991823671896,-0.7303199591183595,0.13484002044082027,-0.4325799897795899,-0.716289994889795,-0.8581449974448975,-0.9290724987224488,-0.9645362493612244,0.017731875319387802,0.5088659376596939,-0.24556703117015305,-0.6227835155850765,0.18860824220746175,0.5943041211037309,0.7971520605518654,-0.10142396972406731,-0.5507119848620337,0.22464400756898317,-0.3876779962155084,0.3061610018922458,-0.3469194990538771,-0.6734597495269385,-0.8367298747634693,-0.9183649373817346,0.04081753130913268,-0.47959123434543366,-0.7397956171727168,-0.8698978085863585,0.06505109570682077,-0.4674744521465896,-0.7337372260732948,0.13313138696335258,-0.4334343065183237,-0.7167171532591619,0.14164142337041907,-0.42917928831479046,0.28541035584260477,0.6427051779213024,-0.17864741103934878,0.4106762944803256,0.7053381472401627,0.8526690736200814,0.9263345368100406,0.9631672684050203,0.9815836342025102,0.9907918171012551,0.9953959085506275,0.9976979542753137,0.9988489771376569,0.9994244885688284,0.9997122442844142,-0.00014387785779290674,0.49992806107110355,0.7499640305355517,0.8749820152677759,0.9374910076338879,0.9687455038169439,0.984372751908472,0.992186375954236,-0.003906812022882011,-0.501953406011441,0.2490232969942795,0.6245116484971398,0.8122558242485699,0.9061279121242849,-0.04693604393785755,-0.5234680219689287,0.23826598901553564,-0.3808670054922322,0.3095664972538839,-0.3452167513730581,-0.6726083756865291,0.16369581215673545,0.5818479060783677,-0.20907604696081616,-0.6045380234804081,-0.802269011740204,-0.901134505870102,-0.9505672529350511,-0.9752836264675255,-0.9876418132337628,-0.9938209066168814,-0.9969104533084407,-0.9984552266542204,0.0007723866728898132,-0.4996138066635551,0.2501930966682224,0.6250965483341112,0.8125482741670556,0.9062741370835278,0.9531370685417639,-0.02343146572911803,-0.511715732864559,-0.7558578664322795,-0.8779289332161397,-0.9389644666080699,0.030517766695965065,0.5152588833479825,0.7576294416739913,-0.12118527916300437,-0.5605926395815022,0.2197036802092489,-0.39014815989537555,0.3049259200523122,0.6524629600261561,0.8262314800130781,-0.08688425999346094,0.45655787000326953,0.7282789350016348,0.8641394675008174,-0.06793026624959131,-0.5339651331247957,-0.7669825665623978,0.11650871671880109,0.5582543583594005,0.7791271791797003,0.8895635895898502,0.9447817947949251,-0.02760910260253746,0.48619544869873127,-0.2569022756506344,-0.6284511378253173,-0.8142255689126586,0.09288721554367069,-0.4535563922281647,-0.7267781961140823,0.13661090194295883,0.5683054509714794,0.7841527254857397,0.8920763627428698,-0.053961818628565084,-0.5269809093142825,0.23650954534285873,0.6182547726714294,-0.19087261366428532,-0.5954363068321427,0.20228184658392867,0.6011409232919643,0.8005704616459821,-0.09971476917700894,-0.5498573845885044,-0.7749286922942522,-0.8874643461471261,0.05626782692643695,0.5281339134632185,-0.23593304326839076,0.3820334783658046,0.6910167391829023,0.8455083695914511,0.9227541847957256,-0.03862290760213721,-0.5193114538010686,-0.7596557269005343,0.12017213654973286,-0.4399139317251336,0.2800430341374332,0.6400215170687166,0.8200107585343583,-0.08999462073282083,-0.5449973103664104,-0.7724986551832052,-0.8862493275916026,-0.9431246637958013,-0.9715623318979006,0.014218834051049678,0.5071094170255248,0.7535547085127624,0.8767773542563813,0.9383886771281906,0.9691943385640953,0.9845971692820477,-0.007701415358976171,0.4961492923205119,0.748074646160256,-0.125962676919872,-0.562981338459936,0.21850933077003198,-0.390745334614984,-0.695372667307492,0.15231366634625398,0.576156833173127,0.7880784165865635,0.8940392082932818,-0.05298039585335912,-0.5264901979266796,-0.7632450989633398,0.1183774505183301,0.5591887252591651,0.7795943626295825,0.8897971813147912,0.9448985906573957,0.9724492953286978,0.9862246476643489,-0.0068876761678255405,-0.5034438380839128,-0.7517219190419564,0.1241390404790218,-0.4379304797604891,0.2810347601197555,-0.35948261994012226,-0.6797413099700611,0.16012934501496945,-0.4199353274925153,0.29003233625374236,-0.3549838318731288,0.32250808406343556,0.6612540420317178,-0.1693729789841411,0.4153135105079294,0.7076567552539648,0.8538283776269824,-0.07308581118650881,-0.5365429055932545,-0.7682714527966272,0.11586427360168639,0.5579321368008432,-0.2210339315995784,-0.6105169657997892,-0.8052584828998945,-0.9026292414499473,0.048685379275026364,-0.4756573103624868,-0.7378286551812434,0.1310856724093783,0.5655428362046891,-0.21722858189765543,-0.6086142909488277,-0.8043071454744138,-0.902153572737207,0.04892321363139651,0.5244616068156982,-0.2377691965921509,0.38111540170392455,0.6905577008519623,-0.15472114957401883,0.4226394252129906,-0.2886802873935047,-0.6443401436967524,-0.8221700718483762,-0.9110850359241881,-0.955542517962094,0.022228741018953002,0.5111143705094765,-0.24444281474526175,-0.6222214073726309,0.18888929631368456,0.5944446481568423,0.7972223240784211,-0.10138883796078946,-0.5506944189803947,-0.7753472094901974,0.11232639525490129,-0.44383680237254935,-0.7219184011862747,0.13904079940686265,-0.4304796002965687,-0.7152398001482844,0.14238009992585782,0.5711900499629289,-0.21440497501853556,-0.6072024875092678,-0.8036012437546338,0.09819937812268309,0.5490996890613415,0.7745498445306708,-0.11272507773466461,-0.5563625388673323,-0.7781812694336662,-0.889090634716833,-0.9445453173584165,-0.9722726586792083,-0.9861363293396042,-0.9930681646698021,-0.996534082334901,-0.9982670411674506,-0.9991335205837253,0.00043323970813735624,-0.4997833801459313,0.25010830992703437,0.6250541549635171,-0.18747292251824144,-0.5937364612591207,0.20313176937043964,0.6015658846852199,0.8007829423426099,0.900391471171305,0.9501957355856525,0.9750978677928263,0.9875489338964132,0.9937744669482066,0.9968872334741032,0.9984436167370516,0.9992218083685258,0.9996109041842629,0.9998054520921315,-9.727395393427374e-05,-0.5000486369769671,-0.7500243184884836,-0.8750121592442418,-0.9375060796221208,0.031246960188939576,-0.4843765199055302,-0.7421882599527652,-0.8710941299763826,0.06445293501180871,0.5322264675059043,0.7661132337529521,0.8830566168764761,-0.05847169156176196,-0.529235845780881,0.2353820771095595,0.6176910385547798,-0.1911544807226101,-0.5955772403613051,-0.7977886201806526,0.10110568990967372,0.5505528449548369,0.7752764224774185,0.8876382112387092,0.9438191056193546,0.9719095528096773,0.9859547764048386,0.9929773882024193,-0.00351130589879034,0.49824434705060483,0.7491221735253024,0.8745610867626512,0.9372805433813256,0.9686402716906628,0.9843201358453314,0.9921600679226656,-0.0039199660386671775,-0.5019599830193335,-0.7509799915096668,-0.8754899957548334,-0.9377449978774167,0.03112750106129164,-0.48443624946935415,-0.7422181247346771,0.12889093763266146,0.5644454688163307,0.7822227344081654,-0.10888863279591732,-0.5544443163979587,0.22277784180102067,-0.38861107909948966,-0.6943055395497448,-0.8471527697748724,0.07642361511256379,-0.4617881924437181,0.2691059037781409,0.6345529518890705,0.8172764759445352,-0.09136176202773238,-0.5456808810138662,-0.7728404405069331,0.11357977974653344,-0.4432101101267333,0.27839494493663336,0.6391974724683167,-0.18040126376584165,-0.5902006318829208,0.2048996840585396,0.6024498420292698,0.8012249210146349,0.9006124605073175,-0.049693769746341265,0.47515311512682934,0.7375765575634147,-0.13121172121829267,0.4343941393908537,0.7171970696954268,-0.14140146515228658,0.4292992674238567,-0.28535036628807164,-0.6426751831440358,-0.8213375915720179,-0.9106687957860089,-0.9553343978930044,-0.9776671989465022,0.011166400526748888,0.5055832002633744,0.7527916001316872,0.8763958000658436,-0.061802099967078195,-0.5309010499835392,-0.7654505249917696,-0.8827252624958848,0.058637368752057606,-0.4706813156239712,0.2646593421880144,0.6323296710940072,0.8161648355470036,-0.0919175822264982,-0.5459587911132491,0.22702060444337546,-0.38648969777831227,0.30675515111084384,-0.3466224244445781,0.32668878777771093,0.6633443938888555,0.8316721969444277,0.9158360984722138,0.9579180492361069,-0.021040975381946547,-0.5105204876909732,0.24473975615451338,0.6223698780772566,0.8111849390386283,-0.09440753048068584,0.4527962347596571,0.7263981173798285,0.8631990586899143,-0.06840047065504284,-0.5342002353275215,-0.7671001176637607,0.11644994116811963,-0.44177502941594016,-0.7208875147079701,-0.860443757353985,-0.9302218786769925,-0.9651109393384962,-0.9825554696692481,0.008722265165375942,0.504361132582688,0.752180566291344,0.876090283145672,0.938045141572836,0.969022570786418,0.984511285393209,0.9922556426966045,-0.003872178651697755,-0.5019360893258489,0.24903195533707556,0.6245159776685378,0.8122579888342689,-0.09387100558286554,-0.5469355027914328,0.22653224860428361,0.6132661243021418,-0.1933669378489291,-0.5966834689244646,-0.7983417344622323,0.10082913276888383,-0.4495854336155581,-0.724792716807779,0.1376036415961105,-0.43119817920194475,0.2844009103990276,-0.3577995448004862,0.32110022759975687,-0.33944988620012156,0.3302750568999392,-0.3348624715500304,-0.6674312357750152,0.1662843821124924,0.5831421910562462,0.7915710955281231,-0.10421445223593845,0.44789277388203075,0.7239463869410154,0.8619731934705077,-0.06901340326474614,-0.534506701632373,-0.7672533508161865,0.11637332459190675,-0.4418133377040466,-0.7209066688520234,-0.8604533344260117,0.06977333278699416,0.534886666393497,0.7674433331967485,0.8837216665983743,0.9418608332991871,0.9709304166495936,-0.014534791675203218,-0.5072673958376016,0.2463663020811992,0.6231831510405996,0.8115915755202998,-0.0942042122398501,-0.547102106119925,-0.7735510530599625,-0.8867755265299813,0.05661223673500937,0.5283061183675046,0.7641530591837523,0.8820765295918762,0.9410382647959381,0.970519132397969,0.9852595661989845,-0.0073702169005077645,0.4963148915497461,0.7481574457748731,0.8740787228874365,0.9370393614437182,-0.03148031927814088,0.48425984036092956,0.7421299201804648,0.8710649600902324,0.9355324800451161,0.9677662400225581,-0.016116879988720967,0.4919415600056395,0.7459707800028197,-0.12701460999859016,-0.5635073049992951,0.21824634750035243,-0.3908768262498238,0.3045615868750881,-0.3477192065624559,-0.673859603281228,-0.8369298016406139,-0.918464900820307,0.04076754958984652,0.5203837747949233,0.7601918873974616,-0.11990405630126921,-0.5599520281506346,-0.7799760140753174,-0.8899880070376587,-0.9449940035188293,0.02750299824058533,0.5137514991202927,-0.24312425043985364,-0.6215621252199268,0.1892189373900366,-0.4053905313049817,0.29730473434750915,-0.3513476328262454,-0.6756738164131227,0.16216309179343863,0.5810815458967193,0.7905407729483597,-0.10472961352582016,0.4476351932370899,0.723817596618545,-0.13809120169072753,-0.5690456008453637,0.21547719957731815,0.6077385997886591,-0.19613070010567046,-0.5980653500528352,0.20096732497358238,-0.3995163375132088,0.3002418312433956,0.6501209156216978,-0.1749395421891511,-0.5874697710945755,-0.7937348855472878,-0.8968674427736438,-0.9484337213868219,0.025783139306589042,-0.4871084303467055,-0.7435542151733527,0.12822289241332363,0.5641114462066619,0.7820557231033309,0.8910278615516655,-0.054486069224167266,0.47275696538791634,0.7363784826939581,-0.13181075865302094,0.43409462067348953,0.7170473103367447,0.8585236551683724,0.9292618275841862,0.9646309137920931,-0.017684543103953454,0.4911577284480233,0.7455788642240117,0.8727894321120058,-0.06360528394399712,0.46819735802800144,0.7340986790140007,-0.13295066049299964,-0.5664753302464998,-0.7832376651232499,-0.891618832561625,-0.9458094162808125,-0.9729047081404063,0.013547645929796848,-0.4932261770351016,-0.7466130885175508,-0.8733065442587754,0.0633467278706123,-0.4683266360646938,-0.7341633180323469,-0.8670816590161734,0.0664591704919133,0.5332295852459566,0.7666147926229783,0.8833073963114891,-0.05834630184425543,-0.5291731509221277,-0.7645865754610639,-0.882293287730532,0.058853356134734025,-0.470573321932633,-0.7352866609663165,-0.8676433304831582,0.06617833475842089,-0.4669108326207896,-0.7334554163103948,-0.8667277081551974,-0.9333638540775987,-0.9666819270387994,-0.9833409635193997,-0.9916704817596999,-0.9958352408798499,-0.9979176204399249,0.0010411897800375325,0.5005205948900188,0.7502602974450094,0.8751301487225047,-0.06243492563874764,-0.5312174628193738,0.23439126859031312,-0.38280436570484344,0.3085978171475783,-0.34570109142621086,0.32714945428689457,0.6635747271434473,-0.16821263642827633,-0.5841063182141382,-0.7920531591070691,0.10397342044646546,0.5519867102232328,-0.22400664488838362,-0.6120033224441919,-0.8060016612220959,0.09699916938895203,-0.451500415305524,0.274249792347238,0.637124896173619,0.8185624480868094,-0.09071877595659528,-0.5453593879782976,0.22732030601085118,-0.3863398469945744,0.30683007650271277,-0.3465849617486436,0.3267075191256782,0.6633537595628392,0.8316768797814196,-0.08416156010929021,0.4579192199453549,-0.27104039002732255,-0.6355201950136613,-0.8177600975068307,0.09111995124658467,0.5455599756232923,0.7727799878116461,-0.11361000609417693,-0.5568050030470885,0.22159749847645577,-0.38920125076177214,0.30539937461911393,-0.34730031269044304,-0.6736501563452215,-0.8368250781726108,0.08158746091369462,-0.4592062695431527,-0.7296031347715763,-0.8648015673857882,-0.932400783692894,-0.966200391846447,-0.9831001959232235,-0.9915500979616118,-0.9957750489808059,-0.997887524490403,-0.9989437622452015,0.0005281188773992307,0.5002640594386996,0.7501320297193498,-0.12493398514032511,-0.5624669925701625,0.21876650371491874,-0.39061674814254066,0.30469162592872967,-0.34765418703563516,0.32617290648218245,0.6630864532410912,0.8315432266205456,-0.08422838668972721,-0.5421141933448637,0.22894290332756817,0.6144714516637841,0.8072357258318921,-0.09638213708405396,-0.548191068542027,0.22590446572898648,-0.38704776713550676,0.3064761164322466,-0.3467619417838767,-0.6733809708919384,0.1633095145540308,0.5816547572770154,-0.20917262136149228,0.39541368931925386,0.697706844659627,0.8488534223298134,0.9244267111649067,-0.037786644417546644,0.4811066777912267,-0.25944666110438663,0.3702766694478067,0.6851383347239033,0.8425691673619516,0.9212845836809758,0.9606422918404879,-0.01967885407975606,0.49016057296012194,0.745080286480061,0.8725401432400305,0.9362700716200152,-0.031864964189992406,0.4840675179050038,-0.2579662410474981,-0.628983120523749,0.18550843973812547,-0.40724578013093726,-0.7036228900654686,-0.8518114450327343,-0.9259057225163672,0.03704713874181642,0.5185235693709083,0.7592617846854541,0.8796308923427271,-0.06018455382863647,-0.5300922769143183,0.23495386154284087,-0.3825230692285796,0.3087384653857102,0.6543692326928551,0.8271846163464276,-0.0864076918267862,0.4567961540866069,0.7283980770433034,0.8641990385216517,-0.06790048073917415,-0.533950240369587,0.23302487981520648,0.6165124399076032,0.8082562199538016,0.9041281099769007,-0.04793594501154963,0.4760320274942252,0.7380160137471126,0.8690080068735563,-0.06549599656322186,-0.5327479982816109,0.23362600085919455,-0.3831869995704027,-0.6915934997852013,0.15420325010739933,0.5771016250536997,0.7885508125268499,-0.10572459373657506,0.44713770313171247,-0.27643114843414374,-0.6382155742170719,0.18089221289146407,0.590446106445732,-0.20477694677713398,-0.6023884733885669,-0.8011942366942835,0.09940288165285827,-0.45029855917357087,-0.7251492795867854,-0.8625746397933927,-0.9312873198966963,0.034356340051651835,0.5171781700258259,-0.24141091498708706,-0.6207054574935436,-0.8103527287467718,0.09482363562661411,0.5474118178133071,-0.22629409109334647,0.3868529544533268,-0.3065735227733366,0.3467132386133317,-0.32664338069333415,0.3366783096533329,0.6683391548266664,-0.1658304225866668,0.4170847887066666,-0.2914576056466667,-0.6457288028233333,0.17713559858833333,0.5885677992941667,0.7942838996470833,-0.10285805017645833,0.44857097491177084,0.7242854874558854,-0.1378572562720573,0.4310713718639714,-0.2844643140680143,-0.6422321570340072,-0.8211160785170035,-0.9105580392585018,0.04472098037074912,-0.47763950981462544,-0.7388197549073128,-0.8694098774536564,-0.9347049387268282,-0.9673524693634141,-0.9836762346817071,-0.9918381173408535,0.004080941329573262,0.5020404706647866,-0.24897976466760668,0.3755101176661967,-0.31224494116690166,0.34387752941654914,0.6719387647082746,-0.1640306176458627,-0.5820153088229314,-0.7910076544114657,0.10449617279426715,0.5522480863971335,-0.22387595680143324,-0.6119379784007166,-0.8059689892003583,0.09701550539982084,-0.4514922473000896,0.27425387634995524,-0.3628730618250224,0.3185634690874888,0.6592817345437444,-0.1703591327281278,-0.5851795663640639,-0.7925897831820319,0.10370510840898406,0.5518525542044921,0.775926277102246,0.8879631385511231,0.9439815692755615,0.9719907846377808,0.9859953923188904,0.9929976961594452,0.9964988480797226,0.9982494240398613,-0.0008752879800693614,0.49956235600996535,0.7497811780049827,0.8748905890024914,-0.0625547054987543,0.46872264725062285,-0.2656386763746886,0.36718066181265574,-0.31640966909367213,-0.6582048345468361,-0.829102417273418,-0.914551208636709,-0.9572756043183546,0.021362197840822716,-0.48931890107958864,-0.7446594505397943,0.12767027473010284,-0.4361648626349486,-0.7180824313174743,-0.8590412156587371,-0.9295206078293685,0.03523969608531574,-0.48238015195734213,-0.741190075978671,-0.8705950379893355,0.06470248100533227,-0.46764875949733387,0.26617562025133307,0.6330878101256665,0.8165439050628333,-0.09172804746858337,-0.5458640237342917,0.22706798813285417,-0.38646600593357294,-0.6932330029667865,0.15338349851660676,-0.42330825074169665,0.2883458746291517,0.6441729373145758,-0.1779135313427121,-0.588956765671356,-0.7944783828356781,0.10276080858216097,-0.4486195957089195,0.27569020214554024,-0.36215489892722985,0.3189225505363851,-0.34053872473180746,-0.6702693623659037,-0.8351346811829519,0.08243265940852407,0.541216329704262,0.770608164852131,-0.11469591757393449,-0.5573479587869672,0.2213260206065164,-0.3893369896967418,0.3053315051516291,-0.34733424742418545,0.3263328762879073,0.6631664381439537,-0.16841678092802315,-0.5842083904640116,-0.7921041952320058,0.10394790238399709,-0.44802604880800145,-0.7240130244040007,-0.8620065122020004,0.06899674389899979,0.5344983719494999,-0.23275081402525005,0.38362459298737495,0.6918122964936875,-0.15409385175315626,-0.5770469258765781,-0.7885234629382891,0.10573826853085544,-0.4471308657345723,0.27643456713271386,-0.36178271643364307,-0.6808913582168216,0.15955432089158922,-0.42022283955420536,-0.7101114197771027,-0.8550557098885514,0.0724721450557243,-0.46376392747213785,-0.731881963736069,-0.8659409818680345,0.06702950906598276,-0.46648524546700865,-0.7332426227335043,-0.8666213113667521,-0.9333106556833761,-0.9666553278416881,-0.983327663920844,0.008336168039577985,0.504168084019789,0.7520840420098944,-0.12395797899505279,-0.5619789894975264,0.21901050525123678,-0.3904947473743816,-0.6952473736871908,-0.8476236868435953,0.07618815657820233,0.5380940782891012,0.7690470391445505,-0.11547648042772474,-0.5577382402138624,0.2211308798930688,0.6105654399465343,0.8052827199732672,-0.09735864001336642,-0.5486793200066832,0.2256603399966584,-0.3871698300016708,0.3064150849991646,-0.3467924575004177,0.3266037712497911,0.6633018856248956,-0.16834905718755222,-0.584174528593776,-0.792087264296888,0.10395636785155599,-0.448021816074222,0.275989091962889,0.6379945459814444,0.8189972729907222,0.9094986364953611,-0.045250681752319444,0.47737465912384025,0.7386873295619201,0.86934366478096,-0.06532816760951998,0.46733591619524,0.73366795809762,0.86683397904881,-0.066583010475595,-0.5332915052377976,0.23335424738110122,0.6166771236905506,0.8083385618452753,-0.09583071907736235,-0.5479153595386812,-0.7739576797693406,0.1130211601153297,0.5565105800576648,-0.22174470997116758,0.3891276450144162,0.6945638225072082,0.8472819112536041,-0.07635904437319796,-0.538179522186599,0.23091023890670048,0.6154551194533502,0.8077275597266751,-0.09613622013666245,0.4519318899316688,-0.2740340550341656,0.3629829724829172,-0.3185085137585414,-0.6592542568792708,-0.8296271284396354,0.08518643578018231,0.5425932178900912,0.7712966089450456,-0.1143516955274772,-0.5571758477637386,-0.7785879238818694,0.11070603805906531,-0.44464698097046734,-0.7223234904852337,-0.8611617452426168,0.0694191273786916,0.5347095636893457,-0.23264521815532713,0.38367739092233644,-0.3081613045388318,-0.6540806522694159,0.17295967386529204,-0.41352016306735395,0.293239918466323,0.6466199592331615,-0.17669002038341924,-0.5883450101917096,-0.7941725050958548,-0.8970862525479274,-0.9485431262739636,0.025728436863018178,-0.4871357815684909,-0.7435678907842455,-0.8717839453921228,-0.9358919726960614,-0.9679459863480306,0.01602700682598468,-0.49198649658700766,-0.7459932482935039,0.12700337585324806,-0.43649831207337597,0.281750843963312,0.640875421981656,-0.17956228900917198,-0.589781144504586,-0.794890572252293,0.10255471387385351,-0.44872264306307325,0.27563867846846335,-0.3621806607657683,0.31890966961711587,0.6594548348085579,-0.17027258259572103,-0.5851362912978605,-0.7925681456489302,0.1037159271755349,0.5518579635877674,0.7759289817938837,-0.11203550910305815,-0.556017754551529,-0.7780088772757645,0.11099556136211775,0.5554977806810588,-0.2222511096594706,-0.6111255548297353,-0.8055627774148677,0.09721861129256615,0.5486093056462831,0.7743046528231415,-0.11284767358842923,-0.5564238367942146,0.2217880816028927,0.6108940408014464,-0.1945529795992768,-0.5972764897996384,-0.7986382448998193,-0.8993191224499096,-0.9496595612249548,0.02517021938752262,-0.4874148903062387,-0.7437074451531194,0.1281462774234403,0.5640731387117202,-0.21796343064413992,-0.60898171532207,-0.804490857661035,0.0977545711694825,-0.45112271441525875,-0.7255613572076294,0.1372193213961853,-0.43139033930190734,0.2843048303490463,0.6421524151745232,-0.17892379241273842,0.41053810379363076,-0.2947309481031846,-0.6473654740515923,0.17631726297420386,-0.4118413685128981,-0.705920684256449,0.14703965787177548,-0.4264801710641123,0.28675991446794385,-0.3566200427660281,0.32168997861698595,-0.339155010691507,0.3304224946542465,-0.3347887526728768,-0.6673943763364384,0.1663028118317808,-0.41684859408410957,0.2915757029579452,0.6457878514789726,-0.17710607426051372,0.41144696286974314,-0.29427651856512843,-0.6471382592825642,0.1764308703587179,-0.4117845648206411,-0.7058922824103205,0.14705385879483973,0.5735269293974199,-0.21323653530129005,-0.6066182676506451,-0.8033091338253225,-0.9016545669126612,-0.9508272834563306,0.024586358271834696,-0.4877068208640827,-0.7438534104320413,-0.8719267052160207,-0.9359633526080103,-0.9679816763040052,-0.9839908381520026,-0.9919954190760013,-0.9959977095380006,-0.9979988547690003,0.0010005726154998507,-0.4994997136922501,-0.749749856846125,0.12512507157693747,-0.4374374642115313,0.28128126789423435,0.6406406339471171,0.8203203169735586,0.9101601584867793,-0.04491992075661033,-0.5224599603783051,-0.7612299801891526,-0.8806149900945763,-0.9403074950472882,0.029846252476355917,-0.48507687376182207,-0.742538436880911,0.12873078155954448,-0.4356346092202278,-0.717817304610114,-0.858908652305057,-0.9294543261525285,0.03527283692373573,0.5176364184618678,0.7588182092309339,0.879409104615467,-0.060295447692266524,0.4698522761538667,-0.26507386192306664,0.3674630690384667,0.6837315345192334,-0.1581342327403833,0.42093288362980835,-0.28953355818509585,0.3552332209074521,-0.322383389546274,-0.661191694773137,-0.8305958473865684,0.08470207630671578,0.5423510381533578,-0.22882448092332108,-0.6144122404616605,-0.8072061202308303,-0.9036030601154151,0.04819846994229243,-0.4759007650288538,-0.7379503825144269,0.13102480874278655,0.5655124043713933,0.7827562021856966,0.8913781010928483,-0.05431094945357584,0.4728445252732121,0.736422262636606,0.868211131318303,0.9341055656591515,0.9670527828295757,-0.01647360858521213,0.4917631957073939,-0.25411840214630305,-0.6270592010731515,0.18647039946342425,0.5932351997317121,-0.20338240013414394,0.398308799932928,0.699154399966464,0.849577199983232,0.924788599991616,0.962394299995808,-0.018802850002096028,-0.509401425001048,-0.7547007125005241,-0.877350356250262,0.061324821874868984,0.5306624109374345,-0.23466879453128275,0.3826656027343586,0.6913328013671793,-0.15433359931641033,0.42283320034179483,-0.2885833998291026,0.35570830008544874,0.6778541500427244,0.8389270750213622,0.9194635375106811,0.9597317687553406,-0.020134115622329696,0.48993294218883515,-0.2550335289055824,0.3724832355472088,0.6862416177736044,0.8431208088868022,0.9215604044434011,0.9607802022217006,0.9803901011108502,-0.009804949444574884,0.49509752527771256,-0.2524512373611437,0.37377438131942814,0.686887190659714,0.843443595329857,0.9217217976649286,-0.03913910116753572,-0.5195695505837679,0.24021522470811607,-0.37989238764594196,-0.689946193822971,0.15502690308851452,0.5775134515442573,0.7887567257721286,0.8943783628860643,-0.05281081855696784,0.4735945907215161,0.736797295360758,0.868398647680379,-0.0658006761598105,-0.5329003380799052,-0.7664501690399526,0.11677491548002372,-0.44161254225998814,0.27919372887000593,0.639596864435003,-0.18020156778249852,-0.5901007838912493,0.20494960805437534,-0.39752519597281233,-0.6987625979864062,0.15061870100679692,-0.4246906494966015,-0.7123453247483007,0.14382733762584965,0.5719136688129248,-0.2140431655935376,-0.6070215827967688,0.19648920860161562,-0.40175539569919216,-0.7008776978495961,0.14956115107520196,0.574780575537601,0.7873902877688005,0.8936951438844003,0.9468475719422002,0.9734237859711001,0.9867118929855501,0.993355946492775,-0.0033220267536124837,-0.5016610133768062,0.24916949331159688,-0.37541525334420156,-0.6877076266721007,0.15614618666394964,0.5780730933319749,0.7890365466659874,-0.10548172666700628,-0.5527408633335031,-0.7763704316667516,-0.8881852158333758,-0.9440926079166879,-0.972046303958344,-0.986023151979172,-0.993011575989586,0.003494212005206998,-0.4982528939973965,-0.7491264469986982,0.12543677650065088,0.5627183882503255,-0.21864080587483725,0.3906795970625814,-0.3046602014687093,-0.6523301007343547,-0.8261650503671774,0.08691747481641132,-0.45654126259179434,-0.7282706312958972,-0.8641353156479485,0.06793234217602573,-0.46603382891198714,0.2669830855440064,-0.3665084572279968,0.3167457713860016,-0.3416271143069992,-0.6708135571534997,0.16459322142325017,-0.4177033892883749,-0.7088516946441874,-0.8544258473220937,-0.9272129236610469,-0.9636064618305235,-0.9818032309152618,-0.9909016154576309,0.0045491922711845545,-0.4977254038644077,-0.7488627019322038,0.12556864903389808,0.562784324516949,0.7813921622584745,0.8906960811292373,-0.05465195943538137,-0.5273259797176907,0.23633701014115466,0.6181685050705773,-0.19091574746471135,0.4045421262676443,-0.29772893686617785,-0.6488644684330889,0.17556776578345556,-0.4122161171082722,-0.7061080585541362,0.14694597072293192,-0.42652701463853404,-0.713263507319267,0.1433682463403665,-0.42831587682981676,-0.7141579384149084,0.1429210307925458,-0.4285394846037271,-0.7142697423018636,0.1428651288490682,0.5714325644245342,0.7857162822122671,0.8928581411061336,-0.0535709294469332,-0.5267854647234667,-0.7633927323617333,-0.8816963661808667,-0.9408481830904334,0.029575908454783306,0.5147879542273917,-0.24260602288630417,0.3786969885568479,0.6893484942784239,0.8446742471392119,0.922337123569606,-0.03883143821519702,-0.5194157191075985,-0.7597078595537993,-0.8798539297768997,-0.9399269648884498,-0.9699634824442249,-0.9849817412221125,-0.9924908706110562,-0.9962454353055281,-0.9981227176527641,-0.999061358826382,-0.9995306794131911,-0.9997653397065955,-0.9998826698532978,-0.9999413349266488,-0.9999706674633244,-0.9999853337316622,-0.9999926668658311,3.6665670844482356e-06,0.5000018332835422,0.7500009166417712,-0.12499954167911442,-0.5624997708395572,-0.7812498854197786,-0.8906249427098893,-0.9453124713549447,-0.9726562356774724,-0.9863281178387362,-0.9931640589193681,-0.9965820294596841,-0.998291014729842,-0.999145507364921,-0.9995727536824606,-0.9997863768412303,-0.9998931884206151,5.340578969242893e-05,-0.4999732971051538,-0.7499866485525769,-0.8749933242762884,-0.9374966621381442,-0.9687483310690721,-0.984374165534536,0.007812917232731975,-0.49609354138363404,-0.748046770691817,-0.8740233853459085,-0.9370116926729543,-0.9685058463364771,-0.9842529231682385,-0.9921264615841192,-0.9960632307920596,-0.9980316153960298,0.0009841923019850984,-0.49950790384900745,-0.7497539519245038,0.1251230240377481,0.562561512018874,-0.21871924399056297,-0.6093596219952815,-0.8046798109976407,-0.9023399054988204,-0.9511699527494102,0.024415023625294907,-0.48779248818735255,-0.7438962440936763,-0.8719481220468381,0.06402593897658093,-0.46798703051170953,-0.7339935152558548,-0.8669967576279274,0.06650162118603631,-0.46674918940698185,-0.7333745947034909,0.13331270264825457,-0.4333436486758727,-0.7166718243379364,-0.8583359121689682,-0.9291679560844841,0.03541602195775795,-0.482291989021121,-0.7411459945105605,-0.8705729972552803,0.06471350137235987,0.5323567506861799,-0.23382162465691003,-0.616910812328455,-0.8084554061642275,-0.9042277030821138,-0.9521138515410569,0.02394307422947156,-0.48802846288526425,-0.7440142314426321,0.12799288427868394,-0.43600355786065803,0.281998221069671,-0.3590008894651645,0.32049955526741775,0.6602497776337088,0.8301248888168544,-0.08493755559157279,-0.5424687777957864,-0.7712343888978932,-0.8856171944489466,0.0571914027755267,-0.47140429861223665,0.2642978506938817,0.6321489253469408,0.8160744626734704,0.9080372313367352,0.9540186156683677,-0.022990692165816173,-0.5114953460829081,0.24425232695854593,-0.37787383652072704,-0.6889369182603635,0.15553154086981824,-0.4222342295650909,-0.7111171147825455,0.14444144260872727,-0.42777927869563637,-0.7138896393478182,0.14305518032609088,-0.42847240983695456,-0.7142362049184773,-0.8571181024592387,0.07144094877038065,-0.4642795256148097,0.26786023719259516,-0.36606988140370245,-0.6830349407018512,0.1584825296490744,-0.4207587351754628,-0.7103793675877315,0.14481031620613427,-0.42759484189693286,-0.7137974209484664,-0.8568987104742332,0.07155064476288342,-0.4642246776185583,-0.7321123388092792,0.1339438305953604,0.5669719152976802,0.7834859576488401,0.89174297882442,-0.05412851058779,0.472935744706105,-0.2635321276469475,-0.6317660638234738,0.1841169680882631,0.5920584840441315,0.7960292420220658,-0.10198537898896709,-0.5509926894944835,0.22450365525275823,0.6122518276263791,-0.19387408618681046,0.40306295690659477,0.7015314784532973,0.8507657392266487,0.9253828696133244,-0.037308565193337806,0.4813457174033311,-0.25932714129833445,0.3703364293508328,0.6851682146754163,-0.15741589266229183,-0.578707946331146,-0.789353973165573,0.1053230134172135,0.5526615067086067,0.7763307533543033,-0.11183462332284833,0.44408268833857584,-0.2779586558307121,0.36102067208464395,-0.319489663957678,0.34025516802116096,-0.3298724159894195,0.33506379200529024,0.6675318960026451,-0.16623405199867747,-0.5831170259993388,0.2084414870003306,-0.3957792564998347,-0.6978896282499174,-0.8489448141249587,0.07552759293752065,-0.4622362035312397,0.26888189823438013,0.6344409491171901,0.817220474558595,-0.09138976272070248,-0.5456948813603513,-0.7728474406801756,-0.8864237203400878,0.05678813982995612,0.5283940699149781,0.764197034957489,-0.11790148252125549,0.4410492587393723,-0.27947537063031386,-0.639737685315157,0.18013115734242152,0.5900655786712108,-0.2049672106643946,-0.6024836053321974,-0.8012418026660987,-0.9006209013330493,0.04968954933347536,-0.4751552253332623,0.26242238733336887,0.6312111936666844,-0.18439440316665778,0.4078027984166711,-0.29609860079166445,0.3519506996041678,0.675975349802084,0.837987674901042,-0.08100616254947901,-0.5405030812747396,0.22974845936263022,0.6148742296813151,0.8074371148406576,0.9037185574203288,0.9518592787101644,-0.0240703606449178,-0.5120351803224589,-0.7560175901612294,0.12199120491938531,-0.43900439754030735,-0.7195021987701536,0.14024890061492318,0.5701244503074616,0.7850622251537308,-0.1074688874231346,-0.5537344437115673,-0.7768672218557837,0.11156638907210814,-0.44421680546394593,-0.722108402731973,0.13894579863401352,-0.43052710068299327,0.28473644965850337,-0.3576317751707483,0.32118411241462586,-0.3394079437926871,-0.6697039718963436,-0.8348519859481718,-0.9174259929740859,-0.9587129964870429,0.020643501756478555,0.5103217508782393,0.7551608754391197,-0.12241956228044015,0.4387902188597799,0.7193951094298899,0.859697554714945,0.9298487773574725,-0.035075611321263744,0.4824621943393681,-0.25876890283031595,0.370615548584842,0.685307774292421,-0.15734611285378952,-0.5786730564268947,0.21066347178655265,-0.3946682641067237,0.3026658679466382,-0.3486670660266809,-0.6743335330133404,-0.8371667665066702,-0.9185833832533351,-0.9592916916266676,0.020354154186666196,-0.4898229229066669,0.2550885385466666,-0.3724557307266667,-0.6862278653633334,-0.8431139326816667,-0.9215569663408334,-0.9607784831704167,0.01961075841479165,-0.4901946207926042,0.2549026896036979,-0.37254865519815106,-0.6862743275990755,-0.8431371637995377,-0.9215685818997689,-0.9607842909498845,-0.9803921454749422,-0.9901960727374711,-0.9950980363687356,0.0024509818156321916,-0.4987745090921839,0.25061274545390805,-0.374693627273046,-0.6873468136365231,0.15632659318173847,-0.42183670340913076,-0.7109183517045654,0.1445408241477173,-0.42772958792614135,0.2861352060369293,-0.35693239698153534,-0.6784661984907676,-0.8392330992453838,-0.9196165496226919,-0.9598082748113459,0.020095862594327052,-0.4899520687028365,0.25502396564858176,-0.3724880171757091,-0.6862440085878545,-0.8431220042939273,-0.9215610021469636,-0.9607805010734818,-0.9803902505367409,-0.9901951252683705,0.004902437365814749,-0.4975487813170926,-0.7487743906585463,-0.8743871953292732,-0.9371935976646366,-0.9685967988323183,-0.9842983994161592,-0.9921491997080796,-0.9960745998540398,0.001962700072980106,-0.49901864996351,-0.749509324981755,-0.8747546624908775,0.06262266875456124,-0.4686886656227194,-0.7343443328113597,0.13282783359432015,0.56641391679716,-0.21679304160142,0.39160347919929,-0.304198260400355,0.3479008697998225,0.6739504348999112,-0.16302478255004438,0.4184876087249778,-0.2907561956375111,0.35462190218124445,-0.3226890489093778,0.3386554755453111,-0.33067226222734447,-0.6653361311136723,0.16733193444316385,-0.4163340327784181,-0.7081670163892091,0.14591649180539545,0.5729582459026977,0.7864791229513488,0.8932395614756744,-0.0533802192621628,0.4733098903689186,0.7366549451844593,-0.13167252740777036,-0.5658362637038852,-0.7829181318519426,-0.8914590659259714,-0.9457295329629857,-0.9728647664814929,-0.9864323832407464,-0.9932161916203732,0.0033919041898133884,-0.4983040479050933,0.25084797604745335,0.6254239880237267,0.8127119940118633,-0.09364400299406833,0.4531779985029658,-0.2734110007485171,0.36329449962574145,-0.3183527501871293,-0.6591763750935646,0.17041181245321768,0.5852059062266088,-0.20739704688669558,-0.6036985234433478,-0.8018492617216739,-0.900924630860837,0.04953768456958152,0.5247688422847907,0.7623844211423954,-0.11880778942880232,0.44059610528559884,-0.27970194735720055,-0.6398509736786002,0.1800745131606999,0.59003725658035,-0.204981371709825,0.3975093141450875,-0.30124534292745625,-0.6506226714637281,-0.825311335731864,0.087344332134068,0.5436721660670341,0.771836083033517,-0.11408195848324149,-0.5570409792416208,0.22147951037918961,0.6107397551895948,-0.1946301224052026,0.4026849387973987,0.7013424693986994,0.8506712346993497,0.9253356173496748,-0.03733219132516258,0.48133390433741874,-0.25933304783129063,-0.6296665239156454,-0.8148332619578227,-0.9074166309789113,-0.9537083154894557,-0.9768541577447278,-0.9884270788723639,0.005786460563818041,0.502893230281909,0.7514466151409545,-0.12427669242952277,0.4378616537852386,-0.28106917310738067,0.35946541344630967,-0.32026729327684517,-0.6601336466384226,-0.8300668233192112,0.08496658834039439,-0.4575167058298028,-0.7287583529149014,-0.8643791764574507,0.06781041177127467,-0.46609479411436266,-0.7330473970571814,-0.8665236985285907,-0.9332618492642953,-0.9666309246321476,0.016684537683926193,-0.4916577311580369,-0.7458288655790184,-0.8729144327895092,0.0635427836052454,-0.4682286081973773,0.26588569590131134,-0.3670571520493443,-0.6835285760246721,0.15823571198766395,-0.420882144006168,0.28955892799691596,0.644779463998458,0.822389731999229,0.9111948659996145,-0.04440256700019274,-0.5222012835000964,-0.7611006417500482,0.1194496791249759,-0.440275160437512,0.279862419781244,-0.360068790109378,-0.680034395054689,-0.8400171975273445,-0.9200085987636722,-0.9600042993818361,0.019997850309081966,-0.490001074845459,-0.7450005374227295,0.12749973128863523,0.5637498656443176,0.7818749328221588,-0.1090625335889206,0.4454687332055397,0.7227343666027699,0.861367183301385,0.9306835916506925,-0.03465820417465376,-0.5173291020873269,0.24133544895633657,-0.3793322755218317,0.31033386223908416,0.655166931119542,-0.17241653444022897,-0.5862082672201145,-0.7931041336100573,0.10344793319497136,-0.4482760334025143,-0.7241380167012572,-0.8620690083506286,-0.9310345041753143,0.03448274791234285,0.5172413739561714,-0.2413793130219143,0.37931034348904286,0.6896551717445214,0.8448275858722607,-0.07758620706386965,0.4612068964680652,-0.26939655176596744,0.3653017241170163,0.6826508620585081,-0.15867456897074594,0.42066271551462703,0.7103313577573135,0.8551656788786568,0.9275828394393284,-0.0362085802803358,-0.5181042901401679,-0.759052145070084,0.120473927464958,0.560236963732479,0.7801184818662394,-0.10994075906688028,0.44502962046655986,-0.2774851897667201,-0.63874259488336,-0.81937129744168,0.09031435127915999,-0.45484282436042,0.27257858781979,-0.36371070609010503,0.3181446469549475,-0.34092767652252626,0.3295361617387369,-0.33523191913063155,0.3323840404346842,-0.33380797978265786,-0.6669039898913289,0.16654800505433554,0.5832740025271678,-0.20836299873641612,0.3958185006317919,0.6979092503158959,-0.15104537484205205,0.424477312578974,0.712238656289487,0.8561193281447435,-0.07194033592762827,0.46402983203618586,-0.26798508398190707,0.36600745800904644,0.6830037290045232,0.8415018645022616,-0.0792490677488692,-0.5396245338744345,-0.7698122669372173,0.11509386653139136,-0.4424530667343043,-0.7212265333671521,-0.8606132666835761,-0.930306633341788,-0.965153316670894,-0.9825766583354469,0.00871167083227653,0.5043558354161383,-0.24782208229193087,0.3760889588540346,-0.3119555205729827,0.34402223971350865,0.6720111198567543,0.8360055599283771,-0.08199722003581145,0.4590013899820943,-0.27049930500895286,0.3647503474955236,-0.3176248262522382,0.3411875868738809,0.6705937934369405,0.8352968967184702,0.9176484483592351,0.9588242241796175,0.9794121120898087,0.9897060560449044,0.9948530280224521,-0.002573485988773938,0.49871325700561303,-0.2506433714971935,-0.6253216857485968,-0.8126608428742984,0.0936695785628508,-0.45316521071857463,-0.7265826053592873,-0.8632913026796436,0.0683543486601782,0.5341771743300892,-0.23291141283495542,-0.6164557064174777,0.19177214679126114,0.5958860733956306,0.7979430366978153,0.8989715183489076,-0.050514240825546175,-0.5252571204127731,-0.7626285602063865,-0.8813142801031932,0.05934285994840338,-0.4703285700257983,0.26483571498710085,0.6324178574935504,-0.1837910712532248,-0.5918955356266125,-0.7959477678133062,-0.8979738839066531,-0.9489869419533266,0.02550652902333672,0.5127532645116684,-0.24362336774416582,0.3781883161279171,0.6890941580639586,-0.1554529209680207,-0.5777264604840103,-0.7888632302420051,0.10556838487899745,-0.4472158075605013,0.27639209621974936,0.6381960481098747,0.8190980240549374,0.9095490120274687,0.9547745060137344,0.9773872530068672,0.9886936265034336,0.9943468132517168,0.9971734066258584,0.9985867033129292,0.9992933516564646,0.9996466758282323,0.9998233379141162,0.9999116689570581,0.9999558344785291,0.9999779172392645,0.9999889586196322,-5.520690183891119e-06,0.49999723965490805,-0.250001380172546,0.374999309913727,0.6874996549568635,-0.15625017252156825,0.4218749137392159,-0.28906254313039204,-0.6445312715651961,-0.822265635782598,-0.911132817891299,-0.9555664089456495,0.02221679552717526,0.5111083977635876,-0.24444580111820619,0.3777770994408969,0.6888885497204484,0.8444442748602242,0.922222137430112,-0.03888893128494397,0.480555534357528,-0.25972223282123597,0.370138883589382,0.685069441794691,0.8425347208973455,-0.07873263955132725,0.4606336802243364,-0.2696831598878318,0.3651584200560841,-0.31742078997195794,-0.6587103949859789,-0.8293551974929895,-0.9146775987464948,-0.9573387993732474,0.021330600313376302,0.5106653001566881,-0.24466734992165595,-0.6223336749608279,-0.811166837480414,0.09441658125979302,0.5472082906298965,0.7736041453149483,-0.11319792734252587,-0.5565989636712629,-0.7782994818356315,0.11085025908218427,-0.44457487045890787,-0.7222874352294539,0.13885628238527303,0.5694281411926365,0.7847140705963183,0.8923570352981591,0.9461785176490796,0.9730892588245398,0.98654462941227,0.993272314706135,-0.0033638426469325133,0.49831807867653377,0.7491590393382669,0.8745795196691335,0.9372897598345667,-0.031355120082716625,0.48432243995864166,0.7421612199793208,0.8710806099896604,0.9355403049948302,0.9677701524974152,0.9838850762487076,0.9919425381243538,0.9959712690621769,0.9979856345310885,-0.0010071827344557693,0.4994964086327721,0.7497482043163861,0.8748741021581931,0.9374370510790966,0.9687185255395483,0.9843592627697741,0.9921796313848871,0.9960898156924436,-0.001955092153778204,0.4990224539231109,0.7495112269615555,0.8747556134807777,0.9373778067403888,-0.03131109662980558,-0.5156555483149028,-0.7578277741574514,-0.8789138870787256,0.06054305646063718,-0.4697284717696814,0.26513576411515927,0.6325678820575796,0.8162839410287899,0.9081419705143949,-0.04592901474280253,0.47703549262859873,0.7385177463142993,-0.13074112684285033,0.43462943657857483,-0.2826852817107126,0.3586573591446437,0.6793286795723219,-0.16033566021383905,-0.5801678301069195,0.20991608494654024,0.6049580424732701,-0.19752097876336494,-0.5987604893816825,-0.7993802446908412,0.10030987765457938,0.5501549388272897,0.7750774694136449,-0.11246126529317757,0.4437693673534112,0.7218846836767057,0.8609423418383528,-0.06952882908082358,-0.5347644145404118,0.2326177927297941,0.616308896364897,0.8081544481824485,-0.09592277590877574,-0.5479613879543879,0.22601930602280607,-0.38699034698859697,0.30650482650570154,-0.34674758674714923,-0.6733737933735746,0.1633131033132127,0.5816565516566063,-0.20917172417169683,-0.6045858620858484,-0.8022929310429242,0.0988535344785379,0.549426767239269,0.7747133836196345,0.8873566918098172,0.9436783459049086,0.9718391729524543,-0.014080413523772872,-0.5070402067618864,0.24647989661905678,-0.3767600516904716,0.31161997415476417,0.6558099870773821,-0.17209500646130893,0.41395249676934553,-0.29302375161532723,0.3534881241923364,0.6767440620961682,0.8383720310480841,-0.08081398447595795,-0.540406992237979,0.22979650388101053,0.6148982519405053,-0.19255087402974735,-0.5962754370148737,0.20186228149256313,-0.39906885925371843,0.3004655703731408,-0.3497672148134296,0.3251163925932852,0.6625581962966426,0.8312790981483213,0.9156395490741607,0.9578197745370803,-0.02109011273145983,-0.5105450563657299,0.24472747181713506,-0.37763626409143247,-0.6888181320457163,-0.8444090660228581,0.07779546698857093,-0.4611022665057145,-0.7305511332528573,0.13472443337357137,0.5673622166867857,0.7836811083433928,-0.10815944582830361,0.4459202770858482,0.7229601385429241,0.861480069271462,0.9307400346357311,0.9653700173178655,0.9826850086589327,0.9913425043294664,0.9956712521647332,0.9978356260823666,0.9989178130411833,-0.0005410934794083389,-0.5002705467397042,0.24986472663014792,0.624932363315074,0.8124661816575369,-0.09376690917123154,0.45311654541438423,-0.2734417272928079,0.36327913635359604,0.681639568176798,-0.15918021591160098,0.42040989204419954,0.7102049460220998,0.8551024730110499,0.927551236505525,-0.03622438174723752,0.48188780912638124,0.7409439045631906,0.8704719522815954,-0.06476402385920232,-0.5323820119296012,-0.7661910059648006,-0.8830955029824004,-0.9415477514912002,-0.9707738757456001,0.014613062127199927,0.5073065310636,-0.2463467344682,0.3768266327659,-0.31158668361705,0.344206658191475,0.6721033290957374,-0.16394833545213128,-0.5819741677260657,0.20901291613696715,0.6045064580684836,0.8022532290342418,-0.0988733854828791,0.4505633072585604,0.7252816536292802,-0.1373591731853599,-0.5686795865926799,-0.78433979329634,0.10783010335183002,-0.44608494832408496,-0.7230424741620425,-0.8615212370810212,-0.9307606185405106,-0.9653803092702553,0.017309845364872345,0.5086549226824362,0.7543274613412181,-0.12283626932939096,0.4385818653353045,-0.28070906733234774,0.3596454663338261,0.6798227331669131,0.8399113665834566,0.9199556832917283,0.9599778416458642,0.9799889208229321,0.9899944604114661,-0.005002769794266948,-0.5025013848971335,-0.7512506924485667,0.12437465377571666,0.5621873268878583,0.7810936634439292,0.8905468317219646,-0.05472658413901771,-0.5273632920695088,0.2363183539652456,-0.3818408230173772,-0.6909204115086887,0.15453979424565567,-0.42273010287717216,0.2886349485614139,0.644317474280707,0.8221587371403535,0.9110793685701768,-0.0444603157149116,0.4777698421425442,0.7388849210712721,-0.13055753946436394,0.43472123026781806,-0.28263938486609097,0.3586803075669545,-0.32065984621652277,-0.6603299231082613,0.16983503844586934,-0.41508248077706533,0.29245875961146733,0.6462293798057337,0.8231146899028668,0.9115573449514334,-0.044221327524283316,0.47788933623785834,-0.26105533188107083,-0.6305276659405354,0.18473616702973228,0.5923680835148661,-0.20381595824256693,-0.6019079791212835,-0.8009539895606417,0.09952300521967916,0.5497615026098396,0.7748807513049198,-0.11255962434754008,-0.55627981217377,-0.778139906086885,0.1109300469565575,0.5554650234782788,0.7777325117391394,0.8888662558695697,-0.055566872065215156,-0.5277834360326076,0.2361082819836962,0.6180541409918481,-0.19097292950407596,0.404513535247962,-0.29774323237601896,-0.6488716161880095,0.17556419190599526,-0.41221790404700237,-0.7061089520235012,-0.8530544760117507,-0.9265272380058753,0.036736380997062335,0.5183681904985311,-0.24081590475073444,-0.6204079523753672,0.18979602381231642,-0.4051019880938418,-0.7025509940469209,-0.8512754970234604,0.0743622514882698,0.5371811257441349,-0.23140943712793255,0.38429528143603375,-0.3078523592819831,0.34607382035900847,-0.32696308982049577,-0.6634815449102479,0.16825922754487604,0.584129613772438,-0.207935193113781,-0.6039675965568905,0.19801620172155476,-0.4009918991392226,-0.7004959495696113,0.14975202521519437,-0.4251239873924028,0.28743800630379857,0.6437190031518993,0.8218595015759497,0.9109297507879748,0.9554648753939874,-0.022267562303006305,0.48886621884849685,0.7444331094242485,-0.12778344528787577,0.4361082773560621,0.718054138678031,-0.14097293066098449,-0.5704864653304922,0.2147567673347539,-0.39262161633262305,-0.6963108081663115,-0.8481554040831558,-0.9240777020415779,-0.9620388510207889,0.01898057448960555,0.5094902872448028,0.7547451436224014,0.8773725718112007,0.9386862859056003,0.9693431429528001,-0.015328428523599946,-0.5076642142618,-0.7538321071309,0.12308394643455,-0.438458026782725,0.28077098660863753,-0.35961450669568124,0.32019274665215935,-0.3399036266739203,0.3300481866630398,0.6650240933315199,0.83251204666576,0.91625602333288,0.95812801166644,0.9790640058332201,0.98953200291661,0.9947660014583051,0.9973830007291525,0.9986915003645762,0.9993457501822881,0.9996728750911441,0.999836437545572,0.999918218772786,0.999959109386393,0.9999795546931964,0.9999897773465982,-5.1113267008906504e-06,-0.5000025556633505,0.24999872216832475,-0.3750006389158376,-0.6875003194579188,0.1562498402710406,0.5781249201355203,-0.21093753993223985,-0.6054687699661199,0.19726561501694007,-0.40136719249152997,-0.7006835962457649,0.14965820187711754,-0.42517089906144123,0.2874145504692794,0.6437072752346397,-0.17814636238268017,0.4109268188086599,-0.29453659059567006,0.35273170470216497,-0.3236341476489175,0.33818292617554124,0.6690914630877707,-0.16545426845611466,-0.5827271342280573,-0.7913635671140287,-0.8956817835570143,-0.9478408917785072,-0.9739204458892536,-0.9869602229446268,-0.9934801114723134,-0.9967400557361568,-0.9983700278680784,-0.9991850139340392,-0.9995925069670196,0.0002037465164901886,-0.49989812674175493,-0.7499490633708774,0.1250254683145613,0.5625127341572806,-0.21874363292135968,0.39062818353932016,0.6953140917696601,-0.15234295411516996,-0.576171477057585,0.2119142614712075,-0.39404286926439624,-0.6970214346321981,-0.8485107173160991,-0.9242553586580495,0.037872320670975235,-0.4810638396645124,0.2594680801677438,0.6297340400838719,-0.18513297995806405,-0.592566489979032,-0.7962832449895161,-0.898141622494758,-0.949070811247379,-0.9745354056236895,-0.9872677028118447,0.006366148594077636,-0.4968169257029612,-0.7484084628514807,0.12579576857425967,-0.43710211571287017,-0.7185510578564351,-0.8592755289282176,0.07036223553589122,0.5351811177679456,-0.23240944111602718,0.38379527944198644,0.6918976397209933,0.8459488198604966,-0.07702559006975168,-0.5385127950348758,0.2307436024825621,-0.38462819875871895,0.3076859006206405,0.6538429503103202,0.8269214751551601,-0.08653926242241994,-0.54326963121121,0.22836518439439502,0.6141825921971975,-0.19290870390140125,0.4035456480492994,0.7017728240246497,-0.14911358798767516,-0.5745567939938376,-0.7872783969969188,0.10636080150154059,-0.4468195992492297,0.2765902003753852,0.6382951001876926,0.8191475500938463,-0.09042622495307684,-0.5452131124765385,0.22739344376173076,-0.3863032781191346,-0.6931516390595673,0.15342418047021633,-0.42328790976489183,-0.7116439548824459,-0.855821977441223,-0.9279109887206115,0.036044505639694246,-0.48197774718015285,0.2590111264099236,-0.37049443679503824,0.3147527816024809,0.6573763908012404,-0.17131180459937978,0.4143440977003101,-0.29282795114984495,0.3535860244250775,-0.32320698778746126,0.33839650610626937,-0.3308017469468653,0.3345991265265673,-0.33270043673671634,-0.6663502183683582,-0.833175109184179,0.08341244540791048,-0.45829377729604476,0.27085311135197765,-0.3645734443240112,0.3177132778379944,-0.3411433610810028,-0.6705716805405014,-0.8352858402702508,0.08235707986487462,0.5411785399324374,-0.22941073003378132,0.38529463498310934,0.6926473174915546,-0.1536763412542227,0.42316182937288865,0.7115809146864444,0.8557904573432222,0.9278952286716111,0.9639476143358056,0.9819738071679027,0.9909869035839514,0.9954934517919757,0.9977467258959878,0.9988733629479939,-0.0005633185260030538,0.4997183407369985,0.7498591703684993,-0.12507041481575037,0.4374647925921248,0.7187323962960623,-0.14063380185196883,0.4296830990740156,-0.2851584504629922,-0.6425792252314961,0.17871038738425193,0.589355193692126,0.794677596846063,-0.10266120157696851,0.4486693992115157,0.7243346996057578,-0.1378326501971211,0.43108367490143945,0.7155418374507198,0.8577709187253599,-0.07111454063732003,0.46444272968134,0.73222136484067,0.8661106824203351,-0.06694465878983247,0.46652767060508377,0.7332638353025419,-0.13336808234872904,0.43331595882563545,-0.2833420205871823,-0.6416710102935912,-0.8208355051467956,-0.9104177525733979,0.04479112371330107,-0.47760443814334946,0.26119778092832524,-0.3694011095358374,-0.6847005547679187,0.15764972261604066,-0.42117513869197964,-0.7105875693459898,-0.8552937846729949,-0.9276468923364974,0.03617655383175128,-0.48191172308412433,-0.7409558615420622,0.12952206922896892,-0.43523896538551554,-0.7176194826927578,-0.8588097413463789,0.07059512932681056,-0.4647024353365947,0.26764878233170264,0.6338243911658513,0.8169121955829257,0.9084560977914629,0.9542280488957314,0.9771140244478658,0.9885570122239329,-0.0057214938880335575,-0.5028607469440167,-0.7514303734720084,-0.8757151867360042,0.06214240663199788,0.531071203315999,0.7655356016579995,-0.11723219917100025,0.4413839004144999,0.72069195020725,0.860345975103625,-0.06982701244818751,0.4650864937759063,-0.26745675311204686,-0.6337283765560234,0.18313581172198828,0.5915679058609942,0.7957839529304971,0.8978919764652485,0.9489459882326243,0.9744729941163122,-0.012763502941843918,-0.5063817514709219,0.24680912426453905,-0.3765954378677305,0.31170228106613473,0.6558511405330674,0.8279255702665337,0.9139627851332668,0.9569813925666334,0.9784906962833166,-0.01075465185834168,0.49462267407082916,-0.2526886629645854,-0.6263443314822927,0.18682783425885363,-0.4065860828705732,0.2967069585647134,0.6483534792823566,0.8241767396411783,0.9120883698205892,0.9560441849102945,-0.021977907544852737,-0.5109889537724264,-0.7554944768862132,-0.8777472384431066,0.061126380778446676,-0.46943680961077666,0.2652815951946117,0.6326407975973058,-0.18367960120134708,0.40816019939932646,-0.29591990030033677,-0.6479599501501684,0.1760200249249158,-0.4119899875375421,0.29400500623122894,0.6470025031156145,-0.17649874844219277,-0.5882493742210964,0.20587531288945182,0.602937656444726,-0.19853117177763702,-0.5992655858888185,0.20036720705559075,-0.3998163964722046,0.3000918017638977,0.6500459008819488,-0.1749770495590256,0.4125114752204872,-0.29374426238975637,-0.6468721311948782,0.1765639344025609,-0.41171803279871955,-0.7058590163993598,-0.8529295081996799,0.07353524590016003,0.53676762295008,0.76838381147504,0.88419190573752,0.94209595286876,0.97104797643438,0.98552398821719,0.992761994108595,0.9963809970542975,0.9981904985271488,0.9990952492635744,0.9995476246317871,0.9997738123158936,0.9998869061579467,0.9999434530789734,0.9999717265394867,0.9999858632697434,0.9999929316348717,-3.5341825641577174e-06,0.4999982329087179,-0.25000088354564104,-0.6250004417728205,0.18749977911358973,0.5937498895567949,0.7968749447783974,0.8984374723891987,0.9492187361945994,0.9746093680972997,0.9873046840486499,-0.006347657975675047,-0.5031738289878376,0.2484130855060812,-0.3757934572469594,-0.6878967286234797,-0.8439483643117398,0.0780258178441301,0.539012908922065,-0.2304935455389675,0.38475322723051625,0.6923766136152582,-0.15381169319237092,-0.5769058465961855,0.21154707670190726,0.6057735383509536,0.8028867691754769,0.9014433845877384,0.9507216922938693,0.9753608461469346,0.9876804230734673,0.9938402115367336,0.9969201057683668,0.9984600528841834,-0.00076997355790831,-0.5003849867789542,-0.750192493389477,-0.8750962466947385,0.062451876652630745,0.5312259383263154,0.7656129691631577,-0.11719351541842116,-0.5585967577092106,0.2207016211453947,-0.38964918942730264,-0.6948245947136513,0.15258770264317434,-0.42370614867841283,-0.7118530743392064,-0.8559265371696032,-0.9279632685848016,-0.9639816342924008,-0.9819908171462004,-0.9909954085731002,0.0045022957134499,0.502251147856725,0.7511255739283624,0.8755627869641812,0.9377813934820907,0.9688906967410453,0.9844453483705227,0.9922226741852613,0.9961113370926307,-0.0019443314536846668,0.49902783427315767,0.7495139171365788,-0.1252430414317106,0.4373784792841447,-0.2813107603579277,-0.6406553801789638,-0.8203276900894819,0.08983615495525904,-0.45508192252237045,-0.7275409612611852,0.13622951936940741,0.5681147596847037,0.7840573798423518,0.8920286899211759,-0.05398565503941205,0.473007172480294,-0.263496413759853,-0.6317482068799265,-0.8158741034399632,0.09206294828001838,0.5460314741400092,-0.2269842629299954,0.3865078685350023,0.6932539342675011,-0.15337303286624943,0.42331348356687526,-0.28834325821656237,-0.6441716291082812,0.1779141854458594,-0.41104290727707027,-0.7055214536385351,0.14723927318073243,0.5736196365903662,0.786809818295183,0.8934049091475915,-0.05329754542620424,-0.5266487727131022,0.2366756136434489,0.6183378068217245,-0.19083109658913777,0.4045844517054311,-0.29770777414728444,-0.6488538870736422,0.1755730564631789,-0.41221347176841056,-0.7061067358842052,-0.8530533679421026,-0.9265266839710513,0.036736658014474344,0.5183683290072372,0.7591841645036186,0.8795920822518093,0.9397960411259046,0.9698980205629524,-0.01505098971852381,0.4924745051407381,0.7462372525703691,-0.12688137371481545,0.4365593131425923,0.7182796565712961,0.859139828285648,-0.07043008585717597,0.464784957071412,-0.267607521464294,-0.633803760732147,0.18309811963392653,-0.40845094018303674,-0.7042254700915184,-0.8521127350457591,-0.9260563675228796,0.03697181623856022,0.5184859081192801,-0.24075704594035996,-0.6203785229701799,0.18981073851491004,-0.405094630742545,-0.7025473153712725,-0.8512736576856362,-0.9256368288428181,-0.962818414421409,0.018590792789295485,-0.4907046036053523,0.25464769819732386,-0.3726761509013381,-0.686338075450669,-0.8431690377253345,-0.9215845188626672,-0.9607922594313336,0.01960387028433319,0.5098019351421665,0.7549009675710833,-0.12254951621445836,-0.5612747581072292,0.21936262094638542,-0.39031868952680726,0.30484065523659637,-0.34757967238170184,0.3262101638091491,-0.3368949180954255,-0.6684474590477127,-0.8342237295238564,-0.9171118647619282,0.04144406761903591,0.520722033809518,0.760361016904759,-0.1198194915476205,-0.5599097457738103,-0.7799548728869051,-0.8899774364434525,-0.9449887182217263,0.027505640889136873,0.5137528204445685,0.7568764102222842,0.8784382051111421,-0.06078089744442894,0.46960955127778553,0.7348047756388928,-0.1325976121805536,-0.5662988060902768,0.21685059695486159,-0.39157470152256924,0.3042126492387154,0.6521063246193577,0.8260531623096788,-0.08697341884516058,-0.5434867094225803,-0.7717433547112902,-0.8858716773556451,0.057064161322177454,-0.4714679193389113,-0.7357339596694557,-0.8678669798347278,0.06606651008263609,0.533033255041318,0.766516627520659,-0.11674168623967052,0.44162915688016474,-0.27918542155991766,-0.6395927107799588,0.18020364461002059,0.5901018223050103,-0.20494908884749485,-0.6024745444237474,-0.8012372722118737,0.09938136389406316,0.5496906819470315,-0.22515465902648424,-0.6125773295132422,0.1937113352433789,-0.40314433237831054,0.2984278338108447,-0.35078608309457765,-0.6753930415472889,-0.8376965207736444,0.08115173961317779,0.5405758698065889,-0.22971206509670555,0.38514396745164725,0.6925719837258236,-0.1537140081370882,0.4231429959314559,0.7115714979657279,0.855785748982864,-0.07210712550856802,0.463946437245716,0.731973218622858,0.865986609311429,0.9329933046557145,-0.03350334767214275,0.48324832616392865,0.7416241630819643,0.8708120815409821,-0.06459395922950895,0.4677030203852455,0.7338515101926227,-0.13307424490368863,-0.5665371224518443,-0.7832685612259221,0.10836571938703893,-0.44581714030648056,-0.7229085701532403,-0.8614542850766201,-0.9307271425383101,0.03463642873084494,0.5173182143654225,-0.24134089281728877,0.3793295535913556,0.6896647767956778,-0.15516761160216108,-0.5775838058010805,0.21120809709945976,0.6056040485497298,-0.1971979757251351,0.40140101213743246,-0.29929949393128374,-0.6496497469656419,0.17517512651717904,0.5875875632585895,-0.20620621837070524,0.3968968908146474,0.6984484454073236,0.8492242227036618,-0.07538788864816909,0.46230605567591543,-0.2688469721620423,0.36557651391897883,0.6827882569594894,-0.1586058715202553,-0.5793029357601276,0.2103485321199362,0.6051742660599682,0.8025871330299841,-0.09870643348500796,0.450646783257496,-0.27467660837125196,-0.637338304185626,-0.818669152092813,-0.9093345760464064,-0.9546672880232032,-0.9773336440116016,-0.9886668220058008,-0.9943334110029004,0.0028332944985497988,0.5014166472492749,-0.24929167637536254,-0.6246458381876813,-0.8123229190938406,-0.9061614595469203,-0.9530807297734601,0.023459635113269928,0.5117298175566349,-0.24413509122168253,-0.6220675456108413,-0.8110337728054207,-0.9055168864027103,-0.9527584432013552,-0.9763792216006776,-0.9881896108003387,-0.9940948054001694,0.002952597299915316,0.5014762986499577,-0.24926185067502116,-0.6246309253375106,-0.8123154626687553,0.09384226866562234,0.5469211343328112,0.7734605671664057,0.8867302835832028,-0.056634858208398586,-0.5283174291041993,0.23584128544790034,-0.3820793572760498,-0.6910396786380248,0.15448016068098758,0.5772400803404938,0.7886200401702469,0.8943100200851235,0.9471550100425618,-0.026422494978719124,-0.5132112474893595,0.24339437625532023,0.6216971881276601,0.81084859406383,-0.09457570296808498,-0.5472878514840425,-0.7736439257420212,0.11317803712898938,0.5565890185644947,-0.22170549071775264,-0.6108527453588763,-0.8054263726794382,0.09728681366028091,-0.45135659316985954,0.27432170341507023,0.6371608517075351,-0.18141957414623244,0.4092902129268838,-0.2953548935365581,0.35232255323172096,0.6761612766158605,-0.16191936169206977,-0.5809596808460349,0.20952015957698256,0.6047600797884913,0.8023800398942457,0.9011900199471228,0.9505950099735614,0.9752975049867807,0.9876487524933903,0.9938243762466952,-0.003087811876652413,-0.5015439059383262,0.2492280470308369,-0.37538597648458155,-0.6876929882422907,0.15615350587885463,0.5780767529394273,0.7890383764697136,0.8945191882348569,0.9472595941174284,-0.02637020294128578,-0.5131851014706429,-0.7565925507353215,-0.8782962753676608,-0.9391481376838304,-0.9695740688419152,0.015212965579042392,0.5076064827895213,-0.24619675860523937,0.3769016206973803,-0.31154918965130984,-0.6557745948256549,-0.8278872974128275,0.08605635129358624,-0.4569718243532069,-0.7284859121766034,0.1357570439116983,-0.43212147804415085,0.28393926097792455,-0.3580303695110377,0.32098481524448114,-0.3395075923777594,-0.6697537961888798,-0.8348768980944399,0.08256155095278006,0.54128077547639,0.770640387738195,-0.1146798061309025,0.4426600969345488,-0.2786699515327256,-0.6393349757663628,-0.8196674878831813,0.09016625605840933,0.5450831280292047,0.7725415640146023,0.8862707820073011,0.9431353910036506,0.9715676955018253,0.9857838477509127,-0.007108076124543672,-0.5035540380622718,-0.7517770190311359,0.12411149048443204,0.562055745242216,-0.218972127378892,0.390513936310554,-0.304743031844723,0.34762848407763847,-0.32618575796118077,0.3369071210194096,-0.33154643949029516,0.3342267802548524,0.6671133901274262,-0.1664433049362869,-0.5832216524681435,0.20838917376592825,-0.3958054131170359,0.30209729344148206,0.651048646720741,0.8255243233603705,0.9127621616801853,-0.04361891915990734,0.47819054042004633,-0.2609047297899768,-0.6304523648949885,-0.8152261824474942,-0.9076130912237471,-0.9538065456118736,-0.9769032728059368,-0.9884516364029684,0.005774181798515798,0.5028870908992579,-0.24855645455037106,0.37572177272481444,-0.3121391136375928,-0.6560695568187964,0.1719652215906018,0.5859826107953009,0.7929913053976505,0.8964956526988253,0.9482478263494126,0.9741239131747064,-0.012938043412646816,0.4935309782936766,0.7467654891468383,0.8733827445734191,0.9366913722867096,0.9683456861433548,-0.015827156928322594,0.4920864215358387,-0.25395678923208065,-0.6269783946160403,-0.8134891973080202,-0.9067445986540101,0.04662770067299493,0.5233138503364975,0.7616569251682488,-0.1191715374158756,0.4404142312920622,-0.2797928843539689,-0.6398964421769844,-0.8199482210884922,0.0900258894557539,0.545012944727877,-0.2274935276360615,0.3862532361819693,0.6931266180909846,0.8465633090454923,-0.07671834547725387,0.46164082726137307,0.7308204136306865,-0.13458979318465675,-0.5672948965923283,0.21635255170383583,-0.3918237241480821,0.30408813792595896,-0.3479559310370205,-0.6739779655185103,0.16301101724074485,0.5815055086203724,0.7907527543101862,0.8953763771550931,0.9476881885775466,-0.026155905711226723,-0.5130779528556133,0.24346102357219335,-0.3782694882139033,0.31086525589304836,-0.3445673720534758,0.32771631397326206,0.6638581569866311,0.8319290784933155,-0.08403546075334223,-0.5420177303766711,-0.7710088651883356,-0.8855044325941678,0.05724778370291611,0.5286238918514581,0.764311945925729,-0.11784402703713548,0.44107798648143226,-0.27946100675928387,0.36026949662035807,-0.31986525168982094,0.34006737415508953,-0.32996631292245526,0.33501684353877237,-0.3324915782306138,-0.6662457891153069,-0.8331228945576534,0.08343855272117329,0.5417192763605867,-0.22914036181970665,-0.6145701809098534,0.1927149095450733,-0.40364254522746335,0.2981787273862683,0.6490893636931342,0.8245446818465672,0.9122723409232836,0.9561361704616418,-0.021931914769179106,0.48903404261541045,-0.25548297869229475,0.3722585106538526,-0.3138707446730737,0.34306462766346313,0.6715323138317315,0.8357661569158658,0.9178830784579328,0.9589415392289664,0.9794707696144832,0.9897353848072417,0.9948676924036208,0.9974338462018104,-0.0012830768990947927,-0.5006415384495474,-0.7503207692247738,-0.8751603846123869,-0.9375801923061935,-0.9687900961530967,-0.9843950480765484,0.0078024759617257855,-0.4960987620191371,0.2519506189904315,0.6259753094952157,-0.18701234525239213,0.4064938273738039,-0.29675308631309805,0.351623456843451,-0.3241882715782745,-0.6620941357891372,0.16895293210543139,0.5844764660527157,-0.20776176697364213,-0.603880883486821,0.1980595582565895,0.5990297791282948,0.7995148895641474,-0.1002425552179263,-0.5501212776089631,0.22493936119551844,0.6124696805977592,0.8062348402988796,0.9031174201494399,0.9515587100747199,-0.024220644962640037,0.48788967751867995,-0.25605516124066,0.37197241937966996,0.685986209689835,-0.15700689515508248,-0.5785034475775412,0.21074827621122938,0.6053741381056147,0.8026870690528074,0.9013435345264037,-0.04932823273679815,-0.524664116368399,0.23766794181580048,-0.38116602909209973,-0.6905830145460499,0.15470849272697507,0.5773542463634875,0.7886771231817438,-0.10566143840912812,0.44716928079543594,-0.27641535960228203,-0.638207679801141,-0.8191038399005706,0.09044808004971472,0.5452240400248574,0.7726120200124287,-0.11369398999378566,-0.5568469949968928,0.22157650250155358,0.6107882512507767,-0.19460587437461163,0.4026970628126942,-0.2986514685936529,-0.6493257342968264,0.1753371328515868,-0.4123314335742066,0.29383428321289673,0.6469171416064483,0.8234585708032242,-0.08827071459838792,-0.5441353572991939,-0.772067678649597,0.11396616067520149,-0.44301691966239926,-0.7215084598311996,-0.8607542299155998,0.0696228850422001,0.5348114425211,-0.23259427873945,0.38370286063027503,-0.3081485696848625,0.34592571515756876,0.6729628575787844,0.8364814287893922,0.9182407143946961,0.9591203571973481,-0.02043982140132594,0.48978008929933703,0.7448900446496685,-0.12755497767516577,-0.5637774888375828,-0.7818887444187914,-0.8909443722093957,0.054527813895302146,0.527263906947651,-0.2363680465261745,-0.6181840232630873,-0.8090920116315437,0.09545399418422817,-0.4522730029078859,-0.7261365014539429,0.13693174927302854,0.5684658746365143,-0.21576706268174284,-0.6078835313408715,0.19605823432956426,0.5980291171647821,0.7990145585823911,-0.10049272070880444,0.4497536396455978,-0.2751231801772011,0.3624384099113994,0.6812192049556998,-0.15939039752215012,-0.579695198761075,0.2101524006194625,-0.39492379969026875,0.3025381001548656,-0.3487309499225672,0.32563452503871637,0.6628172625193582,-0.16859136874032088,0.41570431562983956,0.7078521578149197,0.8539260789074599,-0.07303696054627007,0.46348151972686497,0.7317407598634325,-0.13412962006828377,0.4329351899658581,-0.28353240501707094,0.35823379749146456,0.6791168987457323,-0.16044155062713383,0.4197792246864331,0.7098896123432166,0.8549448061716083,0.9274724030858041,0.9637362015429021,-0.018131899228548964,-0.5090659496142744,-0.7545329748071372,-0.8772664874035686,-0.9386332437017844,0.03068337814910782,0.5153416890745539,-0.24232915546272304,0.3788354222686385,0.6894177111343193,-0.15529114443284037,-0.5776455722164202,0.2111772138917899,0.6055886069458949,0.8027943034729474,-0.09860284826352628,0.45069857586823686,0.7253492879341185,0.8626746439670592,0.9313373219835296,0.9656686609917648,0.9828343304958824,-0.008582834752058788,-0.5042914173760293,0.24785429131198533,-0.37607285434400733,0.31196357282799636,0.6559817864139982,0.827990893206999,0.9139954466034995,0.9569977233017497,-0.02150113834912515,-0.5107505691745626,-0.7553752845872813,0.12231235770635934,-0.4388438211468203,-0.7194219105734101,-0.859710955286705,0.07014452235664748,-0.46492773882167626,-0.7324638694108381,-0.866231934705419,0.06688403264729048,-0.46655798367635476,0.26672100816182265,0.6333605040809114,-0.1833197479595443,-0.5916598739797722,-0.795829936989886,0.10208503150505699,0.5510425157525285,-0.22447874212373575,-0.6122393710618679,0.19388031446906606,0.596940157234533,-0.2015299213827335,0.39923503930863324,0.6996175196543166,0.8498087598271583,0.9249043799135792,-0.037547810043210395,-0.5187739050216051,0.24061304748919743,0.6203065237445987,0.8101532618722993,0.9050766309361497,0.9525383154680749,0.9762691577340374,0.9881345788670187,-0.00593271056649064,0.4970336447167547,0.7485168223583774,-0.12574158882081132,-0.5628707944104057,0.21856460279479717,-0.3907176986026014,0.3046411506986993,0.6523205753493496,0.8261602876746748,0.9130801438373374,-0.04345992808133131,-0.5217299640406656,0.23913501797966719,-0.3804324910101664,-0.6902162455050832,-0.8451081227525417,-0.9225540613762708,0.038722969311864586,-0.4806385153440677,0.2596807423279661,0.6298403711639831,0.8149201855819915,0.9074600927909957,0.9537300463954979,0.9768650231977489,0.9884325115988745,0.9942162557994372,0.9971081278997186,0.9985540639498593,-0.0007229680250703252,0.49963851598746484,0.7498192579937324,0.8749096289968662,-0.0625451855015669,0.4687274072492166,0.7343637036246082,0.8671818518123041,0.9335909259061521,0.9667954629530761,0.9833977314765381,-0.008301134261730958,-0.5041505671308655,-0.7520752835654327,0.12396235821728363,0.5619811791086418,0.7809905895543209,0.8904952947771605,0.9452476473885802,-0.027376176305709876,0.48631191184714506,-0.25684404407642747,0.37157797796178627,0.6857889889808931,-0.15710550550955343,-0.5785527527547767,-0.7892763763773883,-0.8946381881886942,0.052680905905652886,-0.47365954704717356,-0.7368297735235868,0.1315851132382066,-0.4342074433808967,-0.7171037216904483,-0.8585518608452242,0.07072406957738792,-0.46463796521130607,-0.7323189826056531,-0.8661594913028265,-0.9330797456514133,0.033460127174293364,-0.4832699364128533,-0.7416349682064267,-0.8708174841032134,0.06459125794839332,-0.4677043710258033,0.26614781448709834,-0.36692609275645083,-0.6834630463782254,0.1582684768108873,0.5791342384054436,0.7895671192027218,-0.10521644039863909,0.44739177980068046,-0.27630411009965977,-0.6381520550498299,-0.8190760275249149,0.09046198623754254,0.5452309931187713,0.7726154965593857,-0.11369225172030717,0.4431538741398464,0.7215769370699232,0.8607884685349616,0.9303942342674808,0.9651971171337403,0.9825985585668702,0.9912992792834351,-0.004350360358282457,-0.5021751801791412,0.2489124099104294,0.6244562049552147,0.8122281024776073,0.9061140512388037,-0.046942974380598135,0.47652851280970093,-0.2617357435951495,-0.6308678717975748,-0.8154339358987874,0.09228303205060628,0.5461415160253031,-0.22692924198734843,0.3865353790063258,0.6932676895031629,-0.15336615524841857,-0.5766830776242093,0.21165846118789533,-0.39417076940605233,-0.6970853847030262,0.15145730764848692,0.5757286538242434,0.7878643269121217,0.8939321634560609,0.9469660817280304,-0.026516959135984786,0.4867415204320076,0.7433707602160038,-0.1283146198919981,0.43584269005400095,0.7179213450270004,-0.14103932748649978,-0.5705196637432499,0.21474016812837504,-0.3926299159358125,0.3036850420320938,-0.3481574789839531,0.32592126050802345,0.6629606302540118,-0.16851968487299412,-0.5842598424364971,0.20787007878175146,0.6039350393908758,0.8019675196954379,0.900983759847719,-0.04950812007614053,0.47524593996192976,0.7376229699809649,0.8688114849904824,0.9344057424952412,0.9672028712476206,0.9836014356238103,-0.008199282188094847,0.4959003589059526,0.7479501794529763,-0.12602491027351187,0.4369875448632441,-0.28150622756837795,0.359246886215811,0.6796234431079056,0.8398117215539528,-0.08009413922302361,-0.5400470696115118,0.22997646519424408,-0.38501176740287796,0.30749411629856105,-0.3462529418507195,0.3268735290746403,-0.33656323546267986,-0.66828161773134,-0.83414080886567,0.082929595567165,0.5414647977835825,0.7707323988917912,-0.11463380055410438,0.44268309972294784,-0.2786584501385261,0.36067077493073696,-0.3196646125346315,-0.6598323062673157,0.17008384686634215,-0.4149580765668289,-0.7074790382834144,0.1462604808582928,0.5731302404291464,0.7865651202145731,0.8932825601072866,-0.053358719946356714,0.4733206400268216,0.7366603200134108,0.8683301600067054,0.9341650800033527,-0.03291745999832363,-0.5164587299991619,0.24177063500041907,0.6208853175002096,0.8104426587501048,0.9052213293750524,-0.0473893353124738,0.4763053323437631,0.7381526661718816,-0.1309236669140592,0.4345381665429704,-0.2827309167285148,-0.6413654583642574,-0.8206827291821287,0.08965863540893565,-0.45517068229553215,0.2724146588522339,-0.36379267057388304,0.3181036647130585,0.6590518323565293,0.8295259161782647,0.9147629580891323,0.9573814790445662,0.978690739522283,-0.010654630238858487,0.49467268488057076,0.7473363424402854,-0.12633182877985732,0.4368340856100713,0.7184170428050356,-0.1407914785974822,0.4296042607012589,-0.28519786964937055,0.3574010651753147,-0.3212994674123426,0.3393502662938287,0.6696751331469144,0.8348375665734572,0.9174187832867287,0.9587093916433643,0.9793546958216821,0.989677347910841,-0.005161326044579473,-0.5025806630222898,-0.7512903315111449,-0.8756451657555724,0.06217741712221381,0.5310887085611069,-0.23445564571944655,0.3827721771402767,0.6913860885701384,-0.1543069557149308,0.4228465221425346,-0.2885767389287327,0.35571163053563365,0.6778558152678168,-0.1610720923660916,-0.5805360461830458,-0.7902680230915229,0.10486598845423856,0.5524329942271193,-0.22378350288644033,0.38810824855677983,-0.3059458757216101,-0.652972937860805,-0.8264864689304026,0.08675676553479872,-0.45662161723260064,-0.7283108086163004,0.1358445956918498,-0.4320777021540751,-0.7160388510770376,0.1419805744614812,-0.42900971276925937,-0.7145048563846297,-0.8572524281923148,0.07137378590384258,0.5356868929519213,0.7678434464759607,0.8839217232379804,0.9419608616189902,-0.029019569190504912,-0.5145097845952524,0.24274510770237379,0.621372553851187,0.8106862769255935,0.9053431384627968,0.9526715692313984,0.9763357846156993,-0.011832107692150373,0.4940839461539248,-0.2529580269230376,-0.6264790134615188,0.1867604932692406,0.5933802466346203,-0.20330987668268985,0.3983450616586551,-0.3008274691706725,0.34958626541466375,0.6747931327073319,0.837396566353666,0.918698283176833,0.9593491415884166,0.9796745707942083,-0.010162714602895861,-0.5050813573014479,-0.7525406786507239,-0.8762703393253619,0.06186483033731904,-0.4690675848313405,-0.7345337924156703,0.13273310379216485,0.5663665518960824,-0.2168167240519588,0.39159163797402063,0.6957958189870104,-0.1521020905064948,-0.5760510452532475,0.21197447737337627,-0.39401276131331187,-0.697006380656656,0.151496809671672,-0.424251595164164,-0.712125797582082,-0.856062898791041,-0.9280314493955205,0.03598427530223974,-0.48200786234888016,-0.7410039311744401,0.12949803441277996,0.56474901720639,-0.21762549139680498,0.3911872543015975,0.6955936271507988,0.8477968135753994,-0.07610159321230031,-0.5380507966061502,-0.769025398303075,0.11548730084846248,0.5577436504242312,0.7788718252121156,0.8894359126060578,0.9447179563030289,0.9723589781515145,0.9861794890757573,-0.006910255462121373,-0.5034551277310607,-0.7517275638655303,0.12413621806723485,-0.4379318909663826,-0.7189659454831913,-0.8594829727415956,0.07025851362920221,0.5351292568146011,0.7675646284073006,0.8837823142036503,0.9418911571018251,0.9709455785509126,0.9854727892754562,0.9927363946377281,-0.0036318026811359427,0.49818409865943203,-0.250907950670284,-0.625453975335142,0.187273012332429,-0.4063634938337855,-0.7031817469168927,0.14840912654155364,0.5742045632707768,-0.21289771836461158,-0.6064488591823058,0.19677557040884708,0.5983877852044235,0.7991938926022117,0.8995969463011059,0.9497984731505529,-0.02510076342472356,-0.5125503817123618,0.2437248091438191,-0.37813759542809045,-0.6890687977140453,-0.8445343988570226,-0.9222671994285113,-0.9611335997142556,-0.9805667998571278,-0.9902833999285638,-0.9951416999642819,0.0024291500178590386,0.5012145750089295,-0.24939271249553524,-0.6246963562477676,0.18765182187611618,0.5938259109380581,-0.20308704453097093,-0.6015435222654855,0.19922823886725727,-0.40038588056637137,-0.7001929402831857,0.14990352985840716,0.5749517649292035,-0.21252411753539824,-0.6062620587676991,-0.8031310293838496,-0.9015655146919248,-0.9507827573459624,-0.9753913786729812,0.012304310663509399,-0.4938478446682453,-0.7469239223341226,-0.8734619611670613,0.06326901941646934,0.5316345097082347,0.7658172548541173,0.8829086274270587,-0.058545686286470666,-0.5292728431432353,-0.7646364215716177,0.11768178921419115,-0.4411591053929044,0.27942044730354776,-0.3602897763482261,0.31985511182588694,-0.3400724440870565,-0.6700362220435283,-0.8350181110217642,0.08249094448911792,-0.458754527755441,0.2706227361222795,-0.36468863193886025,-0.6823443159694301,-0.8411721579847151,0.07941392100764244,0.5397069605038212,0.7698534802519106,0.8849267401259553,0.9424633700629776,0.9712316850314888,0.9856158425157444,0.9928079212578722,0.9964039606289361,0.998201980314468,-0.0008990098427659743,0.49955049507861704,0.7497752475393085,0.8748876237696542,0.9374438118848272,-0.031278094057586414,0.4843609529712068,0.7421804764856034,-0.12890976175719832,0.4355451191214008,0.7177725595607004,0.8588862797803503,0.9294431398901751,0.9647215699450875,0.9823607849725438,0.9911803924862719,0.9955901962431359,0.997795098121568,0.998897549060784,-0.0005512254696080077,0.49972438726519597,-0.250137806367402,0.374931096816299,0.6874655484081496,-0.15626722579592522,-0.5781336128979626,0.2109331935510187,0.6054665967755093,0.8027332983877546,0.9013666491938773,0.9506833245969386,-0.024658337701530697,-0.5123291688507654,0.2438354155746173,-0.37808229221269135,-0.6890411461063457,-0.8445205730531729,0.07773971347341357,0.5388698567367067,0.7694349283683534,0.8847174641841766,0.9423587320920883,0.9711793660460442,0.9855896830230221,0.9927948415115111,0.9963974207557555,0.9981987103778778,0.9990993551889389,0.9995496775944694,-0.0002251612027652783,0.49988741939861736,0.7499437096993087,0.8749718548496543,0.9374859274248272,0.9687429637124136,0.9843714818562068,0.9921857409281034,0.9960928704640517,0.9980464352320259,-0.0009767823839870737,-0.5004883911919935,-0.7502441955959968,0.12487790220200162,0.5624389511010008,0.7812194755505004,0.8906097377752502,-0.054695131112374895,-0.5273475655561874,-0.7636737827780937,-0.8818368913890469,0.05908155430547657,-0.4704592228472617,-0.7352296114236309,-0.8676148057118154,0.06619259714409231,0.5330962985720462,-0.2334518507139769,0.38327407464301155,0.6916370373215057,0.8458185186607529,-0.07709074066962357,0.46145462966518824,0.7307273148325941,0.8653636574162971,0.9326818287081485,-0.033659085645925735,0.4831704571770371,-0.25841477141148145,0.37079261429425925,0.6853963071471296,-0.1573018464264352,0.4213490767867824,0.7106745383933912,0.8553372691966956,0.9276686345983478,-0.036165682700826096,-0.518082841350413,0.24095857932479348,0.6204792896623967,0.8102396448311984,0.9051198224155992,0.9525599112077996,0.9762799556038998,0.98813997780195,-0.005930011099025023,0.4970349944504875,0.7485174972252437,-0.12574125138737813,0.43712937430631094,-0.28143531284684453,0.35928234357657773,-0.32035882821171113,-0.6601794141058556,-0.8300897070529278,0.08495514647353608,-0.45752242676323196,-0.7287612133816159,-0.864380606690808,0.06780969665459602,0.533904848327298,0.766952424163649,-0.11652378791817553,-0.5582618939590878,0.22086905302045612,-0.38956547348977194,0.305217263255114,0.652608631627557,0.8263043158137785,-0.08684784209311075,0.45657607895344465,0.7282880394767224,-0.1358559802616388,-0.5679279901308194,0.2160360049345903,0.6080180024672952,0.8040090012336476,0.9020045006168238,-0.0489977496915881,0.47550112515420595,-0.262249437422897,-0.6311247187114485,0.18443764064427576,-0.4077811796778621,0.29610941016106895,0.6480547050805345,0.8240273525402673,0.9120136762701336,-0.043993161864933183,0.4780034190675334,0.7390017095337666,0.8695008547668833,-0.06524957261655834,-0.5326247863082791,0.23368760684586043,-0.3831561965770698,0.3084219017114651,0.6542109508557326,0.8271054754278663,-0.08644726228606686,0.4567763688569666,-0.2716118155715167,-0.6358059077857583,-0.8179029538928791,-0.9089514769464395,-0.9544757384732198,-0.9772378692366099,0.011381065381695032,0.5056905326908475,0.7528452663454237,-0.12357736682728815,0.4382113165863559,0.719105658293178,0.859552829146589,0.9297764145732945,-0.03511179271335274,-0.5175558963566764,0.2412220518216618,0.6206110259108308,0.8103055129554154,0.9051527564777078,0.9525763782388539,0.9762881891194269,0.9881440945597135,0.9940720472798568,0.9970360236399284,-0.0014819881800358092,0.49925900590998207,-0.25037049704500897,0.37481475147749554,-0.3125926242612522,0.3437036878693739,-0.32814815606531306,-0.6640740780326565,0.16796296098367175,-0.41601851950816415,-0.7080092597540821,0.14599537012295893,-0.42700231493852053,-0.7135011574692602,0.14324942126536988,-0.42837528936731506,0.28581235531634247,-0.35709382234182874,-0.6785469111709144,0.16072654441454282,0.5803632722072714,-0.20981836389636432,-0.6049091819481822,0.1975454090259089,-0.40122729548704555,0.29938635225647725,0.6496931761282386,0.8248465880641194,0.9124232940320597,-0.04378835298397016,-0.5218941764919851,0.23905291175400745,0.6195264558770037,-0.19023677206149814,0.40488161396925093,-0.29755919301537453,0.35122040349231276,-0.3243897982538436,-0.6621948991269218,0.16890255043653912,-0.41554872478173044,-0.7077743623908652,-0.8538871811954326,-0.9269435905977164,-0.9634717952988582,0.01826410235057091,-0.4908679488247145,-0.7454339744123573,0.12728301279382137,-0.4363584936030893,0.28182075319845534,-0.35908962340077233,-0.6795448117003862,0.16022759414980692,-0.41988620292509654,0.29005689853745176,-0.3549715507312741,-0.677485775365637,-0.8387428876828185,0.08062855615859077,-0.4596857219207046,0.27015713903964766,-0.36492143048017617,0.3175392847599119,-0.34123035762004406,-0.6706151788100221,0.16469241059498896,-0.4176537947025055,-0.7088268973512528,0.1455865513243736,-0.4272067243378132,0.28639663783109337,-0.3568016810844533,-0.6784008405422266,0.1607995797288867,0.5803997898644433,-0.20980010506777835,-0.6049000525338892,-0.8024500262669446,-0.9012250131334723,-0.9506125065667361,0.024693746716631937,-0.48765312664168403,0.256173436679158,0.628086718339579,0.8140433591697895,0.9070216795848948,0.9535108397924474,0.9767554198962237,0.9883777099481119,0.994188854974056,0.9970944274870279,0.998547213743514,0.9992736068717569,0.9996368034358785,-0.00018159828206076867,-0.5000907991410304,0.2499546004294848,-0.3750226997852576,0.3124886501073712,0.6562443250536856,0.8281221625268428,0.9140610812634213,0.9570305406317107,0.9785152703158553,0.9892576351579276,-0.00537118242103618,0.4973144087894819,-0.2513427956052591,0.37432860219737046,0.6871643010986852,-0.1564178494506574,0.4217910752746713,0.7108955376373356,0.8554477688186678,0.9277238844093338,0.9638619422046669,0.9819309711023334,-0.009034514448833297,-0.5045172572244166,0.24774137138779168,0.6238706856938958,0.8119353428469479,-0.09403232857652605,0.45298383571173695,-0.2735080821441315,-0.6367540410720658,-0.8183770205360329,0.09081148973198355,0.5454057448659918,0.7727028724329958,0.8863514362164979,0.943175718108249,0.9715878590541245,-0.01420607047293776,-0.5071030352364689,0.24644848238176553,-0.37677575880911723,0.3116121205954414,0.6558060602977207,0.8279030301488604,-0.08604848492556982,-0.5430242424627849,0.22848787876860754,-0.38575606061569623,-0.6928780303078481,0.15356098484607594,-0.42321950757696203,0.288390246211519,-0.3558048768942405,-0.6779024384471203,0.16104878077643986,-0.4194756096117801,-0.70973780480589,0.145131097597055,0.5725655487985275,0.7862827743992638,-0.10685861280036812,0.44657069359981594,-0.27671465320009203,-0.638357326600046,-0.819178663300023,-0.9095893316500114,0.04520533417499428,0.5226026670874971,-0.23869866645625143,-0.6193493332281257,0.19032533338593716,-0.4048373333070314,0.2975813333464843,0.6487906666732421,0.8243953333366211,-0.08780233333168946,0.45609883333415524,0.7280494166670777,0.8640247083335388,0.9320123541667694,0.9660061770833848,-0.016996911458307618,0.4915015442708462,0.7457507721354231,0.8728753860677115,0.9364376930338558,-0.03178115348307209,0.48410942325846396,-0.257945288370768,-0.628972644185384,0.185513677907308,0.5927568389536539,0.796378419476827,-0.10181079026158651,0.4490946048692067,0.7245473024346034,-0.1377263487826983,0.43113682560865085,0.7155684128043254,0.8577842064021627,-0.07110789679891866,-0.5355539483994594,0.23222302580027032,0.6161115129001351,-0.19194424354993245,0.4040278782250338,0.7020139391125169,-0.14899303044374157,0.4255034847781292,0.7127517423890646,0.8563758711945323,0.9281879355972662,0.9640939677986331,-0.01795301610068345,0.4910234919496583,-0.25448825402517083,-0.6272441270125855,0.18637793649370726,0.5931889682468536,-0.20340551587657318,-0.6017027579382865,0.19914862103085673,-0.40042568948457163,0.29978715525771416,0.649893577628857,-0.1750532111855715,0.41247339440721426,0.7062366972036072,-0.14688165139819642,-0.5734408256990982,0.21327958715045092,-0.39336020642477454,0.30331989678761273,0.6516599483938064,0.8258299741969032,-0.08708501290154841,0.4564574935492258,0.7282287467746129,0.8641143733873065,0.9320571866936532,0.9660285933468267,-0.016985703326586665,0.49150714833670667,0.7457535741683533,0.8728767870841767,0.9364383935420884,-0.03178080322895582,0.4841095983855221,-0.25794520080723893,-0.6289726004036195,0.18551369979819027,0.5927568498990952,-0.20362157505045242,-0.6018107875252262,0.1990946062373869,0.5995473031186934,0.7997736515593468,0.8998868257796734,-0.05005658711016331,0.4749717064449184,-0.2625141467775408,-0.6312570733887704,0.18437146330561482,0.5921857316528074,0.7960928658264037,-0.10195356708679815,0.4490232164566009,0.7245116082283005,-0.13774419588584974,0.43112790205707513,0.7155639510285375,0.8577819755142688,-0.07110901224286559,-0.5355545061214328,0.23222274693928358,0.6161113734696417,-0.19194431326517913,0.40402784336741043,0.7020139216837052,-0.14899303915814738,0.42550348042092634,0.7127517402104632,0.8563758701052315,0.9281879350526158,0.9640939675263078,-0.017953016236846087,0.49102349188157696,-0.2544882540592115,-0.6272441270296057,0.18637793648519713,0.5931889682425986,0.7965944841212993,-0.10170275793935035,0.4491486210303248,-0.2754256894848376,-0.6377128447424187,0.18114357762879063,-0.4094282111856047,0.29528589440719766,0.6476429472035988,-0.17617852639820059,-0.5880892631991003,0.20595536840044987,-0.3970223157997751,-0.6985111578998875,0.15074442105005625,-0.4246277894749719,-0.712313894737486,0.14384305263125702,0.5719215263156285,-0.21403923684218573,0.39298038157890713,0.6964901907894536,0.8482450953947268,0.9241225476973634,-0.037938726151318325,0.48103063692434084,-0.25948468153782955,-0.6297423407689148,0.1851288296155426,0.5925644148077713,-0.20371779259611433,-0.6018588962980571,0.19907055185097144,-0.4004647240745143,0.29976763796274286,0.6498838189813714,-0.1750580905093143,0.41247095474534284,0.7062354773726714,0.8531177386863358,0.9265588693431679,0.963279434671584,-0.018360282664208027,0.490819858667896,-0.254590070666052,0.372704964666974,-0.313647517666513,0.3431762411667435,0.6715881205833718,-0.1642059397083141,0.41789703014584295,0.7089485150729214,-0.14552574246353928,0.4272371287682304,0.7136185643841152,0.8568092821920577,0.9284046410960288,-0.03579767945198559,-0.5178988397259928,-0.7589494198629965,0.12052529006850177,0.5602626450342509,-0.21986867748287453,0.39006566125856273,-0.30496716937071866,0.34751641531464067,0.6737582076573203,0.8368791038286602,0.91843955191433,-0.04078022404283499,-0.5203901120214175,0.23980494398929125,-0.38009752800535435,-0.6900487640026771,0.15497561799866144,0.5774878089993307,-0.21125609550033464,0.3943719522498327,0.6971859761249164,-0.1514070119375418,0.4242964940312291,0.7121482470156145,0.8560741235078073,0.9280370617539037,-0.03598146912304817,0.4820092654384759,-0.25899536728076206,-0.6294976836403811,0.18525115817980947,0.5926255790899048,-0.20368721045504762,-0.6018436052275238,0.1990781973862381,-0.40046090130688095,0.2997695493465595,0.6498847746732798,-0.17505761266336012,0.41247119366831997,0.70623559683416,0.85311779841708,0.9265588992085401,0.96327944960427,-0.018360275197864984,0.4908198624010675,-0.2545900687994662,0.3727049656002669,-0.31364751719986655,0.34317624140006675,0.6715881207000334,0.8357940603500167,0.9178970301750083,0.9589485150875041,-0.020525742456247942,0.48973712877187603,0.7448685643859381,0.872434282192969,0.9362171410964846,-0.031891429451757713,-0.5159457147258788,0.2420271426370606,0.6210135713185303,0.8105067856592651,-0.09474660717036743,0.4526266964148163,-0.2736866517925919,0.36315667410370406,-0.318421662948148,0.340789168525926,0.6703945842629631,-0.16480270786851847,-0.5824013539342592,0.2087993230328704,-0.3956003384835648,-0.6978001692417823,0.15109991537910883,-0.4244500423104456,-0.7122250211552228,-0.8561125105776114,-0.9280562552888056,0.03597187235559718,-0.4820140638222014,-0.7410070319111007,0.12949648404444963,-0.43525175797777516,-0.7176258789888876,-0.8588129394944438,0.07059353025277809,-0.464703234873611,0.2676483825631945,0.6338241912815973,0.8169120956407987,-0.09154395217960065,0.4542280239101997,-0.27288598804490016,-0.6364429940224501,0.18177850298877496,0.5908892514943875,0.7954446257471938,-0.10227768712640312,0.44886115643679847,0.7244305782183993,0.8622152891091996,-0.06889235544540018,0.4655538222772999,0.73277691113865,-0.13361154443067502,-0.5668057722153375,0.21659711389233127,0.6082985569461656,0.8041492784730828,0.9020746392365414,0.9510373196182706,0.9755186598091353,0.9877593299045677,-0.006120335047716141,-0.5030601675238581,0.24846991623807096,-0.3757650418809645,-0.6878825209404822,-0.8439412604702411,-0.9219706302351205,-0.9609853151175602,0.019507342441219877,0.5097536712206099,0.7548768356103049,0.8774384178051524,-0.06128079109742379,0.4693596044512881,0.734679802225644,0.867339901112822,0.933669950556411,-0.0331650247217945,-0.5165825123608973,0.24170874381955137,0.6208543719097757,0.8104271859548878,0.9052135929774439,0.9526067964887219,0.976303398244361,-0.011848300877819518,-0.5059241504389098,0.2470379247805451,-0.37648103760972745,0.3117594811951363,-0.34412025940243185,-0.6720601297012159,-0.8360300648506079,0.08198496757469603,-0.459007516212652,-0.729503758106326,0.13524812094683702,-0.4323759395265815,0.28381203023670926,0.6419060151183547,0.8209530075591773,-0.08952349622041134,0.45523825188979433,0.7276191259448972,-0.1361904370275514,0.4319047814862243,0.7159523907431121,0.8579761953715561,-0.07101190231422194,-0.535505951157111,-0.7677529755785555,0.11612351221072226,0.5580617561053611,0.7790308780526806,0.8895154390263402,-0.05524228048682989,-0.527621140243415,-0.7638105701217075,0.11809471493914625,-0.4409526425304269,0.27952367873478656,-0.3602381606326067,0.31988091968369664,-0.34005954015815165,0.3299702299209242,0.6649851149604621,-0.16750744251976896,0.41624627874011555,0.7081231393700578,0.8540615696850289,-0.07296921515748556,-0.5364846075787428,0.23175769621062858,-0.3841211518946857,-0.6920605759473428,-0.8460302879736714,-0.9230151439868357,0.03849242800658215,-0.4807537859967089,-0.7403768929983545,0.12981155350082274,-0.43509422324958863,-0.7175471116247943,-0.8587735558123972,-0.9293867779061986,-0.9646933889530993,0.017653305523450347,0.5088266527617251,0.7544133263808626,0.8772066631904313,-0.06139666840478436,-0.5306983342023922,0.2346508328988039,-0.382674583550598,0.308662708224701,-0.3456686458876495,-0.6728343229438247,-0.8364171614719124,0.08179141926404382,-0.45910429036797806,-0.729552145183989,0.13522392740800548,0.5676119637040027,0.7838059818520013,-0.10809700907399933,0.44595149546300034,0.7229757477315002,-0.1385121261342499,-0.569256063067125,0.21537196846643752,-0.39231401576678127,-0.6961570078833906,-0.8480785039416954,0.07596074802915231,0.5379803740145761,0.768990187007288,0.884495093503644,0.942247546751822,-0.028876226624089008,-0.5144381133120445,-0.7572190566560222,0.12139047167198891,-0.43930476416400555,0.2803476179179972,-0.3598261910410014,0.3200869044794993,-0.33995654776025036,0.3300217261198748,0.6650108630599374,-0.1674945684700313,0.41625271576498435,0.7081263578824921,-0.14593682105875394,-0.572968410529377,-0.7864842052646885,0.10675789736765573,-0.44662105131617214,-0.7233105256580861,-0.861655262829043,-0.9308276314145215,-0.9654138157072607,-0.9827069078536304,-0.9913534539268152,-0.9956767269634076,-0.9978383634817038,-0.9989191817408519,0.0005404091295740376,0.500270204564787,-0.2498648977176065,0.3750675511411967,0.6875337755705984,-0.15623311221470082,-0.5781165561073505,-0.7890582780536752,0.10547086097316238,0.5527354304865812,-0.22363228475670938,-0.6118161423783547,0.19409192881082266,-0.40295403559458864,0.2985229822027057,-0.35073850889864716,-0.6753692544493236,-0.8376846272246619,-0.9188423136123309,-0.9594211568061655,-0.9797105784030827,0.010144710798458634,-0.49492764460077066,-0.7474638223003853,0.12626808884980734,-0.43686595557509633,0.28156702221245183,-0.3592164888937741,0.32039175555311294,-0.3398041222234435,-0.6699020611117218,0.1650489694441391,-0.4174755152779305,-0.7087377576389653,0.14563112118051735,-0.4271844394097413,-0.7135922197048706,0.14320389014756468,-0.42839805492621763,-0.7141990274631088,-0.8570995137315545,-0.9285497568657772,0.035725121567111384,-0.4821374392164443,-0.7410687196082222,-0.8705343598041111,0.06473282009794445,-0.4676335899510278,-0.7338167949755139,-0.8669083974877569,0.06654580125612153,-0.46672709937193924,0.2666364503140304,-0.3666817748429848,0.3166591125785076,-0.3416704437107462,0.3291647781446269,0.6645823890723135,-0.16770880546384326,0.41614559726807837,-0.29192720136596084,0.3540363993170196,0.6770181996585098,-0.16149090017074508,-0.5807454500853726,-0.7903727250426863,0.10481363747865685,0.5524068187393284,-0.2237965906303358,-0.6118982953151679,-0.805949147657584,-0.902974573828792,-0.951487286914396,-0.975743643457198,0.012128178271401002,0.5060640891357004,-0.24696795543214978,-0.6234839777160749,-0.8117419888580375,-0.9058709944290187,-0.9529354972145094,-0.9764677486072547,0.011766125696372642,0.5058830628481863,0.7529415314240931,-0.12352923428795343,0.43823538285602326,0.7191176914280116,-0.14044115428599419,0.4297794228570029,0.7148897114285014,0.8574448557142507,0.9287224278571253,-0.035638786071437334,0.48218060696428133,0.7410903034821407,-0.12945484825892967,0.43527257587053514,-0.28236371206473243,-0.6411818560323662,0.1794090719838169,-0.4102954640080916,-0.7051477320040458,-0.8525738660020229,0.07371306699898855,-0.46314346650050575,-0.7315717332502529,-0.8657858666251265,0.06710706668743677,-0.46644646665628164,0.2667767666718592,-0.3666116166640704,0.3166941916679648,-0.34165290416601757,0.3291735479169912,0.6645867739584956,-0.16770661302075218,0.4161466934896239,-0.2919266532551881,0.35403667337240596,0.677018336686203,-0.16149083165689848,-0.5807454158284493,-0.7903727079142246,0.10481364604288768,0.5524068230214438,-0.22379658848927808,-0.611898294244639,-0.8059491471223195,-0.9029745735611597,-0.9514872867805799,-0.97574364339029,0.01212817830485502,0.5060640891524275,0.7530320445762138,0.8765160222881069,0.9382580111440535,-0.030870994427973253,-0.5154354972139866,0.2422822513930067,0.6211411256965034,-0.18942943715174831,-0.5947147185758741,-0.797357359287937,0.10132132035603147,-0.44933933982198426,-0.7246696699109921,-0.862334834955496,-0.931167417477748,-0.965583708738874,-0.982791854369437,0.008604072815281527,-0.49569796359235924,-0.7478489817961796,-0.8739244908980899,0.06303775455095506,-0.46848112272452247,-0.7342405613622612,0.13287971931886938,0.5664398596594347,-0.21678007017028267,0.39160996491485867,0.6958049824574293,0.8479024912287146,-0.07604875438564268,-0.5380243771928214,-0.7690121885964107,0.11549390570179463,0.5577469528508974,-0.22112652357455131,0.38943673821272434,-0.3052816308936378,0.3473591845531811,-0.3263204077234094,-0.6631602038617047,-0.8315801019308524,0.0842099490345738,-0.4578950254827131,-0.7289475127413565,-0.8644737563706782,-0.9322368781853392,-0.9661184390926696,0.016940780453665205,0.5084703902268326,-0.2457648048865837,0.37711759755670815,0.6885587987783541,0.8442793993891771,0.9221396996945885,0.9610698498472943,-0.019465075076352867,0.49026746246182357,-0.25486626876908824,0.3725668656154559,0.686283432807728,-0.15685828359613602,-0.578429141798068,-0.789214570899034,0.10539271455048299,0.5526963572752415,0.7763481786376207,-0.11182591068118963,0.4440870446594052,0.7220435223297026,-0.1389782388351487,-0.5694891194175744,-0.7847445597087872,-0.8923722798543936,-0.9461861399271968,0.0269069300364016,0.5134534650182008,0.7567267325091004,-0.12163663374544981,-0.5608183168727249,0.21959084156363756,-0.3902045792181812,0.3048977103909094,0.6524488551954547,-0.17377557240227265,-0.5868877862011364,-0.7934438931005682,0.10327805344971591,0.551639026724858,0.775819513362429,-0.11209024331878548,0.44395487834060726,-0.27802256082969634,0.36098871958515183,-0.3195056402074241,0.34024717989628794,0.6701235899481439,-0.16493820502592804,-0.582469102512964,0.208765448743518,-0.395617275628241,0.3021913621858795,-0.34890431890706025,0.3255478405464699,-0.33722607972676505,-0.6686130398633825,0.16569348006830875,0.5828467400341544,-0.2085766299829228,0.3957116850085386,0.6978558425042694,0.8489279212521347,-0.07553603937393266,-0.5377680196869663,-0.7688840098434832,0.11555799507825842,0.5577789975391292,-0.2211105012304354,-0.6105552506152176,-0.8052776253076088,-0.9026388126538044,0.048680593673097794,0.5243402968365489,0.7621701484182745,-0.11891492579086277,-0.5594574628954314,0.2202712685522843,-0.38986436572385785,0.3050678171380711,0.6525339085690356,-0.1737330457154822,-0.5868665228577411,-0.7934332614288706,0.1032833692855647,0.5516416846427823,0.7758208423213911,-0.11208957883930443,-0.5560447894196522,0.2219776052901739,-0.3890111973549131,0.30549440132254346,-0.34725279933872827,-0.6736263996693641,0.16318680016531795,-0.418406599917341,-0.7092032999586705,-0.8546016499793352,0.0726991750103324,0.5363495875051663,0.7681747937525831,-0.11591260312370844,0.4420436984381458,-0.27897815078092714,-0.6394890753904636,-0.8197445376952318,-0.909872268847616,-0.954936134423808,-0.977468067211904,-0.988734033605952,0.0056329831970239885,0.502816491598512,0.751408245799256,-0.12429587710037199,0.43785206144981403,-0.281073969275093,0.3594630153624535,0.6797315076812267,0.8398657538406133,0.9199328769203067,-0.04003356153984666,-0.5200167807699233,0.23999160961503835,-0.38000419519248085,0.3099979024037596,0.6549989512018798,-0.1725005243990601,0.41374973780047,-0.293125131099765,0.3534374344501175,-0.3232812827749413,0.33835935861252936,0.6691796793062647,-0.16541016034686767,-0.5827050801734338,-0.791352540086717,0.10432372995664152,0.5521618649783208,0.7760809324891604,-0.11195953375541978,0.4440202331222901,-0.27798988343885495,0.3610050582805725,-0.31949747085971375,0.3402512645701431,0.6701256322850715,-0.16493718385746425,-0.5824685919287321,0.20876570403563394,0.6043828520178169,-0.19780857399109153,-0.5989042869955458,0.20054785650222712,0.6002739282511136,-0.1998630358744432,0.4000684820627784,0.7000342410313892,0.8500171205156946,-0.07499143974215272,-0.5374957198710764,-0.7687478599355382,0.11562607003223091,0.5578130350161155,-0.22109348249194227,-0.6105467412459711,-0.8052733706229855,0.09736331468850723,0.5486816573442537,0.7743408286721268,-0.11282958566393658,0.44358520716803174,-0.27820739641598413,-0.6391036982079921,0.18044815089600397,-0.409775924551998,0.29511203772400096,0.6475560188620004,0.8237780094310002,-0.0881109952844999,0.4559445023577501,-0.27202774882112496,0.36398612558943755,-0.3180069372052812,0.3409965313973594,0.6704982656986798,-0.16475086715066012,-0.5823754335753301,0.20881228321233497,0.6044061416061675,-0.19779692919691627,0.40110153540154186,0.700550767700771,0.8502753838503855,-0.07486230807480726,0.4625688459625964,-0.2687155770187018,0.3656422114906491,0.6828211057453246,-0.1585894471273377,-0.5792947235636688,-0.7896473617818345,0.10517631910908276,-0.4474118404454586,0.2762940797772707,-0.36185296011136464,0.31907351994431765,0.6595367599721589,0.8297683799860794,-0.08511581000696028,0.4574420949965199,0.7287210474982599,0.86436052374913,-0.06781973812543501,0.46609013093728247,-0.26695493453135877,0.3665225327343206,0.6832612663671603,-0.15836936681641983,0.42081531659179006,-0.28959234170410497,-0.6447961708520524,-0.8223980854260262,0.08880095728698689,-0.45559952135650655,0.27220023932174675,0.6361001196608733,-0.18194994016956334,-0.5909749700847817,0.20451251495760914,0.6022562574788046,-0.1988718712605977,-0.5994359356302988,0.20028203218485058,-0.3998589839075747,0.30007050804621266,0.6500352540231064,-0.17498237298844682,-0.5874911864942234,0.2062544067528883,-0.39687279662355585,-0.698436398311778,-0.8492181991558889,-0.9246090995779445,0.03769545021102777,0.5188477251055139,-0.24057613744724304,0.3797119312763785,0.6898559656381893,0.8449279828190946,0.9224639914095474,0.9612319957047737,-0.019384002147613155,-0.5096920010738066,-0.7548460005369033,0.12257699973154834,-0.43871150013422583,0.28064424993288706,0.6403221249664435,-0.17983893751677826,-0.5899194687583891,0.20504026562080546,0.6025201328104027,0.8012600664052014,0.9006300332026007,-0.049684983398699645,0.4751575083006502,-0.2624212458496749,0.36878937707516257,0.6843946885375813,0.8421973442687907,0.9210986721343953,0.9605493360671977,-0.01972533196640114,0.49013733401679943,-0.2549313329916003,0.37253433350419984,0.6862671667520999,0.8431335833760499,-0.07843320831197503,-0.5392166041559875,-0.7696083020779938,0.1151958489610031,-0.44240207551949845,0.2787989622402508,-0.3606005188798746,-0.6803002594399373,-0.8401501297199687,-0.9200750648599844,-0.9600375324299921,-0.9800187662149961,0.009990616892501969,-0.49500469155374904,-0.7475023457768746,0.1262488271115627,0.5631244135557814,-0.21843779322210932,-0.6092188966110547,-0.8046094483055273,0.09769527584723636,0.5488476379236182,0.7744238189618091,-0.11278809051909544,0.4436059547404523,0.7218029773702261,-0.13909851131488693,0.43045074434255653,-0.28477462782872176,0.3576126860856391,0.6788063430428195,-0.16059682847859025,-0.5802984142392951,0.20985079288035247,-0.39507460355982377,0.3024626982200881,0.6512313491100441,0.825615674555022,-0.08719216272248898,-0.5435960813612445,-0.7717980406806222,-0.8858990203403111,-0.9429495101701555,-0.9714747550850777,-0.9857373775425389,0.0071313112287305636,-0.4964343443856347,0.25178282780718264,0.6258914139035914,-0.1870542930482043,-0.5935271465241021,0.20323642673794895,-0.3983817866310255,0.30080910668448724,-0.3495954466577564,-0.6747977233288782,-0.8373988616644391,-0.9186994308322196,0.040650284583890195,-0.4796748577080549,0.2601625711459725,0.6300812855729863,-0.18495935721350687,0.40752032139324657,-0.2962398393033767,0.35188008034831164,0.6759400401741558,-0.16202997991292212,0.41898501004353894,0.7094925050217695,-0.14525374748911524,0.4273731262554424,-0.28631343687227884,-0.6431567184361394,-0.8215783592180697,0.08921082039096517,0.5446054101954826,-0.2276972949022587,-0.6138486474511293,0.19307567627443534,0.5965378381372177,0.7982689190686089,0.8991344595343045,0.9495672297671522,0.9747836148835761,0.987391807441788,-0.006304096279105997,0.496847951860447,0.7484239759302235,-0.12578801203488826,-0.5628940060174441,0.21855299699127795,-0.390723501504361,-0.6953617507521805,-0.8476808753760903,-0.9238404376880451,0.03807978115597743,-0.4809601094220113,-0.7404800547110056,-0.8702400273555029,-0.9351200136777514,-0.9675600068388757,-0.9837800034194378,-0.991890001709719,-0.9959450008548595,-0.9979725004274298,-0.9989862502137149,0.0005068748931425504,-0.49974656255342875,-0.7498732812767144,-0.8749366406383572,-0.9374683203191786,-0.9687341601595894,0.015632919920205324,0.5078164599601027,-0.24609177001994864,-0.6230458850099743,-0.8115229425049871,-0.9057614712524935,-0.9528807356262468,0.023559632186876622,0.5117798160934384,0.7558899080467192,-0.12205504597664041,0.4389724770116798,-0.2805137614941601,-0.6402568807470801,0.17987155962645995,-0.41006422018677,-0.705032110093385,-0.8525160550466925,-0.9262580275233463,-0.9631290137616731,-0.9815645068808365,0.009217746559581741,-0.49539112672020913,0.25230443663989544,0.6261522183199477,-0.18692389084002614,-0.5934619454200131,-0.7967309727100065,-0.8983654863550032,0.05081725682249838,0.5254086284112491,0.7627043142056246,-0.11864784289718772,-0.5593239214485939,-0.7796619607242969,-0.8898309803621485,-0.9449154901810742,-0.9724577450905372,0.013771127454731413,0.5068855637273657,0.7534427818636829,-0.12327860906815857,-0.5616393045340793,0.21918034773296036,-0.3904098261335198,0.3047950869332401,-0.34760245653337996,-0.67380122826669,-0.836900614133345,-0.9184503070666725,-0.9592251535333363,-0.9796125767666681,-0.9898062883833341,0.005096855808332967,0.5025484279041665,-0.24872578604791673,0.37563710697604163,0.6878185534880208,-0.1560907232559896,-0.5780453616279948,-0.7890226808139974,0.1054886595930013,-0.4472556702034993,-0.7236278351017497,0.13818608244912517,0.5690930412245626,-0.2154534793877187,0.3922732603061406,-0.3038633698469297,-0.6519316849234649,0.17403415753826756,0.5870170787691338,0.7935085393845669,0.8967542696922834,-0.05162286515385828,0.47418856742307086,0.7370942837115354,-0.1314528581442323,-0.5657264290721161,0.21713678546394194,-0.39143160726802906,-0.6957158036340145,0.15214209818299274,0.5760710490914964,-0.2119644754542518,0.3940177622728741,-0.30299111886356295,-0.6514955594317815,-0.8257477797158908,0.08712611014205462,0.5435630550710273,0.7717815275355137,0.8858907637677569,0.9429453818838784,0.9714726909419392,0.9857363454709696,0.9928681727354848,0.9964340863677423,-0.0017829568161288334,-0.5008914784080645,0.24955426079596776,0.6247771303979839,0.8123885651989919,-0.09380571740050403,0.453097141299748,0.726548570649874,0.863274285324937,-0.0683628573375315,-0.5341814286687657,-0.7670907143343828,-0.8835453571671914,0.0582273214164043,0.5291136607082021,-0.23544316964589895,-0.6177215848229495,0.19113920758852526,0.5955696037942626,0.7977848018971313,0.8988924009485657,-0.05055379952571715,0.4747231002371414,-0.26263844988142926,-0.6313192249407147,-0.8156596124703573,0.09217019376482133,-0.4539149031175893,-0.7269574515587947,0.13652127422060267,-0.43173936288969866,-0.7158696814448493,-0.8579348407224247,0.07103257963878767,0.5355162898193938,0.7677581449096968,-0.11612092754515158,-0.5580604637725758,-0.7790302318862878,-0.8895151159431439,-0.9447575579715719,-0.972378778985786,-0.986189389492893,0.006905305253553484,0.5034526526267767,-0.24827367368661163,0.3758631631566942,0.6879315815783471,0.8439657907891736,-0.07801710460541322,0.4609914476972934,0.7304957238486467,-0.13475213807567665,0.4326239309621617,0.7163119654810808,0.8581559827405404,0.9290779913702703,0.9645389956851351,-0.017730502157432437,-0.5088652510787162,-0.7544326255393581,-0.877216312769679,-0.9386081563848395,-0.9693040781924198,-0.9846520390962099,0.007673980451895046,0.5038369902259475,0.7519184951129738,-0.12404075244351309,0.43797962377824345,-0.2810101881108783,-0.6405050940554391,-0.8202525470277195,-0.9101262735138598,0.04493686324307011,-0.47753156837846494,0.26123421581076756,-0.3693828920946162,0.31530855395269186,-0.34234572302365407,0.32882713848817297,-0.33558643075591355,0.3322067846220432,0.6661033923110216,-0.16694830384448922,-0.5834741519222446,-0.7917370759611223,0.10413146201943885,0.5520657310097195,0.7760328655048597,-0.11198356724757014,0.4440082163762149,0.7220041081881075,-0.13899794590594627,-0.5694989729529731,0.21525051352351343,0.6076252567617567,-0.19618737161912164,0.4019063141904392,0.7009531570952197,-0.14952342145239017,-0.5747617107261951,-0.7873808553630975,-0.8936904276815487,-0.9468452138407744,-0.9734226069203872,-0.9867113034601935,-0.9933556517300968,0.0033221741349516165,-0.4983389129325242,-0.7491694564662621,-0.874584728233131,-0.9372923641165656,0.03135381794171721,-0.4843230910291414,-0.7421615455145707,-0.8710807727572853,-0.9355403863786427,-0.9677701931893213,-0.9838850965946606,-0.9919425482973303,-0.9959712741486652,0.0020143629256674234,0.5010071814628337,-0.24949640926858313,-0.6247482046342916,-0.8123741023171458,-0.9061870511585729,-0.9530935255792865,0.023453237210356748,0.5117266186051783,0.7558633093025892,0.8779316546512945,-0.06103417267435274,0.46948291366282363,-0.2652585431685882,-0.632629271584294,0.18368536420785297,0.5918426821039264,0.7959213410519632,0.8979606705259816,-0.051019664737009196,0.47449016763149543,-0.2627549161842523,0.36862254190787386,-0.31568872904606304,0.3421556354769685,0.6710778177384842,0.8355389088692421,0.9177694544346211,-0.04111527278268945,-0.5205576363913447,0.23972118180432767,0.6198605909021638,-0.19006970454891808,0.40496514772554093,0.7024825738627705,-0.14875871306861477,0.4256206434656926,-0.2871896782671537,0.35640516086642315,-0.3217974195667884,0.3391012902166058,0.6695506451083029,-0.16522467744584857,0.4173876612770757,0.7086938306385379,-0.14565308468073107,0.42717345765963444,0.7135867288298172,-0.1432066355850914,0.4283966822074543,0.7141983411037272,-0.14290082944813642,-0.5714504147240682,0.2142747926379659,-0.39286260368101705,-0.6964313018405085,-0.8482156509202543,-0.9241078254601272,-0.9620539127300636,-0.9810269563650318,-0.9905134781825159,0.004743260908742053,-0.49762836954562895,-0.7488141847728145,-0.8744070923864072,-0.9372035461932036,-0.9686017730966018,-0.984300886548301,0.007849556725849527,0.5039247783629248,0.7519623891814624,-0.1240188054092688,-0.5620094027046344,0.2189952986476828,-0.39050235067615857,0.3047488246619207,-0.3476255876690396,0.3261872061654802,-0.3369063969172599,-0.6684531984586299,0.16577340077068503,-0.4171132996146575,0.29144335019267126,0.6457216750963356,0.8228608375481679,0.9114304187740839,0.955715209387042,0.977857604693521,-0.011071197653239495,-0.5055355988266197,-0.7527677994133098,-0.8763838997066549,-0.9381919498533274,0.030904025073336283,0.5154520125366682,-0.24227399373166592,0.37886300313416704,-0.31056849843291645,-0.6552842492164582,0.1723578753917709,0.5861789376958855,-0.20691053115205726,0.39654473442397137,-0.3017276327880143,0.34913618360599286,0.6745680918029964,-0.1627159540985018,0.4186420229507491,-0.2906789885246255,-0.6453394942623127,-0.8226697471311564,0.08866512643442181,0.5443325632172109,0.7721662816086055,0.8860831408043027,-0.05695842959784864,-0.5284792147989243,0.23576039260053783,0.6178801963002689,-0.19105990184986554,0.40447004907506723,-0.2977649754624664,-0.6488824877312331,0.17555875613438343,-0.4122206219328083,-0.7061103109664042,-0.8530551554832021,-0.9265275777416011,0.03673621112919945,-0.4816318944354003,0.25918405278229983,-0.3704079736088501,0.31479601319557493,0.6573980065977875,0.8286990032988937,0.9143495016494468,-0.04282524917527658,-0.5214126245876383,-0.7607063122938191,0.11964684385309043,0.5598234219265452,-0.2200882890367274,0.3899558554816363,0.6949779277408181,0.8474889638704091,0.9237444819352045,-0.038127759032397734,-0.5190638795161988,0.2404680602419006,-0.3797659698790497,0.3101170150604752,-0.3449414924697624,0.32752925376511877,0.6637646268825594,0.8318823134412797,-0.08405884327936014,0.45797057836031996,0.72898528918016,0.86449264459008,-0.06775367770495999,0.46612316114752,0.73306158057376,0.86653079028688,0.93326539514344,0.96663269757172,0.98331634878586,0.99165817439293,-0.004170912803534987,0.4979145435982325,0.7489572717991162,0.8744786358995581,0.9372393179497791,0.9686196589748896,-0.015690170512555224,-0.5078450852562776,0.2460774573718612,-0.3769612713140694,-0.6884806356570348,-0.8442403178285174,0.07787984108574131,-0.46106007945712935,0.2694699602714353,0.6347349801357176,0.8173674900678588,0.9086837450339293,0.9543418725169647,0.9771709362584824,0.9885854681292412,-0.005707265935379402,0.4971463670323103,0.7485731835161551,0.8742865917580775,0.9371432958790388,0.9685716479395194,0.9842858239697597,0.9921429119848799,0.99607145599244,0.99803572799622,-0.0009821360018900105,0.499508931999055,0.7497544659995274,-0.12512276700023628,0.43743861649988186,-0.2812806917500591,-0.6406403458750296,-0.8203201729375148,0.0898399135312426,-0.4550800432343787,-0.7275400216171893,0.13622998919140533,-0.4318850054042973,0.28405749729785135,-0.3579712513510743,0.32101437432446284,0.6605071871622314,-0.16974640641888428,-0.5848732032094421,0.20756339839527893,0.6037816991976395,0.8018908495988197,0.9009454247994099,0.950472712399705,0.9752363561998525,0.9876181780999262,0.9938090890499631,-0.003095455475018438,-0.5015477277375092,-0.7507738638687547,0.12461306806562267,0.5623065340328113,-0.21884673298359436,0.3905766335082028,0.6952883167541014,-0.1523558416229493,-0.5761779208114747,0.21191103959426266,-0.39404448020286864,0.3029777598985657,0.6514888799492828,0.8257444399746414,0.9128722199873207,0.9564361099936604,-0.021781945003169823,-0.5108909725015849,-0.7554454862507924,-0.8777227431253962,0.06113862843730189,0.530569314218651,0.7652846571093255,-0.11735767144533726,-0.5586788357226686,-0.7793394178613343,-0.8896697089306671,0.05516514553466645,0.5275825727673332,0.7637912863836667,0.8818956431918333,-0.05905217840408333,-0.5295260892020417,0.23523695539897915,0.6176184776994895,-0.19119076115025524,-0.5955953805751276,-0.7977976902875639,-0.8988988451437819,0.050550577428109034,0.5252752887140545,0.7626376443570273,0.8813188221785137,0.9406594110892568,0.9703297055446284,0.9851648527723142,-0.007417573613842876,0.49629121319307856,0.7481456065965393,-0.12592719670173036,-0.5629635983508652,0.2185182008245674,0.6092591004122837,0.8046295502061418,0.9023147751030709,-0.04884261244846455,-0.5244213062242322,0.2377893468878839,0.618894673443942,0.809447336721971,0.9047236683609855,0.9523618341804927,0.9761809170902463,-0.011909541454876826,0.49404522927256156,-0.2529773853637192,-0.6264886926818596,0.1867556536590702,-0.4066221731704649,-0.7033110865852324,0.14834445670738378,0.5741722283536919,0.7870861141768459,0.893543057088423,-0.05322847145578852,-0.5266142357278942,-0.7633071178639471,-0.8816535589319736,0.05917322053401319,-0.4704133897329934,-0.7352066948664967,0.13239665256675165,-0.43380167371662415,-0.7169008368583121,0.14154958157084396,0.5707747907854219,-0.21461260460728904,0.3926936976963555,-0.30365315115182223,-0.6518265755759112,0.17408671221204441,0.5870433561060222,-0.2064783219469889,0.39676083902650555,-0.3016195804867472,0.3491902097566264,0.6745951048783132,0.8372975524391566,-0.0813512237804217,0.45932438810978915,0.7296621940548946,0.8648310970274473,0.9324155485137237,-0.03379222574313817,-0.5168961128715691,-0.7584480564357845,0.12077597178210775,0.5603879858910539,0.7801939929455269,-0.10990300352723653,-0.5549515017636183,-0.7774757508818091,-0.8887378754409045,-0.9443689377204523,-0.9721844688602261,0.013907765569886932,-0.49304611721505653,-0.7465230586075282,0.1267384706962359,0.5633692353481179,0.781684617674059,-0.10915769116297053,-0.5545788455814853,0.22271057720925735,0.6113552886046287,-0.19432235569768563,0.4028388221511572,0.7014194110755786,-0.1492902944622107,-0.5746451472311054,-0.7873225736155527,-0.8936612868077763,-0.9468306434038882,-0.9734153217019441,-0.9867076608509721,0.0066461695745139715,0.503323084787257,0.7516615423936285,-0.12416922880318576,-0.5620846144015929,-0.7810423072007964,-0.8905211536003982,-0.9452605768001991,-0.9726302884000996,0.013684855799950213,-0.49315757210002487,0.25342121394998757,0.6267106069749938,0.813355303487497,-0.09332234825625152,0.45333882587187424,0.7266694129359371,-0.13666529353203144,0.4316673532339843,-0.28416632338300785,-0.6420831616915039,-0.821041580845752,0.08947920957712402,-0.455260395211438,0.272369802394281,-0.3638150988028595,0.3180924505985703,-0.34095377470071486,-0.6704768873503575,0.16476155632482126,-0.41761922183758937,0.2911903890812053,-0.35440480545939734,0.32279759727030133,0.6613987986351506,-0.1693006006824247,0.41534969965878765,0.7076748498293939,-0.14616257508530306,0.42691871245734847,0.7134593562286742,-0.1432703218856629,-0.5716351609428314,0.2141824195285843,-0.39290879023570785,-0.6964543951178539,-0.848227197558927,-0.9241135987794635,-0.9620567993897318,-0.9810283996948659,-0.9905141998474329,-0.9952570999237165,-0.9976285499618582,-0.9988142749809291,-0.9994071374904645,0.00029643125476774834,-0.4998517843726161,0.25007410781369194,0.6250370539068459,-0.18748147304657703,0.4062592634767115,0.7031296317383557,-0.14843518413082213,0.42578240793458894,0.7128912039672944,-0.14355439801635278,-0.5717771990081764,0.21411140049591182,-0.3929442997520441,-0.696472149876022,0.151763925061989,0.5758819625309946,0.7879409812654973,0.8939704906327486,0.9469852453163743,0.9734926226581871,0.9867463113290935,-0.006626844335453241,-0.5033134221677267,-0.7516567110838633,-0.8758283555419317,-0.9379141777709659,0.03104291111451707,-0.48447854444274147,-0.7422392722213708,0.12888036388931462,-0.4355598180553427,0.28222009097232864,0.6411100454861643,-0.17944497725691783,-0.5897224886284589,0.20513875568577056,-0.3974306221571147,0.30128468892144267,0.6506423444607213,-0.17467882776963933,0.4126605861151803,0.7063302930575901,-0.14683485347120495,-0.5734174267356025,0.21329128663219876,-0.3933543566839006,-0.6966771783419503,-0.8483385891709752,0.07583070541451242,-0.4620846472927438,0.2689576763536281,-0.36552116182318595,0.317239419088407,0.6586197095442035,-0.17069014522789827,0.41465492738605086,-0.29267253630697454,-0.6463362681534872,0.1768318659232564,-0.4115840670383718,0.2942079664808141,-0.3528960167595929,0.32355199162020354,-0.33822400418989823,0.33088799790505086,-0.33455600104747457,-0.6672780005237373,0.16636099973813134,0.5831804998690657,-0.20840975006546714,-0.6042048750327336,0.19789756248363322,-0.4010512187581834,0.2994743906209083,0.6497371953104542,-0.17513140234477292,-0.5875657011723865,0.20621714941380676,0.6031085747069034,0.8015542873534517,0.9007771436767258,-0.049611428161637106,-0.5248057140808186,0.23759714295959072,0.6187985714797953,0.8093992857398977,0.9046996428699489,0.9523498214349744,0.9761749107174872,0.9880874553587435,0.9940437276793718,-0.0029781361603141154,0.49851093191984297,0.7492554659599215,-0.12537226702003923,-0.5626861335100196,-0.7813430667550099,-0.8906715333775049,0.054664233311247534,-0.47266788334437626,-0.7363339416721881,0.13183302916390593,-0.43408348541804703,0.28295825729097646,0.6414791286454882,0.8207395643227441,-0.08963021783862796,0.45518489108068605,0.7275924455403431,-0.13620377722982846,0.43189811138508577,0.7159490556925429,-0.14202547215372857,-0.5710127360768643,0.21449363196156784,0.6072468159807839,0.8036234079903919,0.901811703995196,-0.04909414800240203,-0.524547074001201,-0.7622735370006005,-0.8811367685003002,0.0594316157498499,-0.47028419212507505,0.26485790393746245,0.6324289519687312,0.8162144759843656,0.9081072379921828,0.9540536189960914,0.9770268094980457,0.9885134047490228,0.9942567023745115,0.9971283511872557,0.9985641755936279,0.9992820877968139,0.9996410438984069,0.9998205219492035,-8.973902539827217e-05,0.4999551304873009,0.7499775652436504,0.8749887826218252,0.9374943913109126,0.9687471956554563,0.9843735978277282,0.9921867989138641,0.9960933994569321,0.998046699728466,0.999023349864233,0.9995116749321165,0.9997558374660582,0.9998779187330291,0.9999389593665146,0.9999694796832572,0.9999847398416286,0.9999923699208143,0.9999961849604071,-1.907519796451318e-06,-0.5000009537598982,-0.7500004768799491,-0.8750002384399745,0.06249988078001273,-0.4687500596099936,0.2656249701950032,0.6328124850975017,0.8164062425487508,0.9082031212743754,0.9541015606371877,0.9770507803185938,0.988525390159297,0.9942626950796485,0.9971313475398242,0.9985656737699121,0.999282836884956,0.999641418442478,0.999820709221239,0.9999103546106195,0.9999551773053097,0.9999775886526548,0.9999887943263275,0.9999943971631637,-2.801418418130197e-06,0.49999859929079093,-0.25000070035460453,0.37499964982269773,0.6874998249113489,0.8437499124556744,0.9218749562278372,0.9609374781139186,0.9804687390569593,0.9902343695284797,0.9951171847642398,0.99755859238212,-0.0012207038089400157,0.49938964809553,-0.250305175952235,-0.6251525879761175,-0.8125762939880588,-0.9062881469940294,0.04685592650298531,-0.47657203674850734,0.26171398162574633,0.6308569908128732,-0.18457150459356342,0.4077142477032183,0.7038571238516091,0.8519285619258046,0.9259642809629023,-0.03701785951854886,-0.5185089297592744,0.24074553512036279,-0.3796272324398186,0.31018638378009067,0.6550931918900453,-0.17245340405497733,0.41377329797251133,-0.29311335101374436,-0.6465566755068721,0.17672166224656394,-0.41163916887671803,-0.705819584438359,-0.8529097922191795,-0.9264548961095898,-0.9632274480547949,0.01838627597260256,0.5091931379863013,0.7545965689931506,-0.12270171550342468,0.43864914224828766,0.7193245711241438,-0.14033771443792808,-0.570168857218964,0.21491557139051798,0.607457785695259,-0.1962711071523705,0.40186444642381475,-0.2990677767880926,-0.6495338883940462,-0.8247669441970231,-0.9123834720985116,-0.9561917360492558,0.02190413197537211,-0.48904793401231395,-0.744523967006157,-0.8722619835030785,-0.9361309917515392,0.03193450412423038,-0.4840327479378848,0.2579836260310576,-0.3710081869844712,-0.6855040934922356,-0.8427520467461178,0.0786239766269411,0.5393119883134705,0.7696559941567352,-0.11517200292163238,-0.5575860014608162,0.22120699926959192,0.610603499634796,0.805301749817398,-0.097349125091301,-0.5486745625456505,0.22566271872717475,-0.38716864063641265,0.3064156796817937,-0.3467921601591032,0.3266039199204484,-0.33669804003977577,-0.6683490200198878,-0.8341745100099439,0.08291274499502804,-0.458543627502486,-0.7292718137512431,-0.8646359068756215,-0.9323179534378108,0.03384102328109462,0.5169205116405473,-0.24153974417972635,0.3792301279101368,0.6896150639550684,-0.15519246802246578,-0.5775962340112328,0.21120188299438358,-0.3943990585028082,0.3028004707485959,-0.3485997646257021,0.32570011768714896,-0.3371499411564255,-0.6685749705782127,-0.8342874852891063,-0.9171437426445532,0.041428128677723386,-0.4792859356611383,0.26035703216943085,-0.3698214839152846,0.3150892580423577,-0.34245537097882117,-0.6712276854894106,-0.8356138427447053,-0.9178069213723526,-0.9589034606861764,0.02054826965691181,-0.4897258651715441,0.2551370674142279,-0.37243146629288604,-0.686215733146443,0.1568921334267785,-0.4215539332866107,-0.7107769666433054,0.14461151667834732,0.5723057583391736,0.7861528791695869,-0.10692356041520656,-0.5534617802076033,-0.7767308901038017,-0.8883654450519008,-0.9441827225259505,-0.9720913612629752,0.01395431936851238,-0.49302284031574384,-0.746511420157872,0.126744289921064,0.563372144960532,-0.218313927519734,0.390843036240133,-0.3045784818799335,-0.6522892409399668,-0.8261446204699834,-0.9130723102349917,-0.9565361551174958,0.021731922441252105,-0.48913403877937395,-0.744567019389687,-0.8722835096948435,-0.9361417548474218,0.031929122576289104,0.5159645612881445,-0.24201771935592775,0.3789911403220361,0.689495570161018,0.844747785080509,0.9223738925402545,-0.03881305372987276,-0.5194065268649364,0.2402967365675318,0.6201483682837658,0.8100741841418829,-0.09496290792905854,0.4525185460354707,-0.27374072698226465,0.36312963650886765,-0.3184351817455662,-0.6592175908727831,0.17039120456360846,-0.41480439771819577,0.2925978011409021,-0.35370109942954897,-0.6768505497147745,-0.8384252748573873,-0.9192126374286936,0.04039368128565318,-0.47980315935717344,0.2600984203214133,0.6300492101607067,-0.18497539491964665,0.4075123025401767,0.7037561512700883,-0.14812192436495586,0.42593903781752207,0.712969518908761,-0.14351524054561948,0.42824237972719026,0.7141211898635951,0.8570605949317975,-0.07146970253410123,0.4642651487329494,-0.2678674256335253,-0.6339337128167626,0.1830331435916187,-0.40848342820419065,-0.7042417141020954,-0.8521208570510477,0.07393957147447616,-0.4630302142627619,-0.731515107131381,-0.8657575535656905,-0.9328787767828453,-0.9664393883914226,-0.9832196941957113,-0.9916098470978556,0.004195076451072199,-0.4979024617744639,0.2510487691127681,0.625524384556384,0.812762192278192,-0.09361890386090399,-0.546809451930452,-0.773404725965226,-0.886702362982613,0.05664881850869352,-0.47167559074565324,0.2641622046271734,0.6320811023135867,0.8160405511567934,0.9080202755783967,0.9540101377891983,0.9770050688945991,-0.011497465552700425,-0.5057487327763502,0.24712563361182488,-0.3764371831940876,0.3117814084029562,-0.3441092957985219,-0.672054647899261,0.16397267605036953,0.5819863380251847,0.7909931690125924,0.8954965845062962,0.9477482922531482,-0.02612585387342592,-0.513062926936713,0.24346853653164352,-0.3782657317341782,-0.6891328658670891,-0.8445664329335445,-0.9222832164667722,0.038858391766613876,0.5194291958833069,-0.24028540205834653,-0.6201427010291732,0.18992864948541338,-0.40503567525729334,-0.7025178376286467,-0.8512589188143234,-0.9256294594071617,0.03718527029641916,0.5185926351482095,-0.24070368242589524,-0.6203518412129476,-0.8101759206064738,0.0949120396967631,0.5474560198483815,-0.22627199007580923,0.3868640049620954,-0.3065679975189523,-0.6532839987594762,-0.826641999379738,-0.913320999689869,-0.9566604998449345,0.021669750077532746,-0.48916512496123365,0.2554174375193832,-0.3722912812403084,-0.6861456406201543,-0.8430728203100771,-0.9215364101550385,-0.9607682050775193,0.019615897461240372,-0.4901920512693798,0.2549039743653101,-0.37254801281734495,0.3137259935913275,0.6568629967956637,0.8284314983978318,-0.0857842508010841,-0.5428921254005421,0.22855393729972895,0.6142769686498645,0.8071384843249323,0.9035692421624661,0.9517846210812331,-0.024107689459383463,-0.5120538447296917,0.24397307763515413,0.621986538817577,0.8109932694087885,-0.09450336529560577,0.4527483173521971,-0.27362584132390144,0.3631870793380493,-0.31840646033097536,0.34079676983451235,-0.3296016150827438,-0.6648008075413719,-0.832400403770686,0.08379979811465699,-0.4581001009426715,0.27094994952866425,-0.3645250252356679,-0.6822625126178339,-0.8411312563089169,-0.9205656281544585,-0.9602828140772293,0.01985859296138537,0.5099292964806927,0.7549646482403464,-0.12251767587982682,-0.5612588379399134,-0.7806294189699567,0.10968529051502163,0.5548426452575108,-0.2225786773712446,-0.6112893386856223,-0.8056446693428112,-0.9028223346714056,0.0485888326642972,0.5242944163321486,-0.23785279183392571,-0.6189263959169629,-0.8094631979584814,-0.9047315989792407,-0.9523657994896204,-0.9761828997448102,0.011908550127594897,-0.4940457249362026,-0.7470228624681012,-0.8735114312340506,-0.9367557156170253,0.031622142191487346,-0.48418892890425635,-0.7420944644521281,0.12895276777393594,0.564476383886968,0.782238191943484,0.891119095971742,-0.054440452014129004,0.47277977399293547,0.7363898869964678,0.8681949434982339,-0.06590252825088305,0.4670487358745585,0.7335243679372793,-0.13323781603136037,-0.5666189080156802,0.21669054599215992,-0.39165472700392,0.30417263649804,0.65208631824902,0.82604315912451,0.9130215795622549,0.9565107897811275,-0.021744605109436266,-0.5108723025547182,0.24456384872264092,0.6222819243613205,0.8111409621806602,-0.09442951890966989,0.45278524054516506,-0.27360737972741744,-0.6368036898637087,-0.8184018449318544,-0.9092009224659272,-0.9546004612329636,-0.9773002306164817,-0.9886501153082409,-0.9943250576541205,-0.9971625288270602,-0.9985812644135301,0.0007093677932349385,0.5003546838966175,-0.24982265805169124,-0.6249113290258457,0.18754433548707716,0.5937721677435386,0.7968860838717693,0.8984430419358846,0.9492215209679423,0.9746107604839711,-0.012694619758014447,0.4936526901209928,0.7468263450604964,-0.1265868274697518,0.4367065862651241,-0.281646706867438,0.359176646566281,0.6795883232831406,0.8397941616415703,0.9198970808207851,0.9599485404103926,-0.020025729794803715,0.48998713510259817,0.7449935675512991,0.8724967837756495,0.9362483918878248,0.9681241959439124,-0.015937902028043793,-0.507968951014022,0.24601552449298902,-0.3769922377535055,-0.6884961188767528,-0.8442480594383763,-0.9221240297191882,0.03893798514040592,-0.48053100742979704,-0.7402655037148985,0.12986724814255074,0.5649336240712753,-0.21753318796436233,-0.6087665939821811,0.19561670300890943,-0.4021916484955453,0.2989041757522274,-0.3505479121238863,-0.6752739560619432,0.1623630219690284,-0.4188184890154858,-0.7094092445077429,0.14529537774612855,-0.4273523111269357,0.28632384443653214,-0.35683807778173393,0.32158096110913303,0.6607904805545666,-0.1696047597227167,-0.5848023798613584,-0.7924011899306792,0.1037994050346604,0.5518997025173302,0.7759498512586651,-0.11202507437066744,0.4439874628146663,-0.27800626859266686,0.36099686570366657,-0.3195015671481667,-0.6597507835740833,-0.8298753917870416,-0.9149376958935208,-0.9574688479467603,-0.9787344239733802,-0.9893672119866901,-0.994683605993345,0.002658197003327478,0.5013290985016637,-0.24933545074916813,-0.624667725374584,0.18766613731270798,-0.406166931343646,0.296916534328177,0.6484582671640885,-0.17577086641795575,0.4121145667910221,0.706057283395511,-0.1469713583022445,0.42651432084887775,0.7132571604244389,-0.14337141978778056,0.4283142901061097,-0.28584285494694517,0.3570785725265274,0.6785392862632638,-0.16073035686836812,-0.5803651784341841,0.20981741078290794,-0.39509129460854603,-0.697545647304273,-0.8487728236521366,-0.9243864118260683,-0.9621932059130341,0.018903397043482928,-0.49054830147825856,0.2547258492608707,-0.37263707536956464,-0.6863185376847823,-0.8431592688423912,-0.9215796344211956,-0.9607898172105978,0.019605091394701124,0.5098025456973505,0.7549012728486753,-0.12254936357566237,-0.5612746817878311,-0.7806373408939156,-0.8903186704469578,-0.9451593352234788,-0.9725796676117394,-0.9862898338058697,-0.9931449169029348,-0.9965724584514675,-0.9982862292257337,0.0008568853871331328,-0.49957155730643343,-0.7497857786532167,0.12510711067339164,-0.4374464446633042,-0.7187232223316521,0.14063838883417396,-0.429680805582913,0.2851595972085435,0.6425797986042717,0.8212898993021358,0.9106449496510679,0.955322474825534,0.977661237412767,0.9888306187063836,0.9944153093531918,0.9972076546765959,0.998603827338298,0.999301913669149,-0.00034904316542549996,0.49982547841728725,-0.25008726079135635,0.3749563696043218,0.6874781848021609,0.8437390924010805,0.9218695462005402,-0.03906522689972991,-0.519532613449865,-0.7597663067249325,-0.8798831533624663,-0.9399415766812331,-0.9699707883406166,0.015014605829691718,-0.49249269708515414,-0.7462463485425771,0.12687682572871145,0.5634384128643557,0.7817192064321778,0.8908596032160889,0.9454298016080445,-0.02728509919597777,0.4863574504020111,0.7431787252010056,-0.1284106373994972,0.4357946813002514,0.7178973406501257,0.8589486703250628,0.9294743351625314,-0.03526283241873429,-0.5176314162093671,-0.7588157081046836,-0.8794078540523418,0.06029607297382911,-0.46985196351308545,0.2650740182434573,0.6325370091217286,-0.1837314954391357,-0.5918657477195679,-0.795932873859784,0.10203356307010802,-0.448983218464946,0.275508390767527,0.6377541953837635,-0.18112290230811823,-0.5905614511540591,0.20471927442297044,0.6023596372114852,-0.1988201813942574,-0.5994100906971287,-0.7997050453485643,-0.8998525226742822,0.05007373866285891,-0.47496313066857054,-0.7374815653342852,-0.8687407826671426,-0.9343703913335712,-0.9671851956667856,0.016407402166607188,0.5082037010833036,-0.2458981494583482,0.3770509252708259,-0.3114745373645871,-0.6557372686822935,0.17213136565885323,0.5860656828294266,-0.2069671585852867,0.39651642070735665,-0.3017417896463217,-0.6508708948231609,-0.8254354474115804,0.08728227629420982,-0.4563588618528951,-0.7281794309264475,-0.8640897154632238,-0.9320448577316118,0.033977571134194084,0.516988785567097,-0.24150560721645148,-0.6207528036082257,0.18962359819588714,-0.40518820090205643,0.2974058995489718,-0.3512970502255141,-0.6756485251127571,-0.8378242625563785,0.08108786872181073,-0.45945606563909464,0.27027196718045265,0.6351359835902264,0.8175679917951132,-0.0912160041024434,-0.5456080020512217,-0.7728040010256109,0.11359799948719457,0.5567989997435973,0.7783994998717987,0.8891997499358993,-0.05540012503205033,-0.5277000625160252,-0.7638500312580125,0.11807498437099373,-0.44096250781450314,-0.7204812539072516,-0.8602406269536258,-0.9301203134768129,-0.9650601567384065,-0.9825300783692033,-0.9912650391846016,-0.9956325195923008,-0.9978162597961504,0.0010918701019247967,0.5005459350509625,-0.24972703247451877,-0.6248635162372593,-0.8124317581186297,0.09378412094068517,-0.45310793952965744,-0.7265539697648287,-0.8632769848824143,0.06836150755879283,-0.46581924622060356,0.2670903768896982,-0.3664548115551509,-0.6832274057775755,-0.8416137028887878,-0.9208068514443939,-0.960403425722197,-0.9802017128610985,0.009899143569450763,-0.4950504282152746,-0.7475252141076373,0.12623739294618136,-0.43688130352690935,0.2815593482365453,0.6407796741182726,0.8203898370591363,-0.08980508147043187,0.45509745926478407,-0.27245127036760797,-0.636225635183804,-0.818112817591902,0.09094359120404899,0.5454717956020245,0.7727358978010123,-0.11363205109949387,0.44318397445025304,-0.2784080127748735,0.36079599361256326,0.6803979968062817,0.8401989984031408,0.9200994992015704,-0.03995025039921479,0.4800248748003926,0.7400124374001963,-0.12999378129990186,0.43500310935004904,-0.2824984453249755,0.35875077733751226,0.6793753886687561,0.8396876943343781,-0.08015615283281097,-0.5400780764164055,-0.7700390382082027,-0.8850195191041014,-0.9425097595520506,-0.9712548797760253,-0.9856274398880127,-0.9928137199440064,-0.9964068599720032,-0.9982034299860016,-0.9991017149930008,-0.9995508574965004,0.00022457125174979442,-0.4998877143741251,-0.7499438571870626,0.1250280714064687,0.5625140357032343,0.7812570178516172,0.8906285089258086,0.9453142544629043,-0.027342872768547855,0.4863285636157261,0.743164281807863,0.8715821409039315,0.9357910704519657,-0.03210446477401713,-0.5160522323870086,-0.7580261161935042,-0.8790130580967521,-0.9395065290483761,-0.969753264524188,-0.984876632262094,-0.992438316131047,-0.9962191580655235,-0.9981095790327618,-0.9990547895163808,-0.9995273947581904,-0.9997636973790952,0.0001181513104523968,0.5000590756552262,0.7500295378276132,-0.12498523108619342,-0.5624926155430967,0.21875369222845165,0.6093768461142258,0.804688423057113,0.9023442115285565,-0.04882789423572176,0.4755860528821391,0.7377930264410696,0.8688965132205348,-0.06555174338973258,-0.5327758716948663,-0.7663879358474331,-0.8831939679237166,0.058403016038141686,-0.47079849198092916,0.2646007540095354,-0.3676996229952323,-0.6838498114976161,-0.8419249057488081,-0.920962452874404,-0.960481226437202,-0.980240613218601,-0.9901203066093005,0.004939846695349748,-0.4975300766523251,0.2512349616738374,-0.3743825191630813,-0.6871912595815406,0.1564043702092297,0.5782021851046149,-0.21089890744769257,-0.6054494537238463,0.19727527313807686,-0.40136236343096154,-0.7006811817154808,-0.8503405908577404,0.07482970457112981,0.5374148522855648,0.7687074261427824,0.8843537130713912,-0.057823143464304394,0.4710884282678478,0.7355442141339239,0.867772107066962,0.933886053533481,0.9669430267667405,-0.016528486616629756,0.4917357566916851,-0.25413212165415744,0.3729339391729213,-0.31353303041353936,0.34323348479323035,-0.3283832576033848,-0.6641916288016925,0.16790418559915377,-0.4160479072004231,0.29197604639978847,0.6459880231998942,0.8229940115999471,-0.08850299420002644,-0.5442514971000132,-0.7721257485500066,0.1139371257249967,-0.44303143713750165,-0.7215157185687509,0.13924214071562457,0.5696210703578123,-0.21518946482109386,-0.607594732410547,0.19620263379472652,0.5981013168973632,-0.20094934155131838,-0.6004746707756592,0.1997626646121704,0.5998813323060852,0.7999406661530426,0.8999703330765213,-0.05001483346173935,-0.5250074167308697,-0.7625037083654349,-0.8812518541827175,-0.9406259270913587,0.029687036454320637,0.5148435182271603,-0.24257824088641983,-0.6212891204432099,-0.810644560221605,-0.9053222801108025,-0.9526611400554013,0.02366942997229937,0.5118347149861497,0.7559173574930749,0.8779586787465374,-0.06102066062673128,0.46948966968663436,-0.2652551651566828,-0.6326275825783414,0.1836862087108293,0.5918431043554147,-0.20407844782229267,0.39796077608885366,0.6989803880444269,0.8494901940222135,-0.07525490298889326,0.46237254850555337,0.7311862742527767,0.8655931371263883,0.9327965685631942,0.966398284281597,0.9831991421407985,-0.008400428929600745,-0.5042002144648003,0.24789989276759983,0.6239499463837999,-0.18802502680810007,-0.59401251340405,-0.7970062567020251,-0.8985031283510125,-0.9492515641755063,0.025374217912246866,0.5126871089561235,-0.24365644552193827,0.37817177723903084,-0.3109141113804846,0.34454294430975774,-0.32772852784512113,-0.6638642639225606,-0.8319321319612802,0.08403393401935988,0.5420169670096799,0.77100848350484,0.8855042417524199,0.94275212087621,-0.028623939561895018,0.4856880302190525,0.7428440151095262,-0.12857799244523688,-0.5642889962226184,0.2178555018886908,0.6089277509443454,-0.19553612452782732,0.40223193773608634,-0.29888403113195683,0.3505579844340216,0.6752789922170108,-0.1623605038914946,0.4188197480542527,-0.29059012597287365,0.3547049370135632,-0.3226475314932184,-0.6613237657466092,-0.8306618828733046,-0.9153309414366523,0.04233452928167386,-0.47883273535916304,0.2605836323204185,-0.36970818383979076,0.3151459080801046,0.6575729540400523,0.8287864770200262,-0.08560676148998692,-0.5428033807449935,-0.7714016903724967,0.11429915481375164,0.5571495774068758,-0.22142521129656212,0.38928739435171894,-0.3053563028241405,0.34732184858792975,-0.32633907570603515,-0.6631695378530176,-0.8315847689265088,-0.9157923844632544,0.0421038077683728,0.5210519038841864,0.7605259519420933,0.8802629759710466,-0.05986851201447668,0.4700657439927617,0.7350328719963808,0.8675164359981904,-0.0662417820009048,0.4668791089995476,-0.2665604455002262,-0.6332802227501131,-0.8166401113750565,0.09167994431247173,-0.45416002784376414,0.27291998607811796,-0.363540006960941,-0.6817700034804706,-0.8408850017402353,0.07955749912988236,0.5397787495649412,0.7698893747824707,0.8849446873912353,0.9424723436956177,-0.02876382815219114,-0.5143819140760956,-0.7571909570380477,-0.8785954785190239,-0.9392977392595119,-0.9696488696297559,0.01517556518512203,-0.492412217407439,0.2537938912962805,-0.37310305435185975,0.3134484728240701,-0.34327576358796497,0.3283621182060175,-0.33581894089699127,0.33209052955150437,0.6660452647757522,-0.1669773676121239,0.41651131619393805,0.708255658096969,0.8541278290484845,-0.07293608547575775,0.46353195726212115,0.7317659786310606,0.8658829893155303,-0.06705850534223484,-0.5335292526711174,0.2332353736644413,-0.3833823131677794,0.3083088434161103,0.6541544217080552,0.8270772108540276,0.9135386054270138,-0.04323069728649309,-0.5216153486432465,0.23919232567837673,0.6195961628391884,-0.1902019185804058,0.4048990407097971,-0.29755047964510145,0.3512247601774493,-0.32438761991127535,0.3378061900443623,0.6689030950221811,0.8344515475110905,0.9172257737555453,-0.04138711312222737,0.4793064434388863,0.7396532217194431,0.8698266108597216,-0.06508669457013921,0.4674566527149304,0.7337283263574652,0.8668641631787326,-0.0665679184106337,-0.5332839592053169,0.23335802039734155,0.6166790101986708,-0.1916604949006646,0.4041697525496677,0.7020848762748338,0.8510424381374169,0.9255212190687084,-0.03723939046564578,0.4813803047671771,-0.25930984761641146,-0.6296549238082058,0.18517253809589712,0.5925862690479485,-0.20370686547602573,-0.6018534327380128,-0.8009267163690064,-0.9004633581845032,-0.9502316790922516,0.024884160453874204,-0.4875579197730629,0.2562210401134686,-0.3718894799432657,-0.6859447399716329,-0.8429723699858165,0.07851381500709176,0.5392569075035458,0.7696284537517729,0.8848142268758865,-0.057592886562056744,0.47120355671897163,-0.2643982216405142,-0.6321991108202571,-0.8160995554101286,-0.9080497777050642,-0.9540248888525321,-0.977012444426266,-0.988506222213133,0.005746888893433499,0.5028734444467168,0.7514367222233584,0.8757183611116792,-0.06214081944416039,0.4689295902779198,-0.2655352048610401,-0.63276760243052,0.18361619878474,-0.40819190060763,0.295904049696185,-0.3520479751519075,-0.6760239875759537,-0.8380119937879769,0.08099400310601157,0.5404970015530057,-0.22975149922349714,0.38512425038825143,0.6925621251941257,0.8462810625970629,-0.07685946870146854,-0.5384297343507343,0.23078513282463287,-0.38460743358768357,0.3076962832061582,-0.34615185839692086,0.32692407080153957,-0.33653796459923024,-0.6682689822996151,-0.8341344911498075,-0.9170672455749038,0.04146637721254809,0.520733188606274,0.760366594303137,0.8801832971515685,0.9400916485757842,0.9700458242878921,0.985022912143946,-0.007488543928027003,0.4962557280359865,0.7481278640179932,0.8740639320089967,-0.06296803399550166,-0.5314840169977508,-0.7657420084988754,0.11712899575056229,-0.4414355021247188,-0.7207177510623595,0.13964112446882027,-0.43017943776558987,0.28491028111720507,-0.35754485944139747,-0.6787724297206987,0.16061378513965063,-0.4196931074301747,-0.7098465537150873,0.14507672314245634,0.5725383615712282,-0.21373081921438591,0.39313459039280707,-0.30343270480359646,0.34828364759820174,0.6741418237991008,0.8370709118995504,-0.0814645440502248,0.4592677279748876,0.7296338639874438,-0.1351830680062781,-0.567591534003139,-0.7837957670015695,-0.8918978835007847,-0.9459489417503923,0.027025529124803827,-0.4864872354375981,-0.7432436177187991,0.12837819114060045,-0.4358109044296998,-0.7179054522148499,-0.858952726107425,0.0705236369462875,0.5352618184731437,0.7676309092365718,0.8838154546182859,0.941907727309143,-0.02904613634542852,0.48547693182728574,0.7427384659136429,-0.12863076704317855,0.4356846164784107,-0.28215769176079464,-0.6410788458803973,-0.8205394229401987,-0.9102697114700993,-0.9551348557350496,-0.9775674278675248,-0.9887837139337624,-0.9943918569668813,0.00280407151655937,0.5014020357582797,0.7507010178791398,0.8753505089395699,0.937675254469785,-0.031162372765107527,0.4844188136174462,0.742209406808723,0.8711047034043615,0.9355523517021808,-0.03222382414890962,-0.5161119120744548,-0.7580559560372274,0.12097202198138629,-0.4395139890093068,-0.7197569945046534,-0.8598784972523267,0.07006075137383666,-0.46496962431308164,0.2675151878434592,-0.3662424060782704,0.3168787969608648,0.6584393984804324,-0.1707803007597838,0.4146098496201081,-0.292695075189946,0.353652462405027,0.6768262312025135,-0.16158688439874325,0.4192065578006284,-0.29039672109968584,0.3548016394501571,-0.32259918027492146,0.33870040986253924,-0.3306497950687304,0.3346751024656348,-0.3326624487671826,0.33366877561640873,-0.33316561219179563,0.3334171939041022,-0.3332914030479489,0.33335429847602555,-0.3333228507619872,-0.6666614253809936,-0.8333307126904967,-0.9166653563452484,0.041667321827375814,0.5208336609136879,-0.23958316954315606,-0.619791584771578,0.19010420761421098,-0.4049478961928945,0.29752605190355275,0.6487630259517764,0.8243815129758882,0.9121907564879441,0.9560953782439721,0.978047689121986,-0.010976155439006985,0.4945119222804965,-0.2527440388597517,-0.6263720194298759,0.18681399028506207,-0.40659300485746896,0.2967034975712655,0.6483517487856327,-0.17582412560718363,0.4120879371964082,0.7060439685982041,-0.14697801570089797,0.426510992149551,-0.2867445039252245,-0.6433722519626123,-0.8216861259813062,-0.9108430629906531,0.04457846850467345,-0.47771076574766325,0.2611446171261684,0.6305723085630842,0.8152861542815422,-0.09235692285922892,-0.5461784614296145,-0.7730892307148072,-0.8865446153574036,0.056727692321298206,0.5283638461606491,0.7641819230803246,0.8820909615401623,0.9410454807700812,-0.029477259614959395,0.4852613701925203,0.7426306850962602,0.8713153425481301,-0.06434232872593493,0.46782883563703254,-0.2660855821814837,0.36695720890925815,0.683478604454629,0.8417393022273145,0.9208696511136573,-0.03956517444317137,0.48021741277841434,-0.25989129361079283,0.37005435319460356,0.6850271765973017,0.8425135882986509,0.9212567941493255,0.9606283970746627,0.9803141985373314,-0.009842900731334314,-0.5049214503656672,-0.7524607251828336,-0.8762303625914167,0.06188481870429163,0.5309424093521458,0.7654712046760729,0.8827356023380364,0.9413678011690182,0.9706839005845092,-0.014658049707745424,-0.5073290248538727,0.24633548757306367,0.6231677437865318,-0.18841612810673408,0.405791935946633,-0.2971040320266835,0.3514479839866582,0.6757239919933291,-0.16213800400333545,0.4189309979983323,0.7094654989991661,-0.14526725050041694,-0.5726336252502084,0.21368318737489578,0.6068415936874478,-0.19657920315627608,-0.598289601578138,-0.799144800789069,0.10042759960546549,-0.4497862001972672,0.2751068999013664,0.6375534499506832,0.8187767249753416,0.9093883624876709,0.9546941812438354,-0.022652909378082287,0.48867354531095886,0.7443367726554795,-0.12783161367226026,-0.5639158068361301,0.21804209658193496,0.6090210482909675,0.8045105241454837,-0.09774473792725813,0.45112763103637094,0.7255638155181855,0.8627819077590928,-0.0686090461204536,-0.5343045230602268,0.2328477384698866,-0.3835761307650567,-0.6917880653825283,0.15410596730873583,0.5770529836543679,-0.21147350817281607,0.39426324591359196,0.697131622956796,0.848565811478398,-0.07571709426080098,0.4621414528695995,0.7310707264347998,0.8655353632173999,0.9327676816086999,-0.03361615919565003,-0.516808079597825,0.24159596020108748,-0.37920201989945623,0.3103989900502719,-0.34480050497486403,0.327599747512568,-0.336200126243716,0.331899936878142,0.6659499684390711,-0.16702501578046447,0.41648749210976777,-0.2917562539451161,0.3541218730274419,0.677060936513721,0.8385304682568605,0.9192652341284302,0.9596326170642151,-0.02018369146789245,0.4899081542660538,-0.25504592286697314,0.37247703856651343,0.6862385192832567,-0.15688074035837163,-0.5784403701791858,-0.7892201850895929,0.10538990745520355,-0.4473050462723982,-0.7236525231361991,0.13817373843190045,-0.4309131307840498,0.2845434346079751,-0.3577282826960124,0.3211358586519938,0.660567929325997,-0.16971603533700153,0.41514198233149924,0.7075709911657496,-0.1462145044171252,-0.5731072522085626,-0.7865536261042814,-0.8932768130521407,-0.9466384065260703,-0.9733192032630351,0.013340398368482442,-0.4933298008157588,-0.7466649004078794,-0.8733324502039397,-0.9366662251019698,-0.9683331125509849,0.015833443724507568,0.5079167218622538,-0.2460416390688731,-0.6230208195344366,-0.8115104097672183,0.09424479511639083,0.5471223975581954,-0.22643880122090232,-0.6132194006104512,0.1933902996947744,0.5966951498473871,0.7983475749236936,-0.10082621253815321,0.4495868937309234,-0.2752065531345383,0.3623967234327309,-0.31880163828363456,0.34059918085818275,0.6702995904290914,0.8351497952145457,-0.08242510239272716,0.4587874488036364,0.7293937244018183,0.8646968622009091,0.9323484311004546,-0.03382578444977269,-0.5169128922248863,-0.7584564461124432,-0.8792282230562216,-0.9396141115281108,-0.9698070557640555,0.01509647211797227,0.5075482360589861,-0.24622588197050693,-0.6231129409852535,-0.8115564704926268,-0.9057782352463134,-0.9528891176231566,0.023555441188421677,-0.48822227940578916,-0.7441111397028946,0.12794443014855272,-0.43602778492572364,-0.7180138924628618,-0.8590069462314309,0.07049652688428454,-0.46475173655785773,0.26762413172107113,0.6338120658605355,-0.18309396706973224,0.4084530164651339,-0.29577349176743306,-0.6478867458837165,0.17605662705814173,-0.41197168647092913,0.29401415676453546,-0.35299292161773227,0.32350353919113384,0.6617517695955669,0.8308758847977835,-0.08456205760110824,-0.5422810288005542,0.2288594855997229,-0.38557025720013854,-0.6927851286000692,-0.8463925643000346,0.07680371784998269,0.5384018589249914,-0.23079907053750431,0.38460046473124787,-0.30769976763437606,-0.653849883817188,0.173075058091406,-0.413462470954297,0.2932687645228515,0.6466343822614258,-0.1766828088692871,-0.5883414044346436,-0.7941707022173218,-0.8970853511086609,0.05145732444566953,0.5257286622228348,-0.23713566888858262,-0.6185678344442913,-0.8092839172221457,-0.9046419586110728,-0.9523209793055364,0.023839510347231807,-0.4880802448263841,-0.7440401224131921,-0.872020061206596,0.06398996939670198,0.5319949846983509,0.7659974923491755,-0.11700125382541227,0.44149937308729387,-0.2792503134563531,0.36037484327182345,-0.3198125783640883,0.34009371081795586,0.6700468554089779,0.835023427704489,-0.0824882861477555,0.45875585692612225,-0.27062207153693885,0.3646889642315306,-0.31765551788423474,-0.6588277589421174,0.1705861205289413,-0.41470693973552936,0.2926465301322353,-0.35367673493388235,0.32316163253305885,-0.3384191837334706,-0.6692095918667353,0.16539520406663233,0.5826976020333161,0.791348801016658,-0.10432559949167097,0.4478372002541645,0.7239186001270823,-0.13804069993645884,0.4309796500317706,-0.2845101749841147,0.35774491250794266,0.6788724562539713,0.8394362281269856,-0.0802818859365072,-0.5401409429682535,-0.7700704714841268,-0.8850352357420634,0.05748238212896828,-0.47125880893551586,-0.7356294044677579,0.13218529776612103,-0.43390735111693945,-0.7169536755584698,-0.8584768377792349,0.07076158111038255,-0.4646192094448087,0.26769039527759564,-0.3661548023612022,-0.6830774011806011,0.15846129940969944,0.5792306497048497,-0.21038467514757514,0.39480766242621246,-0.30259616878689377,0.3487019156065531,0.6743509578032766,0.8371754789016383,-0.08141226054918083,-0.5407061302745904,-0.7703530651372952,-0.8851765325686476,-0.9425882662843238,-0.9712941331421618,-0.9856470665710809,0.0071764667144595395,0.5035882333572298,-0.2482058833213851,-0.6241029416606926,-0.8120514708303463,-0.9060257354151732,-0.9530128677075866,0.02349356614620668,-0.48825321692689666,0.25587339153655164,-0.3720633042317242,-0.686031652115862,-0.843015826057931,0.07849208697103449,0.5392460434855173,-0.23037697825724135,-0.6151884891286207,-0.8075942445643103,-0.9037971222821551,-0.9518985611410775,0.024050719429461243,-0.4879746402852694,-0.7439873201426347,0.12800633992868266,0.5640031699643413,-0.21799841501782935,0.3910007924910853,-0.30449960375445734,0.3477501981227713,-0.32612490093861435,0.3369375495306928,0.6684687747653464,-0.1657656126173268,-0.5828828063086634,0.2085585968456683,-0.3957207015771659,0.30213964921141706,-0.3489301753942915,0.32553491230285425,0.6627674561514272,-0.1686162719242864,0.4156918640378568,0.7078459320189284,-0.1460770339905358,0.42696148300473213,0.7134807415023661,-0.14325962924881697,-0.5716298146244085,0.21418509268779573,-0.39290745365610213,0.30354627317194893,-0.34822686341402553,0.32588656829298723,0.6629432841464936,-0.1685283579267532,0.41573582103662343,-0.2921320894816883,0.35393395525915583,-0.3230330223704221,0.33848348881478896,-0.3307582555926055,-0.6653791277963028,-0.8326895638981514,0.0836552180509243,0.5418276090254621,-0.22908619548726894,0.38545690225636553,-0.30727154887181723,0.3463642255640914,-0.3268178872179543,-0.6634089436089772,-0.8317044718044886,-0.9158522359022443,-0.9579261179511221,-0.9789630589755611,-0.9894815294877806,0.005259235256109718,0.5026296176280549,0.7513148088140275,0.8756574044070138,-0.06217129779649311,-0.5310856488982465,0.23445717555087675,0.6172285877754384,0.8086142938877192,-0.09569285305614039,-0.5478464265280703,0.22607678673596487,-0.38696160663201756,-0.6934808033160088,-0.8467404016580045,0.07662979917099777,0.5383148995854989,-0.23084255020725053,0.38457872489637474,0.6922893624481874,0.8461446812240937,-0.07692765938795315,0.46153617030602345,-0.2692319148469883,0.36538404257650586,0.6826920212882529,-0.15865398935587355,-0.5793269946779368,0.2103365026610316,-0.39483174866948423,-0.6974158743347421,-0.848707937167371,-0.9243539685836855,-0.9621769842918427,0.018911507854078635,-0.49054424607296065,0.2547278769635197,-0.37263606151824014,0.31368196924087993,-0.34315901537956006,-0.67157950768978,0.16421024615510998,0.582105123077555,0.7910525615387776,-0.10447371923061122,-0.5522368596153056,0.22388157019234722,-0.3880592149038264,-0.6940296074519132,0.1529851962740434,-0.4235074018629783,0.28824629906851085,0.6441231495342554,0.8220615747671277,0.9110307873835639,-0.044484606308218044,0.477757696845891,0.7388788484229455,0.8694394242114727,-0.06528028789426366,-0.5326401439471318,0.2336799280264341,0.6168399640132171,0.8084199820066085,0.9042099910033042,-0.04789500449834788,0.47605249775082603,-0.261973751124587,0.3690131244377065,0.6845065622188533,0.8422532811094267,0.9211266405547134,0.9605633202773567,0.9802816601386783,0.9901408300693392,0.9950704150346696,0.9975352075173348,-0.0012323962413325895,-0.5006161981206663,-0.7503080990603331,-0.8751540495301666,-0.9375770247650833,0.031211487617458344,0.5156057438087291,-0.24219712809563543,-0.6210985640478177,0.18945071797609114,0.5947253589880456,0.7973626794940227,-0.10131866025298863,0.4493406698735057,-0.2753296650632472,0.3623351674683764,0.6811675837341882,0.8405837918670941,0.9202918959335471,-0.03985405203322645,-0.5199270260166132,-0.7599635130083067,-0.8799817565041533,0.06000912174792333,0.5300045608739616,-0.23499771956301918,-0.6174988597815096,0.19125057010924518,0.5956252850546226,-0.20218735747268868,0.39890632126365566,-0.30054683936817217,0.3497265803159139,-0.325136709842043,-0.6625683549210215,-0.8312841774605108,-0.9156420887302554,0.042178955634872284,-0.47891052218256386,-0.7394552610912819,0.13027236945435905,-0.4348638152728205,0.28256809236358976,0.6412840461817949,0.8206420230908975,0.9103210115454488,-0.04483949422727562,-0.5224197471136378,-0.7612098735568189,0.11939506322159055,0.5596975316107953,0.7798487658053976,0.8899243829026988,-0.05503780854865059,0.4724810957256747,0.7362405478628373,-0.13187972606858134,0.43406013696570933,0.7170300684828547,0.8585150342414274,0.9292575171207137,0.9646287585603568,0.9823143792801784,0.9911571896400893,0.9955785948200446,-0.0022107025899776866,0.49889464870501116,-0.2505526756474944,-0.6252763378237471,-0.8126381689118736,-0.9063190844559368,-0.9531595422279684,-0.9765797711139842,-0.9882898855569922,-0.9941449427784961,-0.997072471389248,-0.998536235694624,-0.999268117847312,-0.999634058923656,0.00018297053817201148,0.500091485269086,-0.249954257365457,0.3750228713172715,-0.31248856434136424,-0.6562442821706821,-0.828122141085341,-0.9140610705426705,-0.9570305352713353,0.02148473236433235,0.5107423661821662,0.7553711830910831,-0.12231440845445846,-0.5611572042272293,0.21942139788638537,0.6097106989431926,0.8048553494715963,-0.09757232526420184,0.4512138373678991,0.7256069186839496,0.8628034593419748,-0.06859827032901261,-0.5342991351645063,0.23285043241774683,-0.3835747837911266,0.30821260810443674,0.6541063040522184,0.8270531520261092,-0.08647342398694541,-0.5432367119934727,0.22838164400326366,-0.38580917799836817,0.30709541100081594,0.653547705500408,0.826773852750204,-0.08661307362489801,0.456693463187551,0.7283467315937755,0.8641733657968877,0.9320866828984439,0.966043341449222,0.983021670724611,-0.008489164637694502,0.4957554176811527,0.7478777088405764,0.8739388544202882,-0.06303057278985591,-0.531515286394928,0.23424235680253602,-0.382878821598732,0.308560589200634,-0.345719705399683,0.3271401473001585,-0.33642992634992075,0.3317850368250396,0.6658925184125198,-0.16705374079374008,-0.58352687039687,0.208236564801565,0.6041182824007825,-0.19794085879960877,0.4010295706001956,0.7005147853000978,0.850257392650049,-0.07487130367497552,0.46256434816251224,-0.2687178259187439,0.36564108704062803,0.6828205435203141,-0.15858972823984296,0.4207051358800785,-0.28964743205996074,0.35517628397001966,-0.32241185801499017,-0.6612059290074951,0.16939703549625246,-0.4153014822518738,0.2923492588740631,-0.3538253705629685,-0.6769126852814842,0.1615436573592579,-0.41922817132037105,0.2903859143398145,0.6451929571699072,-0.1774035214150464,-0.5887017607075232,-0.7943508803537616,-0.8971754401768808,-0.9485877200884404,-0.9742938600442201,0.01285306997788993,-0.49357346501105503,-0.7467867325055275,-0.8733933662527638,-0.9366966831263819,-0.9683483415631909,0.01582582921840453,-0.4920870853907977,-0.7460435426953989,-0.8730217713476994,-0.9365108856738498,0.031744557163075116,0.5158722785815375,-0.24206386070923125,-0.6210319303546157,0.18948403482269216,0.594742017411346,-0.202628991294327,0.3986855043528365,0.6993427521764183,0.8496713760882091,0.9248356880441045,-0.03758215597794773,0.48120892201102616,-0.2593955389944869,0.37030223050275657,-0.3148488847486217,0.34257555762568914,-0.32871222118715543,0.3356438894064223,0.6678219447032112,0.8339109723516056,0.9169554861758028,-0.0415222569120986,-0.5207611284560493,-0.7603805642280246,-0.8801902821140123,-0.9400951410570062,-0.9700475705285031,0.01497621473574845,0.5074881073678742,0.753744053683937,-0.12312797315803148,-0.5615639865790157,-0.7807819932895079,-0.890390996644754,0.05480450167762302,-0.47259774916118846,-0.7362988745805943,0.13185056270970286,-0.43407471864514857,-0.7170373593225743,-0.8585186796612871,0.07074066016935643,-0.4646296699153218,-0.7323148349576609,0.13384258252116954,-0.43307870873941523,0.2834606456302924,-0.3582696771848538,-0.679134838592427,0.16043258070378652,-0.41978370964810674,0.29010814517594663,-0.3549459274120267,0.32252703629398666,0.6612635181469934,0.8306317590734966,-0.08468412046325169,-0.5423420602316258,0.2288289698841871,-0.38558551505790645,-0.6927927575289532,0.1536036212355234,0.5768018106177617,-0.21159909469111915,-0.6057995473455595,-0.8028997736727798,-0.9014498868363898,0.04927505658180509,-0.47536247170909746,0.2623187641454513,0.6311593820727257,-0.18442030896363715,-0.5922101544818186,0.2038949227590907,-0.39805253862045464,-0.6990262693102274,0.1504868653448863,-0.42475656732755684,-0.7123782836637784,-0.8561891418318892,-0.9280945709159446,-0.9640472854579722,-0.9820236427289861,-0.9910118213644931,-0.9955059106822466,-0.9977529553411233,-0.9988764776705616,0.0005617611647191767,0.5002808805823595,-0.24985955970882023,0.3750702201455899,-0.31246488992720506,0.34376755503639744,-0.3281162224818013,0.33594188875909936,0.6679709443795496,0.8339854721897748,-0.0830072639051126,0.4584963680474437,-0.2707518159762782,0.3646240920118609,-0.31768795399406957,-0.6588439769970348,0.1705780115014826,-0.4147109942492587,0.29264450287537064,-0.3536777485623147,0.32316112571884265,-0.33841943714057865,-0.6692097185702893,0.16539514071485534,0.5826975703574276,0.7913487851787138,0.8956743925893569,0.9478371962946784,-0.02608140185266078,-0.5130407009263304,-0.7565203504631652,-0.8782601752315826,0.06086991238420869,0.5304349561921043,0.7652174780960521,-0.11739126095197394,-0.5586956304759869,-0.7793478152379935,-0.8896739076189968,0.05516304619050161,0.5275815230952507,-0.23620923845237463,0.3818953807738127,-0.30905230961309366,-0.6545261548065469,-0.8272630774032734,0.08636846129836329,-0.45681576935081836,0.2715921153245908,-0.3642039423377046,-0.6821019711688523,0.15894901441557385,0.5794745072077869,-0.21026274639610654,0.39486862680194673,-0.3025656865990266,0.3487171567004867,0.6743585783502434,0.8371792891751217,0.9185896445875609,-0.040705177706219564,-0.5203525888531098,-0.7601762944265549,-0.8800881472132774,-0.9400440736066387,-0.9700220368033193,0.014988981598340334,0.5074944907991702,-0.2462527546004149,0.3768736226997925,-0.31156318865010374,-0.6557815943250519,0.17210920283747405,-0.413945398581263,0.2930273007093685,-0.3534863496453158,-0.6767431748226579,-0.8383715874113289,0.08081420629433556,0.5404071031471678,0.7702035515735839,-0.11489822421320806,-0.5574491121066041,-0.778724556053302,-0.889362278026651,-0.9446811390133255,-0.9723405695066627,-0.9861702847533313,0.006914857623334325,-0.49654257118833284,-0.7482712855941664,0.12586435720291678,0.5629321786014584,-0.2185339106992708,0.3907330446503646,-0.3046334776748177,0.3476832611625912,-0.3261583694187044,0.33692081529064777,0.6684604076453239,0.8342302038226619,0.9171151019113309,0.9585575509556654,-0.020721224522167292,0.48963938773891635,-0.2551803061305418,0.3724098469347291,-0.31379507653263544,-0.6568975382663177,0.17155123086684115,0.5857756154334206,-0.2071121922832897,0.39644390385835515,0.6982219519291776,-0.1508890240354112,-0.5754445120177056,0.21227774399114718,0.6061388719955736,0.8030694359977868,-0.0984652820011066,0.4507673589994467,-0.2746163205002766,0.3626918397498617,0.6813459198749309,-0.15932704006253456,0.4203364799687327,-0.28983176001563365,0.35508411999218314,0.6775420599960915,-0.16122897000195424,-0.5806144850009771,0.20969275749951144,0.6048463787497558,-0.1975768106251221,0.40121159468743894,-0.29939420265628053,0.3503028986718597,-0.32484855066407015,-0.6624242753320351,-0.8312121376660175,-0.9156060688330088,-0.9578030344165044,-0.9789015172082522,-0.9894507586041261,0.005274620697936938,0.5026373103489685,0.7513186551744843,0.8756593275872422,-0.06217033620637891,-0.5310851681031894,-0.7655425840515947,0.11722870797420265,0.5586143539871014,-0.22069282300644932,0.38965358849677534,0.6948267942483877,-0.15258660287580617,0.4237066985620969,-0.2881466507189515,0.35592667464052424,-0.32203666267973785,0.3389816686601311,0.6694908343300655,0.8347454171650328,-0.0826272914174836,0.4586863542912582,-0.27065682285437087,0.36467158857281456,0.6823357942864072,-0.1588321028567964,-0.5794160514283981,-0.7897080257141991,-0.8948540128570995,-0.9474270064285497,-0.9737135032142749,-0.9868567516071374,-0.9934283758035687,-0.9967141879017843,0.0016429060491078284,-0.49917854697544606,0.25041072651227697,-0.3747946367438615,-0.6873973183719307,0.15630134081403463,-0.4218493295929827,0.28907533520350864,-0.35546233239824565,-0.6777311661991228,0.16113441690043862,-0.4194327915497807,-0.7097163957748903,0.14514180211255484,-0.4274290989437226,0.2862854505281387,0.6431427252640693,0.8215713626320347,-0.08921431868398266,0.45539284065800867,-0.27230357967099567,-0.6361517898354978,-0.8180758949177489,-0.9090379474588745,-0.9545189737294373,-0.9772594868647186,0.01137025656764068,0.5056851282838204,0.7528425641419102,-0.1235787179290449,0.4382106410354776,0.7191053205177388,0.8595526602588694,-0.07022366987056528,-0.5351118349352826,0.2324440825323587,0.6162220412661794,0.8081110206330897,0.9040555103165449,0.9520277551582724,0.9760138775791363,0.9880069387895681,-0.005996530605215933,0.49700173469739206,-0.25149913265130397,0.374250433674348,0.687125216837174,0.843562608418587,0.9217813042092935,0.9608906521046467,0.9804453260523234,-0.009777336973838313,0.49511133151308084,0.7475556657565404,-0.1262221671217298,-0.5631110835608649,-0.7815555417804325,-0.8907777708902163,-0.9453888854451081,0.027305557277445935,-0.48634722136127706,-0.7431736106806386,-0.8715868053403193,0.06420659732984035,0.5321032986649201,0.7660516493324601,-0.11697417533376997,-0.558487087666885,-0.7792435438334425,0.11037822808327874,0.5551891140416394,0.7775945570208197,-0.11120272148959015,-0.555601360744795,-0.7778006803723976,-0.8889003401861988,-0.9444501700930994,0.027774914953450303,0.5138874574767252,-0.24305627126163742,-0.6215281356308187,-0.8107640678154093,0.09461796609229534,0.5473089830461477,-0.22634550847692614,0.38682724576153693,-0.30658637711923153,0.34670681144038423,-0.3266465942798079,-0.6633232971399039,-0.831661648569952,-0.915830824284976,0.04208458785751201,-0.478957706071244,-0.739478853035622,-0.869739426517811,0.0651302867410945,0.5325651433705473,0.7662825716852737,0.8831412858426368,0.9415706429213184,-0.029214678539340788,-0.5146073392696704,-0.7573036696348352,0.1213481651825824,0.5606740825912913,-0.21966295870435437,0.3901685206478228,-0.3049157396760886,0.3475421301619557,0.6737710650809778,-0.16311446745951108,0.41844276627024446,0.7092213831351222,0.8546106915675611,0.9273053457837805,0.9636526728918903,0.9818263364459452,0.9909131682229726,0.9954565841114863,-0.002271707944256851,0.49886414602787155,-0.2505679269860642,-0.6252839634930321,-0.812641981746516,-0.906320990873258,-0.9531604954366291,0.02341975228168547,-0.48829012385915727,0.25585493807042137,-0.3720725309647893,-0.6860362654823946,-0.8430181327411973,-0.9215090663705987,-0.9607545331852994,0.019622733407350323,0.5098113667036752,-0.2450943166481624,-0.6225471583240811,0.18872642083795943,0.5943632104189798,0.7971816052094899,-0.10140919739525506,0.44929540130237244,-0.2753522993488138,0.3623238503255931,-0.31883807483720344,-0.6594190374186018,0.17029048129069912,-0.41485475935465044,0.2925726203226748,-0.3537136898386626,0.3231431550806687,0.6615715775403344,-0.16921421122983282,-0.5846071056149165,0.20769644719254177,0.6038482235962709,-0.19807588820186456,0.40096205589906775,-0.2995189720504661,-0.649759486025233,0.17512025698738348,-0.41243987150630823,0.2937800642468459,-0.35310996787657706,0.3234450160617115,0.6617225080308557,0.8308612540154279,0.9154306270077139,0.957715313503857,-0.021142343248071516,0.48942882837596424,0.7447144141879821,0.8723572070939911,0.9361786035469956,0.9680893017734977,0.9840446508867489,-0.007977674556625569,0.4960111627216872,-0.2519944186391564,0.3740027906804218,0.6870013953402109,-0.15649930232989456,-0.5782496511649473,-0.7891248255824737,0.10543758720876317,0.5527187936043816,-0.2236406031978092,0.3881796984010954,-0.3059101507994523,0.34704492460027386,-0.3264775376998631,0.33676123115006845,0.6683806155750343,-0.16580969221248287,0.41709515389375856,0.7085475769468793,-0.14572621152656035,-0.5728631057632801,-0.7864315528816401,-0.8932157764408201,-0.9466078882204101,0.026696055889794956,-0.4866519720551025,-0.7433259860275513,-0.8716629930137756,-0.9358314965068878,-0.967915748253444,0.016042125873278024,-0.491978937063361,-0.7459894685316805,-0.8729947342658402,-0.9364973671329201,0.031751316433539956,-0.48412434178323005,-0.7420621708916151,-0.8710310854458075,0.06448445727709623,0.5322422286385481,-0.23387888568072596,0.38306055715963705,0.6915302785798185,0.8457651392899093,-0.07711743035504537,0.4614412848224773,-0.2692793575887613,0.36536032120561934,0.6826801606028097,0.8413400803014048,-0.07932995984929758,0.4603350200753512,0.7301675100376757,0.8650837550188378,0.932541877509419,-0.033729061245290515,-0.5168645306226453,-0.7584322653113227,0.12078386734433866,-0.43960806632783067,-0.7198040331639153,0.14009798341804236,0.5700489917090212,0.7850244958545106,-0.10748775207274469,-0.5537438760363723,-0.7768719380181861,-0.888435969009093,0.055782015495453474,-0.47210899225227326,-0.7360544961261366,0.1319727519369317,-0.43401362403153415,-0.7170068120157671,-0.8585034060078836,0.07074829699605822,-0.4646258515019709,0.26768707424901456,0.6338435371245073,-0.18307823143774637,0.4084608842811268,-0.2957695578594366,-0.6478847789297183,0.17605761053514085,-0.4119711947324296,0.2940144026337852,-0.3529927986831074,0.3235036006584463,0.6617518003292231,0.8308759001646115,-0.08456204991769423,-0.5422810249588471,0.22885948752057644,-0.38557025623971175,-0.6927851281198558,0.1536074359400721,0.576803717970036,0.788401858985018,-0.10579907050749099,-0.5528995352537455,-0.7764497676268727,-0.8882248838134363,0.05588755809328183,-0.4720562209533591,0.26397188952332046,0.6319859447616603,-0.18400702761916987,-0.5920035138095849,-0.7960017569047925,-0.8980008784523963,-0.9490004392261981,0.025499780386900928,-0.48725010980654954,-0.7436250549032748,-0.8718125274516374,-0.9359062637258186,-0.9679531318629093,0.01602343406854534,-0.49198828296572733,-0.7459941414828637,-0.8729970707414318,-0.9364985353707159,0.03175073231464204,0.515875366157321,-0.2420623169213395,0.37896884153933025,-0.3105155792303349,0.34474221038483255,-0.3276288948075837,0.33618555259620814,-0.33190722370189596,0.334046388149052,-0.33297680592547396,0.333511597037263,-0.33324420148136846,0.33337789925931577,-0.33331105037034214,0.33334447481482893,0.6666722374074144,-0.16666388129629278,0.4166680593518536,-0.2916659703240732,0.3541670148379634,-0.3229164925810183,-0.6614582462905092,0.1692708768547454,0.5846354384273726,0.7923177192136863,-0.10384114039315684,0.4480794298034216,0.7240397149017108,-0.1379801425491446,0.4310099287254277,-0.2844950356372862,-0.6422475178186431,-0.8211237589093215,-0.9105618794546608,0.044719060272669586,0.5223595301363348,0.7611797650681674,-0.11941011746591629,-0.5597050587329582,0.22014747063352091,-0.38992626468323954,0.30503686765838023,-0.3474815661708099,-0.673740783085405,0.16312960845729751,-0.41843519577135124,-0.7092175978856756,0.1453912010571622,0.572695600528581,-0.21365219973570948,0.39317390013214526,-0.30341304993392737,-0.6517065249669637,0.17414673751651816,0.5870733687582591,-0.20646331562087045,0.3967683421895648,-0.3016158289052176,0.34919208554739123,-0.3254039572263044,-0.6627019786131522,0.16864901069342392,-0.415675494653288,-0.707837747326644,-0.853918873663322,-0.9269594368316609,-0.9634797184158305,-0.9817398592079152,0.009130070396042411,0.5045650351980212,-0.2477174824009894,0.37614125879950533,-0.31192937060024734,-0.6559646853001236,0.17201765734993818,-0.41399117132503094,0.29300441433748453,-0.3534977928312577,-0.6767488964156289,-0.8383744482078144,0.08081277589609281,0.5404063879480464,0.7702031939740233,-0.11489840301298837,-0.5574492015064942,-0.7787246007532471,0.11063769962337644,-0.4446811501883118,-0.7223405750941558,-0.8611702875470779,0.06941485622646104,-0.4652925718867695,-0.7326462859433848,0.13367685702830762,0.5668384285141538,-0.2165807857429231,0.3917096071285384,-0.3041451964357308,0.3479274017821346,0.6739637008910673,0.8369818504455336,0.9184909252227669,0.9592454626113834,-0.02037726869430828,0.4898113656528459,-0.25509431717357706,0.37245284141321144,-0.3137735792933943,0.3431132103533029,-0.32844339482334856,-0.6642216974116743,0.16788915129416287,0.5839445756470815,-0.20802771217645927,0.39598614391177034,0.6979930719558851,-0.15100346402205744,-0.5755017320110287,0.21224913399448564,-0.3938754330027572,0.3030622834986214,0.6515311417493107,0.8257655708746554,0.9128827854373277,0.9564413927186639,-0.021779303640668046,0.489110348179666,-0.25544482591016704,0.3722775870449165,-0.3138612064775418,-0.656930603238771,-0.8284653016193855,0.08576734919030726,0.5428836745951536,-0.22855816270242318,-0.6142790813512116,-0.8071395406756058,0.09643022966219711,-0.4517848851689015,-0.7258924425844507,-0.8629462212922254,-0.9314731106461127,-0.9657365553230564,-0.9828682776615282,-0.9914341388307641,0.004282930584617928,0.502141465292309,0.7510707326461545,0.8755353663230773,-0.062232316838461366,-0.5311161584192307,0.23444192079038467,0.6172209603951924,0.8086104801975962,-0.09569475990120191,0.45215262004939905,0.7260763100246995,0.8630381550123498,0.9315190775061749,-0.034240461246912546,-0.5171202306234562,-0.7585601153117281,0.12071994234413597,0.5603599711720679,-0.21982001441396604,0.390089992793017,0.6950449963965085,0.8475224981982543,-0.07623875090087284,0.4618806245495636,-0.2690596877252182,0.36547015613739087,0.6827350780686954,-0.1586324609656523,-0.5793162304828261,-0.789658115241413,-0.8948290576207065,-0.9474145288103533,0.02629273559482337,-0.4868536322025883,0.25657318389870587,-0.37171340805064707,0.3141432959746765,-0.34292835201266175,0.3285358239936691,-0.33573208800316545,-0.6678660440015827,0.16606697799920866,-0.41696651100039567,0.29151674449980214,-0.35424162775009893,-0.6771208138750495,0.16143959306247524,-0.4192802034687624,-0.7096401017343812,0.1451799491328094,-0.4274100254335953,0.28629498728320235,0.6431474936416012,0.8215737468208006,0.9107868734104003,0.9553934367052002,-0.02230328164739992,-0.5111516408237,-0.75557582041185,-0.877787910205925,-0.9388939551029625,-0.9694469775514812,0.015276511224259381,0.5076382556121297,0.7538191278060649,0.8769095639030324,0.9384547819515162,0.969227390975758,-0.015386304512120974,-0.5076931522560605,0.24615342387196976,-0.3769232880640151,0.31153835596799245,0.6557691779839963,0.8278845889919981,0.9139422944959991,0.9569711472479996,-0.021514426376000206,0.4892427868119999,-0.255378606594,0.372310696703,0.6861553483514999,-0.15692232582425003,0.421538837087875,0.7107694185439375,-0.14461529072803125,0.4276923546359844,0.7138461773179922,0.856923088658996,-0.07153845567050199,0.464230772164749,0.7321153860823745,0.8660576930411872,0.9330288465205936,-0.033485576739703204,-0.5167427883698517,-0.7583713941849258,0.12081430290753709,0.5604071514537685,0.7802035757268843,-0.10989821213655787,-0.554949106068279,-0.7774745530341395,-0.8887372765170698,-0.9443686382585349,0.02781568087073255,0.5139078404353663,-0.24304607978231685,-0.6215230398911584,0.1892384800544208,0.5946192400272103,0.7973096200136052,-0.10134518999319742,0.4493274050034013,-0.27533629749829935,0.3623318512508503,-0.31883407437457484,-0.6594170371872874,-0.8297085185936437,-0.9148542592968218,0.042572870351589076,-0.47871356482420546,-0.7393567824121028,-0.8696783912060514,0.0651608043969743,-0.4674195978015129,0.26629020109924356,0.6331451005496218,-0.1834274497251891,-0.5917137248625945,-0.7958568624312973,-0.8979284312156486,0.05103578439217571,0.5255178921960879,-0.23724105390195604,-0.618620526950978,-0.809310263475489,-0.9046551317377445,0.04767243413112776,0.5238362170655639,0.761918108532782,-0.11904094573360902,0.4404795271331955,0.7202397635665978,-0.1398801182167011,-0.5699400591083505,0.21502997044582473,0.6075149852229124,0.8037574926114561,0.9018787463057281,0.950939373152864,-0.024530313423567984,0.48773484328821604,-0.256132578355892,-0.628066289177946,0.18596685541102698,-0.4070165722944865,0.29649171385275674,-0.35175414307362163,-0.6758770715368108,-0.8379385357684054,-0.9189692678842027,-0.9594846339421014,-0.9797423169710506,-0.9898711584855253,0.005064420757237342,0.5025322103786187,0.7512661051893094,0.8756330525946547,-0.06218347370267263,-0.5310917368513364,-0.7655458684256682,-0.8827729342128341,-0.941386467106417,0.029306766446791477,0.5146533832233957,0.7573266916116979,-0.12133665419415107,0.43933167290292446,0.7196658364514622,0.8598329182257312,-0.07008354088713442,-0.5350417704435673,-0.7675208852217836,-0.8837604426108918,0.05811977869455409,0.5290598893472771,-0.23547005532636145,0.3822649723368193,-0.3088675138315904,-0.6544337569157952,-0.8272168784578976,-0.9136084392289487,-0.9568042196144744,0.021597890192762814,-0.4892010549036186,0.25539947254819073,-0.37230026372590463,-0.6861501318629524,0.1569249340685238,0.578462467034262,0.789231233517131,-0.10538438324143451,0.44730780837928275,0.7236539041896414,0.8618269520948207,-0.06908652395258963,-0.5345432619762949,0.23272836901185256,-0.3836358154940737,-0.6918179077470369,0.15409104612648156,0.5770455230632408,-0.21147723846837962,-0.6057386192341898,-0.8028693096170949,-0.9014346548085475,0.04928267259572627,0.5246413362978631,0.7623206681489316,-0.11883966592553419,0.4405801670372329,0.7202900835186165,0.8601450417593082,0.9300725208796541,0.965036260439827,0.9825181302199135,0.9912590651099568,0.9956295325549784,-0.002185233722510782,-0.5010926168612554,0.2494536915693723,-0.3752731542153138,0.3123634228923431,-0.34381828855382846,0.3280908557230858,-0.33595457213845714,0.33202271393077143,-0.3339886430346143,0.33300567848269286,0.6665028392413465,-0.16674858037932677,-0.5833742901896634,-0.7916871450948317,0.10415642745258413,0.5520782137262921,0.776039106863146,0.888019553431573,0.9440097767157865,-0.027995111642106774,0.4860024441789466,-0.2569987779105267,0.37150061104473664,0.6857503055223684,-0.1571248472388158,0.4214375763805921,-0.28928121180970395,0.35535939409514805,-0.322320302952426,-0.661160151476213,0.1694199242618935,-0.4152900378690533,0.29235498106547336,-0.35382250946726335,0.3230887452663683,0.6615443726331842,-0.1692278136834079,0.41538609315829605,-0.292306953420852,-0.646153476710426,-0.823076738355213,-0.9115383691776064,-0.9557691845888032,-0.9778845922944016,-0.9889422961472008,0.005528851926399625,-0.4972355740368002,-0.7486177870184001,-0.8743088935092,-0.9371544467546,-0.9685772233773,0.015711388311349994,-0.492144305844325,-0.7460721529221626,-0.8730360764610813,-0.9365180382305407,0.03174098088472965,0.5158704904423648,0.7579352452211824,-0.12103237738940881,0.43948381130529557,0.7197419056526477,-0.14012904717367614,0.42993547641316193,0.714967738206581,-0.1425161308967095,-0.5712580654483548,0.2143709672758226,-0.3928145163620887,0.3035927418189557,-0.34820362909052216,0.3258981854547389,-0.33705090727263054,0.33147454636368473,0.6657372731818424,0.8328686365909213,0.9164343182954606,-0.04178284085226969,-0.5208914204261348,-0.7604457102130674,-0.8802228551065336,-0.9401114275532668,-0.9700557137766335,0.014972143111683267,0.5074860715558416,0.7537430357779208,-0.1231284821110396,-0.5615642410555198,-0.7807821205277599,-0.8903910602638799,0.054804469868060035,0.52740223493403,-0.23629888253298498,0.3818505587335075,-0.30907472063324626,-0.6545373603166231,-0.8272686801583116,0.08636565992084422,-0.4568171700395779,0.27159141498021105,0.6357957074901055,-0.18210214625494725,0.4089489268725264,-0.2955255365637368,-0.6477627682818684,0.1761186158590658,-0.41194069207046713,0.29402965396476644,0.6470148269823832,0.8235074134911916,-0.0882462932544042,0.45587685337279793,-0.27206157331360104,-0.6360307866568005,0.18198460667159977,-0.4090076966642001,-0.7045038483321,-0.85225192416605,0.073874037916975,0.5369370189584874,-0.23153149052075628,-0.6157657452603782,-0.8078828726301891,-0.9039414363150946,0.0480292818424527,-0.47598535907877365,0.26200732046061315,0.6310036602303066,-0.18449816988484669,-0.5922490849424233,-0.7961245424712117,-0.8980622712356059,-0.949031135617803,0.025484432191098527,-0.48725778390445074,-0.7436288919522254,-0.8718144459761127,-0.9359072229880563,-0.9679536114940281,0.01602319425298593,-0.49198840287350704,-0.7459942014367535,-0.8729971007183768,-0.9364985503591884,0.03175072482040581,0.5158753624102029,-0.24206231879489853,0.37896884060255076,0.6894844203012753,0.8447422101506377,-0.07762889492468117,0.4611855525376594,-0.2694072237311703,-0.6347036118655851,-0.8173518059327926,0.09132409703360372,-0.4543379514831981,0.27283102425840094,-0.36358448787079956,-0.6817922439353998,0.15910387803230008,-0.42044806098384996,0.28977596950807505,-0.3551120152459625,0.32244399237701876,-0.3387780038114906,-0.6693890019057454,0.16530549904712732,0.5826527495235636,0.7913263747617818,-0.1043368126191091,0.44783159369044545,0.7239157968452228,-0.1380421015773886,-0.5690210507886944,-0.7845105253943472,0.10774473730282641,0.5538723686514132,0.7769361843257065,-0.11153190783714673,-0.5557659539185733,-0.7778829769592867,-0.8889414884796434,0.05552925576017831,-0.47223537211991085,-0.7361176860599554,0.1319411569700223,-0.43402942151498886,-0.7170147107574945,-0.8585073553787472,0.07074632231062639,-0.4646268388446868,0.2676865805776566,-0.3661567097111717,-0.6830783548555859,0.15846082257220706,0.5792304112861035,-0.21038479435694823,0.3948076028215259,-0.30259619858923703,0.3487019007053815,0.6743509503526908,0.8371754751763454,0.9185877375881727,-0.040706131205913654,-0.5203530656029568,-0.7601765328014785,-0.8800882664007392,-0.9400441332003696,-0.9700220666001849,-0.9850110333000924,0.007494483349953784,0.5037472416749769,0.7518736208374884,-0.12406318958125578,0.4379684052093721,-0.28101579739531396,-0.640507898697657,0.1797460506511715,-0.4101269746744143,0.29493651266279286,-0.35253174366860357,-0.6762658718343018,-0.8381329359171509,0.08093353204142456,0.5404667660207123,0.7702333830103562,-0.11488330849482192,-0.557441654247411,-0.7787208271237055,-0.8893604135618527,-0.9446802067809263,-0.9723401033904632,-0.9861700516952316,0.006914974152384179,-0.4965425129238079,-0.748271256461904,0.12586437176904802,0.562932185884524,-0.218533907057738,0.390733046471131,-0.30463347676443453,0.34768326161778274,-0.32615836919110863,0.3369208154044457,0.6684604077022228,0.8342302038511114,-0.08288489807444432,0.45855755096277784,-0.2707212245186111,0.3646393877406945,-0.31768030612965276,0.34115984693517365,0.6705799234675869,-0.16471003826620656,0.4176449808668967,0.7088224904334484,-0.14558875478327582,0.4272056226083621,0.713602811304181,-0.1431985943479095,-0.5715992971739547,0.21420035141302263,-0.3928998242934887,0.30355008785325566,-0.34822495607337217,0.32588752196331394,0.662943760981657,-0.16852811950917151,0.41573594024541427,0.7078679701227071,0.8539339850613535,0.9269669925306767,-0.03651650373466164,0.4817417481326692,-0.25912912593366544,0.3704354370331673,-0.31478228148341636,-0.6573911407417081,-0.8286955703708541,0.08565221481457297,0.5428261074072864,-0.22858694629635679,0.3857065268518216,-0.3071467365740892,0.3464266317129554,-0.3267866841435223,-0.6633933420717611,-0.8316966710358806,-0.9158483355179403,-0.9579241677589702,-0.978962083879485,-0.9894810419397425,0.005259479030128744,-0.4973702604849356,0.2513148697575322,0.6256574348787661,-0.18717128256061694,-0.5935856412803084,0.20320717935984578,-0.3983964103200771,0.30080179483996144,-0.34959910258001925,0.3252004487099904,0.6626002243549952,-0.1686998878225024,-0.5843499439112512,-0.7921749719556256,0.10391251402218721,0.5519562570110936,-0.22402187149445318,0.3879890642527734,0.6939945321263867,-0.15300273393680663,0.4234986330315967,-0.2882506834842017,0.35587465825789916,-0.32206267087105045,0.3389686645644748,-0.33051566771776264,-0.6652578338588813,0.16737108307055937,-0.4163144584647203,0.29184277076763987,-0.35407861461618007,-0.67703930730809,0.16148034634595498,-0.4192598268270225,-0.7096299134135112,0.1451850432932444,-0.4274074783533778,0.2862962608233111,0.6431481304116555,0.8215740652058278,-0.08921296739708612,0.45539351630145697,-0.2723032418492715,-0.6361516209246357,-0.8180758104623178,-0.9090379052311589,-0.9545189526155795,-0.9772594763077898,0.011370261846105123,0.5056851309230526,0.7528425654615263,-0.12357871726923686,0.43821064136538157,0.7191053206826907,0.8595526603413454,-0.07022366982932732,-0.5351118349146636,0.23244408254266818,0.6162220412713341,0.808111020635667,0.9040555103178335,0.9520277551589167,0.9760138775794583,0.9880069387897292,-0.005996530605135386,0.4970017346974323,-0.2514991326512839,-0.6257495663256419,0.18712521683717903,0.5935626084185895,0.7967813042092948,0.8983906521046474,0.9491953260523237,0.9745976630261619,0.987298831513081,0.9936494157565405,-0.0031752921217297336,-0.5015876460608648,-0.7507938230304324,-0.8753969115152163,-0.9376984557576081,0.031150772121195935,0.5155753860605979,-0.24221230696970103,-0.6211061534848505,0.18944692325757473,-0.40527653837121264,0.29736173081439365,-0.3513191345928032,-0.6756595672964016,-0.8378297836482008,-0.9189148918241004,0.04054255408794982,-0.4797287229560251,-0.7398643614780125,-0.8699321807390062,-0.9349660903695032,-0.9674830451847516,-0.9837415225923758,0.008129238703812103,0.504064619351906,-0.24796769032404697,-0.6239838451620234,0.18800807741898828,0.5940040387094941,0.7970020193547471,-0.10149899032262644,0.4492505048386868,-0.2753747475806566,0.3623126262096717,-0.3188436868951642,-0.659421843447582,-0.829710921723791,0.08514453913810449,-0.45742773043094775,-0.7287138652154739,-0.8643569326077369,0.06782153369613153,0.5339107668480658,0.7669553834240329,0.8834776917120164,-0.0582611541439918,-0.5291305770719958,-0.7645652885359979,-0.882282644267999,0.05885867786600052,0.5294293389330003,0.7647146694665001,0.8823573347332501,0.941178667366625,0.9705893336833125,0.9852946668416562,0.9926473334208281,-0.0036763332895859424,0.49816183335520703,-0.2509190833223965,-0.6254595416611982,0.1872702291694009,-0.4063648854152996,-0.7031824427076498,-0.8515912213538249,-0.9257956106769125,-0.9628978053384563,-0.9814489026692281,-0.9907244513346141,0.004637774332692968,0.5023188871663464,0.7511594435831732,-0.12442027820841339,-0.5622101391042067,0.21889493044789665,-0.3905525347760517,-0.6952762673880258,-0.8476381336940129,-0.9238190668470064,0.038090466576496784,-0.48095476671175164,0.2595226166441242,-0.3702386916779379,-0.6851193458389689,-0.8425596729194844,0.07872016354025779,-0.4606399182298711,-0.7303199591149355,0.13484002044253224,-0.4325799897787339,-0.716289994889367,-0.8581449974446835,-0.9290724987223418,-0.9645362493611709,0.01773187531941456,0.5088659376597073,-0.24556703117014633,-0.6227835155850732,0.18860824220746342,0.5943041211037317,0.7971520605518658,-0.10142396972406709,-0.5507119848620335,0.22464400756898323,-0.38767799621550836,0.3061610018922458,-0.3469194990538771,-0.6734597495269385,-0.8367298747634693,-0.9183649373817346,0.04081753130913268,-0.47959123434543366,-0.7397956171727168,-0.8698978085863585,0.06505109570682077,-0.4674744521465896,-0.7337372260732948,0.13313138696335258,-0.4334343065183237,-0.7167171532591619,0.14164142337041907,-0.42917928831479046,0.28541035584260477,0.6427051779213024,-0.17864741103934878,0.4106762944803256,0.7053381472401627,0.8526690736200814,0.9263345368100406,0.9631672684050203,0.9815836342025102,0.9907918171012551,0.9953959085506275,0.9976979542753137,0.9988489771376569,0.9994244885688284,0.9997122442844142,-0.00014387785779290674,0.49992806107110355,0.7499640305355517,0.8749820152677759,0.9374910076338879,0.9687455038169439,0.984372751908472,0.992186375954236,-0.003906812022882011,-0.501953406011441,0.2490232969942795,0.6245116484971398,0.8122558242485699,0.9061279121242849,-0.04693604393785755,-0.5234680219689287,0.23826598901553564,-0.3808670054922322,-0.6904335027461161,0.15478324862694193,-0.42260837568652904,-0.7113041878432645,0.14434790607836773,0.5721739530391838,0.7860869765195919,0.893043488259796,0.946521744129898,-0.02673912793505101,-0.5133695639675255,-0.7566847819837628,-0.8783423909918814,-0.9391711954959407,0.030414402252029626,-0.4847927988739852,-0.7423963994369926,-0.8711981997184963,-0.9355990998592482,-0.9677995499296241,-0.9838997749648121,0.008050112517593966,0.504025056258797,0.7520125281293986,0.8760062640646993,0.9380031320323496,-0.03099843398382518,-0.5154992169919126,-0.7577496084959563,-0.8788748042479781,-0.9394374021239891,0.030281298938005463,0.5151406494690027,0.7575703247345014,0.8787851623672507,0.9393925811836253,-0.03030370940818733,0.48484814529590636,-0.2575759273520468,0.3712120363239766,0.6856060181619883,-0.15719699091900585,-0.5785984954595029,-0.7892992477297515,0.10535037613512427,0.5526751880675621,-0.22366240596621895,0.38816879701689055,0.6940843985084453,-0.15295780074577736,0.4235210996271113,-0.28823945018644437,-0.6441197250932222,-0.8220598625466111,-0.9110299312733056,-0.9555149656366528,-0.9777574828183264,0.011121258590836791,0.5055606292954185,0.7527803146477092,-0.12360984267614539,0.4381950786619273,0.7190975393309637,0.8595487696654818,0.9297743848327409,-0.03511280758362956,0.4824435962081852,-0.2587782018959074,0.3706108990520463,-0.3146945504739769,0.34265272476301156,0.6713263623815058,0.8356631811907529,-0.08216840940462355,0.4589157952976882,0.7294578976488442,0.8647289488244221,-0.06763552558778896,0.4661822372061055,-0.26690888139694724,-0.6334544406984737,-0.8167272203492368,-0.9083636101746184,-0.9541818050873092,0.022909097456345395,0.5114545487281728,0.7557272743640864,0.8778636371820432,-0.061068181408978406,-0.5305340907044892,0.2347329546477554,0.6173664773238777,0.8086832386619389,-0.09565838066903054,-0.5478291903345153,0.22608540483274236,-0.38695729758362885,0.3065213512081856,0.6532606756040928,0.8266303378020464,-0.08668483109897679,0.45665758445051163,-0.2716712077747442,0.3641643961126279,-0.317917801943686,0.341041099028157,0.6705205495140785,0.8352602747570392,-0.08236986262148038,0.4588150686892598,-0.2705924656553701,-0.635296232827685,-0.8176481164138425,0.09117594179307875,0.5455879708965394,-0.22720601455173028,-0.6136030072758651,0.19319849636206743,0.5965992481810337,0.7982996240905169,0.8991498120452585,-0.05042509397737077,0.47478745301131464,0.7373937265056574,0.8686968632528287,0.9343484316264143,-0.03282578418679283,-0.5164128920933964,-0.7582064460466982,0.12089677697665091,0.5604483884883255,0.7802241942441628,-0.10988790287791861,0.4450560485610407,0.7225280242805203,0.8612640121402602,0.9306320060701301,-0.03468399696493496,0.4826580015175325,0.7413290007587663,0.8706645003793831,0.9353322501896916,0.9676661250948457,0.9838330625474229,-0.008083468726288567,0.49595826563685574,0.7479791328184279,-0.12601043359078606,-0.5630052167953931,0.21849739160230347,-0.3907513041988483,0.30462434790057585,0.652312173950288,-0.17384391302485602,0.413078043487572,0.706539021743786,0.8532695108718931,0.9266347554359465,0.9633173777179733,0.9816586888589867,-0.00917065557050667,0.49541467221474667,0.7477073361073734,0.8738536680536867,0.9369268340268433,-0.031536582986578354,0.4842317085067108,0.7421158542533555,-0.12894207287332227,-0.5644710364366612,0.2177644817816694,-0.3911177591091653,0.3044411204454174,0.6522205602227087,0.8261102801113543,0.9130551400556772,-0.043472429972161386,-0.5217362149860807,0.23913189250695965,-0.3804340537465202,0.3097829731267399,-0.34510851343663007,0.32744574328168496,-0.3362771283591575,0.33186143582042127,0.6659307179102106,0.8329653589551054,0.9164826794775527,0.9582413397387763,0.9791206698693882,0.9895603349346941,-0.005219832532652957,-0.5026099162663265,-0.7513049581331632,-0.8756524790665816,0.062173760466709194,0.5310868802333546,-0.2344565598833227,0.38277172005833865,-0.30861413997083065,0.3456929300145847,0.6728464650072923,-0.16357676749635386,0.41821161625182307,0.7091058081259115,-0.14544709593704425,0.4272764520314779,0.713638226015739,0.8568191130078695,0.9284095565039348,0.9642047782519674,0.9821023891259837,0.9910511945629918,0.9955255972814959,0.997762798640748,0.998881399320374,0.999440699660187,0.9997203498300935,-0.00013982508495324897,-0.5000699125424766,0.24996504372876172,0.6249825218643809,-0.18750873906780957,-0.5937543695339048,-0.7968771847669525,0.10156140761652377,0.5507807038082619,0.775390351904131,0.8876951759520655,0.9438475879760327,-0.02807620601198363,0.48596189699400816,0.742980948497004,0.871490474248502,0.935745237124251,0.9678726185621255,0.9839363092810627,-0.008031845359468659,-0.5040159226797343,0.24799203866013286,0.6239960193300664,0.8119980096650332,-0.09400099516748339,-0.5470004975837417,0.22649975120812915,0.6132498756040645,0.8066249378020323,-0.09668753109898387,-0.5483437655494919,-0.7741718827747459,-0.887085941387373,0.05645702930631352,0.5282285146531568,0.7641142573265784,0.8820571286632892,0.9410285643316446,0.9705142821658224,-0.014742858917088819,-0.5073714294585444,0.2463142852707278,-0.3768428573646361,-0.688421428682318,0.15578928565884098,-0.4221053571705795,0.28894732141471025,0.6444736607073551,0.8222368303536776,0.9111184151768388,-0.04444079241158061,-0.5222203962057903,0.23888980189710485,-0.3805550990514476,-0.6902775495257238,0.15486122523713808,0.5774306126185691,-0.21128469369071545,0.3943576531546423,0.6971788265773211,0.8485894132886606,-0.07570529335566972,0.46214735332216517,-0.2689263233389174,0.3655368383305413,0.6827684191652706,0.8413842095826354,0.9206921047913177,0.9603460523956588,0.9801730261978294,-0.009913486901085289,0.49504325654945736,-0.2524783717252713,-0.6262391858626357,0.18688040706868214,0.5934402035343411,-0.20327989823282944,0.3983600508835853,-0.30081997455820736,0.3495900127208963,0.6747950063604482,-0.1626024968197759,-0.581301248409888,-0.790650624204944,-0.895325312102472,0.05233734394876399,-0.473831328025618,0.263084335987191,-0.3684578320064045,0.31577108399679776,0.6578855419983989,0.8289427709991994,-0.08552861450040028,-0.5427643072502002,0.2286178463748999,-0.38569107681255005,0.30715446159372495,-0.3464227692031375,-0.6732113846015688,-0.8366056923007844,-0.9183028461503921,0.040848576924803925,-0.47957571153759804,0.260212144231201,-0.3698939278843995,-0.6849469639421998,-0.8424734819711,0.07876325901445003,-0.460618370492775,0.2696908147536125,0.6348454073768063,0.8174227036884032,-0.0912886481557984,0.4543556759221008,0.7271778379610504,0.8635889189805253,-0.06820554050973737,0.4658972297451313,0.7329486148725657,-0.13352569256371716,0.4332371537181414,-0.2833814231409293,-0.6416907115704646,-0.8208453557852323,0.08957732210738384,-0.45521133894630805,-0.7276056694731541,-0.863802834736577,-0.9319014173682885,-0.9659507086841442,-0.9829753543420721,0.00851232282896397,-0.495743838585518,0.252128080707241,-0.3739359596463795,-0.6869679798231898,0.1565160100884051,-0.42174199495579745,0.2891290025221013,-0.35543549873894936,-0.6777177493694747,-0.8388588746847374,0.0805705626576313,-0.45971471867118435,0.27014264066440785,-0.3649286796677961,-0.6824643398338981,-0.841232169916949,-0.9206160849584746,-0.9603080424792373,0.019845978760381355,-0.49007701061980935,-0.7450385053099047,-0.8725192526549523,-0.9362596263274762,-0.9681298131637381,-0.9840649065818691,0.007967546709065465,-0.4960162266454673,-0.7480081133227336,0.12599594333863318,0.5629979716693165,-0.21850101416534173,-0.6092505070826708,-0.8046252535413354,0.0976873732293323,0.5488436866146662,0.7744218433073331,0.8872109216536666,0.9436054608268333,-0.028197269586583362,0.48590136520670835,-0.2570493173966458,0.3714753413016771,-0.31426232934916143,-0.6571311646745808,-0.8285655823372904,0.08571720883135481,-0.4571413955843226,0.2714293022078387,0.6357146511039193,-0.18214267444804033,-0.5910713372240202,-0.7955356686120101,0.10223216569399496,-0.4488839171530025,-0.7244419585765013,0.13777902071174936,-0.43111048964412535,-0.7155552448220627,0.14222237758896866,-0.4288888112055157,0.28555559439724215,0.642777797198621,0.8213888985993105,-0.08930555070034474,-0.5446527753501724,-0.7723263876750862,0.1138368061624569,0.5569184030812284,-0.2215407984593858,0.3892296007703071,0.6946148003851536,-0.15269259980742322,0.4236537000962884,0.7118268500481442,0.8559134250240721,0.927956712512036,0.963978356256018,-0.01801082187199099,0.4909945890640045,0.7454972945320022,0.8727486472660011,-0.06362567636699945,-0.5318128381834997,0.23409358090825017,0.617046790454125,-0.1914766047729375,0.40426169761353126,0.7021308488067657,-0.14893457559661716,0.4255327122016914,0.7127663561008457,-0.14361682194957714,0.4281915890252114,-0.28590420548739426,-0.6429521027436971,-0.8214760513718485,0.08926197431407573,-0.45536901284296216,0.2723154935785189,-0.36384225321074054,-0.6819211266053703,0.15903943669731485,-0.42048028165134255,-0.7102401408256713,0.14487992958716434,-0.42756003520641783,-0.713780017603209,-0.8568900088016045,0.07155499559919776,-0.4642225022004011,0.2678887488997994,-0.3660556255501003,-0.6830278127750502,-0.8415139063875251,-0.9207569531937625,0.03962152340311875,-0.4801892382984406,0.2599053808507797,-0.3700473095746102,0.3149763452126949,-0.34251182739365255,0.32874408630317375,-0.3356279568484131,-0.6678139784242065,-0.8339069892121033,-0.9169534946060516,-0.9584767473030258,-0.9792383736515129,-0.9896191868257564,-0.9948095934128782,-0.9974047967064391,-0.9987023983532195,-0.9993511991766098,0.0003244004116951249,-0.49983779979415244,-0.7499188998970763,0.12504055005146186,-0.43747972497426907,-0.7187398624871345,-0.8593699312435672,0.0703150343782164,-0.4648424828108918,-0.7324212414054458,0.13378937929727708,0.5668946896486385,0.7834473448243193,-0.10827632758784034,-0.5541381637939202,-0.7770690818969601,0.11146545905151994,-0.44426727047424003,0.27786636476287996,0.6389331823814399,0.81946659119072,0.90973329559536,0.9548666477976799,-0.022566676101160033,-0.51128333805058,-0.7556416690252901,-0.877820834512645,-0.9389104172563225,-0.9694552086281613,-0.9847276043140807,-0.9923638021570403,-0.9961819010785202,-0.9980909505392601,-0.9990454752696301,0.00047726236518497167,-0.4997613688174075,0.25011931559129624,0.6250596577956481,-0.18747017110217595,-0.593735085551088,-0.7968675427755441,-0.898433771387772,-0.9492168856938861,0.025391557153056965,-0.4873042214234715,-0.7436521107117358,-0.8718260553558679,0.06408697232206606,0.532043486161033,0.7660217430805165,0.8830108715402583,-0.05849456422987087,-0.5292472821149354,-0.7646236410574677,0.11768817947126614,-0.44115591026436696,-0.7205779551321835,0.13971102243390826,-0.4301444887830459,0.28492775560847705,-0.3575361221957615,-0.6787680610978808,-0.8393840305489404,0.0803079847255298,0.540153992362765,0.7700769961813825,0.8850384980906912,0.9425192490453456,0.9712596245226728,0.9856298122613364,-0.0071850938693318045,0.49640745306533407,-0.25179627346733297,0.37410186326633355,0.6870509316331668,-0.1564745341834166,0.4217627329082917,-0.28911863354585415,-0.6445593167729271,-0.8222796583864636,-0.9111398291932318,-0.9555699145966159,0.022215042701692056,0.511107521350846,0.755553760675423,0.8777768803377115,0.9388884401688558,-0.030555779915572123,0.48472211004221394,0.7423610550211069,0.8711805275105535,0.9355902637552768,0.9677951318776383,0.9838975659388192,-0.008051217030590418,-0.5040256085152952,-0.7520128042576476,-0.8760064021288239,-0.9380032010644119,0.030998399467794036,-0.484500800266103,0.2577495998669485,-0.3711252000665257,-0.6855626000332629,-0.8427813000166314,0.07860934999168429,0.5393046749958421,-0.23034766250207894,0.38482616874896053,0.6924130843744802,-0.15379345781275988,-0.57689672890638,-0.78844836445319,-0.894224182226595,-0.9471120911132975,0.026443954443351236,-0.4867780227783244,0.2566109886108378,-0.37169450569458107,-0.6858472528472905,0.15707637357635473,-0.42146181321182263,-0.7107309066059113,-0.8553654533029557,-0.9276827266514778,0.03615863667426111,-0.48192068166286944,-0.7409603408314347,-0.8704801704157173,-0.9352400852078586,-0.9676200426039293,0.016189978698035346,0.5080949893490176,-0.24595250532549118,-0.6229762526627456,-0.8114881263313728,-0.9057440631656863,-0.9528720315828432,0.023563984208578415,0.5117819921042892,-0.2441090039478554,0.3779454980260723,-0.3110272509869638,-0.6555136254934819,-0.827756812746741,-0.9138784063733705,0.04306079681331476,0.5215303984066574,0.7607651992033286,0.8803825996016643,-0.05980870019916784,0.4700956499004161,0.735047824950208,0.867523912475104,-0.06623804376244802,-0.5331190218812241,-0.766559510940612,-0.883279755470306,-0.941639877735153,0.029180061132423496,0.5145900305662118,-0.2427049847168941,0.37864750764155297,0.6893237538207765,-0.15533812308961176,-0.5776690615448059,0.21116546922759705,-0.3944172653862015,0.30279136730689926,-0.34860431634655037,-0.6743021581732752,0.1628489209133624,0.5814244604566812,-0.20928776977165942,-0.6046438848858298,-0.8023219424429149,-0.9011609712214574,-0.9505804856107287,-0.9752902428053644,-0.9876451214026822,-0.9938225607013411,-0.9969112803506706,-0.9984556401753353,0.0007721799123323603,-0.4996139100438338,0.2501930449780831,0.6250965224890416,0.8125482612445207,0.9062741306222604,0.9531370653111302,-0.02343146734443491,-0.5117157336722175,-0.7558578668361087,-0.8779289334180543,-0.9389644667090271,0.030517766645486444,0.5152588833227432,0.7576294416613716,-0.12118527916931421,-0.5605926395846571,0.21970368020767145,-0.39014815989616425,0.3049259200519179,0.6524629600259589,0.8262314800129795,-0.08688425999351024,0.4565578700032449,0.7282789350016224,0.8641394675008112,-0.06793026624959442,-0.5339651331247972,-0.7669825665623986,0.1165087167188007,0.5582543583594004,0.7791271791797002,0.8895635895898502,0.9447817947949251,-0.02760910260253746,0.48619544869873127,-0.2569022756506344,-0.6284511378253173,-0.8142255689126586,0.09288721554367069,-0.4535563922281647,-0.7267781961140823,0.13661090194295883,0.5683054509714794,0.7841527254857397,0.8920763627428698,-0.053961818628565084,-0.5269809093142825,0.23650954534285873,0.6182547726714294,-0.19087261366428532,-0.5954363068321427,0.20228184658392867,0.6011409232919643,0.8005704616459821,-0.09971476917700894,-0.5498573845885044,-0.7749286922942522,-0.8874643461471261,0.05626782692643695,0.5281339134632185,-0.23593304326839076,0.3820334783658046,0.6910167391829023,0.8455083695914511,0.9227541847957256,0.9613770923978628,-0.01931145380106858,-0.5096557269005343,0.24517213654973286,-0.3774139317251336,0.3112930341374332,0.6556465170687166,0.8278232585343583,-0.08608837073282083,-0.5430441853664104,-0.7715220926832052,-0.8857610463416026,-0.9428805231708013,-0.9714402615854006,0.014279869207299678,0.5071399346036498,0.7535699673018249,0.8767849836509125,0.9383924918254563,0.9691962459127281,0.9845981229563641,-0.007700938521817968,0.496149530739091,-0.25192523463045446,-0.6259626173152273,0.18701869134238636,-0.4064906543288068,-0.7032453271644035,0.14837733641779827,0.5741886682088991,0.7870943341044496,0.8935471670522248,-0.053226416473887594,-0.5266132082369438,-0.763306604118472,0.11834669794076402,0.5591733489703821,0.779586674485191,0.8897933372425955,0.9448966686212977,0.9724483343106489,0.9862241671553245,-0.00688791642233777,-0.5034439582111689,-0.7517219791055845,0.12413901044720776,-0.4379304947763961,0.28103475261180194,-0.359482623694099,-0.6797413118470494,0.16012934407647528,-0.41993532796176236,0.2900323360191188,-0.3549838319904406,0.3225080840047797,0.6612540420023898,-0.1693729789988051,0.41531351050059745,0.7076567552502987,0.8538283776251494,-0.0730858111874253,-0.5365429055937126,-0.7682714527968564,0.11586427360157181,0.5579321368007859,-0.22103393159960705,-0.6105169657998035,-0.8052584828999018,-0.9026292414499508,0.04868537927502459,-0.4756573103624877,-0.7378286551812439,0.13108567240937807,0.565542836204689,-0.21722858189765548,-0.6086142909488277,-0.8043071454744138,-0.902153572737207,0.04892321363139651,0.5244616068156982,-0.2377691965921509,0.38111540170392455,0.6905577008519623,-0.15472114957401883,0.4226394252129906,-0.2886802873935047,-0.6443401436967524,-0.8221700718483762,-0.9110850359241881,-0.955542517962094,0.022228741018953002,0.5111143705094765,-0.24444281474526175,-0.6222214073726309,0.18888929631368456,0.5944446481568423,0.7972223240784211,-0.10138883796078946,-0.5506944189803947,-0.7753472094901974,0.11232639525490129,-0.44383680237254935,-0.7219184011862747,0.13904079940686265,0.5695203997034313,-0.21523980014828437,0.3923800999258578,0.6961900499629289,-0.15190497501853556,-0.5759524875092678,-0.7879762437546338,0.10601187812268309,0.5530059390613415,0.7765029695306708,-0.11174851523466461,-0.5558742576173323,-0.7779371288086662,-0.888968564404333,-0.9444842822021665,-0.9722421411010833,-0.9861210705505417,-0.9930605352752708,-0.9965302676376354,-0.9982651338188178,-0.9991325669094089,0.00043371654529555936,-0.4997831417273522,0.2501084291363239,0.6250542145681619,-0.18747289271591905,-0.5937364463579595,0.20313177682102024,0.6015658884105102,0.8007829442052551,0.9003914721026276,0.9501957360513138,0.9750978680256569,0.9875489340128285,0.9937744670064143,0.9968872335032071,0.9984436167516035,0.9992218083758018,0.9996109041879009,0.9998054520939504,-9.727395302477904e-05,-0.5000486369765124,-0.7500243184882562,-0.8750121592441281,-0.937506079622064,0.031246960188967998,-0.484376519905516,-0.7421882599527581,-0.871094129976379,0.06445293501181049,0.5322264675059052,0.7661132337529526,0.8830566168764763,-0.05847169156176185,-0.5292358457808809,0.23538207710955955,0.6176910385547798,-0.1911544807226101,-0.5955772403613051,-0.7977886201806526,0.10110568990967372,0.5505528449548369,0.7752764224774185,0.8876382112387092,0.9438191056193546,0.9719095528096773,0.9859547764048386,0.9929773882024193,-0.00351130589879034,0.49824434705060483,0.7491221735253024,0.8745610867626512,0.9372805433813256,0.9686402716906628,0.9843201358453314,0.9921600679226656,-0.0039199660386671775,-0.5019599830193335,-0.7509799915096668,-0.8754899957548334,-0.9377449978774167,0.03112750106129164,-0.48443624946935415,-0.7422181247346771,0.12889093763266146,0.5644454688163307,0.7822227344081654,-0.10888863279591732,-0.5544443163979587,0.22277784180102067,-0.38861107909948966,-0.6943055395497448,-0.8471527697748724,0.07642361511256379,-0.4617881924437181,0.2691059037781409,0.6345529518890705,0.8172764759445352,-0.09136176202773238,-0.5456808810138662,-0.7728404405069331,0.11357977974653344,-0.4432101101267333,0.27839494493663336,0.6391974724683167,-0.18040126376584165,-0.5902006318829208,0.2048996840585396,0.6024498420292698,0.8012249210146349,0.9006124605073175,-0.049693769746341265,0.47515311512682934,0.7375765575634147,-0.13121172121829267,0.4343941393908537,0.7171970696954268,-0.14140146515228658,0.4292992674238567,-0.28535036628807164,-0.6426751831440358,-0.8213375915720179,-0.9106687957860089,-0.9553343978930044,-0.9776671989465022,0.011166400526748888,0.5055832002633744,0.7527916001316872,-0.12360419993415639,-0.5618020999670782,-0.7809010499835392,-0.8904505249917696,-0.9452252624958848,0.027387368752057606,-0.4863063156239712,0.2568468421880144,0.6284234210940072,0.8142117105470036,-0.0928941447264982,-0.5464470723632491,0.22677646381837546,-0.38661176809081227,0.30669411595459384,-0.3466529420227031,0.32667352898864843,0.6633367644943242,0.8316683822471621,0.915834191123581,0.9579170955617905,-0.02104145221910475,-0.5105207261095523,0.24473963694522383,0.6223698184726119,0.8111849092363059,-0.09440754538184704,0.4527962273090765,0.7263981136545382,0.8631990568272692,-0.06840047158636542,-0.5342002357931828,-0.7671001178965914,0.11644994105170431,-0.4417750294741478,-0.7208875147370739,-0.860443757368537,-0.9302218786842684,-0.9651109393421342,-0.9825554696710671,0.008722265164466447,0.5043611325822333,0.7521805662911166,0.8760902831455584,0.9380451415727792,0.9690225707863895,0.9845112853931948,0.9922556426965974,-0.003872178651701308,-0.5019360893258507,0.24903195533707467,0.6245159776685374,0.8122579888342687,-0.09387100558286565,-0.5469355027914329,0.22653224860428356,0.6132661243021418,-0.1933669378489291,-0.5966834689244646,-0.7983417344622323,0.10082913276888383,-0.4495854336155581,-0.724792716807779,0.1376036415961105,-0.43119817920194475,0.2844009103990276,-0.3577995448004862,0.32110022759975687,-0.33944988620012156,0.3302750568999392,-0.3348624715500304,-0.6674312357750152,0.1662843821124924,0.5831421910562462,0.7915710955281231,-0.10421445223593845,0.44789277388203075,0.7239463869410154,0.8619731934705077,-0.06901340326474614,-0.534506701632373,-0.7672533508161865,0.11637332459190675,-0.4418133377040466,-0.7209066688520234,-0.8604533344260117,0.06977333278699416,0.534886666393497,0.7674433331967485,0.8837216665983743,0.9418608332991871,0.9709304166495936,-0.014534791675203218,-0.5072673958376016,0.2463663020811992,0.6231831510405996,0.8115915755202998,-0.0942042122398501,-0.547102106119925,-0.7735510530599625,-0.8867755265299813,0.05661223673500937,0.5283061183675046,0.7641530591837523,0.8820765295918762,0.9410382647959381,0.970519132397969,0.9852595661989845,-0.0073702169005077645,0.4963148915497461,0.7481574457748731,0.8740787228874365,0.9370393614437182,-0.03148031927814088,0.48425984036092956,0.7421299201804648,0.8710649600902324,0.9355324800451161,0.9677662400225581,-0.016116879988720967,0.4919415600056395,0.7459707800028197,-0.12701460999859016,-0.5635073049992951,0.21824634750035243,-0.3908768262498238,0.3045615868750881,-0.3477192065624559,-0.673859603281228,-0.8369298016406139,-0.918464900820307,0.04076754958984652,0.5203837747949233,0.7601918873974616,-0.11990405630126921,-0.5599520281506346,-0.7799760140753174,-0.8899880070376587,-0.9449940035188293,0.02750299824058533,0.5137514991202927,-0.24312425043985364,-0.6215621252199268,0.1892189373900366,-0.4053905313049817,0.29730473434750915,-0.3513476328262454,-0.6756738164131227,0.16216309179343863,0.5810815458967193,0.7905407729483597,-0.10472961352582016,0.4476351932370899,0.723817596618545,-0.13809120169072753,-0.5690456008453637,0.21547719957731815,0.6077385997886591,-0.19613070010567046,-0.5980653500528352,0.20096732497358238,-0.3995163375132088,0.3002418312433956,0.6501209156216978,-0.1749395421891511,-0.5874697710945755,-0.7937348855472878,-0.8968674427736438,-0.9484337213868219,0.025783139306589042,-0.4871084303467055,-0.7435542151733527,0.12822289241332363,0.5641114462066619,0.7820557231033309,0.8910278615516655,-0.054486069224167266,0.47275696538791634,0.7363784826939581,-0.13181075865302094,0.43409462067348953,0.7170473103367447,0.8585236551683724,0.9292618275841862,0.9646309137920931,-0.017684543103953454,0.4911577284480233,0.7455788642240117,0.8727894321120058,-0.06360528394399712,0.46819735802800144,0.7340986790140007,-0.13295066049299964,-0.5664753302464998,-0.7832376651232499,-0.891618832561625,-0.9458094162808125,-0.9729047081404063,0.013547645929796848,-0.4932261770351016,-0.7466130885175508,-0.8733065442587754,0.0633467278706123,-0.4683266360646938,-0.7341633180323469,-0.8670816590161734,0.0664591704919133,0.5332295852459566,0.7666147926229783,0.8833073963114891,-0.05834630184425543,-0.5291731509221277,-0.7645865754610639,-0.882293287730532,0.058853356134734025,-0.470573321932633,-0.7352866609663165,-0.8676433304831582,0.06617833475842089,-0.4669108326207896,-0.7334554163103948,-0.8667277081551974,-0.9333638540775987,-0.9666819270387994,-0.9833409635193997,-0.9916704817596999,-0.9958352408798499,-0.9979176204399249,0.0010411897800375325,0.5005205948900188,0.7502602974450094,0.8751301487225047,-0.06243492563874764,-0.5312174628193738,0.23439126859031312,-0.38280436570484344,0.3085978171475783,-0.34570109142621086,0.32714945428689457,0.6635747271434473,-0.16821263642827633,-0.5841063182141382,-0.7920531591070691,0.10397342044646546,0.5519867102232328,-0.22400664488838362,-0.6120033224441919,-0.8060016612220959,0.09699916938895203,-0.451500415305524,0.274249792347238,0.637124896173619,0.8185624480868094,-0.09071877595659528,-0.5453593879782976,0.22732030601085118,-0.3863398469945744,0.30683007650271277,-0.3465849617486436,0.3267075191256782,0.6633537595628392,0.8316768797814196,-0.08416156010929021,0.4579192199453549,-0.27104039002732255,-0.6355201950136613,-0.8177600975068307,0.09111995124658467,0.5455599756232923,0.7727799878116461,-0.11361000609417693,-0.5568050030470885,0.22159749847645577,-0.38920125076177214,0.30539937461911393,-0.34730031269044304,-0.6736501563452215,-0.8368250781726108,0.08158746091369462,-0.4592062695431527,-0.7296031347715763,-0.8648015673857882,-0.932400783692894,-0.966200391846447,-0.9831001959232235,-0.9915500979616118,-0.9957750489808059,-0.997887524490403,-0.9989437622452015,0.0005281188773992307,0.5002640594386996,0.7501320297193498,-0.12493398514032511,-0.5624669925701625,0.21876650371491874,-0.39061674814254066,0.30469162592872967,-0.34765418703563516,0.32617290648218245,0.6630864532410912,0.8315432266205456,-0.08422838668972721,-0.5421141933448637,0.22894290332756817,0.6144714516637841,0.8072357258318921,-0.09638213708405396,-0.548191068542027,0.22590446572898648,-0.38704776713550676,0.3064761164322466,-0.3467619417838767,-0.6733809708919384,0.1633095145540308,0.5816547572770154,-0.20917262136149228,0.39541368931925386,0.697706844659627,0.8488534223298134,0.9244267111649067,-0.037786644417546644,0.4811066777912267,0.7405533388956134,0.8702766694478067,0.9351383347239033,0.9675691673619516,0.9837845836809758,0.9918922918404879,-0.0040538540797560585,0.49797307296012194,0.748986536480061,0.8744932682400305,0.9372466341200152,-0.031376682939992406,0.4843116585300038,-0.2578441707349981,-0.628922085367499,0.18553895731625047,-0.40723052134187476,-0.7036152606709374,-0.8518076303354687,-0.9259038151677343,0.03704809241613283,0.5185240462080665,0.7592620231040332,-0.12036898844798338,-0.5601844942239917,0.21990775288800413,-0.39004612355599794,0.304976938222001,0.6524884691110004,0.8262442345555002,-0.08687788272224989,0.4565610586388751,0.7282805293194375,0.8641402646597187,-0.06792986767014064,-0.5339649338350703,0.23301753308246487,0.6165087665412324,0.8082543832706162,0.9041271916353081,-0.04793640418234596,0.476031797908827,0.7380158989544134,0.8690079494772067,-0.06549602526139664,-0.5327480126306983,0.23362599368465087,-0.38318700315767457,-0.6915935015788373,0.15420324921058137,0.5771016246052907,0.7885508123026453,-0.10572459384867733,0.44713770307566136,-0.2764311484621693,-0.6382155742310847,0.18089221288445767,0.5904461064422288,-0.20477694677888558,-0.6023884733894428,-0.8011942366947213,0.09940288165263933,-0.45029855917368034,-0.7251492795868402,-0.8625746397934201,-0.93128731989671,0.03435634005164501,0.5171781700258224,-0.24141091498708878,-0.6207054574935444,-0.8103527287467722,0.09482363562661389,0.547411817813307,-0.22629409109334653,0.38685295445332674,-0.3065735227733366,0.3467132386133317,-0.32664338069333415,0.3366783096533329,0.6683391548266664,-0.1658304225866668,0.4170847887066666,-0.2914576056466667,-0.6457288028233333,0.17713559858833333,0.5885677992941667,0.7942838996470833,-0.10285805017645833,0.44857097491177084,0.7242854874558854,-0.1378572562720573,0.4310713718639714,-0.2844643140680143,-0.6422321570340072,-0.8211160785170035,-0.9105580392585018,0.04472098037074912,-0.47763950981462544,-0.7388197549073128,-0.8694098774536564,-0.9347049387268282,-0.9673524693634141,-0.9836762346817071,-0.9918381173408535,0.004080941329573262,0.5020404706647866,-0.24897976466760668,0.3755101176661967,-0.31224494116690166,0.34387752941654914,0.6719387647082746,-0.1640306176458627,-0.5820153088229314,-0.7910076544114657,0.10449617279426715,0.5522480863971335,-0.22387595680143324,-0.6119379784007166,-0.8059689892003583,0.09701550539982084,-0.4514922473000896,0.27425387634995524,-0.3628730618250224,0.3185634690874888,0.6592817345437444,-0.1703591327281278,-0.5851795663640639,-0.7925897831820319,0.10370510840898406,0.5518525542044921,0.775926277102246,0.8879631385511231,0.9439815692755615,0.9719907846377808,0.9859953923188904,0.9929976961594452,0.9964988480797226,0.9982494240398613,-0.0008752879800693614,0.49956235600996535,0.7497811780049827,0.8748905890024914,-0.0625547054987543,0.46872264725062285,-0.2656386763746886,0.36718066181265574,-0.31640966909367213,-0.6582048345468361,-0.829102417273418,-0.914551208636709,-0.9572756043183546,0.021362197840822716,-0.48931890107958864,-0.7446594505397943,0.12767027473010284,0.5638351373650514,-0.2180824313174743,-0.6090412156587371,-0.8045206078293685,0.09773969608531574,-0.45113015195734213,-0.725565075978671,-0.8627825379893355,0.06860873100533227,-0.46569563449733387,0.26715218275133307,0.6335760913756665,0.8167880456878333,-0.09160597715608337,-0.5458029885780417,0.22709850571097917,-0.38645074714451044,-0.6932253735722552,0.1533873132138724,-0.42330634339306383,0.2883468283034681,0.644173414151734,-0.177913292924133,-0.5889566464620665,-0.7944783232310333,0.10276083838448336,-0.4486195808077583,0.27569020959612084,-0.36215489520193955,0.3189225523990302,-0.3405387238004849,-0.6702693619002424,-0.8351346809501212,0.08243265952493939,0.5412163297624697,0.7706081648812348,-0.11469591755938258,-0.5573479587796912,0.22132602061015438,-0.3893369896949228,0.3053315051525386,-0.3473342474237307,0.3263328762881347,0.6631664381440674,-0.1684167809279663,-0.5842083904639832,-0.7921041952319916,0.1039479023840042,-0.4480260488079979,-0.724013024403999,-0.8620065122019995,0.06899674389900023,0.5344983719495001,-0.23275081402524994,0.38362459298737506,0.6918122964936875,-0.15409385175315626,-0.5770469258765781,-0.7885234629382891,0.10573826853085544,-0.4471308657345723,0.27643456713271386,-0.36178271643364307,-0.6808913582168216,0.15955432089158922,-0.42022283955420536,-0.7101114197771027,-0.8550557098885514,0.0724721450557243,-0.46376392747213785,-0.731881963736069,-0.8659409818680345,0.06702950906598276,-0.46648524546700865,-0.7332426227335043,-0.8666213113667521,-0.9333106556833761,-0.9666553278416881,-0.983327663920844,0.008336168039577985,0.504168084019789,0.7520840420098944,-0.12395797899505279,-0.5619789894975264,0.21901050525123678,-0.3904947473743816,-0.6952473736871908,-0.8476236868435953,0.07618815657820233,0.5380940782891012,0.7690470391445505,-0.11547648042772474,-0.5577382402138624,0.2211308798930688,0.6105654399465343,0.8052827199732672,-0.09735864001336642,-0.5486793200066832,0.2256603399966584,-0.3871698300016708,0.3064150849991646,-0.3467924575004177,0.3266037712497911,0.6633018856248956,-0.16834905718755222,-0.584174528593776,-0.792087264296888,0.10395636785155599,-0.448021816074222,0.275989091962889,0.6379945459814444,0.8189972729907222,0.9094986364953611,-0.045250681752319444,0.47737465912384025,0.7386873295619201,0.86934366478096,-0.06532816760951998,0.46733591619524,0.73366795809762,0.86683397904881,-0.066583010475595,-0.5332915052377976,0.23335424738110122,0.6166771236905506,0.8083385618452753,-0.09583071907736235,-0.5479153595386812,-0.7739576797693406,0.1130211601153297,0.5565105800576648,-0.22174470997116758,0.3891276450144162,0.6945638225072082,0.8472819112536041,-0.07635904437319796,-0.538179522186599,0.23091023890670048,0.6154551194533502,0.8077275597266751,-0.09613622013666245,0.4519318899316688,-0.2740340550341656,0.3629829724829172,-0.3185085137585414,-0.6592542568792708,-0.8296271284396354,0.08518643578018231,0.5425932178900912,0.7712966089450456,-0.1143516955274772,-0.5571758477637386,-0.7785879238818694,0.11070603805906531,-0.44464698097046734,-0.7223234904852337,-0.8611617452426168,0.0694191273786916,0.5347095636893457,-0.23264521815532713,0.38367739092233644,-0.3081613045388318,-0.6540806522694159,0.17295967386529204,-0.41352016306735395,0.293239918466323,0.6466199592331615,-0.17669002038341924,-0.5883450101917096,-0.7941725050958548,-0.8970862525479274,-0.9485431262739636,0.025728436863018178,-0.4871357815684909,-0.7435678907842455,-0.8717839453921228,-0.9358919726960614,-0.9679459863480306,0.01602700682598468,-0.49198649658700766,-0.7459932482935039,0.12700337585324806,-0.43649831207337597,0.281750843963312,0.640875421981656,-0.17956228900917198,-0.589781144504586,-0.794890572252293,0.10255471387385351,0.5512773569369267,0.7756386784684633,-0.11218066076576833,0.44390966961711587,0.7219548348085579,-0.13902258259572103,-0.5695112912978605,-0.7847556456489302,0.1076221771755349,0.5538110885877674,0.7769055442938837,-0.11154722785305815,-0.555773613926529,-0.7778868069632645,0.11105659651836775,0.5555282982591838,-0.2222358508704081,-0.611117925435204,-0.8055589627176021,0.09722051864119896,0.5486102593205995,0.7743051296602997,-0.11284743516985013,-0.556423717584925,0.22178814120753748,-0.38910592939623123,-0.6945529646981157,-0.8472764823490578,-0.923638241174529,-0.9618191205872645,-0.9809095602936322,0.009545219853183906,-0.49522739007340805,-0.747613695036704,0.12619315248164797,0.563096576240824,-0.218451711879588,-0.6092258559397941,-0.804612927969897,0.09769353601505149,-0.45115323199247426,-0.7255766159962371,0.13721169200188144,-0.4313941539990593,0.28430292300047033,0.6421514615002352,-0.17892426924988242,0.41053786537505876,-0.2947310673124706,-0.6473655336562353,0.17631723317188236,-0.41184138341405885,-0.7059206917070294,0.1470396541464853,-0.42648017292675733,0.28675991353662134,-0.35662004323168933,0.32168997838415536,-0.3391550108079223,0.33042249459603884,-0.3347887527019806,0.3326056236490097,-0.33369718817549515,-0.6668485940877475,0.16657570295612623,-0.4167121485219369,0.29164392573903153,0.6458219628695158,-0.17708901856524212,0.41145549071737897,-0.2942722546413105,-0.6471361273206553,0.17643193633967236,-0.4117840318301638,-0.7058920159150819,0.14705399204245906,0.5735269960212295,-0.21323650198938526,-0.6066182509946927,-0.8033091254973463,-0.9016545627486732,-0.9508272813743366,0.024586359312831707,-0.48770682034358415,-0.7438534101717921,-0.8719267050858961,-0.935963352542948,-0.967981676271474,-0.983990838135737,-0.9919954190678685,-0.9959977095339343,-0.9979988547669671,0.0010005726165164264,-0.4994997136917418,-0.7497498568458709,0.12512507157706454,-0.43743746421146773,-0.7187187321057339,0.14064063394713305,-0.42967968302643345,-0.7148398415132167,-0.8574199207566083,-0.9287099603783042,-0.9643549801891521,-0.9821774900945761,-0.9910887450472881,-0.995544372523644,-0.9977721862618221,-0.998886093130911,-0.9994430465654556,-0.9997215232827278,-0.999860761641364,-0.999930380820682,-0.999965190410341,-0.9999825952051705,-0.9999912976025853,-0.9999956488012927,-0.9999978244006463,-0.9999989122003232,-0.9999994561001616,-0.9999997280500807,-0.9999998640250404,-0.9999999320125201,-0.9999999660062601,-0.9999999830031301,-0.999999991501565,-0.9999999957507826,2.1246087111848055e-09,-0.49999999893769564,-0.7499999994688478,-0.8749999997344239,-0.937499999867212,-0.968749999933606,0.015625000033197,0.5078125000165985,0.7539062500082993,0.8769531250041496,-0.061523437497925215,-0.5307617187489626,-0.7653808593744813,0.11730957031275935,0.5586547851563797,0.7793273925781898,-0.11033630371090508,0.44483184814454746,-0.27758407592772627,-0.6387920379638632,-0.8193960189819316,-0.9096980094909658,-0.954849004745483,-0.9774245023727415,-0.9887122511863707,-0.9943561255931854,-0.9971780627965927,-0.9985890313982964,0.0007054843008518219,0.5003527421504259,-0.24982362892478704,-0.6249118144623935,-0.8124559072311968,-0.9062279536155984,0.04688602319220081,-0.4765569884038996,-0.7382784942019498,-0.8691392471009749,-0.9345696235504874,-0.9672848117752437,0.016357594112378138,-0.49182120294381093,-0.7459106014719055,-0.8729553007359527,-0.9364776503679764,-0.9682388251839882,-0.9841194125919941,-0.992059706295997,-0.9960298531479985,-0.9980149265739993,-0.9990074632869996,-0.9995037316434998,-0.9997518658217499,-0.999875932910875,-0.9999379664554375,-0.9999689832277188,-0.9999844916138594,-0.9999922458069297,-0.9999961229034648,1.9385482675771115e-06,-0.4999990307258662,0.2500004846370669,-0.37499975768146654,-0.6874998788407333,-0.8437499394203667,-0.9218749697101833,0.03906251514490833,0.5195312575724542,-0.2402343712137729,0.37988281439311355,0.6899414071965568,-0.15502929640172158,-0.5775146482008608,-0.7887573241004304,0.10562133794978479,0.5528106689748924,-0.2235946655125538,-0.6117973327562769,-0.8058986663781385,0.09705066681093077,-0.4514746665945346,-0.7257373332972673,0.13713133335136635,-0.4314343333243168,-0.7157171666621585,0.14214141666892077,-0.4289292916655396,-0.7144646458327698,-0.857232322916385,-0.9286161614581925,-0.9643080807290962,0.01784595963545188,0.5089229798177259,-0.24553851009113703,-0.6227692550455686,0.18861537247721571,0.5943076862386079,-0.20284615688069607,-0.601423078440348,-0.800711539220174,-0.900355769610087,-0.9501778848050435,0.024911057597478248,0.5124555287987391,-0.24377223560063044,-0.6218861178003152,-0.8109430589001576,-0.9054715294500788,0.0472642352749606,-0.4763678823625197,-0.7381839411812599,0.13090802940937007,-0.43454598529531496,0.2827270073523425,-0.35863649632382877,-0.6793182481619144,-0.8396591240809572,-0.9198295620404786,-0.9599147810202393,-0.9799573905101197,0.010021304744940174,-0.4949893476275299,-0.7474946738137649,-0.8737473369068824,-0.9368736684534412,-0.9684368342267207,-0.9842184171133603,0.007890791443319833,-0.4960546042783401,0.25197269786083,-0.374013651069585,-0.6870068255347925,-0.8435034127673963,-0.9217517063836982,0.039124146808150906,-0.48043792659592455,0.2597810367020377,0.6298905183510188,-0.18505474082449058,0.4074726295877547,-0.2962636852061227,0.35186815739693866,-0.32406592130153067,-0.6620329606507653,0.16898351967461733,-0.41550824016269133,-0.7077541200813456,-0.8538770600406729,0.07306146997966356,-0.4634692650101682,0.2682653674949159,-0.36586731625254204,-0.682933658126271,-0.8414668290631355,-0.9207334145315678,-0.9603667072657839,-0.9801833536328919,-0.9900916768164459,-0.995045838408223,-0.9975229192041115,0.0012385403979442433,-0.4993807298010279,-0.749690364900514,0.125154817549743,-0.4374225912251285,0.28128870438743575,0.6406443521937178,0.8203221760968589,-0.08983891195157057,-0.5449194559757853,0.22754027201210736,-0.3862298639939463,-0.6931149319969732,0.15344253400151342,0.5767212670007567,-0.21163936649962167,-0.6058196832498108,0.19709015837509458,0.5985450791875473,-0.20072746040622635,-0.6003637302031132,-0.8001818651015566,-0.9000909325507783,0.04995453372461084,-0.4750227331376946,-0.7375113665688473,0.13124431671557635,-0.4343778416422118,-0.717188920821106,-0.858594460410553,-0.9292972302052764,-0.9646486151026382,0.01767569244868089,0.5088378462243405,-0.24558107688782976,0.37720946155608515,-0.3113952692219574,-0.6556976346109787,-0.8278488173054894,0.08607559134725529,0.5430377956736276,-0.22848110216318618,-0.6142405510815931,-0.8071202755407966,0.09643986222960171,0.5482199311148008,0.7741099655574004,0.8870549827787002,0.9435274913893501,-0.028236254305324948,-0.5141181271526625,-0.7570590635763312,-0.8785295317881656,-0.9392647658940828,-0.9696323829470415,-0.9848161914735207,-0.9924080957367604,-0.9962040478683802,0.001897976065809881,-0.49905101196709506,-0.7495255059835475,0.12523724700822625,-0.4373813764958869,-0.7186906882479435,0.14065465587602827,0.5703273279380141,-0.21483633603099295,-0.6074181680154964,0.1962909159922518,0.5981454579961258,0.7990727289980629,0.8995363644990315,-0.05023181775048424,-0.5251159088752422,0.2374420455623789,-0.38127897721881054,-0.6906394886094053,-0.8453197443047027,0.07734012784764865,-0.4613299360761757,-0.7306649680380879,-0.865332484019044,-0.932666242009522,-0.966333121004761,-0.9831665605023805,0.008416719748809753,-0.4957916401255951,-0.7478958200627975,-0.8739479100313987,0.06302604498430064,0.5315130224921503,0.7657565112460751,0.8828782556230376,0.9414391278115188,0.9707195639057594,-0.01464021804712029,-0.5073201090235602,0.2463399454882199,0.62316997274411,0.811584986372055,0.9057924931860275,0.9528962465930138,0.9764481232965069,-0.011775938351746562,-0.5058879691758733,-0.7529439845879367,-0.8764719922939683,-0.9382359961469842,-0.9691179980734921,0.015441000963253959,-0.492279499518373,0.2538602502408135,0.6269301251204067,-0.18653493743979666,-0.5932674687198983,0.20336626564005084,0.6016831328200254,0.8008415664100127,0.9004207832050064,-0.0497896083974968,-0.5248948041987485,-0.7624474020993742,0.11877629895031289,0.5593881494751565,0.7796940747375782,0.8898470373687891,-0.05507648131560544,0.47246175934219725,0.7362308796710986,0.8681154398355493,0.9340577199177746,-0.03297114004111268,-0.5164855700205564,-0.7582427850102782,0.1208786074948609,-0.43956069625256955,-0.7197803481262848,0.1401098259368576,0.5700549129684288,0.7850274564842143,0.8925137282421072,-0.05374313587894641,0.4731284320605268,0.7365642160302635,-0.13171789198486827,0.43414105400756586,-0.28292947299621707,0.35853526350189147,-0.32073236824905427,0.33963381587547287,-0.3301830920622636,0.3349084539688682,0.6674542269844341,0.8337271134922171,0.9168635567461085,0.9584317783730543,-0.020784110813472867,-0.5103920554067365,0.24480397229663176,0.6224019861483159,0.8112009930741579,0.905600496537079,-0.047199751731460515,-0.5235998758657303,-0.7617999379328652,0.11910003103356742,-0.44044998448321626,-0.7202249922416082,-0.8601124961208041,0.06994375193959795,-0.465028124030201,-0.7325140620151005,-0.8662570310075502,0.06687148449622488,-0.4665642577518876,-0.7332821288759438,-0.8666410644379718,-0.9333205322189859,0.03333973389050704,-0.4833301330547465,-0.7416650665273732,-0.8708325332636866,-0.9354162666318433,-0.9677081333159216,-0.9838540666579608,-0.9919270333289805,-0.9959635166644902,0.002018241667754883,0.5010091208338774,-0.2494954395830613,-0.6247477197915307,-0.8123738598957653,-0.9061869299478826,0.04690653502605868,-0.47654673248697066,0.26172663375651467,-0.36913668312174264,-0.6845683415608713,-0.8422841707804356,0.0788579146097822,-0.4605710426951089,-0.7302855213475544,-0.8651427606737772,0.06742861966311142,-0.4662856901684443,0.2668571549157779,-0.36657142254211106,-0.6832857112710555,-0.8416428556355278,-0.9208214278177639,-0.960410713908882,0.019794643045559,-0.4901026784772205,-0.7450513392386102,-0.8725256696193051,-0.9362628348096526,0.03186858259517372,-0.48406570870241317,-0.7420328543512066,-0.8710164271756033,0.06449178641219833,0.5322458932060992,0.7661229466030496,0.8830614733015247,0.9415307366507624,0.9707653683253812,-0.014617315837309408,-0.5073086579186548,0.24634567104067262,-0.3768271644796637,0.31158641776016816,-0.3442067911199159,-0.672103395559958,0.163948302220021,-0.4180258488899895,-0.7090129244449948,-0.8545064622224974,-0.9272532311112487,-0.9636266155556243,0.018186692222187828,-0.4909066538889061,-0.745453326944453,-0.8727266634722265,0.06363666826388675,0.5318183341319433,-0.23409083293402833,0.38295458353298584,0.6914772917664929,-0.15426135411675357,0.4228693229416232,-0.2885653385291884,0.3557173307354058,-0.3221413346322971,-0.6610706673161486,0.1694646663419257,-0.41526766682903715,0.2923661665854814,-0.3538169167072593,0.32309154164637033,0.6615457708231851,-0.16922711458840745,-0.5846135572942037,-0.7923067786471019,-0.8961533893235509,-0.9480766946617755,-0.9740383473308878,0.012980826334556106,-0.49350958683272195,-0.746754793416361,-0.8733773967081805,-0.9366886983540903,0.03165565082295485,-0.4841721745885226,0.2579139127057387,0.6289569563528694,-0.1855215218235653,0.40723923908821735,0.7036196195441087,0.8518098097720543,-0.07409509511397283,-0.5370475475569865,-0.7685237737784932,0.11573811311075338,-0.44213094344462334,-0.7210654717223117,0.13946726413884414,-0.43026636793057793,-0.715133183965289,-0.8575665919826445,-0.9287832959913223,0.03560835200433887,0.5178041760021694,0.7589020880010847,0.8794510440005423,-0.06027447799972885,0.4698627610001356,-0.2650686194999322,0.3674656902500339,-0.316267154874983,-0.6581335774374915,-0.8290667887187457,-0.9145333943593729,-0.9572666971796864,0.02136665141015681,-0.4893166742949216,0.25534166285253923,-0.3723291685737304,-0.6861645842868652,-0.8430822921434327,-0.9215411460717163,0.039229426964141834,-0.4803852865179291,-0.7401926432589645,0.12990367837051775,-0.4350481608147411,0.2824759195926294,0.6412379597963147,0.8206189798981574,0.9103094899490787,0.9551547449745393,-0.02242262751273033,-0.5112113137563652,-0.7556056568781826,-0.8778028284390913,0.06109858578045435,-0.4694507071097728,-0.7347253535548864,-0.8673626767774432,0.06631866161127842,-0.4668406691943608,0.26657966540281963,0.6332898327014098,-0.1833550836492951,-0.5916775418246476,0.2041612290876762,-0.3979193854561619,0.30104030727191905,-0.3494798463640405,0.32526007681797975,-0.3373699615910101,-0.6686849807955051,-0.8343424903977525,-0.9171712451988763,-0.9585856225994381,0.020707188700280932,0.5103535943501405,-0.24482320282492975,0.3775883985875351,-0.31120580070623244,0.3443970996468838,-0.3278014501765581,-0.663900725088279,-0.8319503625441396,-0.9159751812720698,-0.9579875906360349,-0.9789937953180174,-0.9894968976590087,0.005251551170495639,-0.4973742244147522,0.2513128877926239,-0.3743435561036881,-0.687171778051844,-0.843585889025922,0.07820705548703899,-0.4608964722564805,0.2695517638717597,-0.36522411806412014,-0.6826120590320601,-0.8413060295160301,0.07934698524198497,-0.4603265073790075,0.26983674631049626,-0.36508162684475187,-0.6825408134223759,-0.841270406711188,-0.920635203355594,0.039682398322202994,-0.4801588008388985,0.25992059958055075,-0.37003970020972465,-0.6850198501048623,0.15749007494756884,-0.4212549625262156,0.2893725187368922,-0.3553137406315539,0.3223431296842231,0.6611715648421115,-0.16941421757894426,-0.5847071087894722,0.2076464456052639,-0.39617677719736805,0.30191161140131595,-0.349044194299342,0.32547790285032896,-0.3372610485748355,-0.6686305242874178,-0.8343152621437089,-0.9171576310718544,-0.9585788155359272,0.020710592232036418,0.5103552961160183,0.7551776480580091,-0.12241117597099543,0.4387944120145023,-0.28060279399274884,-0.6403013969963745,0.17984930150181277,0.5899246507509064,-0.2050376746245468,-0.6025188373122734,-0.8012594186561367,0.09937029067193165,0.5496851453359658,0.7748425726679828,-0.11257871366600858,0.4437106431669957,-0.27814467841650214,-0.6390723392082511,0.18046383039587444,0.5902319151979372,-0.20488404240103142,-0.6024420212005157,-0.8012210106002579,0.09938949469987107,0.5496947473499355,-0.22515262632503225,-0.6125763131625162,0.19371184341874192,0.596855921709371,-0.20157203914531452,-0.6007860195726573,0.19960699021367134,-0.40019650489316433,0.2999017475534178,-0.3500491262232911,-0.6750245631116456,-0.8375122815558228,-0.9187561407779115,-0.9593780703889557,-0.9796890351944778,0.010155482402761096,0.5050777412013805,-0.24746112939930975,-0.6237305646996549,0.18813471765017253,-0.40593264117491373,0.2970336794125431,0.6485168397062715,0.8242584198531357,-0.08787079007343213,-0.5439353950367161,-0.771967697518358,0.11401615124082098,-0.4429919243795895,0.2785040378102053,-0.36074798109489736,-0.6803739905474486,-0.8401869952737243,0.07990650236313784,0.5399532511815689,-0.23002337440921555,-0.6150116872046077,-0.8075058436023039,-0.903752921801152,-0.951876460900576,-0.9759382304502879,-0.987969115225144,-0.993984557612572,-0.9969922788062859,-0.998496139403143,-0.9992480697015715,0.0003759651492142302,-0.4998120174253929,-0.7499060087126964,-0.8749530043563483,0.06252349782182587,-0.46873825108908707,-0.7343691255445435,0.13281543722772826,0.5664077186138641,-0.21679614069306796,0.391601929653466,0.695800964826733,-0.15209951758663348,-0.5760497587933168,0.21197512060334162,0.6059875603016708,-0.1970062198491646,-0.5985031099245823,-0.7992515549622912,0.10037422251885442,0.5501871112594272,-0.2249064443702864,-0.6124532221851432,0.1937733889074284,-0.40311330554628577,-0.7015566527731429,-0.8507783263865715,0.07461083680671426,0.5373054184033571,-0.23134729079832145,-0.6156736453991607,-0.8078368226995803,-0.9039184113497902,-0.9519592056748951,0.024020397162552443,-0.4879898014187238,0.2560050992906381,0.628002549645319,-0.1859987251773405,0.40700063741132975,-0.2964996812943351,-0.6482498406471675,-0.8241249203235838,0.08793753983820812,-0.45603123008089597,0.271984384959552,0.635992192479776,0.817996096239888,0.908998048119944,-0.045500975940028,-0.522750487970014,-0.761375243985007,0.1193123780074965,-0.44034381099625175,0.2798280945018741,0.639914047250937,-0.18004297637453148,-0.5900214881872657,0.20498925590636713,-0.39750537204681646,0.30124731397659177,0.6506236569882959,0.825311828494148,-0.08734408575292602,-0.543672042876463,0.2281639785617685,-0.38591801071911574,0.3070409946404421,0.6535204973202211,0.8267602486601106,0.9133801243300552,-0.04330993783497239,-0.5216549689174862,0.2391725155412569,-0.3804137422293715,0.30979312888531424,0.6548965644426571,-0.17255171777867145,0.41372414111066425,0.7068620705553321,-0.14656896472233394,0.42671551763883303,-0.28664224118058346,-0.6433211205902918,-0.8216605602951459,0.08916971985242705,0.5445848599262135,-0.22770757003689324,-0.6138537850184467,-0.8069268925092233,0.09653655374538833,0.5482682768726942,0.7741341384363472,0.8870670692181736,-0.05646646539091321,0.47176676730454337,0.7358833836522717,0.8679416918261358,-0.06602915408693211,-0.533014577043466,-0.766507288521733,0.1167463557391335,-0.44162682213043325,0.2791865889347834,0.6395932944673917,0.8197966472336958,0.9098983236168479,-0.04505083819157607,0.47747458090421196,-0.261262709547894,0.369368645226053,0.6846843226130265,-0.15765783869348676,-0.5788289193467434,-0.7894144596733716,0.10529277016331418,-0.4473536149183429,-0.7236768074591715,0.13816159627041424,-0.4309192018647929,-0.7154596009323965,-0.8577298004661982,0.07113509976690091,0.5355675498834505,-0.23221622505827477,-0.6161081125291374,0.19194594373543128,0.5959729718677156,-0.2020135140661422,0.3989932429669289,-0.3005033785165355,-0.6502516892582677,-0.8251258446291339,0.08743707768543307,-0.45628146115728346,0.2718592694213583,0.6359296347106791,0.8179648173553395,0.9089824086776698,-0.04550879566116511,-0.5227543978305825,-0.7613771989152913,0.11931140054235434,-0.44034429972882283,-0.7201721498644114,-0.8600860749322057,0.06995696253389716,0.5349784812669486,-0.2325107593665257,-0.6162553796832628,-0.8081276898416314,0.0959361550791843,-0.45203192246040785,-0.726015961230204,-0.863007980615102,0.06849600969244901,0.5342480048462245,-0.23287599757688776,-0.6164379987884439,-0.8082189993942219,-0.904109499697111,0.04794525015144452,-0.4760273749242777,0.26198631253786114,0.6309931562689306,-0.1845034218655347,-0.5922517109327674,-0.7961258554663837,-0.8980629277331919,0.050968536133404074,0.525484268066702,-0.237257865966649,-0.6186289329833246,0.19068553350833772,-0.40465723324583114,-0.7023286166229156,0.14883569168854222,-0.42558215415572886,-0.7127910770778645,0.14360446146106776,-0.4281977692694661,0.28590111536526697,-0.3570494423173665,0.32147527884131677,0.6607376394206583,0.8303688197103292,-0.08481559014483542,-0.5424077950724178,-0.7712038975362089,0.11439805123189556,-0.4428009743840522,0.2785995128079739,0.639299756403987,-0.18035012179800652,0.4098249391009967,0.7049124695504984,-0.14754376522475082,0.42622811738762456,0.7131140586938123,-0.14344297065309386,0.42827851467345307,0.7141392573367266,0.8570696286683632,0.9285348143341816,0.9642674071670908,0.9821337035835453,-0.008933148208227326,-0.5044665741041137,0.24776671294794317,0.6238833564739716,0.8119416782369858,-0.09402916088150709,0.4529854195592464,0.7264927097796232,0.8632463548898116,0.9316231774449057,-0.034188411277547126,0.48290579436122644,-0.25854710281938675,-0.6292735514096934,0.18536322429515328,0.5926816121475766,-0.20365919392621168,-0.6018295969631058,0.1990852015184471,0.5995426007592235,-0.20022869962038825,0.3998856501898059,0.6999428250949029,0.8499714125474515,-0.07501429372627427,-0.5375071468631372,-0.7687535734315686,-0.8843767867157843,0.05781160664210783,-0.4710941966789461,-0.7355470983394731,-0.8677735491697365,0.06611322541513176,-0.4669433872924341,0.26652830635378294,0.6332641531768914,-0.18336792341155428,0.40831603829422286,0.7041580191471114,-0.1479209904264443,0.4260395047867779,-0.28698024760661106,0.3565098761966945,0.6782549380983472,-0.16087253095082638,0.41956373452458684,-0.2902181327377066,-0.6451090663688532,-0.8225545331844266,-0.9112772665922133,-0.9556386332961067,0.022180683351946673,-0.48890965832402666,0.25554517083798667,-0.37222741458100667,-0.6861137072905034,-0.8430568536452516,0.07847157317737419,0.5392357865886871,-0.23038210670565645,0.3848089466471718,0.6924044733235859,-0.15379776333820705,-0.5768988816691035,-0.7884494408345517,0.10577527958272415,0.552887639791362,-0.223556180104319,0.3882219099478405,-0.3058890450260797,-0.6529445225130399,0.17352773874348004,-0.41323613062826,-0.70661806531413,0.14669096734293502,0.5733454836714675,0.7866727418357338,-0.10666362908213312,0.44666818545893344,0.7233340927294667,-0.13833295363526665,-0.5691664768176333,-0.7845832384088167,-0.8922916192044084,0.05385419039779582,-0.4730729048011021,0.26346354759944896,-0.36826822620027555,-0.6841341131001377,0.15793294344993114,0.5789664717249656,-0.2105167641375172,-0.6052583820687586,0.1973708089656207,-0.4013145955171896,0.2993427022414052,0.6496713511207026,-0.1751643244396487,-0.5875821622198243,-0.7937910811099121,0.10310445944504393,-0.44844777027747806,0.27577611486126097,-0.3621119425693695,0.31894402871531524,0.6594720143576576,-0.17026399282117122,0.4148680035894144,0.7074340017947072,-0.14628299910264642,-0.5731414995513232,0.2134292502243384,0.6067146251121692,0.8033573125560847,-0.09832134372195767,-0.5491606718609788,-0.7745803359304895,-0.8872901679652447,-0.9436450839826224,-0.9718225419913111,0.014088729004344436,0.5070443645021723,-0.24647781774891386,-0.623238908874457,-0.8116194544372285,0.09419027278138575,-0.45290486360930715,-0.7264524318046536,-0.8632262159023267,-0.9316131079511634,-0.9658065539755817,-0.9829032769877908,-0.9914516384938954,0.0042741807530523035,-0.49786290962347385,-0.748931454811737,-0.8744657274058685,-0.9372328637029342,-0.9686164318514672,-0.9843082159257336,-0.9921541079628668,-0.9960770539814334,0.0019614730092832877,-0.49901926349535836,0.25049036825232085,0.6252451841261604,-0.18737740793691982,0.4063112960315401,-0.29684435198423,0.351577824007885,-0.32421108799605747,0.33789445600197127,-0.3310527719990144,-0.6655263859995072,0.1672368070002464,-0.4163815964998768,0.2918092017500616,-0.35409539912496923,-0.6770476995624846,-0.8385238497812423,0.08073807510937886,0.5403690375546895,0.7701845187773447,0.8850922593886723,-0.057453870305663846,-0.5287269351528319,-0.7643634675764159,0.11781826621179203,-0.441090866894104,0.279454566552948,-0.360272716723526,-0.680136358361763,-0.8400681791808815,0.07996591040955925,-0.4600170447952204,-0.7300085223976102,0.13499573880119492,0.5674978694005974,-0.21625106529970128,0.39187446735014936,0.6959372336750747,-0.15203138316246267,-0.5760156915812313,-0.7880078457906157,-0.8940039228953078,-0.9470019614476539,-0.973500980723827,0.01324950963808652,-0.49337524518095677,-0.7466876225904784,0.1266561887047608,0.5633280943523804,-0.2183359528238098,0.3908320235880951,0.6954160117940476,0.8477080058970238,-0.07614599705148811,-0.5380729985257441,-0.769036499262872,-0.884518249631436,0.057740875184282,-0.47112956240785897,0.2644352187960705,-0.3677823906019647,0.31610880469901764,-0.34194559765049115,0.3290272011747544,0.6645136005873772,-0.1677431997063114,0.41612840014684427,0.7080642000734221,0.854032100036711,-0.07298394998164448,0.46350802500917776,-0.2682459874954111,-0.6341229937477055,0.18293850312614723,0.5914692515630736,-0.2042653742184632,-0.6021326871092316,-0.8010663435546158,-0.900533171777308,0.04973341411134602,-0.475133292944327,-0.7375666464721635,-0.8687833232360818,0.06560833838195912,-0.46719583080902044,-0.7335979154045102,0.13320104229774488,-0.43339947885112756,-0.7166997394255638,-0.8583498697127818,0.07082506514360909,-0.46458746742819546,0.2677062662859023,0.6338531331429511,0.8169265665714756,0.9084632832857378,0.9542316416428689,-0.022884179178565556,-0.5114420895892828,0.24427895520535858,0.6221394776026793,-0.18893026119866035,0.40553486940066985,-0.2972325652996651,0.3513837173501675,-0.32430814132491625,-0.6621540706624581,-0.8310770353312291,0.08446148233438544,-0.4577692588328073,0.27111537058359636,-0.3644423147082018,-0.6822211573541009,-0.8411105786770505,-0.9205552893385253,-0.9602776446692627,0.019861177665368657,-0.49006941116731567,0.2549652944163422,-0.3725173527918289,-0.6862586763959144,0.1568706618020428,-0.4215646690989786,0.2892176654505107,-0.3553911672747446,0.3223044163626277,0.6611522081813138,0.830576104090657,-0.08471194795467152,-0.5423559739773358,-0.7711779869886679,-0.885588993494334,-0.942794496747167,-0.9713972483735835,0.014301375813208228,-0.4928493120933959,-0.7464246560466979,0.12678767197665103,0.5633938359883255,0.7816969179941627,0.8908484589970813,-0.05457577050145934,-0.5272878852507297,0.23635605737463516,0.6181780286873175,-0.19091098565634124,0.4045445071718294,0.7022722535859147,-0.14886387320704264,0.4255680633964787,-0.28721596830176066,0.35639201584911967,-0.3218039920754402,-0.66090199603772,0.16954900198113998,-0.41522549900943,-0.707612749504715,-0.8538063747523574,-0.9269031873761787,0.03654840631191064,0.5182742031559553,-0.24086289842202235,0.3795685507889888,0.6897842753944944,-0.1551078623027528,-0.5775539311513764,-0.7887769655756882,-0.8943884827878441,0.052805758606077946,0.526402879303039,0.7632014396515194,0.8816007198257597,-0.05919964008712014,-0.5295998200435601,0.23520008997821995,-0.38239995501089,-0.691199977505445,0.15440001124727748,-0.4227999943763613,0.28860000281181936,0.6443000014059097,-0.17784999929704515,0.4110750003514774,-0.2944624998242613,-0.6472312499121307,0.17638437504393467,-0.41180781247803266,-0.7059039062390163,-0.8529519531195082,-0.9264759765597541,-0.963237988279877,-0.9816189941399385,-0.9908094970699692,-0.9954047485349846,0.002297625732507691,-0.49885118713374615,-0.7494255935668731,0.12528720321656345,-0.43735639839171825,0.2813218008041409,0.6406609004020705,-0.17966954979896477,-0.5898347748994823,-0.7949173874497412,-0.8974586937248705,-0.9487293468624353,-0.9743646734312177,0.012817663284391156,-0.4935911683578044,0.25320441582109776,-0.3733977920894511,0.31330110395527444,0.6566505519776372,-0.1716747240111814,0.41416263799440933,0.7070813189972047,0.8535406594986024,0.9267703297493012,0.9633851648746505,0.9816925824373253,-0.009153708781337366,-0.5045768543906687,-0.7522884271953343,-0.8761442135976671,0.06192789320116643,-0.4690360533994168,-0.7345180266997084,0.13274098665014578,-0.4336295066749271,0.2831852466625364,-0.3584073766687318,-0.679203688334366,-0.839601844167183,-0.9198009220835914,0.040099538958204284,-0.47995023052089786,-0.7399751152604489,0.13001244236977555,-0.43499377881511225,-0.7174968894075562,-0.8587484447037781,0.07062577764811095,-0.4646871111759445,-0.7323435555879723,-0.8661717777939861,-0.9330858888969931,0.03345705555150347,-0.48327147222424827,0.25836426388787587,0.6291821319439379,-0.18540893402803105,0.4072955329859845,0.7036477664929922,0.8518238832464962,0.9259119416232481,-0.03704402918837596,-0.518522014594188,0.240738992702906,-0.379630503648547,0.3101847481757265,0.6550923740878632,-0.17245381295606838,-0.5862269064780342,0.2068865467609829,0.6034432733804914,-0.1982783633097543,0.4008608183451229,0.7004304091725615,0.8502152045862807,-0.07489239770685963,0.4625538011465702,0.7312769005732851,0.8656384502866425,0.9328192251433213,0.9664096125716606,0.9832048062858303,0.9916024031429151,-0.004198798428542427,-0.5020993992142713,0.24895030039286437,0.6244751501964322,-0.1877624249017839,-0.593881212450892,-0.796940606225446,-0.898470303112723,-0.9492351515563615,-0.9746175757781808,-0.9873087878890904,-0.9936543939445452,-0.9968271969722726,-0.9984135984861363,0.0007932007569318444,0.5003966003784659,0.750198300189233,0.8750991500946165,0.9375495750473082,-0.03122521247634591,0.48438739376182705,-0.2578063031190865,-0.6289031515595432,-0.8144515757797717,-0.9072257878898858,-0.9536128939449429,0.02319355302752857,-0.4884032234862357,-0.7442016117431178,-0.8721008058715589,-0.9360504029357795,-0.9680252014678897,0.015987399266055136,0.5079936996330275,-0.24600315018348623,-0.6230015750917431,-0.8115007875458715,-0.9057503937729358,0.04712480311353212,-0.47643759844323397,0.261781200778383,-0.36910939961080846,-0.6845546998054042,-0.8422773499027021,0.07886132504864896,0.5394306625243245,0.7697153312621623,0.8848576656310811,-0.057571167184459426,0.4712144164077703,-0.26439279179611486,-0.6321963958980574,0.18390180205097129,-0.40804909897451436,0.2959754505127428,-0.3520122747436286,-0.6760061373718143,0.16199693131409287,0.5809984656570464,0.7904992328285232,-0.1047503835857384,-0.5523751917928692,-0.7761875958964346,-0.8880937979482173,0.05595310102589135,0.5279765505129457,-0.23601172474352716,-0.6180058623717636,0.1909970688141182,-0.40450146559294087,-0.7022507327964704,0.14887463360176478,-0.4255626831991176,0.2872186584004412,0.6436093292002206,0.8218046646001103,-0.08909766769994487,0.45545116615002756,-0.2722744169249862,0.3638627915375069,0.6819313957687534,-0.1590343021156233,-0.5795171510578117,0.21024142447109417,0.6051207122355471,-0.19743964388222646,-0.5987198219411132,0.2006400890294434,-0.3996799554852783,0.3001600222573608,-0.3499199888713196,-0.6749599944356598,0.1625200027821701,0.581260001391085,-0.2093699993044575,0.39531500034777123,-0.3023424998261144,-0.6511712499130572,-0.8255856249565285,0.08720718752173573,-0.45639640623913214,0.27180179688043393,-0.36409910155978303,0.3179504492201085,-0.34102477538994574,0.3294876123050271,-0.33525619384748645,0.33237190307625675,-0.3338140484618716,-0.6669070242309358,-0.8334535121154679,-0.9167267560577339,0.04163662197113305,-0.4791816890144335,0.26040915549278326,-0.3697954222536084,0.3151022888731958,-0.3424488555634021,-0.671224427781701,-0.8356122138908505,0.08219389305457475,-0.45890305347271265,-0.7294515267363564,-0.8647257633681782,-0.9323628816840891,-0.9661814408420446,0.0169092795789777,-0.49154536021051115,-0.7457726801052555,0.12711365994737223,-0.4364431700263139,0.2817784149868431,0.6408892074934216,0.8204446037467108,0.9102223018733554,0.9551111509366776,-0.022444424531661178,0.4887777877341694,0.7443888938670847,-0.12780555306645763,0.43609722346677116,0.7180486117333855,0.8590243058666928,-0.07048784706665362,-0.5352439235333268,0.23237803823333658,-0.3838109808833317,-0.6919054904416658,0.1540472547791671,-0.42297637261041643,-0.7114881863052083,0.14425590684739587,-0.42787204657630207,-0.7139360232881511,0.14303198835592446,0.5715159941779622,-0.21424200291101891,-0.6071210014555095,-0.8035605007277548,-0.9017802503638774,-0.9508901251819387,-0.9754450625909694,-0.9877225312954847,-0.9938612656477424,-0.9969306328238712,-0.9984653164119356,0.0007673417940322058,-0.4996163291029839,-0.749808164551492,0.125095917724254,-0.437452041137873,0.28127397943106347,0.6406369897155317,0.8203184948577659,-0.08984075257111707,0.45507962371444144,0.7275398118572207,-0.13623009407138964,-0.5681150470356948,-0.7840575235178474,0.1079712382410763,-0.4460143808794619,-0.7230071904397309,-0.8615035952198655,0.06924820239006724,0.5346241011950337,0.7673120505975168,-0.11634397470124158,0.4418280126493792,-0.2790859936753104,0.3604570031623448,-0.31977149841882757,0.3401142507905862,-0.3299428746047069,-0.6649714373023534,0.1675142813488233,0.5837571406744116,-0.20812142966279418,-0.6040607148313971,-0.8020303574156986,0.0989848212921507,-0.45050758935392465,0.2747462053230377,0.6373731026615188,0.8186865513307594,0.9093432756653796,0.9546716378326898,-0.02266418108365509,-0.5113320905418275,-0.7556660452709137,-0.8778330226354569,-0.9389165113177285,0.030541744341135768,0.5152708721705679,0.7576354360852839,0.878817718042642,0.939408859021321,0.9697044295106605,-0.015147785244669754,0.4924261073776651,0.7462130536888325,0.8731065268444163,0.9365532634222081,0.968276631711104,0.984138315855552,0.9920691579277761,0.996034578963888,0.998017289481944,0.9990086447409721,0.999504322370486,0.999752161185243,-0.00012391940737849216,-0.5000619597036893,-0.7500309798518446,-0.8750154899259224,0.06249225503703881,-0.4687538724814806,0.2656230637592597,-0.36718846812037015,0.31640576593981495,-0.3417971170300925,0.32910144148495374,-0.3354492792575231,0.33227536037123845,-0.33386231981438075,0.3330688400928096,-0.33346557995359516,-0.6667327899767976,-0.8333663949883988,-0.9166831974941994,-0.9583415987470997,0.02082920062645016,0.510414600313225,-0.24479269984338747,-0.6223963499216938,-0.8111981749608469,0.09440091251957655,-0.4527995437402117,0.27360022812989415,-0.3631998859350529,0.31840005703247354,0.6592000285162367,-0.17039998574188164,0.4148000071290592,0.7074000035645296,0.8537000017822648,-0.0731499991088676,-0.5365749995544338,-0.7682874997772169,-0.8841437498886084,0.05792812505569578,-0.4710359374721521,-0.735517968736076,0.132241015631962,-0.433879492184019,-0.7169397460920095,-0.8584698730460047,0.07076506347699763,-0.4646174682615012,0.2676912658692494,0.6338456329346247,-0.18307718353268765,0.4084614082336562,0.7042307041168281,-0.14788464794158596,0.426057676029207,0.7130288380146035,-0.14348558099269826,0.42825720950365087,-0.28587139524817456,0.3570643023759127,-0.32146784881204366,0.33926607559397814,-0.3303669622030109,0.3348165188984945,-0.33259174055075275,-0.6662958702753764,-0.8331479351376883,-0.9165739675688441,-0.9582869837844221,0.02085650810778894,-0.48957174594610553,0.25521412702694724,-0.3723929364865264,-0.6861964682432632,0.1569017658783684,-0.42154911706081577,0.2892254414695921,-0.35538727926520397,0.322306360367398,-0.338846819816301,-0.6694234099081505,0.16528829504592474,-0.41735585247703766,-0.7086779262385188,0.1456610368807406,-0.4271694815596297,0.2864152592201852,0.6432076296100926,-0.1783961851949537,0.41080190740252315,0.7054009537012615,-0.14729952314936923,-0.5736497615746846,-0.7868248807873424,-0.8934124403936712,-0.9467062201968356,-0.9733531100984179,0.013323444950791075,-0.49333827752460446,0.25333086123769777,0.6266654306188488,-0.18666728469057559,-0.5933336423452877,0.20333317882735613,-0.39833341058632193,0.30083329470683906,-0.34958335264658047,-0.6747916763232902,-0.8373958381616451,-0.9186979190808225,-0.9593489595404112,-0.9796744797702056,-0.9898372398851027,-0.9949186199425514,0.002540690028724313,-0.4987296549856378,-0.7493648274928189,-0.8746824137464094,-0.9373412068732048,0.031329396563397616,0.5156646982816988,-0.2421676508591506,-0.6210838254295753,0.18945808728521235,-0.40527095635739385,0.2973645218213031,0.6486822609106515,-0.17565886954467425,0.4121705652276629,0.7060852826138314,0.8530426413069156,-0.07347867934654218,0.4632606603267289,0.7316303301633644,0.8658151650816822,0.932907582540841,-0.033546208729579474,-0.5167731043647897,0.24161344781760513,0.6208067239088025,0.8104033619544013,0.9052016809772007,-0.04739915951139967,-0.5236995797556998,0.2381502101221501,-0.38092489493892495,-0.6904624474694625,-0.8452312237347313,0.07738438813263437,0.5386921940663172,-0.2306539029668414,-0.6153269514834208,-0.8076634757417104,-0.9038317378708551,0.04808413106457243,0.5240420655322862,0.7620210327661431,0.8810105163830715,0.9405052581915357,-0.02974737090423213,0.4851263145478839,0.742563157273942,-0.12871842136302902,0.4356407893184855,0.7178203946592427,-0.14108980267037863,0.4294550986648107,0.7147275493324053,0.8573637746662026,-0.07131811266689869,0.46434094366655065,-0.2678295281667247,-0.6339147640833623,0.18304261795831883,0.5915213089791594,-0.20423934551042028,-0.6021196727552102,-0.8010598363776051,-0.9005299181888026,-0.9502649590944012,0.024867520452799385,-0.4875662397736003,-0.7437831198868001,0.12810844005659994,0.5640542200283,0.78202711001415,0.891013555007075,0.9455067775035375,-0.027246611248231245,-0.5136233056241156,-0.7568116528120579,-0.8784058264060289,-0.9392029132030144,-0.9696014566015072,-0.9848007283007536,-0.9924003641503768,0.0037998179248115993,-0.49810009103759423,-0.7490500455187972,-0.8745250227593986,-0.9372625113796993,0.031368744310150354,0.5156843721550752,0.7578421860775376,-0.12107890696123119,0.4394605465193844,-0.2802697267403078,0.3598651366298461,0.6799325683149231,-0.16003371584253845,0.4199831420787308,-0.2900084289606346,0.3549957855196827,-0.32250210724015865,0.3387489463799207,0.6693744731899604,-0.16531276340501982,0.4173436182974901,0.7086718091487451,-0.14566409542562747,-0.5728320477128137,-0.7864160238564069,0.10679198807179657,-0.4466040059641017,-0.7233020029820508,-0.8616510014910255,0.06917449925448726,-0.46541275037275637,0.26729362481362184,-0.3663531875931891,0.31682340620340543,-0.3415882968982973,-0.6707941484491486,-0.8353970742245743,0.08230146288771284,-0.4588492685561436,0.2705753657219282,-0.3647123171390359,0.3176438414304821,-0.34117807928475896,-0.6705890396423795,0.16470548017881026,0.5823527400894051,0.7911763700447025,0.8955881850223513,0.9477940925111756,-0.026102953744412183,0.4869485231277939,0.743474261563897,0.8717371307819485,-0.06413143460902576,0.4679342826954871,-0.26603285865225645,-0.6330164293261282,0.1834917853369359,0.591745892668468,0.795872946334234,-0.102063526832883,0.4489682365835585,0.7244841182917793,0.8622420591458897,0.9311210295729448,0.9655605147864724,-0.017219742606763788,-0.5086098713033819,-0.7543049356516909,-0.8771524678258454,-0.9385762339129227,0.030711883043538668,0.5153559415217693,-0.24232202923911533,-0.6211610146195576,-0.8105805073097788,0.09470974634511059,0.5473548731725553,-0.22632256341372237,-0.6131612817068612,0.19341935914656938,-0.4032903204267153,0.29835483978664235,0.6491774198933211,0.8245887099466606,0.9122943549733302,0.9561471774866651,0.9780735887433325,-0.01096320562833375,0.4945183971858331,0.7472591985929166,0.8736295992964582,-0.06318520035177089,0.46840739982411456,-0.26579630008794275,-0.6328981500439714,0.18355092497801428,-0.40822453751099286,0.29588773124450357,0.6479438656222518,0.8239719328111259,-0.08801403359443705,-0.5440070167972185,-0.7720035083986092,0.1139982458006954,-0.4430008770996523,0.27849956145017385,0.639249780725087,-0.1803751096374565,-0.5901875548187283,0.20490622259063584,0.602453111295318,-0.198773444352341,-0.5993867221761705,-0.7996933610880852,0.1001533194559574,-0.4499233402720213,0.27503832986398935,-0.3624808350680053,0.31875958246599734,0.6593797912329986,-0.1703101043835007,0.41484494780824965,0.7074224739041248,-0.1462887630479376,-0.5731443815239687,-0.7865721907619844,-0.8932860953809922,0.05335695230950388,-0.47332152384524806,0.26333923807737597,-0.368330380961312,-0.684165190480656,0.15791740475967198,-0.421041297620164,0.28947935118991797,-0.355260324405041,0.3223698377974795,0.6611849188987398,0.8305924594493699,-0.08470377027531506,0.45764811486234247,-0.27117594256882877,0.36441202871558565,0.6822060143577928,-0.1588969928211036,-0.5794484964105517,0.21027575179472413,-0.39486212410263793,-0.697431062051319,-0.8487155310256596,-0.9243577655128298,0.03782111724358511,-0.4810894413782074,-0.7405447206891037,0.12972763965544815,-0.43513618017227595,0.282431909913862,0.641215954956931,-0.17939202252153452,-0.5896960112607672,0.2051519943696164,0.6025759971848081,0.8012879985924041,-0.09935600070379796,-0.549678000351899,0.22516099982405052,0.6125804999120252,-0.19370975004398738,-0.5968548750219937,-0.7984274375109969,-0.8992137187554985,0.050393140622250754,-0.4748034296888746,-0.7374017148444373,0.13129914257778136,0.5656495712888907,-0.21717521435555465,-0.6085876071777774,0.1957061964111113,-0.40214690179444434,0.2989265491027778,-0.3505367254486111,0.32473163727569443,0.6623658186378472,0.8311829093189236,-0.08440854534053821,0.4577957273297309,-0.2711021363351346,-0.6355510681675673,0.18222446591621633,-0.40888776704189184,-0.7044438835209459,0.14777805823952705,0.5738890291197636,0.7869445145598818,0.893472257279941,0.9467361286399705,0.9733680643199852,0.9866840321599926,0.9933420160799963,-0.003328991960001859,-0.501664495980001,0.24916775200999952,0.6245838760049998,-0.18770806199750012,0.40614596900124994,0.7030729845006249,0.8515364922503125,0.9257682461251562,-0.03711587693742191,0.48144206153128905,0.7407210307656446,0.8703605153828222,0.9351802576914111,-0.032409871154294445,0.4837950644228528,0.7418975322114264,0.8709487661057131,-0.06452561694714343,0.4677371915264283,-0.26613140423678583,-0.633065702118393,0.18346714894080351,-0.40826642552959824,0.2958667872352009,0.6479333936176004,0.8239666968088002,-0.0880166515955999,0.45599167420220005,-0.27200416289889995,0.36399791855055,0.681998959275275,0.8409994796376374,0.9204997398188187,-0.03975013009059064,-0.5198750650452953,0.24006246747735233,-0.3799687662613238,-0.6899843831306619,-0.8449921915653309,0.07750390421733455,0.5387519521086672,0.7693759760543336,0.8846879880271667,-0.057656005986416625,-0.5288280029932083,-0.7644140014966041,0.11779299925169795,0.558896499625849,0.7794482498129245,0.8897241249064622,-0.05513793754676888,0.47243103122661556,0.7362155156133078,0.8681077578066538,0.9340538789033269,0.9670269394516635,0.9835134697258318,-0.008243265137084121,0.49587836743145797,0.747939183715729,-0.1260304081421355,0.43698479592893225,-0.2815076020355339,-0.6407538010177669,0.17962309949111654,0.5898115497455583,0.7949057748727791,0.8974528874363896,0.9487264437181948,-0.025636778140902594,0.4871816109295487,-0.25640919453522565,0.3717954027323872,-0.3141022986338064,0.3429488506830968,0.6714744253415483,0.8357372126707742,0.9178686063353871,-0.04106569683230643,-0.5205328484161532,0.2397335757919234,0.6198667878959617,0.8099333939479809,-0.09503330302600954,0.45248334848699523,0.7262416742434976,-0.1368791628782512,-0.5684395814391257,-0.7842197907195628,-0.8921098953597815,0.053945052320109266,0.5269725261600546,-0.23651373691997268,-0.6182568684599863,-0.8091284342299931,0.09543578288500343,-0.4522821085574983,0.27385894572125086,-0.3630705271393746,0.3184647364303127,0.6592323682151564,-0.1703838158924218,-0.5851919079462109,0.20740404602689455,0.6037020230134473,-0.19814898849327633,0.40092550575336183,0.7004627528766809,-0.14976862356165954,0.42511568821917023,0.7125578441095851,-0.14372107794520744,0.4281394610273963,-0.28593026948630185,-0.6429651347431509,0.17851743262842457,0.5892587163142122,-0.2053706418428939,0.39731467907855306,0.6986573395392766,0.8493286697696383,-0.07533566511518086,0.46233216744240957,-0.2688339162787952,0.3655830418606024,0.6827915209303013,-0.15860423953484937,-0.5793021197674246,-0.7896510598837123,0.10517447005814384,0.5525872350290719,-0.22370638248546404,0.388146808757268,-0.30592659562136604,-0.652963297810683,-0.8264816489053415,-0.9132408244526707,0.04337958777366463,0.5216897938868323,0.7608448969434162,0.880422448471708,-0.059788775764145985,-0.529894387882073,-0.7649471939410365,0.11752640302948175,-0.4412367984852591,0.27938160075737045,-0.3603091996213148,0.3198454001893426,-0.3400772999053287,0.3299613500473356,0.6649806750236678,-0.16750966248816612,0.41624516875591694,0.7081225843779585,-0.14593870781102075,-0.5729693539055104,-0.7864846769527551,-0.8932423384763776,-0.9466211692381887,0.026689415380905634,-0.4866552923095472,0.2566723538452264,0.6283361769226132,-0.18583191153869338,-0.5929159557693466,-0.7964579778846733,0.10177101105766334,0.5508855055288316,0.7754427527644159,-0.11227862361779206,-0.556139311808896,0.221930344095552,0.610965172047776,0.805482586023888,-0.097258706988056,-0.548629353494028,-0.7743146767470139,0.11284266162649303,0.5564213308132465,-0.22178933459337674,0.3891053327033116,-0.3054473336483442,-0.652723666824172,0.17363816658791398,0.586819083293957,-0.20659045835302148,-0.6032952291765108,0.1983523854117446,0.5991761927058723,0.7995880963529362,-0.10020595182353192,0.44989702408823407,-0.27505148795588297,0.3624742560220585,-0.31876287198897074,0.3406185640055146,0.6703092820027573,-0.16484535899862135,0.4175773205006893,0.7087886602503446,0.8543943301251723,0.9271971650625861,0.963598582531293,0.9817992912656466,0.9908996456328233,-0.004550177183588355,0.49772491140820585,0.7488624557041029,-0.12556877214794854,-0.5627843860739743,-0.7813921930369871,-0.8906960965184936,-0.9453480482592468,-0.9726740241296234,0.013662987935188275,-0.49316850603240586,-0.7465842530162029,-0.8732921265081015,-0.9366460632540508,-0.9683230316270254,-0.9841615158135126,-0.9920807579067563,-0.9960403789533782,0.001979810523310921,0.5009899052616554,0.7504949526308278,0.8752474763154139,0.9376237381577069,0.9688118690788534,0.9844059345394267,-0.007797032730286646,-0.5038985163651433,0.24805074181742837,0.6240253709087142,0.8120126854543571,0.9060063427271785,-0.04699682863641075,0.4765015856817946,-0.26174920715910266,-0.6308746035795514,0.1845626982102243,-0.40771865089488785,-0.7038593254474439,0.14807033727627805,0.5740351686381391,-0.21298241568093046,0.39350879215953477,0.6967543960797674,-0.1516228019601163,-0.5758114009800581,-0.7879057004900291,0.10604714975498547,0.5530235748774928,-0.22348821256125362,0.3882558937193732,0.6941279468596866,-0.1529360265701567,0.42353198671492165,-0.2882340066425392,0.3558829966787304,0.6779414983393652,-0.16102925083031738,0.4194853745848413,0.7097426872924206,0.8548713436462103,0.9274356718231052,0.9637178359115526,0.9818589179557763,0.9909294589778881,0.995464729488944,0.997732364744472,-0.0011338176277639889,-0.500566908813882,0.249716545593059,0.6248582727965295,0.8124291363982648,-0.09378543180086762,0.4531072840995662,0.7265536420497831,-0.13672317897510844,-0.5683615894875542,0.2158192052562229,0.6079096026281114,0.8039548013140557,-0.09802259934297214,-0.5490112996714861,-0.774505649835743,0.1127471750821285,-0.44362641245893575,-0.7218132062294679,0.13909339688526606,-0.43045330155736694,-0.7152266507786835,-0.8576133253893418,-0.9288066626946709,0.03559666865266453,-0.48220166567366773,-0.7411008328368338,-0.8705504164184169,0.06472479179079155,-0.4676376041046042,-0.7338188020523021,-0.8669094010261511,0.06654529948692445,-0.4667273502565378,-0.7333636751282688,0.13331816243586558,-0.4333409187820672,-0.7166704593910336,-0.8583352296955168,-0.9291676148477583,-0.9645838074238792,-0.9822919037119395,0.008854048144030235,0.5044270240720151,0.7522135120360076,0.8761067560180038,-0.061946621990998096,0.46902668900450095,0.7345133445022505,-0.13274332774887476,-0.5663716638744374,-0.7831858319372187,-0.8915929159686093,0.05420354201569533,0.5271017710078476,0.7635508855039238,0.881775442751962,-0.05911227862401902,0.4704438606879905,0.7352219303439953,0.8676109651719977,0.9338054825859988,0.9669027412929994,-0.01654862935350032,-0.5082743146767501,-0.754137157338375,-0.8770685786691875,-0.9385342893345938,-0.9692671446672969,-0.9846335723336485,-0.9923167861668243,-0.9961583930834121,-0.9980791965417061,-0.9990395982708531,0.00048020086457345457,0.5002401004322867,0.7501200502161434,-0.12493997489192832,-0.5624699874459642,-0.7812349937229821,-0.890617496861491,0.05469125156925447,-0.47265437421537276,0.2636728128923136,-0.3681635935538432,-0.6840817967769216,-0.8420408983884609,-0.9210204491942304,-0.9605102245971152,0.019744887701442393,0.5098724438507212,-0.24506377807463942,0.3774681109626803,0.6887340554813401,0.8443670277406701,0.922183513870335,0.9610917569351676,-0.019454121532416213,-0.5097270607662081,-0.754863530383104,-0.877431765191552,0.061284117404224014,0.530642058702112,-0.234678970648944,-0.617339485324472,-0.808669742662236,0.095665128668882,-0.452167435665559,-0.7260837178327795,0.13695814108361026,0.5684790705418051,0.7842395352709026,-0.10788023236454869,0.44605988381772566,0.7230299419088628,0.8615149709544314,-0.0692425145227843,-0.5346212572613922,-0.7673106286306961,-0.883655314315348,-0.941827657157674,0.029086171421162987,0.5145430857105815,0.7572715428552907,-0.12136422857235463,0.4393178857138227,-0.28034105714308866,0.35982947142845567,0.6799147357142279,0.839957367857114,0.919978683928557,0.9599893419642784,-0.020005329017860785,-0.5100026645089304,0.2449986677455348,-0.3775006661272326,-0.6887503330636163,0.15562483346819184,0.5778124167340959,-0.21109379163295205,0.394453104183524,0.697226552091762,-0.151386723954119,0.4243066380229405,-0.2878466809885297,0.35607665950573514,-0.3219616702471324,-0.6609808351235662,-0.8304904175617831,0.08475479121910845,-0.4576226043904458,0.2711886978047771,-0.36440565109761147,0.31779717445119426,-0.34110141277440287,-0.6705507063872014,0.1647246468063993,-0.41763767659680034,-0.7088188382984002,0.1455905808507999,-0.42720470957460005,0.28639764521269995,0.64319882260635,0.821599411303175,0.9107997056515875,0.9553998528257938,0.9776999264128969,-0.011150036793551532,-0.5055750183967758,-0.7527875091983879,-0.876393754599194,0.061803122700403,-0.4690984386497985,0.26545078067510075,0.6327253903375504,0.8163626951687752,0.9081813475843876,0.9540906737921938,0.977045336896097,0.9885226684480485,0.9942613342240243,-0.002869332887987852,0.4985653335560061,-0.25071733322199696,0.3746413333890015,-0.31267933330549924,0.3436603333472504,-0.32816983332637484,0.3359150833368126,0.6679575416684063,0.8339787708342031,0.9169893854171016,0.9584946927085508,0.9792473463542755,-0.01037632682286227,0.49481183658856887,0.7474059182942845,-0.12629704085285776,-0.5631485204264288,-0.7815742602132144,0.1092128698933928,0.5546064349466964,-0.22269678252665182,-0.611348391263326,0.19432580436833702,-0.4028370978158315,0.2985814510920842,0.6492907255460421,0.824645362773021,0.9123226813865105,0.9561613406932552,0.9780806703466276,0.9890403351733138,-0.0054798324133431,0.4972600837933284,0.7486300418966643,0.8743150209483321,0.9371575104741661,0.968578755237083,-0.015710622381458483,-0.5078553111907292,0.24607234440463538,0.6230361722023177,0.8115180861011588,0.9057590430505794,0.9528795215252897,0.9764397607626448,-0.011780119618677587,0.49410994019066123,-0.2529450299046694,0.3735274850476653,-0.31323625747616735,-0.6566181287380837,-0.8283090643690418,-0.9141545321845209,-0.9570772660922604,0.021461366953869798,0.510730683476935,0.7553653417384675,0.8776826708692338,0.9388413354346169,0.9694206677173085,-0.015289666141345748,0.4923551669293271,-0.25382241653533644,0.3730887917323318,-0.3134556041338341,-0.656727802066917,-0.8283639010334585,-0.9141819505167292,-0.9570909752583646,-0.9785454876291824,0.010727256185408818,0.5053636280927044,0.7526818140463523,0.8763409070231761,0.938170453511588,-0.030914773244205995,0.484542613377897,0.7422713066889485,-0.12886434665552576,0.43556782667223715,0.7177839133361186,-0.1411080433319407,0.42944597833402964,0.7147229891670148,-0.1426385054164926,0.4286807472917537,0.7143403736458769,0.8571701868229384,0.9285850934114692,0.9642925467057346,-0.017853726647132695,-0.5089268633235664,0.2455365683382168,0.6227682841691085,-0.18861585791544577,0.4056920710422771,-0.29715396447886144,-0.6485769822394307,0.17571150888028464,-0.4121442455598577,0.2939278772200712,-0.3530360613899644,-0.6765180306949822,-0.8382590153474911,0.08087049232625443,0.5404352461631272,0.7702176230815636,0.8851088115407818,-0.0574455942296091,-0.5287227971148045,-0.7643613985574023,0.11781930072129887,0.5589096503606494,0.7794548251803247,0.8897274125901624,-0.05513629370491879,-0.5275681468524593,-0.7637840734262297,-0.8818920367131149,-0.9409460183565574,0.029526990821721277,0.5147634954108606,0.7573817477054303,0.8786908738527152,0.9393454369263576,0.9696727184631788,0.9848363592315894,-0.007581820384205296,-0.5037909101921026,-0.7518954550960513,0.12405227245197437,-0.4379738637740128,0.2810130681129936,0.6405065340564968,-0.1797467329717516,-0.5898733664858757,-0.7949366832429379,0.10253165837853107,-0.44873417081073447,-0.7243670854053672,0.1378164572973164,0.5689082286486582,-0.2155458856756709,-0.6077729428378355,0.19611352858108227,0.5980567642905411,0.7990283821452706,0.8995141910726353,-0.05024290446368235,0.47487854776815885,-0.2625607261159206,0.3687196369420397,-0.31564018152898016,0.3421799092355099,0.6710899546177549,-0.16445502269112255,0.4177724886544387,-0.29111375567278064,0.3544431221636097,-0.32277843891819513,-0.6613892194590976,0.16930539027045122,-0.4153473048647744,0.2923263475676128,-0.3538368262161936,-0.6769184131080968,0.16154079344595162,0.5807703967229758,-0.2096148016385121,0.39519259918074395,-0.30240370040962805,-0.651201850204814,0.174399074897593,0.5871995374487965,-0.20640023127560175,0.39679988436219915,0.6983999421810996,0.8491999710905498,0.9245999855452749,0.9622999927726374,0.9811499963863187,0.9905749981931593,0.9952874990965797,0.9976437495482898,0.9988218747741449,-0.0005890626129275711,0.4997054686935362,0.7498527343467681,-0.12507363282661593,-0.562536816413308,-0.781268408206654,-0.890634204103327,-0.9453171020516635,-0.9726585510258318,-0.9863292755129158,0.006835362243542087,-0.49658231887822896,-0.7482911594391145,0.12585442028044275,-0.4370727898597786,-0.7185363949298893,-0.8592681974649446,-0.9296340987324723,0.035182950633763865,-0.48240852468311807,-0.741204262341559,0.1293978688292205,-0.4353010655853897,-0.7176505327926949,0.14117473360365257,-0.4294126331981737,-0.7147063165990868,-0.8573531582995434,0.0713234208502283,-0.4643382895748859,-0.732169144787443,0.1339154276062785,0.5669577138031392,-0.2165211430984304,-0.6082605715492152,0.1958697142253924,0.5979348571126962,-0.2010325714436519,-0.6005162857218259,-0.800258142860913,0.0998709285695435,0.5499354642847718,-0.2250322678576141,-0.612516133928807,-0.8062580669644035,0.09687096651779825,0.5484354832588991,-0.22578225837055044,-0.6128911291852752,0.1935544354073624,0.5967772177036812,0.7983886088518406,-0.1008056955740797,0.44959715221296015,-0.2752014238935199,0.36239928805324007,0.68119964402662,0.84059982201331,0.920299911006655,-0.03985004449667251,-0.5199250222483363,0.24003748887583187,-0.37998125556208406,-0.689990627781042,-0.8449953138905211,-0.9224976569452605,-0.9612488284726303,0.019375585763684866,-0.4903122071181576,0.2548438964409212,0.6274219482204606,-0.1862890258897697,0.40685548705511515,-0.29657225647244245,-0.6482861282362212,-0.8241430641181107,-0.9120715320590553,0.04396423397047233,0.5219821169852361,0.760991058492618,-0.11950447075369097,-0.5597522353768455,-0.7798761176884228,0.1100619411557886,-0.4449690294221057,-0.7224845147110528,-0.8612422573555264,0.0693788713222368,-0.4653105643388816,-0.7326552821694408,-0.8663276410847204,-0.9331638205423602,0.03341808972881988,-0.48329095513559006,0.25835452243220497,0.6291772612161025,-0.18541136939194874,-0.5927056846959744,-0.7963528423479872,-0.8981764211739935,-0.9490882105869968,-0.9745441052934984,0.01272794735325078,-0.4936360263233746,-0.7468180131616873,0.12659099341915636,-0.4367045032904218,0.2816477483547891,-0.35917612582260544,0.3204119370886973,-0.33979403145565135,0.3301029842721743,-0.33494850786391284,-0.6674742539319565,0.16626287303402176,-0.4168685634829891,-0.7084342817414946,-0.8542171408707473,-0.9271085704353736,0.03644571478231318,0.5182228573911566,0.7591114286955782,-0.12044428565221088,-0.5602221428261054,-0.7801110714130527,-0.8900555357065263,-0.9450277678532631,0.027486116073368427,-0.4862569419633158,-0.7431284709816579,0.12843576450917105,-0.4357821177454145,-0.7178910588727072,-0.8589455294363536,-0.9294727647181769,0.03526361764091157,-0.4823681911795442,0.2588159044102279,0.6294079522051139,0.814703976102557,0.9073519880512785,-0.04632400597436076,0.4768379970128196,0.7384189985064098,0.8692094992532049,-0.06539525037339755,0.4673023748133012,-0.2663488125933494,0.3668255937033253,-0.3165872031483373,0.34170639842583134,-0.32914680078708436,-0.6645734003935422,-0.8322867001967711,-0.9161433500983855,-0.9580716750491928,-0.9790358375245964,0.010482081237701779,-0.4947589593811491,0.25262052030942544,0.6263102601547127,-0.18684486992264365,0.40657756503867815,0.703288782519339,-0.1483556087403305,-0.5741778043701653,-0.7870889021850827,-0.8935444510925413,-0.9467722255462707,-0.9733861127731354,0.01330694361343232,-0.49334652819328384,0.2533267359033581,-0.37333663204832096,-0.6866683160241605,-0.8433341580120802,0.07833292099395989,0.5391664604969799,-0.23041676975151004,-0.615208384875755,-0.8076041924378775,0.09619790378106124,-0.4519010481094694,0.2740494759452653,-0.36297526202736735,-0.6814876310136837,0.15925618449315815,-0.4203719077534209,-0.7101859538767105,-0.8550929769383553,0.07245351153082236,-0.4637732442345888,0.2681133778827056,-0.3659433110586472,-0.6829716555293236,-0.8414858277646617,-0.9207429138823309,-0.9603714569411654,-0.9801857284705827,-0.9900928642352913,0.004953567882354348,0.5024767839411772,-0.24876160802941139,-0.6243808040147056,-0.8121904020073528,-0.9060952010036765,-0.9530476005018382,0.023476199749080884,0.5117380998745404,-0.24413095006272978,-0.6220654750313649,0.18896726248431756,-0.40551636875784125,-0.7027581843789206,-0.8513790921894603,0.07431045390526986,-0.46284477304736504,-0.7314223865236825,-0.8657111932618413,-0.9328555966309207,0.03357220168453967,0.5167861008422698,0.7583930504211349,0.8791965252105675,0.9395982626052837,0.9697991313026418,-0.015100434348679082,-0.5075502171743396,-0.7537751085871698,0.12311244570641511,0.5615562228532076,0.7807781114266038,-0.1096109442866981,0.4451945278566509,-0.27740273607167454,0.36129863196416273,-0.31935068401791866,-0.6596753420089594,0.1701623289955203,0.5850811644977602,0.79254058224888,0.89627029112444,0.94813514556222,-0.025932427218889997,0.487033786390555,0.7435168931952775,-0.12824155340236126,0.43587922329881934,0.7179396116494097,-0.14103019417529516,-0.5705150970876476,0.2147424514561762,0.6073712257280881,-0.19631438713595595,0.401842806432022,0.700921403216011,-0.14953929839199448,-0.5747696491959973,0.21261517540200137,0.6063075877010007,0.8031537938505003,0.9015768969252502,-0.04921155153737489,-0.5246057757686875,0.23769711211565625,0.6188485560578281,-0.19057572197108597,-0.595287860985543,0.2023560695072285,0.6011780347536142,0.8005890173768071,0.9002945086884035,-0.049852745655798225,0.4750736271721009,-0.26246318641394956,-0.6312315932069748,-0.8156157966034874,0.09219210169825631,0.5460960508491282,0.7730480254245641,-0.11347598728771796,0.443262006356141,-0.2783689968219295,-0.6391844984109647,-0.8195922492054823,-0.9097961246027412,0.04510193769862941,0.5225509688493147,-0.23872451557534263,-0.6193622577876713,0.19031887110616436,0.5951594355530822,-0.20242028222345892,0.39878985888827057,0.6993949294441353,-0.15030253527793236,-0.5751512676389662,-0.787575633819483,0.10621218309025848,0.5531060915451292,-0.22344695422743538,-0.6117234771137177,0.19413826144314117,-0.4029308692784294,-0.7014654346392147,0.14926728268039263,0.5746336413401963,-0.21268317932990183,-0.6063415896649509,0.19682920516752456,-0.4015853974162377,-0.7007926987081189,-0.8503963493540594,-0.9251981746770297,-0.9625990873385148,0.018700456330742576,0.5093502281653712,-0.24532488591731438,-0.6226624429586571,0.18866877852067143,0.5943343892603357,-0.20283280536983217,-0.601416402684916,0.19929179865754199,0.599645899328771,-0.2001770503356145,-0.6000885251678072,0.1999557374160964,0.5999778687080481,-0.20001106564597593,0.39999446717701204,-0.300002766411494,-0.650001383205747,-0.8250006916028735,0.08749965419856326,0.5437498270992817,0.7718749135496408,-0.11406254322517961,0.4429687283874102,0.7214843641937051,-0.13925781790314745,-0.5696289089515737,0.21518554552421315,-0.39240722723789345,-0.6962036136189467,-0.8481018068094733,0.07594909659526333,-0.4620254517023683,-0.7310127258511842,0.13449363707440792,0.5672468185372039,-0.21637659073139803,-0.608188295365699,0.19590585231715052,0.5979529261585752,-0.2010235369207124,-0.6005117684603563,0.19974411576982187,0.5998720578849109,-0.20006397105754453,-0.6000319855287722,-0.8000159927643862,-0.9000079963821931,0.049996001808903456,-0.4750019990955483,-0.7375009995477741,0.13124950022611293,-0.43437524988694354,-0.7171876249434718,-0.8585938124717358,-0.9292969062358679,-0.964648453117934,0.017675773441032994,0.5088378867205166,-0.24558105663974172,-0.6227905283198709,0.18860473584006454,0.5943023679200323,-0.20284881603998384,-0.601424408019992,0.199287795990004,0.5996438979950021,-0.20017805100249897,-0.6000890255012494,0.19995548724937529,-0.40002225637531236,-0.7000111281876562,0.1499944359061719,0.574997217953086,-0.212501391023457,-0.6062506955117285,-0.8031253477558642,-0.9015626738779321,0.04921866306103395,0.5246093315305169,-0.23769533423474154,0.38115233288262923,-0.3094238335586854,0.3452880832206573,-0.32735595838967135,-0.6636779791948357,-0.8318389895974179,0.08408050520129107,0.5420402526006456,0.7710201263003228,-0.1144899368498386,0.44275503157508067,-0.27862248421245966,-0.6393112421062298,-0.819655621053115,-0.9098278105265575,-0.9549139052632787,-0.9774569526316393,-0.9887284763158197,0.005635761842090137,0.5028178809210451,-0.24859105953947747,-0.6242955297697388,-0.8121477648848694,0.0939261175575653,-0.45303694122121735,-0.7265184706106087,-0.8632592353053044,-0.9316296176526522,-0.9658148088263261,0.017092595586836956,-0.4914537022065815,-0.7457268511032907,-0.8728634255516454,0.06356828722417729,0.5317841436120887,-0.23410792819395565,0.3829460359030222,-0.30852698204848894,0.34573650897575553,0.6728682544878778,-0.1635658727560611,0.4182170636219694,0.7091085318109847,0.8545542659054923,0.9272771329527462,-0.03636143352362692,0.48181928323818657,0.7409096416190932,0.8704548208095466,-0.06477258959522669,0.46761370520238665,0.7338068526011934,0.8669034263005967,0.9334517131502984,-0.0332741434248508,-0.5166370717124253,0.24168146414378733,0.6208407320718936,-0.1895796339640532,0.4052101830179734,0.7026050915089868,-0.14869745424550662,-0.5743487271227533,-0.7871743635613766,0.1064128182193117,0.5532064091096558,0.7766032045548279,-0.11169839772258605,0.444150801138707,0.7220754005693535,0.8610377002846767,-0.06948114985766163,-0.5347405749288308,-0.7673702874644154,-0.8836851437322077,-0.9418425718661039,0.029078714066948064,0.514539357033474,-0.242730321483263,-0.6213651607416315,-0.8106825803708158,-0.9053412901854079,0.04732935490729606,-0.47633532254635197,0.261832338726824,0.630916169363412,0.815458084681706,0.907729042340853,-0.04613547882957347,-0.5230677394147867,0.23846613029260666,-0.38076693485369667,-0.6903834674268483,0.15480826628657585,0.577404133143288,-0.211297933428356,0.394351033285822,-0.302824483357089,0.3485877583214555,-0.32570612083927225,0.3371469395803639,0.668573469790182,0.834286734895091,0.9171433674475455,0.9585716837237728,0.9792858418618864,-0.010357079069056807,-0.5051785395345284,0.2474107302327358,-0.37629463488363213,-0.688147317441816,-0.844073658720908,0.077963170639546,0.538981585319773,0.7694907926598865,-0.11525460367005674,0.4423726981649716,-0.2788136509175142,0.3605931745412429,-0.3197034127293785,-0.6598517063646893,0.17007414681765537,0.5850370734088277,-0.20748146329558614,-0.6037407316477931,0.19812963417610346,0.5990648170880517,-0.20046759145597415,-0.6002337957279871,-0.8001168978639935,0.09994155106800323,0.5499707755340016,-0.22501461223299918,-0.6125073061164996,-0.8062536530582498,-0.9031268265291249,-0.9515634132645625,0.024218293367718746,0.5121091466838594,-0.24394542665807029,0.37802728667096486,0.6890136433354824,-0.15549317833225879,0.4222534108338706,0.7111267054169352,0.8555633527084676,0.9277816763542338,-0.036109161822883096,-0.5180545809114415,-0.7590272904557207,-0.8795136452278604,-0.9397568226139301,-0.9698784113069651,-0.9849392056534825,-0.9924696028267412,-0.9962348014133706,-0.9981174007066853,-0.9990587003533427,-0.9995293501766713,-0.9997646750883357,0.00011766245583216817,0.5000588312279161,0.750029415613958,-0.12498529219302101,0.4375073539034895,-0.28124632304825525,0.3593768384758724,-0.3203115807620638,-0.6601557903810319,0.16992210480948405,0.584961052404742,-0.20751947379762897,0.39624026310118554,0.6981201315505927,-0.15093993422470364,0.4245300328876482,0.7122650164438241,0.856132508221912,-0.071933745889044,-0.5359668729445219,-0.767983436472261,-0.8839917182361305,0.05800414088193473,0.5290020704409674,-0.23549896477951632,0.38225051761024187,-0.30887474119487907,-0.6544373705974396,-0.8272186852987198,-0.9136093426493599,-0.95680467132468,0.021597664337660027,0.51079883216883,0.7553994160844151,-0.12230029195779246,-0.5611501459788962,-0.7805750729894481,-0.890287536494724,-0.945143768247362,0.027428115876318993,0.5137140579381595,-0.24314297103092025,0.37842851448453985,-0.3107857427577301,0.34460712862113496,-0.3276964356894325,-0.6638482178447163,-0.8319241089223581,-0.9159620544611791,-0.9579810272305895,0.021009486384705234,0.5105047431923526,0.7552523715961763,0.8776261857980882,0.9388130928990441,-0.030593453550477934,-0.515296726775239,-0.7576483633876194,-0.8788241816938097,-0.9394120908469048,0.0302939545765476,-0.4848530227117262,0.25757348864413687,-0.37121325567793156,-0.6856066278389658,-0.8428033139194828,0.07859834304025859,-0.4607008284798707,0.26964958576006465,0.6348247928800324,-0.18258760355998382,-0.5912938017799919,0.20435309911000404,-0.397823450444998,0.301088274777501,0.6505441373887505,0.8252720686943753,-0.08736396565281235,0.4563180171735938,-0.27184099141320306,-0.6359204957066016,0.1820397521466992,0.5910198760733496,0.7955099380366748,-0.1022450309816626,-0.5511225154908312,0.22443874225458438,0.6122193711272922,0.806109685563646,0.903054842781823,0.9515274213909115,0.9757637106954558,0.9878818553477279,-0.006059072326136061,0.496970463836932,0.748485231918466,0.874242615959233,0.9371213079796166,-0.031439346010191715,-0.5157196730050959,-0.757859836502548,-0.878929918251274,-0.939464959125637,0.030267520437181505,-0.48486623978140925,0.2575668801092954,0.6287834400546477,0.8143917200273239,-0.09280413998633807,0.45359793000683096,-0.27320103499658455,0.3633994825017077,-0.31830025874914614,0.34084987062542693,-0.32957506468728653,-0.6647875323436433,-0.8323937661718217,0.08380311691408915,0.5419015584570446,-0.2290492207714777,-0.6145246103857389,0.19273769480713054,-0.40363115259643473,-0.7018155762982173,0.14909221185089133,-0.42545389407455436,0.2872730529627228,0.6436365264813614,-0.1781817367593193,-0.5890908683796596,-0.7945454341898298,-0.8972727170949149,0.051363641452542574,-0.4743181792737287,0.2628409103631356,-0.3685795448184322,-0.6842897724092161,-0.842144886204608,-0.9210724431023041,0.039463778448847964,0.519731889224424,-0.24013405538778798,0.379932972306106,-0.310033513846947,-0.6550167569234735,0.17249162153826325,-0.4137541892308684,-0.7068770946154341,-0.8534385473077171,-0.9267192736538585,-0.9633596368269293,0.018320181586535367,-0.4908399092067323,0.2545800453966338,0.6272900226983169,0.8136450113491585,0.9068225056745792,0.9534112528372896,0.9767056264186448,0.9883528132093224,-0.0058235933953387775,0.4970882033023306,-0.2514558983488347,-0.6257279491744173,-0.8128639745872086,0.0935680127063957,-0.45321599364680215,-0.726607996823401,0.13669600158829948,-0.4316519992058503,-0.7158259996029251,-0.8579129998014625,0.07104350009926874,-0.46447824995036563,-0.7322391249751828,0.13388043751240858,-0.43305978124379574,-0.7165298906218979,-0.858264945310949,-0.9291324726554745,-0.9645662363277372,-0.9822831181638686,0.008858440918065702,0.5044292204590328,0.7522146102295164,-0.1238926948852418,-0.561946347442621,0.21902682627868952,-0.39048658686065524,-0.6952432934303276,0.15237835328483618,-0.4238108233575819,0.28809458832120904,-0.3559527058393955,0.3220236470803023,-0.33898817645984886,0.3305059117700756,-0.3347470441149622,0.33262647794251887,0.6663132389712594,-0.1668433805143703,0.41657830974281485,0.7082891548714074,-0.1458554225642963,-0.5729277112821481,0.21353614435892593,-0.39323192782053706,0.30338403608973147,-0.34830798195513424,0.3258460090224329,0.6629230045112164,-0.16853849774439178,0.4157307511278041,0.707865375563902,0.8539326877819511,0.9269663438909755,-0.03651682805451223,-0.5182584140272561,0.24087079298637193,-0.37956460350681404,0.31021769824659295,0.6551088491232965,-0.17244557543835176,-0.5862227877191759,0.20688860614041205,-0.396555696929794,-0.698277848464897,-0.8491389242324485,0.07543053788377574,0.5377152689418878,0.7688576344709439,-0.11557118276452805,0.442214408617736,-0.278892795691132,0.360553602154434,0.680276801077217,-0.1598615994613915,-0.5799307997306957,0.21003460013465214,0.605017300067326,-0.197491349966337,0.4012543250168315,-0.2993728374915843,0.35031358125420786,-0.32484320937289607,-0.6624216046864481,-0.8312108023432241,0.08439459882838796,0.5421972994141939,-0.22890135029290304,-0.6144506751464516,-0.8072253375732258,0.0963873312133871,0.5481936656066936,-0.2259031671966532,-0.6129515835983266,0.1935242082008367,-0.40323789589958164,0.29838105205020915,-0.3508094739748954,0.32459526301255226,0.6622976315062761,0.831148815753138,0.9155744078765691,0.9577872039382845,0.9788936019691423,0.9894468009845712,-0.005276599507714419,-0.5026382997538572,0.2486808501230714,-0.3756595749384643,-0.6878297874692322,0.1560851062653839,0.5780425531326919,-0.21097872343365404,-0.605489361716827,-0.8027446808584136,0.09862765957079322,-0.4506861702146034,0.2746569148926983,-0.36267154255365086,0.31866422872317457,-0.3406678856384127,0.32966605718079367,-0.33516697140960316,-0.6675834857048015,0.16620825714759924,0.5831041285737997,0.7915520642868998,-0.10422396785655008,0.44788801607172496,-0.27605599196413755,-0.6380279959820687,0.18098600200896564,-0.4095069989955172,-0.7047534994977586,0.14762325025112072,0.5738116251255604,-0.2130941874372198,0.39345290628139007,-0.30327354685930497,-0.6516367734296524,0.1741816132851738,-0.4129091933574131,-0.7064545966787066,0.1467727016606467,0.5733863508303234,0.7866931754151617,0.8933465877075808,0.9466732938537904,0.9733366469268951,-0.013331676536552428,0.4933341617317238,-0.25333291913413813,-0.626666459567069,0.1866667702164655,0.5933333851082327,-0.20333330744588363,0.3983333462770582,-0.3008333268614709,-0.6504166634307355,-0.8252083317153678,-0.9126041658576839,-0.956302082928842,-0.978151041464421,-0.9890755207322105,-0.9945377603661052,0.0027311198169474027,-0.4986344400915263,0.2506827799542368,-0.3746586100228816,0.3126706949885592,-0.3436646525057204,-0.6718323262528603,-0.8359161631264301,-0.9179580815632151,-0.9589790407816076,-0.9794895203908038,0.010255239804598082,0.505127619902299,-0.24743619004885048,-0.6237180950244252,-0.8118590475122126,-0.9059295237561062,-0.9529647618780531,0.023517619060973438,-0.4882411904695133,0.25587940476524335,-0.37206029761737835,0.3139698511913108,0.6569849255956555,-0.17150753720217227,-0.5857537686010861,-0.792876884300543,0.10356155784972848,-0.4482192210751358,-0.724109610537568,-0.862054805268784,-0.931027402634392,0.034486298682804006,-0.48275685065859797,-0.741378425329299,-0.8706892126646495,-0.9353446063323247,-0.9676723031661624,0.016163848416918813,-0.49191807579154057,0.2540409621042297,-0.37297951894788517,0.3135102405260574,-0.34324487973697126,-0.6716224398684856,0.1641887800657572,-0.4179056099671214,0.2910471950164393,0.6455235975082196,0.8227617987541098,-0.08861910062294509,-0.5443095503114725,-0.7721547751557363,-0.8860773875778681,-0.9430386937889341,0.028480653105532938,0.5142403265527664,0.7571201632763832,-0.1214399183618084,-0.5607199591809042,-0.7803599795904521,-0.8901799897952261,-0.945089994897613,-0.9725449974488065,0.013727501275596743,0.5068637506377984,-0.2465681246811008,0.3767159376594496,0.6883579688297248,-0.1558210155851376,0.4220894922074312,0.7110447461037156,-0.1444776269481422,-0.5722388134740711,0.21388059326296444,0.6069402966314822,0.8034701483157412,-0.09826492584212942,0.4508675370789353,-0.2745662314605324,-0.6372831157302662,-0.8186415578651332,-0.9093207789325666,-0.9546603894662833,0.022669805266858356,0.5113349026334292,0.7556674513167145,0.8778337256583573,0.9389168628291786,0.9694584314145893,0.9847292157072947,-0.007635392146352671,-0.5038176960731764,-0.7519088480365882,0.1240455759817059,-0.4379772120091471,-0.7189886060045736,-0.8594943030022868,-0.9297471515011434,-0.9648735757505718,0.017563212124714123,0.5087816060623571,-0.24560919696882144,-0.6228045984844107,-0.8114022992422054,0.09429885037889729,0.5471494251894486,0.7735747125947243,0.8867873562973622,-0.05660632185131892,-0.5283031609256594,-0.7641515804628297,0.11792420976858514,-0.44103789511570746,-0.7205189475578537,0.13974052622107314,-0.43012973688946343,-0.7150648684447317,0.14246756577763414,0.5712337828888171,0.7856168914444086,0.8928084457222043,-0.05359577713889785,0.4732021114305511,0.7366010557152756,0.8683005278576378,0.9341502639288188,0.9670751319644094,-0.01646243401779529,-0.5082312170088976,-0.7541156085044488,-0.8770578042522243,-0.9385289021261122,0.030735548936943913,-0.48463222553152807,0.25768388723423596,0.628841943617118,0.814420971808559,0.9072104859042796,0.9536052429521398,-0.023197378523930112,0.48840131073803494,0.7442006553690175,-0.12789967231549126,-0.5639498361577456,0.21802508192112718,0.6090125409605636,0.8045062704802818,0.9022531352401408,-0.04887343237992958,-0.5244367161899648,0.2377816419050176,0.6188908209525088,-0.1905545895237456,0.4047227052381272,0.7023613526190636,0.8511806763095318,0.9255903381547659,0.9627951690773829,0.9813975845386915,0.9906987922693458,0.9953493961346729,0.9976746980673364,-0.0011626509663317797,0.4994186745168341,-0.25029066274158296,0.3748546686292085,0.6874273343146042,-0.15628633284269788,-0.578143166421349,-0.7890715832106745,0.10546420839466275,0.5527321041973314,-0.22363394790133428,-0.6118169739506671,0.19409151302466643,0.5970457565123333,0.7985228782561666,-0.10073856087191668,-0.5503692804359583,-0.7751846402179792,0.11240767989101041,-0.4437961600544948,-0.7218980800272474,0.1390509599863763,-0.43047452000681186,0.28476273999659407,0.642381369998297,0.8211906849991485,-0.08940465750042575,-0.5447023287502128,0.22764883562489358,0.6138244178124468,-0.1930877910937766,-0.5965438955468882,-0.7982719477734441,0.10086402611327794,0.5504320130566389,0.7752160065283195,-0.11239199673584027,-0.5561959983679201,-0.77809799918396,0.11095100040801997,0.5554755002040099,-0.22226224989799503,-0.6111311249489975,0.19443443752550127,0.5972172187627507,0.7986086093813753,-0.10069569530931233,0.5,0.75,0.875,0.9375,-0.03125,-0.515625,0.2421875,0.62109375,-0.189453125,0.4052734375,-0.29736328125,0.351318359375,0.6756591796875,0.83782958984375,0.918914794921875,0.9594573974609375,0.9797286987304688,0.9898643493652344,-0.0050678253173828125,-0.5025339126586914,0.2487330436706543,0.6243665218353271,-0.18781673908233643,0.4060916304588318,0.7030458152294159,-0.14847709238529205,-0.574238546192646,0.212880726903677,0.6064403634518385,-0.19677981827408075,0.4016100908629596,0.7008050454314798,0.8504025227157399,0.92520126135787,0.962600630678935,0.9813003153394675,0.9906501576697337,0.9953250788348669,0.9976625394174334,-0.001168730291283282,-0.5005843651456416,0.24970781742717918,0.6248539087135896,-0.1875730456432052,-0.5937865228216026,-0.7968932614108013,-0.8984466307054007,0.050776684647299675,-0.47461165767635016,0.2626941711618249,0.6313470855809125,-0.18432645720954377,0.4078367713952281,0.7039183856976141,-0.14804080715119294,0.42597959642440353,0.7129897982122018,0.8564948991061009,0.9282474495530504,-0.03587627522347481,0.4820618623882626,0.7410309311941313,0.8705154655970657,-0.06474226720146714,0.46762886639926643,0.7338144331996332,0.8669072165998166,0.9334536082999083,-0.033273195850045845,0.4833634020749771,0.7416817010374885,0.8708408505187443,0.9354204252593721,-0.03228978737031396,0.483855106314843,-0.25807244684257846,0.37096377657871077,0.6854818882893554,-0.1572590558553223,0.42137047207233885,0.7106852360361694,-0.1446573819819153,-0.5723286909909576,0.2138356545045212,0.6069178272522606,0.8034589136261303,0.9017294568130652,0.9508647284065326,0.9754323642032663,0.9877161821016331,0.9938580910508166,0.9969290455254083,0.9984645227627041,-0.0007677386186479285,0.499616130690676,0.7498080653453381,-0.12509596732733097,0.4374520163363345,0.7187260081681672,0.8593630040840836,-0.07031849795795819,0.4648407510210209,-0.2675796244894896,0.3662101877552552,0.6831050938776276,0.8415525469388139,-0.07922372653059306,0.46038813673470347,0.7301940683673518,0.8650970341836759,-0.06745148290816205,-0.533725741454081,0.2331371292729595,-0.38343143536352026,0.3082842823182399,0.65414214115912,-0.17292892942044003,0.41353553528978,0.70676776764489,-0.146616116177555,-0.5733080580887775,0.21334597095561125,-0.3933270145221944,0.30333649273890284,-0.3483317536305486,-0.6741658768152743,0.16291706159236286,-0.4185414692038186,0.29072926539809074,0.6453646326990454,0.8226823163495227,0.9113411581747614,-0.04432942091261932,0.47783528954369037,0.7389176447718452,0.8694588223859225,0.9347294111929613,-0.032635294403519366,0.48368235279824034,-0.2581588236008798,-0.6290794118004399,-0.81453970590022,-0.90726985295011,-0.953634926475055,0.023182536762472505,0.5115912683812363,0.7557956341906181,0.8778978170953091,0.9389489085476546,-0.03052554572617272,0.48473722713691364,-0.25763138643154315,0.3711843067842284,0.6855921533921142,-0.1572039233039429,0.4213980383480286,-0.2893009808259857,0.3553495095870072,-0.3223252452064964,-0.6611626226032482,0.1694186886983759,0.584709344349188,0.792354672174594,0.896177336087297,-0.0519113319563515,0.4740443340218242,0.737022167010912,0.868511083505456,-0.06574445824727199,0.46712777087636403,-0.266436114561818,0.36678194271909104,0.6833909713595455,0.8416954856797727,0.9208477428398864,0.9604238714199431,-0.01978806429002844,0.4901059678549858,-0.25494701607250714,-0.6274735080362536,-0.8137367540181268,-0.9068683770090634,-0.9534341885045317,0.023282905747734173,0.5116414528738671,0.7558207264369335,0.8779103632184668,-0.061044818390766586,0.4694775908046167,-0.26526120459769165,0.3673693977011542,0.6836846988505771,-0.15815765057471143,0.4209211747126443,0.7104605873563221,-0.14476970632183894,0.42761514683908053,0.7138075734195403,0.8569037867097702,0.9284518933548851,0.9642259466774425,-0.017887026661278727,0.49105648666936064,-0.2544717566653197,-0.6272358783326598,-0.8136179391663299,-0.9068089695831649,0.04659551520841754,0.5232977576042088,-0.2383511211978956,0.3808244394010522,-0.30958778029947387,0.34520610985026307,-0.3273969450748685,0.33630152746256575,-0.3318492362687171,0.33407538186564145,0.6670376909328207,-0.16648115453358964,-0.5832405772667948,0.2083797113666026,-0.3958101443166987,0.30209492784165065,0.6510474639208254,-0.17447626803958732,0.41276186598020637,0.7063809329901032,0.8531904664950516,-0.0734047667524742,-0.5367023833762371,0.23164880831188145,0.6158244041559408,0.8079122020779703,0.9039561010389852,0.9519780505194926,-0.02401097474025371,0.48799451262987315,0.7439972563149366,0.8719986281574683,-0.06400068592126584,0.4679996570393671,-0.26600017148031646,0.3669999142598418,0.683499957129921,0.8417499785649605,0.9208749892824802,0.9604374946412402,0.9802187473206201,0.99010937366031,-0.004945313169844978,0.49752734341507754,-0.25123632829246123,-0.6256181641462306,0.1871909179268847,-0.40640454103655765,-0.7032022705182788,0.14839886474086061,0.5741994323704303,-0.21290028381478487,0.39354985809260756,-0.3032250709536962,0.3483874645231519,0.674193732261576,-0.162903133869212,0.418548433065394,0.7092742165326971,0.8546371082663485,0.9273185541331743,-0.03634072293341284,0.4818296385332936,0.7409148192666468,0.8704574096333234,0.9352287048166616,-0.032385647591669176,0.4838071762041654,-0.2580964118979173,0.37095179405104134,0.6854758970255207,0.8427379485127604,-0.0786310257436198,0.4606844871281901,0.730342243564095,-0.13482887821795247,-0.5674144391089763,-0.7837072195544881,0.10814639022275596,0.554073195111378,0.777036597555689,0.8885182987778445,-0.05574085061107775,-0.5278704253055388,0.23606478734723058,0.6180323936736153,0.8090161968368077,-0.09549190158159615,-0.547745950790798,0.226127024604601,0.6130635123023005,0.8065317561511502,-0.09673412192442488,0.45163293903778756,-0.2741835304811062,0.3629082347594469,0.6814541173797235,0.8407270586898618,-0.07963647065506912,0.4601817646724654,-0.2699091176637673,0.3650454411681163,-0.31747727941594184,0.3412613602920291,0.6706306801460146,0.8353153400730073,0.9176576700365037,-0.041171164981748165,0.47941441750912595,0.739707208754563,-0.1301463956227185,0.43492680218864077,0.7174634010943204,0.8587317005471602,0.9293658502735801,-0.03531707486320995,-0.517658537431605,0.24117073128419753,0.6205853656420988,0.8102926828210494,0.9051463414105247,0.9525731707052624,0.9762865853526312,0.9881432926763156,-0.0059283536618421895,-0.5029641768309211,0.24851791158453945,0.6242589557922698,-0.18787052210386512,0.40606473894806744,0.7030323694740337,-0.14848381526298315,-0.5742419076314915,0.21287904618425424,0.6064395230921271,-0.19678023845393644,-0.5983901192269683,0.20080494038651586,0.600402470193258,0.800201235096629,0.9001006175483145,-0.04994969122584275,0.4750251543870786,0.7375125771935394,0.8687562885967697,0.9343781442983848,-0.03281092785080758,0.48359453607459624,0.7417972680372982,0.8708986340186491,0.9354493170093245,0.9677246585046623,0.9838623292523312,0.9919311646261656,-0.004034417686917202,0.4979827911565414,-0.2510086044217293,0.3744956977891354,0.6872478488945677,0.8436239244472838,0.9218119622236419,-0.03909401888817904,0.4804529905559105,0.7402264952779553,0.8701132476389777,0.9350566238194888,0.9675283119097444,0.9837641559548722,0.9918820779774361,-0.004058961011281947,-0.502029480505641,0.2489852597471795,-0.3755073701264102,0.3122463149367949,0.6561231574683974,-0.17193842126580128,0.41403078936709936,-0.2929846053164503,0.35350769734177484,0.6767538486708874,-0.1616230756645563,0.4191884621677219,0.709594231083861,0.8547971155419305,0.9273985577709652,0.9636992788854826,-0.018150360557258716,0.49092481972137064,0.7454624098606853,0.8727312049303426,-0.06363439753482869,0.46818280123258565,-0.26590859938370714,0.3670457003081464,0.6835228501540732,0.8417614250770367,-0.07911928746148167,0.46044035626925917,0.7302201781346296,-0.1348899109326852,0.4325550445336574,-0.2837224777331713,0.35813876113341436,-0.3209306194332928,0.3395346902833536,0.6697673451416768,0.8348836725708384,0.9174418362854192,-0.0412790818572904,0.4793604590713548,0.7396802295356775,0.8698401147678387,-0.06507994261608063,-0.5325399713080403,0.23373001434597984,0.61686500717299,0.808432503586495,0.9042162517932475,-0.04789187410337625,0.4760540629483119,0.7380270314741559,-0.13098648426292203,0.434506757868539,0.7172533789342694,-0.14137331053286528,0.42931334473356736,0.7146566723667837,0.8573283361833919,-0.07133583190830406,-0.535667915954152,-0.767833957977076,-0.8839169789885379,0.05804151050573103,-0.4709792447471345,-0.7354896223735672,0.1322551888132164,0.5661275944066082,-0.2169362027966959,0.39153189860165205,-0.304234050699174,0.347882974650413,-0.32605851267479347,0.33697074366260327,-0.33151462816869837,0.3342426859156508,0.6671213429578254,-0.16643932852108728,0.4167803357394564,-0.2916098321302718,0.3541950839348641,-0.32290245803256795,0.33854877098371605,0.669274385491858,-0.165362807254071,0.41731859637296453,0.7086592981864823,-0.14567035090675884,-0.5728351754533794,0.21358241227331032,-0.39320879386334484,0.3033956030683276,0.6516978015341638,0.825848900767082,0.912924450383541,-0.04353777480822951,-0.5217688874041148,-0.7608844437020574,0.11955777814897128,-0.44022111092551436,0.27988944453724285,-0.3600552777313786,-0.6800276388656893,0.15998618056715536,0.5799930902835777,-0.21000345485821115,0.3949982725708944,0.6974991362854472,0.8487495681427236,-0.07562521592863819,0.46218739203568093,0.7310936960178405,-0.13445315199107977,0.4327734240044601,-0.28361328799776997,0.358193356001115,0.6790966780005575,0.8395483390002787,-0.08022583049986065,0.4598870847500697,-0.27005645762496516,-0.6350282288124826,-0.8175141144062412,-0.9087570572031206,-0.9543785286015602,-0.9771892643007801,0.011405367849609938,-0.494297316075195,0.2528513419624025,0.6264256709812013,-0.18678716450939936,0.4066064177453003,0.7033032088726502,0.8516516044363251,0.9258258022181626,0.9629129011090813,-0.01854354944545933,-0.5092717747227297,0.24536411263863517,0.6226820563193176,0.8113410281596588,-0.0943294859201706,0.4528352570399147,0.7264176285199573,0.8632088142599786,-0.06839559287001068,0.4658022035649947,-0.26709889821750266,0.36645055089124867,-0.31677472455437566,0.34161263772281214,0.6708063188614061,0.835403159430703,-0.08229842028464851,0.45885078985767574,-0.27057460507116216,0.3647126974644189,0.6823563487322095,-0.15882182563389524,0.4205890871830524,0.7102945435915262,0.8551472717957631,0.9275736358978816,0.9637868179489408,-0.018106591025529584,0.4909467044872352,-0.2545266477563824,0.37273667612180883,0.6863683380609045,-0.15681583096954776,0.4215920845152261,0.7107960422576131,0.8553980211288066,0.9276990105644033,-0.036150494717798354,-0.5180752473588992,0.2409623763205504,-0.3795188118397248,0.3102405940801376,0.6551202970400688,0.8275601485200343,-0.08621992573998283,0.4568900371300086,-0.2715549814349957,0.36422250928250216,-0.3178887453587489,0.34105562732062555,0.6705278136603128,0.8352639068301564,-0.0823680465849218,0.4588159767075391,-0.2705920116462305,0.36470399417688476,0.6823519970884424,0.8411759985442212,-0.0794120007278894,0.46029399963605533,0.7301469998180277,0.8650734999090138,0.932536749954507,0.9662683749772535,0.9831341874886268,-0.0084329062556866,0.4957835468721567,-0.2521082265639216,0.3739458867180392,0.6869729433590196,0.8434864716795099,-0.07825676416024507,-0.5391283820801225,0.23043580895993876,-0.3847820955200306,-0.6923910477600153,-0.8461955238800076,-0.9230977619400038,-0.9615488809700019,0.019225559514999047,0.5096127797574995,-0.24519361012125024,0.3774031949393749,-0.31129840253031255,-0.6556492012651562,0.17217539936742188,-0.41391230031628906,0.2930438498418555,-0.35347807507907225,-0.6767390375395361,0.16163048123023194,0.5808152406151159,0.790407620307558,-0.10479618984622102,0.44760190507688946,0.7238009525384448,-0.1380995237307776,0.4309502381346112,0.7154751190673057,-0.14226244046634717,0.4288687797668264,-0.28556561011658677,0.3572171949417066,0.6786085974708533,0.8393042987354267,0.9196521493677133,-0.04017392531614333,0.47991303734192836,0.7399565186709642,-0.13002174066451788,0.43498912966774106,0.7174945648338705,-0.14125271758306474,-0.5706263587915323,0.21468682060423383,-0.3926565896978831,0.30367170515105846,-0.34816414742447077,0.3259179262877646,0.6629589631438824,-0.16852051842805882,-0.5842602592140294,0.20786987039298532,-0.39606506480350734,0.30196746759824633,0.6509837337991231,0.8254918668995616,-0.08725406655021922,0.45637296672489036,0.7281864833624452,0.8640932416812226,0.9320466208406113,-0.03397668957969435,0.4830116552101528,0.7415058276050764,0.8707529138025383,0.9353764569012691,-0.03231177154936543,0.48384411422531726,0.7419220571126586,-0.1290389714436707,0.43548051427816464,-0.2822597428609177,-0.6411298714304589,-0.8205649357152294,-0.9102824678576147,-0.9551412339288073,0.02242938303559633,0.5112146915177982,0.7556073457588991,0.8778036728794496,0.9389018364397248,0.9694509182198624,0.9847254591099313,-0.007637270445034372,0.4961813647774828,0.7480906823887414,0.8740453411943707,0.9370226705971854,0.9685113352985927,0.9842556676492964,-0.007872166175351802,-0.5039360830876759,0.24803195845616205,0.624015979228081,0.8120079896140405,-0.09399600519297974,0.4530019974035101,0.726500998701755,0.8632504993508775,-0.06837475032456125,-0.5341873751622807,-0.7670936875811403,0.11645315620942986,-0.44177342189528507,0.27911328905235744,0.6395566445261787,0.8197783222630893,0.9098891611315447,0.9549445805657724,0.9774722902828862,-0.01126385485855691,0.4943680725707216,0.7471840362853608,0.8735920181426804,0.9367960090713402,0.9683980045356702,0.9841990022678351,-0.007900498866082462,0.49604975056695877,0.7480248752834794,0.8740124376417397,-0.06299378117913013,0.46850310941043494,-0.26574844529478253,0.36712577735260876,0.6835628886763043,0.8417814443381522,-0.07910927783092392,0.46044536108453804,0.730222680542269,-0.1348886597288655,-0.5674443298644327,0.21627783506778364,0.6081389175338918,0.8040694587669459,-0.09796527061652704,0.4510173646917365,0.7255086823458683,0.8627543411729341,0.9313771705864671,0.9656885852932335,0.9828442926466168,0.9914221463233084,0.9957110731616542,-0.002144463419172904,0.4989277682904135,0.7494638841452068,0.8747319420726034,0.9373659710363017,0.9686829855181509,0.9843414927590755,0.9921707463795377,-0.003914626810231137,-0.5019573134051156,0.2490213432974422,0.6245106716487211,-0.18774466417563945,0.40612766791218025,0.7030638339560902,0.8515319169780451,0.9257659584890225,0.9628829792445113,-0.018558510377744364,0.4907207448111278,0.745360372405564,0.872680186202782,0.936340093101391,-0.031829953449304504,0.48408502327534775,-0.2579574883623261,0.37102125581883694,-0.31448937209058153,0.34275531395470926,0.6713776569773546,0.8356888284886773,0.9178444142443387,0.9589222071221694,0.9794611035610847,0.9897305517805424,0.9948652758902712,-0.0025673620548644083,-0.5012836810274321,0.24935815948628393,0.624679079743142,0.8123395398715709,-0.09383023006421454,0.45308488496789273,-0.2734575575160536,0.3632712212419732,-0.3183643893790134,-0.6591821946895067,0.17040890265524666,-0.41479554867237667,-0.7073977743361883,0.14630111283190583,0.5731505564159529,0.7865752782079765,0.8932876391039882,0.9466438195519942,-0.026678090224002915,0.48666095488799854,0.7433304774439993,0.8716652387219996,0.9358326193609998,-0.03208369031950009,0.48395815484024995,0.7419790774201249,0.8709895387100625,0.9354947693550313,0.9677473846775156,0.9838736923387579,0.9919368461693789,-0.004031576915310531,-0.5020157884576553,-0.7510078942288276,0.12449605288558618,0.5622480264427931,-0.21887598677860343,0.3905620066106983,0.6952810033053491,-0.15235949834732543,-0.5761797491736627,0.21191012541316867,0.6059550627065844,0.8029775313532922,-0.0985112343233539,-0.5492556171616769,0.22537219141916154,0.6126860957095808,-0.19365695214520962,0.4031715239273952,-0.2984142380363024,0.3507928809818488,0.6753964404909244,0.8376982202454621,0.9188491101227311,0.9594245550613656,-0.020287722469317204,0.4898561387653414,0.7449280693826708,0.8724640346913354,0.9362320173456677,0.9681160086728339,0.9840580043364169,0.9920290021682084,0.9960145010841042,0.9980072505420521,-0.0009963747289739588,0.499501812635513,0.7497509063177565,-0.12512454684112173,-0.5625622734205609,0.21871886328971957,0.6093594316448598,0.8046797158224299,-0.09766014208878504,-0.5488300710443925,0.22558496447780374,0.6127924822389019,-0.19360375888054904,-0.5968018794402745,0.20159906027986274,0.6007995301399314,0.8003997650699657,0.9001998825349828,-0.04990005873250858,0.4750499706337457,0.7375249853168728,0.8687624926584364,0.9343812463292183,0.9671906231646091,-0.016404688417695434,-0.5082023442088477,0.24589882789557616,0.622949413947788,-0.188525293026106,0.405737353486947,0.7028686767434735,0.8514343383717368,-0.07428283081413162,-0.5371414154070658,0.23142929229646708,0.6157146461482336,-0.19214267692588322,0.4039286615370584,0.7019643307685293,0.8509821653842646,0.9254910826921323,0.9627455413460662,-0.01862722932696692,0.49068638533651654,0.7453431926682583,-0.12732840366587084,0.4363357981670646,0.7181678990835323,0.8590839495417661,0.9295419747708831,-0.035229012614558464,0.48238549369272077,0.7411927468463604,-0.1294036265768198,0.4352981867115901,0.7176490933557951,0.8588245466778975,0.9294122733389487,-0.03529386333052564,0.4823530683347372,0.7411765341673686,0.8705882670836843,0.9352941335418421,-0.03235293322907895,0.4838235333854605,0.7419117666927303,0.8709558833463651,0.9354779416731825,0.9677389708365913,-0.016130514581704336,0.49193474270914783,0.7459673713545739,-0.12701631432271304,-0.5635081571613565,-0.7817540785806782,0.10912296070966088,0.5545614803548304,-0.22271925982258478,0.3886403700887076,0.6943201850443538,0.8471600925221769,-0.07641995373891153,-0.5382099768694557,0.23089501156527215,0.6154475057826361,0.807723752891318,0.903861876445659,-0.04806906177717052,0.47596546911141474,0.7379827345557074,-0.1310086327221463,0.4344956836389269,0.7172478418194634,0.8586239209097317,0.9293119604548659,0.9646559802274329,0.9823279901137165,-0.00883600494314174,0.49558199752842913,0.7477909987642146,0.8738954993821073,0.9369477496910537,0.9684738748455268,0.9842369374227634,0.9921184687113818,-0.003940765644309119,0.49802961717784544,0.7490148085889228,0.8745074042944614,0.9372537021472307,-0.03137314892638465,-0.5156865744631923,0.24215671276840384,0.621078356384202,0.810539178192101,0.9052695890960505,-0.04736520545197476,0.4763173972740126,0.7381586986370063,0.8690793493185032,0.9345396746592516,0.9672698373296258,0.9836349186648129,-0.008182540667593552,-0.5040912703337967,0.24795436483310163,-0.3760228175834492,0.3119885912082754,0.6559942956041377,0.8279971478020689,0.9139985739010345,0.9569992869505173,-0.02150035652474136,0.4892498217376293,-0.25537508913118534,0.37231245543440733,-0.31384377228279636,0.3430781138586018,0.6715390569293009,0.8357695284646505,-0.08211523576767477,0.4589423821161626,0.7294711910580813,-0.13526440447095933,0.43236779776452033,0.7161838988822602,0.8580919494411301,-0.07095402527943495,-0.5354770126397175,0.23226149368014126,0.6161307468400706,0.8080653734200354,-0.09596731328998231,0.45201634335500884,-0.2739918283224956,0.3630040858387522,0.6815020429193761,-0.15924897854031195,-0.579624489270156,-0.7898122446350779,0.10509387768246103,-0.4474530611587695,-0.7237265305793847,-0.8618632652896924,0.06906836735515381,0.5345341836775769,0.7672670918387885,0.8836335459193942,0.9418167729596971,0.9709083864798486,-0.014545806760075719,-0.5072729033800378,-0.7536364516900189,0.12318177415499054,-0.43840911292250473,-0.7192045564612524,0.14039772176937382,0.5701988608846869,0.7850994304423434,-0.10745028477882829,0.44627485761058583,0.723137428805293,0.8615687144026465,0.9307843572013232,-0.03460782139933838,0.4826960893003308,-0.2586519553498346,0.37067402232508273,0.6853370111625414,0.8426685055812707,-0.07866574720936464,-0.5393328736046823,-0.7696664368023411,0.11516678159882943,-0.4424166092005853,0.2787916953997074,0.6393958476998537,-0.18030207615007315,-0.5901510380750365,-0.7950755190375183,0.10246224048124086,0.5512311202406204,0.7756155601203102,0.8878077800601551,0.9439038900300776,0.9719519450150388,-0.014024027492480606,0.4929879862537597,0.7464939931268799,-0.12675300343656004,0.43662349828172,0.7183117491408599,-0.14084412542957003,-0.570422062714785,0.2147889686426075,0.6073944843213037,0.8036972421606519,0.9018486210803259,0.950924310540163,-0.02453784472991849,0.48773107763504076,0.7438655388175204,-0.1280672305912398,0.4359663847043801,0.71798319235219,0.858991596176095,-0.0705042019119525,-0.5352521009559763,-0.7676260504779882,0.11618697476100592,0.558093487380503,-0.2209532563097485,0.38952337184512575,0.6947616859225629,0.8473808429612815,0.9236904214806407,0.9618452107403204,-0.019077394629839817,0.4904613026850801,0.7452306513425401,-0.12738467432872996,-0.563692337164365,-0.7818461685821825,0.10907691570890876,0.5545384578544543,0.7772692289272272,0.8886346144636136,0.9443173072318067,0.9721586536159034,-0.013920673192048316,-0.5069603365960241,-0.7534801682980121,0.12325991585099394,0.561629957925497,-0.21918502103725152,0.39040748948137427,-0.30479625525931286,0.34760187237034357,-0.3261990638148282,-0.6630995319074141,0.16845023404629295,0.5842251170231465,0.7921125585115733,0.8960562792557867,0.9480281396278933,0.9740140698139467,-0.012992965093026665,-0.5064964825465134,-0.7532482412732566,-0.8766241206366283,0.061687939681685844,0.5308439698408429,0.7654219849204215,0.8827109924602108,-0.05864450376989461,-0.5293222518849473,0.23533887405752635,0.6176694370287632,-0.1911652814856184,-0.5955826407428092,-0.7977913203714047,0.10110433981429767,-0.44944783009285116,-0.7247239150464255,0.13763804247678724,-0.4311809787616064,0.28440951061919684,-0.3577952446904016,0.3211023776547992,-0.3394488111726004,0.3302755944136998,0.66513779720685,-0.16743110139657502,-0.5837155506982875,-0.7918577753491438,0.1040711123254281,0.552035556162714,0.7760177780813571,-0.11199111095932146,-0.5559955554796607,-0.7779977777398304,-0.8889988888699152,0.05550055556504241,0.5277502777825211,-0.23612486110873943,-0.6180624305543697,0.19096878472281514,0.5954843923614076,0.7977421961807039,-0.10112890190964807,-0.550564450954824,0.224717774522588,0.612358887261294,0.806179443630647,0.9030897218153235,0.9515448609076618,-0.024227569546169114,-0.5121137847730846,0.24394310761345772,-0.37802844619327114,-0.6890142230966356,0.1554928884516822,0.5777464442258411,0.7888732221129205,0.8944366110564603,-0.052781694471769836,0.4736091527641151,0.7368045763820575,-0.13159771180897123,-0.5657988559044856,0.21710057204775718,0.6085502860238786,-0.1957248569880607,0.4021375715059696,0.7010687857529848,0.8505343928764924,0.9252671964382462,0.9626335982191231,0.9813167991095615,0.9906583995547807,0.9953291997773903,0.9976645998886952,-0.0011677000556524209,-0.5005838500278262,0.24970807498608688,0.6248540374930435,0.8124270187465217,0.9062135093732608,0.9531067546866304,-0.02344662265668479,0.48827668867165763,-0.2558616556641712,-0.6279308278320856,-0.8139654139160428,0.09301729304197859,0.5465086465209893,0.7732543232604947,0.8866271616302474,-0.056686419184876324,-0.5283432095924382,-0.764171604796219,0.11791419760189048,0.5589570988009452,0.7794785494004726,-0.11026072529976372,-0.5551303626498818,-0.7775651813249409,-0.8887825906624705,-0.9443912953312352,0.027804352334382387,-0.4860978238328088,0.25695108808359557,0.6284755440417977,0.8142377720208989,-0.09288111398955057,-0.5464405569947752,0.22677972150261239,0.6133898607513062,0.8066949303756531,-0.09665253481217345,0.4516737325939133,0.7258368662969567,-0.13708156685152167,-0.5685407834257609,-0.7842703917128804,0.10786480414355981,0.55393240207178,-0.22303379896411002,-0.611516899482055,0.1942415502589725,0.5971207751294862,-0.20143961243525688,0.39928019378237156,0.6996400968911858,-0.1501799515544071,-0.5750899757772036,-0.7875449878886018,-0.8937724939443009,0.05311375302784954,0.5265568765139248,-0.2367215617430376,0.3816392191284812,0.6908196095642406,0.8454098047821204,-0.07729509760893982,-0.53864754880447,0.23067622559776502,0.6153381127988825,0.8076690563994413,-0.09616547180027935,0.4519172640998603,-0.27404136795006984,-0.637020683975035,0.1814896580124825,0.5907448290062413,0.7953724145031207,-0.10231379274843966,-0.5511568963742198,-0.77557844818711,0.11221077590644501,0.5561053879532225,-0.22194730602338875,0.3890263469883056,0.6945131734941528,0.8472565867470764,0.9236282933735382,0.9618141466867691,-0.01909292665661544,0.4904535366716923,0.7452267683358461,-0.12738661583207694,0.43630669208396156,0.7181533460419808,-0.1409233269790096,0.4295383365104952,0.7147691682552476,-0.1426154158723762,0.4286922920638119,0.7143461460319059,-0.14282692698404703,0.4285865365079765,0.7142932682539882,0.8571466341269941,-0.07142668293650295,-0.5357133414682514,0.23214332926587428,-0.38392833536706283,0.3080358323164686,0.6540179161582342,-0.17299104192088288,-0.5864955209604414,0.20675223951977928,0.6033761197598897,-0.19831194012005515,-0.5991559700600275,0.20042201496998624,0.6002110074849931,0.8001055037424966,-0.09994724812875172,0.4500263759356241,-0.27498681203218794,0.36250659398390606,0.681253296991953,-0.15937335150402349,0.4203133242479883,-0.28984333787600586,-0.644921668938003,0.17753916553099852,0.5887695827654993,0.7943847913827496,0.8971923956913748,0.9485961978456874,-0.02570190107715631,0.48714904946142185,0.743574524730711,-0.12821273763464452,0.43589363118267777,0.7179468155913389,-0.14102659220433056,-0.5705132961021653,0.21474335194891736,-0.3926283240255413,0.30368583798722937,0.6518429189936147,-0.17407854050319266,-0.5870392702515963,0.20648036487420185,-0.3967598175628991,0.3016200912185505,0.6508100456092752,0.8254050228046377,0.9127025114023188,0.9563512557011594,-0.02182437214942029,-0.5109121860747101,0.24454390696264494,0.6222719534813225,-0.18886402325933876,0.4055679883703306,0.7027839941851652,-0.14860800290741738,-0.5743040014537086,-0.7871520007268543,0.10642399963657284,0.5532119998182864,0.7766059999091433,0.8883029999545716,-0.05584850002271419,-0.5279242500113571,0.23603787499432144,0.6180189374971607,-0.19099053125141963,0.4045047343742902,-0.2977476328128549,-0.6488738164064274,0.1755630917967863,0.5877815458983932,0.7938907729491966,0.8969453864745983,-0.05152730676270084,-0.5257636533813504,-0.7628818266906752,0.11855908665466242,0.5592795433273312,0.7796397716636656,-0.1101801141681672,0.4449099429159164,0.7224549714579582,0.8612274857289791,0.9306137428644896,0.9653068714322448,-0.017346564283877597,-0.5086732821419389,-0.7543366410709694,-0.8771683205354848,-0.9385841602677424,-0.9692920801338711,0.015353959933064432,-0.4923230200334678,0.2538384899832661,0.626919244991633,-0.1865403775041835,-0.5932701887520917,-0.7966350943760458,-0.8983175471880229,0.05084122640598854,0.5254206132029943,-0.23728969339850287,-0.6186448466992515,0.19067757665037427,0.5953387883251872,0.7976693941625936,-0.10116530291870318,-0.5505826514593516,0.2247086742703242,0.6123543371351621,0.806177168567581,-0.09691141571620948,0.4515442921418953,-0.27422785392905236,0.3628860730354738,0.6814430365177369,-0.15927848174113157,0.4203607591294342,-0.28981962043528287,-0.6449098102176414,-0.8224549051088207,-0.9112274525544104,0.0443862737227948,0.5221931368613975,-0.23890343156930127,-0.6194517157846506,0.19027414210767468,0.5951370710538373,-0.20243146447308136,0.3987842677634593,-0.30060786611827034,-0.6503039330591351,-0.8251519665295676,0.08742401673521621,0.5437120083676081,0.7718560041838041,-0.11407199790809797,-0.557035998954049,-0.7785179994770245,0.11074100026148775,0.5553705001307438,-0.22231474993462808,0.38884262503268596,0.694421312516343,0.8472106562581715,0.9236053281290857,-0.038197335935457155,0.4809013320322714,-0.25954933398386426,0.37022533300806787,-0.3148873334959661,0.34255633325201695,0.6712781666260085,0.8356390833130043,-0.08218045834349785,0.4589097708282511,-0.2705451145858745,-0.6352725572929372,-0.8176362786464686,0.0911818606767657,-0.45440906966161715,-0.7272045348308086,0.1363977325845957,0.5681988662922979,0.7840994331461489,-0.10795028342692553,-0.5539751417134627,-0.7769875708567313,0.11150621457163434,0.5557531072858172,-0.22212344635709141,0.3889382768214543,0.6944691384107271,-0.15276543079463645,0.4236172846026818,-0.2881913576986591,0.35590432115067044,-0.32204783942466475,-0.6610239197123324,-0.8305119598561662,-0.915255979928083,-0.9576279899640415,0.021186005017979237,-0.48940699749101035,0.2552965012544948,-0.3723517493727526,-0.6861758746863763,0.15691206265681185,-0.42154396867159405,0.289228015664203,0.6446140078321014,0.8223070039160507,0.9111535019580254,-0.04442324902098732,-0.5222116245104936,0.23889418774475318,-0.3805529061276234,0.3097235469361883,-0.34513822653190585,-0.6725691132659529,0.16371544336702354,-0.4181422783164882,-0.709071139158244,0.14546443042087798,0.572732215210439,-0.21363389239478048,-0.6068169461973902,0.19659152690130488,0.5982957634506525,0.7991478817253262,0.8995739408626631,-0.050213029568668466,0.47489348521566577,0.7374467426078328,0.8687233713039164,-0.06563831434804179,-0.5328191571740208,-0.7664095785870104,0.11679521070649479,0.5583976053532473,0.7791988026766237,-0.11040059866168817,-0.555200299330844,-0.777600149665422,0.111199925167289,0.5555999625836445,0.7777999812918223,-0.11110000935408887,0.4444499953229556,0.7222249976614779,-0.13888750116926107,0.43055624941536946,-0.2847218752923153,0.35763906235384235,0.6788195311769212,0.8394097655884606,-0.0802951172057697,0.4598524413971151,0.7299262206985575,0.8649631103492788,-0.06751844482536062,-0.5337592224126804,-0.7668796112063402,0.11656019439682991,0.558280097198415,-0.2208599514007925,-0.6104299757003963,-0.8052149878501982,0.09739250607490091,0.5486962530374504,-0.2256518734812748,-0.6128259367406375,-0.8064129683703187,-0.9032064841851594,0.04839675790742032,-0.47580162104628987,-0.7379008105231449,-0.8689504052615724,0.0655247973692138,-0.4672376013153931,0.2663811993423034,0.6331905996711518,-0.18340470016442412,0.40829764991778794,0.704148824958894,-0.14792558752055301,-0.5739627937602765,0.21301860311986176,0.6065093015599309,0.8032546507799654,0.9016273253899827,0.9508136626949913,0.9754068313474957,0.9877034156737479,-0.006148292163126068,0.49692585391843697,0.7484629269592185,-0.12576853652039077,0.4371157317398046,0.7185578658699023,0.8592789329349512,0.9296394664674756,0.9648197332337378,-0.01759013338313109,-0.5087950666915655,0.24560246665421726,0.6228012333271087,0.8114006166635543,-0.09429969166822283,-0.5471498458341114,0.2264250770829443,0.6132125385414722,-0.1933937307292639,-0.596696865364632,0.20165156731768402,-0.399174216341158,0.300412891829421,0.6502064459147106,-0.17489677704264472,-0.5874483885213224,-0.7937241942606612,0.1031379028696694,0.5515689514348348,-0.22421552428258262,0.3878922378587087,0.6939461189293543,-0.15302694053532284,0.4234865297323386,-0.2882567351338307,0.3558716324330846,-0.3220641837834577,0.33896790810827115,0.6694839540541355,-0.16525802297293224,0.4173709885135339,0.708685494256767,-0.14565725287161652,0.42717137356419177,0.7135856867820959,0.8567928433910479,0.9283964216955239,0.964198210847762,0.982099105423881,-0.008950447288059493,0.49552477635597025,-0.2522376118220149,0.37388119408899256,0.6869405970444963,-0.15652970147775186,0.4217351492611241,0.710867574630562,-0.14456621268471898,-0.5722831063423595,0.21385844682882027,-0.39307077658558986,0.30346461170720507,0.6517323058536025,-0.17413384707319873,-0.5870669235365994,0.2064665382317003,0.6032332691158502,-0.1983833654420749,-0.5991916827210375,0.20040415863948124,-0.3997979206802594,-0.6998989603401297,-0.8499494801700649,-0.9249747400850324,0.03751262995748378,0.5187563149787419,0.759378157489371,-0.1203109212553145,0.43984453937234275,0.7199222696861713,0.8599611348430857,-0.07001943257845716,0.46499028371077145,0.7324951418553858,-0.1337524290723071,0.43312378546384644,0.7165618927319233,0.8582809463659616,0.9291404731829809,0.9645702365914904,0.9822851182957453,0.9911425591478726,0.9955712795739363,-0.0022143602130318407,0.4988928198934841,0.749446409946742,0.8747232049733711,-0.06263839751331446,-0.5313191987566572,0.23434040062167139,-0.3828297996891643,-0.6914148998445822,0.15429255007770892,0.5771462750388545,-0.21142686248057274,0.39428656875971363,0.6971432843798568,-0.15142835781007158,0.4242858210949642,0.7121429105474821,-0.14392854472625893,-0.5719642723631295,0.21401786381843524,0.6070089319092176,-0.19649553404539122,0.4017522329773044,0.7008761164886522,0.8504380582443261,-0.07478097087783697,0.4626095145610815,0.7313047572805408,0.8656523786402703,0.9328261893201352,0.9664130946600675,0.9832065473300338,-0.008396726334983118,0.49580163683250844,0.7479008184162542,0.8739504092081272,-0.06302479539593642,0.4684876023020318,-0.2657561988489841,-0.632878099424492,0.183560950287754,0.591780475143877,0.7958902375719386,0.8979451187859693,0.9489725593929846,-0.02551372030350768,0.4872431398482462,0.7436215699241231,-0.12818921503793845,0.4359053924810308,0.7179526962405154,0.8589763481202577,0.9294881740601288,-0.03525591296993558,0.4823720435150322,0.7411860217575161,-0.12940698912124193,-0.564703494560621,0.21764825271968952,-0.39117587364015527,-0.6955879368200777,0.15220603158996115,-0.4238969842050194,-0.7119484921025097,-0.8559742460512548,-0.9279871230256274,0.03600643848718632,-0.48199678075640684,-0.7409983903782034,0.12950080481089832,0.5647504024054492,-0.21762479879727542,-0.6088123993986377,0.19559380030068113,0.5977969001503406,0.7988984500751704,-0.10055077496241482,0.4497246125187926,0.7248623062593963,0.8624311531296982,0.9312155765648491,-0.03439221171757545,0.4828038941412123,0.7414019470706061,-0.12929902646469693,-0.5646495132323485,0.21767524338382577,0.6088376216919129,0.8044188108459565,-0.09779059457702177,0.4511047027114891,0.7255523513557446,-0.1372238243221277,0.4313880878389361,0.7156940439194681,0.8578470219597341,-0.07107648902013297,-0.5355382445100665,0.23223087774496676,-0.3838845611275166,0.3080577194362417,0.6540288597181209,0.8270144298590605,0.9135072149295302,0.9567536074647651,0.9783768037323826,-0.01081159813380872,0.49459420093309564,-0.25270289953345215,0.3736485502332739,0.6868242751166369,0.8434121375583185,-0.07829393122084077,-0.5391469656104204,0.2304265171947898,0.6152132585973948,0.8076066292986974,-0.09619668535065129,0.45190165732467436,0.7259508286623372,0.8629754143311685,0.9314877071655843,0.9657438535827921,-0.017128073208603933,-0.5085640366043019,0.24571798169784903,0.6228589908489245,0.8114294954244623,0.9057147477122311,0.9528573738561156,-0.023571313071942213,0.4882143434640289,-0.25589282826798554,0.37205358586600723,0.6860267929330036,-0.1569866035334982,-0.5784933017667491,0.21075334911662547,0.6053766745583127,0.8026883372791563,0.9013441686395782,0.9506720843197891,0.9753360421598946,0.9876680210799473,-0.006165989460026333,0.49691700526998683,0.7484585026349935,0.8742292513174967,0.9371146256587484,-0.031442687170625816,-0.515721343585313,0.24213932820734352,0.6210696641036717,-0.18946516794816415,0.4052674160259179,0.702633708012959,-0.1486831459935205,-0.5743415729967603,-0.7871707864983801,0.10641460675080994,-0.44679269662459503,-0.7233963483122975,0.13830182584385126,0.5691509129219257,-0.21542454353903717,-0.6077122717695186,0.1961438641152407,0.5980719320576203,0.7990359660288102,-0.10048201698559489,0.44975899150720255,0.7248794957536013,0.8624397478768007,-0.06878012606159967,-0.5343900630307998,-0.7671950315153999,0.11640248424230004,0.55820124212115,0.779100621060575,0.8895503105302875,-0.05522484473485623,0.4723875776325719,0.7361937888162859,0.868096894408143,0.9340484472040715,0.9670242236020358,-0.016487888198982115,0.49175605590050897,0.7458780279502545,0.8729390139751272,-0.0635304930124364,0.4682347534937818,0.7341173767468909,0.8670586883734455,0.9335293441867227,0.9667646720933614,0.9833823360466807,0.9916911680233403,0.9958455840116702,0.9979227920058351,0.9989613960029176,-0.0005193019985412217,-0.5002596509992706,-0.7501298254996354,0.12493508725018232,0.5624675436250912,0.7812337718125456,-0.1093831140937272,0.44530844295313643,0.7226542214765682,-0.1386728892617159,-0.569336444630858,-0.784668222315429,0.1076658888422855,0.5538329444211427,-0.22308352778942864,-0.6115417638947143,0.19422911805264287,-0.40288544097367857,0.2985572795131607,-0.35072136024341966,-0.6753606801217098,0.1623196599391451,0.5811598299695726,-0.2094200850152137,-0.6047100425076068,0.19764497874619658,-0.4011775106269017,-0.7005887553134509,0.14970562234327456,-0.4251471888283627,0.28742640558581867,0.6437132027929093,-0.17814339860354533,0.41092830069822733,0.7054641503491137,0.8527320751745568,-0.07363396241272158,0.4631830187936392,0.7315915093968196,0.8657957546984099,0.9328978773492049,0.9664489386746025,-0.016775530662698768,-0.5083877653313493,0.24580611733432534,-0.37709694133283733,0.31145152933358133,0.6557257646667907,0.8278628823333953,0.9139314411666977,0.9569657205833488,0.9784828602916744,0.9892414301458372,-0.005379284927081396,0.4973103575364593,0.7486551787682296,-0.1256724106158852,0.4371637946920574,0.7185818973460287,0.8592909486730144,-0.07035452566349282,-0.5351772628317464,0.2324113685841268,-0.3837943157079366,0.3081028421460317,-0.34594857892698416,0.3270257105365079,-0.336487144731746,0.331756427634127,0.6658782138170635,0.8329391069085317,0.9164695534542658,0.9582347767271329,-0.020882611636433568,0.4895586941817832,0.7447793470908917,0.8723896735454458,-0.06380516322727708,-0.5319025816136386,0.23404870919318072,0.6170243545965903,0.8085121772982952,0.9042560886491475,-0.04787195567542624,0.4760640221622869,0.7380320110811435,0.8690160055405718,-0.0654919972297141,0.46725400138514295,0.7336270006925715,0.8668135003462858,0.9334067501731429,0.9667033750865714,0.9833516875432857,0.9916758437716429,0.9958379218858214,-0.0020810390570892845,0.49895948047145533,0.7494797402357276,-0.1252601298821362,-0.562630064941068,0.21868496752946598,0.609342483764733,0.8046712418823665,-0.09766437905881675,-0.5488321895294084,0.2255839052352958,0.612791952617648,0.806395976308824,-0.09680201184558801,0.451598994077206,0.725799497038603,0.8628997485193015,0.9314498742596508,-0.03427506287017462,0.48286246856491266,0.7414312342824563,0.8707156171412281,0.935357808570614,0.967678904285307,-0.016160547857346497,0.4919197260713267,-0.25404013696433664,0.3729799315178317,-0.31351003424108415,-0.6567550171205421,0.17162249143972896,0.5858112457198645,0.7929056228599323,-0.10354718857003387,-0.5517735942850169,0.22411320285749153,0.6120566014287457,-0.19397169928562713,0.40301415035718646,0.7015070751785932,0.8507535375892966,0.9253767687946484,0.9626883843973242,0.9813441921986621,0.990672096099331,0.9953360480496656,-0.002331975975167211,0.4988340120124164,0.7494170060062082,0.8747085030031041,-0.06264574849844795,0.468677125750776,0.734338562875388,0.867169281437694,0.9335846407188471,0.9667923203594235,0.9833961601797118,-0.008301919910144118,0.4958490400449279,0.747924520022464,-0.126037739988768,0.436981130005616,-0.281509434997192,-0.640754717498596,0.179622641250702,0.589811320625351,0.7949056603126755,0.8974528301563378,0.9487264150781689,-0.025636792460915547,-0.5128183962304578,0.2435908018847711,0.6217954009423856,0.8108977004711928,-0.0945511497644036,0.4527244251177982,-0.2736377874411009,-0.6368188937205504,0.18159055313972478,-0.4092047234301376,0.2953976382849312,-0.35230118085753437,0.3238494095712328,0.6619247047856164,-0.1690376476071918,-0.5845188238035959,0.20774058809820206,-0.39612970595089897,-0.6980648529754495,0.15096757351227524,0.5754837867561376,0.7877418933780689,0.8938709466890344,0.9469354733445172,0.9734677366722586,0.9867338683361293,-0.0066330658319353475,0.4966834670840323,0.7483417335420162,-0.12582913322899192,-0.5629145666144959,-0.781457283307248,-0.890728641653624,0.05463567917318801,0.5273178395865941,0.763658919793297,-0.11817054010335148,-0.5590852700516757,-0.7795426350258379,0.11022868248708106,0.5551143412435405,-0.22244282937822973,-0.6112214146891148,0.19438929265544258,-0.4028053536722787,0.2985973231638607,0.6492986615819303,-0.17535066920903486,0.41232466539548257,0.7061623326977413,-0.14691883365112934,0.42654058317443533,-0.28672970841278234,0.35663514579360883,-0.3216824271031956,-0.6608412135515978,-0.8304206067757989,-0.9152103033878994,0.04239484830605028,0.5211974241530252,0.7605987120765125,-0.11970064396174374,-0.5598503219808719,-0.779925160990436,0.11003741950478202,-0.444981290247609,0.2775093548761955,-0.3612453225619022,-0.6806226612809512,0.15968866935952442,0.5798443346797622,-0.21007783266011892,0.39496108366994054,0.6974805418349703,-0.15125972908251484,0.4243701354587426,0.7121850677293713,-0.14390746613531435,0.4280462669323428,-0.2859768665338286,0.3570115667330857,0.6785057833665429,-0.16074710831672856,0.4196264458416357,0.7098132229208178,-0.14509338853959108,0.42745330573020446,0.7137266528651023,0.8568633264325511,-0.07156833678372443,0.4642158316081378,0.7321079158040689,-0.13394604209796557,0.4330269789510172,-0.28348651052449136,0.3582567447377543,0.6791283723688771,-0.16043581381556143,0.41978209309221926,0.7098910465461097,-0.14505447672694516,0.4274727616365274,0.7137363808182637,-0.14313180959086813,-0.571565904795434,0.214217047602283,0.6071085238011416,0.8035542619005708,-0.09822286904971461,-0.5491114345248573,0.22544428273757133,0.6127221413687857,0.8063610706843929,0.9031805353421964,-0.04840973232890178,0.4757951338355491,0.7378975669177745,0.8689487834588873,-0.06552560827055637,-0.5327628041352782,0.2336185979323609,-0.3831907010338196,0.3084046494830902,0.6542023247415452,-0.17289883762922742,-0.5864494188146137,-0.7932247094073068,0.10338764529634659,0.5516938226481733,0.7758469113240867,0.8879234556620433,-0.05603827216897833,-0.5280191360844891,-0.7640095680422445,0.11799521597887774,0.5589976079894389,0.7794988039947195,0.8897494019973597,-0.05512529900132013,0.47243735049933994,-0.26378132475033,0.368109337624835,-0.3159453311875825,0.34202733440620875,0.6710136672031044,-0.1644931663984478,0.4177534168007761,-0.2911232915996119,-0.6455616457998059,-0.822780822899903,0.08860958855004852,-0.45569520572497574,0.27215239713751216,0.6360761985687561,-0.18196190071562196,0.40901904964218905,-0.2954904751789055,-0.6477452375894528,-0.8238726187947264,0.0880636906026368,-0.45596815469868157,0.2720159226506592,0.6360079613253296,-0.18199601933733522,0.4090019903313324,-0.2954990048343338,-0.6477495024171669,0.17612524879141656,-0.4119373756042917,-0.7059686878021458,-0.8529843439010729,-0.9264921719505365,0.03675391402473177,-0.48162304298763414,-0.7408115214938171,-0.8704057607469086,0.06479711962654572,-0.4676014401867271,-0.7338007200933636,-0.8669003600466818,-0.9334501800233409,-0.9667250900116704,0.016637454994164802,-0.4916812725029176,-0.7458406362514588,0.1270796818742706,0.5635398409371353,-0.21823007953143236,-0.6091150397657161,0.19544248011714194,-0.40227875994142903,-0.7011393799707145,0.14943031001464274,0.5747151550073214,-0.2126424224963393,0.3936787887518304,0.6968393943759152,-0.15158030281204238,0.4242098485939788,0.7121049242969895,-0.14394753785150527,0.42802623107424737,-0.28598688446287635,0.3570065577685618,0.6785032788842809,-0.16074836055785957,0.4196258197210702,0.7098129098605351,-0.14509354506973243,0.4274532274651338,0.7137266137325669,0.8568633068662834,-0.07156834656685829,0.46421582671657086,0.7321079133582854,-0.1339460433208573,-0.5669730216604286,-0.7834865108302143,0.10825674458489287,0.5541283722924464,-0.2229358138537768,0.3885320930731116,0.6942660465365558,-0.15286697673172212,0.42356651163413894,0.7117832558170695,0.8558916279085347,-0.07205418604573266,0.46397290697713367,-0.26801354651143316,0.3659932267442834,0.6829966133721417,-0.15850169331392916,0.4207491533430354,0.7103745766715177,0.8551872883357589,-0.07240635583212057,-0.5362031779160603,-0.7681015889580302,-0.884050794479015,-0.9420253972395075,0.028987301380246244,0.5144936506901231,-0.24275317465493845,-0.6213765873274693,-0.8106882936637346,0.09465585316813269,0.5473279265840664,0.7736639632920332,-0.11316801835398338,-0.5565840091769917,0.22170799541150416,-0.3891460022942479,-0.694573001147124,0.15271349942643803,-0.42364325028678096,0.2881783748566095,-0.3559108125716952,-0.6779554062858476,0.1610222968570762,0.5805111484285381,0.7902555742142691,0.8951277871071346,0.9475638935535673,-0.026218053223216353,-0.5131090266116082,-0.756554513305804,0.12172274334709798,0.560861371673549,0.7804306858367744,-0.10978465708161278,-0.5548923285408064,-0.7774461642704031,-0.8887230821352016,0.055638458932399215,0.5278192294661996,0.7639096147330998,0.88195480736655,0.940977403683275,0.9704887018416375,-0.014755649079181254,-0.5073778245395906,0.24631108773020471,-0.37684445613489764,0.3115777719325512,-0.3442111140337244,0.3278944429831378,0.6639472214915689,-0.16802638925421554,0.41598680537289223,-0.2920065973135539,-0.646003298656777,-0.8230016493283885,0.08849917533580576,-0.4557504123320971,0.27212479383395144,0.6360623969169757,-0.18196880154151213,0.4090155992292439,-0.29549220038537805,0.352253899807311,-0.3238730500963445,-0.6619365250481722,-0.8309682625240862,0.08451586873795691,0.5422579343689784,-0.2288710328155108,0.3855644835922446,-0.3072177582038777,-0.6536088791019389,-0.8268044395509695,-0.9134022197754847,0.043298890112257626,-0.4783505549438712,0.26082472252806443,0.6304123612640322,-0.1847938193679839,-0.592396909683992,-0.796198454841996,0.10190077257900199,0.550950386289501,-0.2245248068552495,-0.6122624034276247,0.19386879828618764,0.5969343991430938,-0.20153280042845312,-0.6007664002142266,0.19961679989288672,-0.40019160005355664,0.2999041999732217,-0.35004790001338915,0.3249760499933054,0.6624880249966527,-0.16875598750167364,-0.5843779937508369,0.20781100312458156,0.6039055015622907,0.8019527507811454,-0.09902362460942732,-0.5495118123047137,0.22524409384764316,0.6126220469238216,0.8063110234619109,0.9031555117309554,0.9515777558654777,-0.02421112206726117,-0.5121055610336306,0.2439472194831847,-0.3780263902584077,0.31098680487079616,-0.3445065975646019,0.32774670121769905,0.6638733506088496,0.8319366753044248,-0.08403166234778758,0.4579841688261062,0.7289920844130531,0.8644960422065265,0.9322480211032633,0.9661240105516317,-0.01693799472418417,0.49153100263790794,-0.25423449868104603,0.37288275065947696,0.6864413753297385,-0.15677931233513076,0.4216103438324346,0.7108051719162173,-0.14459741404189136,-0.5722987070209457,0.21385064648952717,-0.39307467675523644,-0.6965373383776182,0.1517313308111909,-0.4241343345944045,-0.7120671672972023,0.14396641635139884,-0.4280167918243006,-0.7140083959121503,0.14299580204392487,-0.4285020989780376,-0.7142510494890189,-0.8571255247445094,-0.9285627623722548,-0.9642813811861274,0.017859309406936308,-0.4910703452965318,0.2544648273517341,-0.372767586324133,-0.6863837931620664,-0.8431918965810332,0.07840405170948339,0.5392020258547416,0.7696010129273708,0.8848005064636855,-0.05759974676815727,0.47120012661592137,0.7356000633079607,0.8678000316539803,0.9339000158269901,0.9669500079134951,0.9834750039567475,-0.008262498021626263,0.49586875098918687,0.7479343754945934,-0.1260328122527033,-0.5630164061263516,-0.7815082030631758,-0.8907541015315878,0.054622949234206075,0.527311474617103,-0.23634426269144848,0.38182786865427576,0.6909139343271379,-0.15454303283643106,-0.5772715164182155,-0.7886357582091077,-0.8943178791045538,0.052841060447723076,0.5264205302238616,0.7632102651119308,0.8816051325559654,-0.0591974337220173,-0.5295987168610087,0.23520064156949566,0.6176003207847478,0.8088001603923739,-0.09559991980381305,-0.5477999599019066,-0.7738999799509533,0.11305001002452336,0.5565250050122617,-0.22173749749386917,-0.6108687487469346,-0.8054343743734673,0.09728281281326634,-0.45135859359336683,-0.7256792967966834,-0.8628396483983417,0.06858017580082915,0.5342900879004145,-0.23285495604979273,-0.6164274780248964,0.1917862609875518,0.5958931304937759,0.797946565246888,-0.101026717376556,0.449486641311722,0.724743320655861,-0.1376283396720695,-0.5688141698360347,0.21559291508198264,-0.3922035424590087,-0.6961017712295043,0.15194911438524783,-0.4240254428073761,-0.712012721403688,-0.856006360701844,0.071996819649078,-0.464001590175461,-0.7320007950877305,0.13399960245613474,0.5669998012280674,-0.21650009938596632,0.39174995030701687,0.6958749751535085,-0.15206251242324575,0.4239687437883771,-0.28801562810581144,-0.6440078140529057,0.17799609297354713,0.5889980464867736,-0.20550097675661322,-0.6027504883783066,0.1986247558108467,0.5993123779054234,-0.20034381104728832,0.3998280944763558,0.699914047238178,0.849957023619089,0.9249785118095445,0.9624892559047722,-0.018755372047613905,0.49062231397619305,0.7453111569880966,-0.1273444215059517,0.43632778924702414,0.718163894623512,-0.14091805268824398,0.429540973655878,0.714770486827939,-0.1426147565860305,0.42869262170698474,0.7143463108534924,-0.1428268445732538,0.4285865777133731,-0.2857067111433135,0.35714664442834326,0.6785733222141717,0.8392866611070858,-0.08035666944645709,0.4598216652767715,0.7299108326383857,-0.13504458368080713,0.4324777081595964,0.7162388540797981,-0.14188057296010093,0.42905971351994954,0.7145298567599747,-0.14273507162001264,-0.5713675358100063,0.21431623209499684,-0.3928418839525016,0.3035790580237492,0.6517895290118746,-0.1741052354940627,0.4129473822529687,0.7064736911264844,-0.1467631544367578,0.4266184227816211,-0.28669078860918945,0.3566546056954053,0.6783273028477026,-0.1608363485761487,0.41958182571192565,-0.29020908714403715,-0.6451045435720186,0.17744772821399069,0.5887238641069954,-0.2056380679465023,0.39718096602674885,0.6985904830133745,-0.15070475849331277,0.4246476207533436,0.7123238103766718,-0.1438380948116641,0.42808095259416795,-0.285959523702916,-0.642979761851458,-0.8214898809257289,0.08925505953713553,-0.45537247023143224,-0.7276862351157161,-0.863843117557858,0.06807844122107098,0.5340392206105355,-0.23298038969473223,0.3835098051526339,0.691754902576317,0.8458774512881585,0.9229387256440793,0.9614693628220397,-0.019265318588980174,-0.5096326592944901,-0.754816329647245,-0.8774081648236225,0.06129591758818875,0.5306479587940944,-0.23467602060295278,-0.6173380103014764,0.1913309948492618,0.5956654974246309,0.7978327487123155,-0.10108362564384227,0.44945818717807884,0.7247290935890394,-0.13763545320548032,0.43118227339725984,-0.28440886330137005,0.357795568349315,0.6788977841746575,-0.16055110791267124,-0.5802755539563356,0.20986222302183222,0.6049311115109162,0.8024655557554581,0.901232777877729,-0.04938361106113548,-0.5246918055305677,0.23765409723471614,0.618827048617358,0.8094135243086791,0.9047067621543395,-0.04764661892283023,-0.5238233094614151,0.23808834526929246,-0.38095582736535377,0.30952208631732314,0.6547610431586616,-0.17261947842066921,0.4136902607896654,-0.2931548696051673,-0.6465774348025837,0.17671128259870816,0.588355641299354,-0.205822179350323,0.3970889103248385,0.6985444551624193,-0.15072777241879037,-0.5753638862093952,-0.7876819431046975,0.10615902844765124,-0.4469204857761744,-0.7234602428880872,0.1382698785559564,-0.4308650607220218,0.2845674696389891,-0.3577162651805055,-0.6788581325902527,-0.8394290662951264,-0.9197145331475631,-0.9598572665737816,0.020071366713109218,-0.4899643166434454,0.2550178416782773,-0.3724910791608613,0.31375446041956934,0.6568772302097847,0.8284386151048924,0.9142193075524462,0.9571096537762231,0.9785548268881116,-0.010722586555944214,-0.5053612932779721,-0.752680646638986,-0.8763403233194931,0.06182983834025346,-0.46908508082987327,0.2654574595850634,0.6327287297925317,-0.18363563510373415,0.4081821824481329,-0.29590890877593357,0.3520455456120332,0.6760227728060166,0.8380113864030083,-0.08099430679849584,-0.540497153399248,-0.770248576699624,-0.885124288349812,-0.942562144174906,-0.971281072087453,-0.9856405360437265,0.007179731978136761,0.5035898659890684,0.7517949329945341,0.8758974664972671,0.9379487332486336,-0.031025633375683204,-0.5155128166878415,-0.7577564083439208,0.12112179582803961,0.5605608979140198,0.7802804489570099,-0.10985977552149506,0.44507011223925247,-0.2774649438803738,0.3612675280598131,0.6806337640299065,0.8403168820149532,-0.07984155899252338,-0.5399207794962617,0.23003961025186914,-0.38498019487406543,-0.6924900974370327,-0.8462450487185164,-0.9231225243592582,-0.9615612621796291,0.01921936891018544,0.5096096844550927,0.7548048422275464,0.8774024211137732,-0.0612987894431134,0.4693506052784433,0.7346753026392217,-0.13266234868038917,-0.5663311743401946,0.21683441282990268,0.6084172064149513,0.8042086032074757,0.9021043016037378,-0.04894784919813111,0.47552607540093444,-0.26223696229953275,-0.6311184811497663,0.18444075942511684,-0.4077796202874416,-0.7038898101437208,0.14805509492813962,0.5740275474640698,-0.2129862262679651,0.3935068868660174,0.6967534434330087,-0.15162327828349564,0.4241883608582522,-0.2879058195708739,0.35604709021456304,0.6780235451072816,-0.1609882274463592,-0.5804941137231796,0.2097529431384102,0.6048764715692051,-0.19756176421539745,-0.5987808821076988,0.20060955894615062,-0.3996952205269247,0.3001523897365377,0.6500761948682688,-0.17496190256586558,0.41251904871706724,0.7062595243585337,-0.14687023782073316,-0.5734351189103666,0.2132824405448167,-0.39335877972759165,-0.6966793898637959,-0.848339694931898,0.07583015253405101,0.5379150762670255,0.7689575381335128,0.8844787690667564,-0.05776061546662181,0.4711196922666891,0.7355598461333446,0.8677799230666723,-0.06611003846666386,0.46694498076666807,0.7334724903833341,-0.13326375480833297,0.4333681225958335,-0.28331593870208327,-0.6416579693510416,0.1791710153244792,0.5895855076622396,-0.2052072461688802,-0.60260362308444,0.19869818845777998,-0.40065090577111,-0.700325452885555,-0.8501627264427776,0.07491863677861121,-0.4625406816106944,0.2687296591946528,0.6343648295973264,0.8171824147986633,0.9085912073993316,0.9542956036996658,-0.02285219815016709,0.4885739009249165,0.7442869504624583,-0.12785652476877085,-0.5639282623843854,0.2180358688078073,-0.3909820655960964,0.3045089672019518,-0.34774551639902407,0.32612724180048797,0.663063620900244,0.8315318104501219,-0.08423409477493904,0.4578829526125305,-0.27105852369373473,-0.6355292618468673,-0.8177646309234337,-0.9088823154617168,0.045558842269141586,0.5227794211345708,-0.23861028943271462,0.38069485528364266,-0.30965257235817867,-0.6548262861790893,0.17258685691045533,0.5862934284552277,-0.20685328577238615,-0.6034266428861931,0.19828667855690346,0.5991433392784518,0.7995716696392259,0.8997858348196129,0.9498929174098065,0.9749464587049033,0.9874732293524516,0.9937366146762259,-0.0031316926618870644,-0.5015658463309436,-0.7507829231654718,0.1246085384172641,0.5623042692086321,0.781152134604316,0.890576067302158,-0.054711966348921004,0.47264401682553947,0.7363220084127697,0.8681610042063849,0.9340805021031924,-0.03295974894840381,0.4835201255257981,-0.2582399372371009,-0.6291199686185505,0.18544001569072477,-0.4072799921546376,0.2963600039226812,0.6481800019613406,0.8240900009806703,-0.08795499950966484,0.45602250024516755,0.7280112501225837,0.8640056250612919,0.9320028125306459,0.9660014062653229,0.9830007031326615,0.9915003515663308,-0.004249824216834619,0.4978750878915827,0.7489375439457914,0.8744687719728956,-0.06276561401355218,0.4686171929932239,0.734308596496612,-0.13284570175169402,-0.566422850875847,-0.7832114254379234,0.10839428728103828,-0.44580285635948086,0.27709857182025954,0.6385492859101298,0.8192746429550649,0.9096373214775324,-0.0451813392612338,0.4774093303693831,0.7387046651846916,-0.1306476674076542,0.4346761662961729,-0.28266191685191355,0.3586690415740432,-0.3206654792129784,0.3396672603935108,0.6698336301967553,-0.16508318490162233,-0.5825415924508112,0.20872920377459442,0.6043646018872972,-0.19781769905635138,-0.5989088495281757,0.20054557523591215,-0.3997272123820439,0.30013639380897805,0.650068196904489,-0.1749659015477555,0.41251704922612226,0.7062585246130612,-0.14687073769346942,0.42656463115326526,0.7132823155766326,0.8566411577883163,-0.07167942110584186,0.4641602894470791,0.7320801447235395,0.8660400723617698,-0.06697996381911508,-0.5334899819095575,0.23325500904522123,0.6166275045226106,0.8083137522613053,0.9041568761306527,-0.04792156193467367,0.47603921903266316,0.7380196095163316,0.8690098047581658,0.9345049023790829,0.9672524511895415,0.9836262255947708,0.9918131127973854,-0.004093443601307312,0.4979532781993463,-0.25102336090032684,0.3744883195498366,0.6872441597749183,0.8436220798874592,0.9218110399437296,0.9609055199718648,0.9804527599859324,-0.0097736200070338,0.4951131899964831,-0.25244340500175844,0.3737782974991208,0.6868891487495604,-0.1565554256252198,-0.5782777128126099,-0.7891388564063049,0.10543057179684756,0.5527152858984238,0.7763576429492118,-0.11182117852539408,0.44408941073730296,0.7220447053686515,0.8610223526843257,0.9305111763421628,0.9652555881710814,-0.017372205914459316,-0.5086861029572296,0.2456569485213852,-0.3771715257393074,0.3114142371303463,-0.34429288143482684,-0.6721464407174134,-0.8360732203587067,0.08196338982064666,-0.45901830508967667,0.27049084745516166,0.6352454237275809,0.8176227118637904,-0.09118864406810478,-0.5455943220340524,0.22720283898297378,0.6136014194914869,-0.19319929025425653,0.40340035487287174,-0.29829982256356413,-0.649149911281782,-0.824574955640891,-0.9122874778204455,0.04385626108977725,-0.4780718694551114,0.2609640652724443,0.6304820326362222,-0.18475898368188892,-0.5923794918409444,0.2038102540795278,-0.3980948729602361,-0.699047436480118,0.150476281759941,-0.4247618591200295,0.28761907043998525,0.6438095352199926,-0.1780952323900037,-0.5890476161950018,0.2054761919024991,0.6027380959512496,0.8013690479756248,0.9006845239878124,0.9503422619939061,0.9751711309969531,0.9875855654984765,-0.006207217250761732,-0.5031036086253808,-0.7515518043126904,0.12422409784365479,0.5621120489218274,0.7810560244609137,0.8905280122304569,-0.05473599388477157,0.4726320030576142,-0.2636839984711929,0.3681580007644035,0.6840790003822017,0.8420395001911009,0.9210197500955504,-0.039490124952224814,-0.5197450624761124,0.2401274687619438,-0.3799362656190281,0.3100318671904859,0.655015933595243,0.8275079667976215,0.9137539833988108,-0.04312300830059462,0.47843849584970266,-0.26078075207514867,-0.6303903760375743,-0.8151951880187871,0.09240240599060645,0.5462012029953032,0.7731006014976516,0.8865503007488258,0.9432751503744129,0.9716375751872064,-0.014181212406396804,0.4929093937968016,0.7464546968984008,-0.1267726515507996,0.4366136742246002,0.7183068371123,0.85915341855615,-0.07042329072192499,0.4647883546390375,0.7323941773195187,0.8661970886597594,0.9330985443298797,0.9665492721649398,0.9832746360824699,0.991637318041235,-0.004181340979382497,-0.5020906704896912,0.24895466475515438,0.6244773323775772,-0.1877613338112114,-0.5938806669056057,0.20305966654719715,0.6015298332735985,0.8007649166367993,-0.09961754168160036,0.45019122915919985,-0.2749043854204001,0.36254780728979996,0.6812739036449,0.84063695182245,-0.07968152408877499,0.46015923795561253,0.7300796189778063,0.8650398094889031,-0.06748009525554843,0.4662599523722258,0.7331299761861129,-0.13343501190694357,-0.5667175059534718,0.2166412470232641,0.6083206235116321,0.804160311755816,0.902080155877908,0.9510400779389541,0.975520038969477,0.9877600194847385,-0.00611999025763077,-0.5030599951288154,-0.7515299975644076,0.12423500121779618,-0.4378824993911019,0.28105875030444905,0.6405293751522245,-0.17973531242388774,-0.5898676562119438,0.2050661718940281,0.602533085947014,0.8012665429735071,0.9006332714867535,0.9503166357433768,0.9751583178716884,0.9875791589358442,0.9937895794679221,-0.003105210266038938,0.49844739486698053,0.7492236974334903,0.8746118487167451,0.9373059243583726,0.9686529621791863,-0.01567351891040686,0.49216324054479654,0.7460816202723983,0.8730408101361992,0.9365204050680995,0.9682602025340498,-0.01586989873297512,-0.5079349493664875,0.24603252531675623,-0.3769837373416219,0.3115081313291891,-0.34424593433540546,0.3278770328322973,-0.33606148358385135,-0.6680307417919257,0.16598462910403716,-0.4170076854479814,-0.7085038427239907,0.14574807863800465,-0.4271259606809977,-0.7135629803404988,-0.8567814901702494,0.0716092549148753,0.5358046274574376,0.7679023137287189,0.8839511568643594,0.9419755784321797,-0.029012210783910142,-0.5145061053919551,-0.7572530526959775,-0.8786265263479888,0.060686736826005616,0.5303433684130028,0.7651716842065014,-0.1174141578967493,0.4412929210516253,0.7206464605258127,-0.13967676973709364,0.4301616151314532,-0.28491919243427344,0.3575404037828633,-0.32122979810856833,-0.6606148990542842,0.16969255047285792,0.584846275236429,0.7924231376182145,-0.10378843119089276,0.4481057844045536,0.7240528922022769,-0.13797355389886157,-0.5689867769494308,-0.7844933884747154,-0.8922466942373577,0.05387665288132115,-0.4730616735593394,0.2634691632203303,0.6317345816101652,-0.18413270919491742,0.4079336454025413,-0.29603317729872936,0.3519834113506353,-0.32400829432468237,0.3379958528376588,-0.3310020735811706,0.3344989632094147,-0.3327505183952927,0.33362474080235366,-0.3331876295988232,-0.6665938147994116,0.1667030926002942,0.5833515463001471,0.7916757731500735,-0.10416211342496323,0.44791894328751836,-0.2760405283562408,-0.6380202641781204,0.1809898679109398,0.5904949339554699,-0.20475253302226504,0.3976237334888675,0.6988118667444337,-0.15059406662778313,0.4247029666861084,0.7123514833430542,-0.1438242583284729,-0.5719121291642364,0.2140439354178818,-0.3929780322910591,-0.6964890161455295,0.15175549192723525,-0.4241222540363824,0.2879388729818088,0.6439694364909044,-0.17801528175454778,-0.5890076408772739,0.20549617956136307,0.6027480897806815,0.8013740448903408,-0.0993129775548296,0.4503435112225852,0.7251717556112927,-0.13741412219435367,-0.5687070610971768,-0.7843535305485885,0.10782323472570576,0.5539116173628529,0.7769558086814264,-0.11152209565928678,0.4442389521703566,0.7221194760851783,-0.13894026195741083,-0.5694701309787054,0.21526493451064732,-0.39236753274467634,0.30381623362766186,0.651908116813831,0.8259540584069155,0.9129770292034578,0.9564885146017289,0.9782442573008645,0.9891221286504323,0.9945610643252161,-0.0027194678373919645,-0.5013597339186959,-0.750679866959348,0.12466006652032602,0.5623300332601631,-0.21883498336991847,0.39058250831504077,0.6952912541575204,0.8476456270787602,-0.07617718646061988,0.46191140676969006,-0.26904429661515494,-0.6345221483075775,-0.8172610741537887,-0.9086305370768943,0.04568473146155283,-0.4771576342692236,-0.7385788171346118,0.1307105914326941,0.565355295716347,-0.2173223521418265,0.39133882392908675,-0.30433058803545665,0.3478347059822717,-0.32608264700886413,-0.6630413235044321,0.16847933824778394,-0.41576033087610803,-0.707880165438054,-0.853940082719027,-0.9269700413595134,0.03651497932024328,0.5182574896601216,0.7591287448300608,-0.12043562758496962,-0.5602178137924848,-0.7801089068962423,0.10994554655187883,0.5549727732759394,0.7774863866379698,-0.11125680668101512,-0.5556284033405076,0.22218579832974622,0.6110928991648731,-0.19445355041756346,-0.5972267752087818,-0.7986133876043908,0.10069330619780459,0.5503466530989023,-0.22482667345054885,-0.6124133367252744,0.1937933316373628,-0.4031033341813186,0.2984483329093407,0.6492241664546703,0.8246120832273351,0.9123060416136676,0.9561530208068338,0.9780765104034169,-0.01096174479829154,-0.5054808723991457,-0.7527404361995729,0.12362978190021356,-0.4381851090498932,-0.7190925545249466,-0.8595462772624733,-0.9297731386312367,0.035113430684381663,-0.48244328465780917,0.2587783576710954,0.6293891788355477,0.8146945894177738,0.907347294708887,0.9536736473544435,-0.023163176322778256,-0.5115815881613891,-0.7557907940806945,-0.8778953970403472,0.061052301479826376,-0.46947384926008684,0.2652630753699566,0.6326315376849783,-0.18368423115751087,-0.5918421155787554,0.20407894221062228,0.6020394711053112,0.8010197355526556,0.9005098677763278,-0.0497450661118361,-0.5248725330559181,-0.762436266527959,0.11878186673602048,0.5593909333680103,0.7796954666840051,-0.11015226665799743,0.44492386667100126,0.7224619333355007,0.8612309666677503,0.9306154833338751,-0.03469225833306244,0.4826538708334688,-0.2586730645832656,-0.6293365322916328,-0.8146682661458164,0.09266586692709178,0.5463329334635458,0.7731664667317729,-0.11341676663411354,-0.5567083833170567,-0.7783541916585284,-0.8891770958292642,-0.9445885479146321,0.027705726042683954,-0.486147136978658,0.25692643151067096,-0.3715367842446645,0.31423160787766774,0.6571158039388338,0.8285579019694169,-0.08572104901529154,-0.5428605245076458,0.22856973774617712,-0.38571513112691147,0.30714243443654426,0.6535712172182722,-0.17321439139086392,0.41339280430456804,0.706696402152284,-0.146651798923858,-0.573325899461929,0.2133370502690355,0.6066685251345177,0.8033342625672588,-0.09833286871637059,-0.5491664343581852,-0.7745832171790926,-0.8872916085895464,0.05635419570522682,-0.4718229021473866,0.26408854892630673,-0.36795572553684663,-0.6839778627684233,-0.8419889313842117,-0.9209944656921059,0.03950276715394707,0.5197513835769736,0.7598756917884868,-0.1200621541057566,0.4399689229471217,-0.2800155385264391,-0.6400077692632196,-0.8200038846316098,-0.9100019423158049,-0.9550009711579024,-0.9775004855789512,-0.9887502427894757,0.0056248786052621735,-0.4971875606973689,0.25140621965131554,0.6257031098256578,0.8128515549128289,0.9064257774564144,0.9532128887282072,-0.0233935556358964,-0.5116967778179482,0.2441516110910259,-0.37792419445448705,0.31103790277275645,0.6555189513863782,-0.17224052430681092,0.41387973784659454,0.7069398689232973,0.8534699344616486,0.9267349672308243,0.9633674836154121,-0.018316258192293933,0.490841870903853,0.7454209354519266,0.8727104677259633,-0.06364476613701836,-0.5318223830685092,-0.7659111915342546,0.11704440423287271,0.5585222021164363,0.7792611010582182,0.8896305505291091,-0.055184724735445445,0.4724076376322773,0.7362038188161386,-0.1318980905919307,-0.5659490452959653,-0.7829745226479827,-0.8914872613239914,0.05425636933800432,-0.47287181533099787,0.26356409233450107,0.6317820461672505,0.8158910230836253,0.9079455115418127,0.9539727557709063,0.9769863778854532,0.9884931889427266,0.9942465944713633,-0.0028767027643183396,-0.5014383513821592,-0.7507191756910796,0.1246404121544602,0.5623202060772301,-0.21883989696138495,0.3905800515193075,0.6952900257596537,-0.15235498712017315,0.4238225064399134,0.7119112532199567,0.8559556266099784,0.9279778133049892,0.9639889066524946,-0.018005546673752704,-0.5090027733368764,0.2454986133315618,0.6227493066657809,0.8113746533328905,-0.09431267333355475,-0.5471563366667773,0.22642183166661134,0.6132109158333057,0.8066054579166528,0.9033027289583264,0.9516513644791632,0.9758256822395817,0.9879128411197908,-0.006043579440104585,0.4969782102799477,0.7484891051399738,0.8742445525699869,0.9371222762849934,-0.031438861857503275,0.4842805690712484,-0.2578597154643758,-0.6289298577321879,0.18553507113390605,0.592767535566953,0.7963837677834765,-0.10180811610826174,0.4490959419458691,-0.27545202902706545,-0.6377260145135327,0.18113699274323364,0.5905684963716168,0.7952842481858085,-0.10235787590709577,0.4488210620464521,0.7244105310232261,-0.13779473448838697,-0.5688973672441935,0.21555131637790326,0.6077756581889516,0.8038878290944758,0.9019439145472379,-0.04902804272638106,0.47548597863680947,-0.26225701068159524,0.3688714946592024,0.6844357473296012,0.8422178736648006,-0.0788910631675997,0.4605544684162002,-0.2697227657918999,0.36513861710405005,0.682569308552025,-0.1587153457239875,-0.5793576728619938,0.2103211635690031,0.6051605817845016,0.8025802908922508,-0.0987098545538746,0.4506450727230627,-0.2746774636384687,0.36266126818076566,0.6813306340903829,-0.15933468295480857,-0.5796673414774043,-0.7898336707387021,-0.8949168353693511,0.052541582315324464,0.5262707911576623,0.7631353955788311,-0.11843230221058443,-0.5592161511052922,-0.7796080755526461,0.11019596222367695,0.5550979811118385,0.7775489905559192,-0.1112255047220404,0.4443872476389798,0.7221936238194899,0.861096811909745,-0.06945159404512752,0.46527420297743627,0.7326371014887181,0.866318550744359,-0.06684072462782048,0.4665796376860898,0.7332898188430449,-0.13335509057847755,0.43332245471076125,-0.2833387726446194,0.3583306136776903,0.6791653068388451,0.8395826534194226,0.9197913267097113,0.9598956633548557,0.9799478316774278,0.989973915838714,-0.005013042080643015,0.4974934789596785,0.7487467394798393,0.8743733697399196,-0.06281331513004018,0.4685933424349799,-0.26570332878251,0.367148335608745,0.6835741678043725,-0.15821291609781374,0.42089354195109313,0.7104467709755465,-0.14477661451222673,0.42761169274388666,0.7138058463719433,0.8569029231859717,-0.07154853840701414,0.46422573079649293,0.7321128653982465,0.8660564326991232,-0.06697178365043838,0.4665141081747808,0.7332570540873904,0.8666285270436952,0.9333142635218477,0.9666571317609238,0.9833285658804619,-0.008335717059769043,-0.5041678585298845,0.24791607073505773,0.6239580353675289,0.8119790176837645,0.9059895088418822,0.9529947544209412,0.9764973772104706,0.9882486886052353,0.9941243443026176,0.9970621721513089,0.9985310860756544,0.9992655430378272,-0.00036722848108639017,-0.5001836142405431,-0.7500918071202716,-0.8750459035601358,0.06247704821993211,0.5312385241099661,0.7656192620549831,-0.11719036897250845,0.4414048155137458,0.7207024077568729,0.8603512038784364,0.9301756019392182,-0.03491219903039089,0.48254390048480456,-0.2587280497575977,-0.6293640248787988,0.18531798756060058,0.5926589937803003,0.7963294968901502,-0.1018352515549249,0.44908237422253755,0.7245411871112688,-0.1377294064443656,0.4311352967778172,-0.28443235161109137,0.3577838241944543,0.6788919120972272,-0.1605540439513864,-0.5802770219756932,0.2098614890121534,0.6049307445060768,0.8024653722530384,-0.09876731387348081,0.4506163430632596,-0.2746918284683702,0.3626540857658149,-0.31867295711709254,-0.6593364785585463,0.17033176072072687,-0.41483411963963657,-0.7074170598198183,0.14629147009009086,0.5731457350450454,-0.2134271324774773,0.3932864337612614,-0.3033567831193693,-0.6516783915596847,-0.8258391957798423,-0.9129195978899212,-0.9564597989449606,-0.9782298994724803,0.010885050263759855,0.5054425251318799,0.75272126256594,0.8763606312829699,0.938180315641485,0.9690901578207425,0.9845450789103712,0.9922725394551857,-0.003863730272407162,-0.5019318651362036,-0.7509659325681017,0.12451703371594913,-0.43774148314202543,-0.7188707415710127,0.14056462921449364,0.5702823146072469,0.7851411573036234,-0.10742942134818828,-0.5537147106740942,-0.776857355337047,-0.8884286776685235,0.05578566116573824,0.5278928305828692,-0.2360535847085654,-0.6180267923542827,0.19098660382285865,-0.40450669808857065,-0.7022533490442853,-0.8511266745221426,0.07443666273892868,0.5372183313694643,-0.23139083431526786,-0.6156954171576339,0.19215229142118306,-0.40392385428940847,-0.7019619271447042,-0.8509809635723521,-0.925490481786176,0.037254759106912005,-0.481372620446544,0.259313689776728,0.6296568448883639,0.814828422444182,0.907414211222091,-0.04629289438895451,-0.5231464471944772,0.2384267764027614,-0.3807866117986193,-0.6903933058993097,0.15480334705034515,0.5774016735251726,-0.2112991632374137,-0.6056495816187069,0.19717520919064657,-0.4014123954046767,-0.7007061977023383,-0.8503530988511692,-0.9251765494255846,-0.9625882747127923,0.018705862643603854,0.5093529313218019,-0.24532353433909904,-0.6226617671695496,-0.8113308835847748,0.0943345582076126,0.5471672791038062,0.7735836395519031,-0.11320818022404844,-0.5566040901120242,-0.7783020450560121,0.11084897747199396,0.5554244887359969,-0.22228775563200154,-0.6111438778160008,-0.8055719389080004,-0.9027859694540001,0.04860701527299993,-0.47569649236350003,-0.73784824618175,-0.8689241230908751,-0.9344620615454375,0.03276896922728123,-0.4836155153863594,-0.7418077576931796,-0.8709038788465898,-0.935451939423295,-0.9677259697116475,0.01613701514417626,0.5080685075720881,-0.24596574621395595,-0.622982873106978,0.188508563446511,-0.4057457182767445,-0.7028728591383723,0.14856357043081386,-0.42571821478459304,-0.7128591073922965,-0.8564295536961483,0.07178522315192587,-0.4641073884240371,-0.7320536942120186,0.1339731528939907,-0.43301342355300465,0.2834932882234977,0.6417466441117489,0.8208733220558744,-0.08956333897206281,0.4552183305139686,-0.27239083474301573,-0.6361954173715079,-0.8180977086857539,0.09095114565712303,0.5454755728285615,-0.22726221358571924,0.3863688932071404,-0.3068155533964298,0.3465922233017851,-0.32670388834910746,-0.6633519441745537,-0.8316759720872768,0.08416201395636158,-0.4579189930218192,-0.7289594965109096,-0.8644797482554548,-0.9322398741277274,-0.9661199370638637,-0.9830599685319319,0.008470015734034053,0.504235007867017,-0.2478824960664915,0.37605875196675426,-0.3119706240166229,-0.6559853120083114,0.17200734399584428,-0.41399632800207786,-0.706998164001039,-0.8534990820005195,-0.9267495410002597,-0.9633747705001299,0.018312614749935063,0.5091563073749675,-0.24542184631251623,0.3772890768437419,-0.31135546157812904,-0.6556777307890646,0.17216113460546772,-0.41391943269726617,-0.7069597163486331,0.14652014182568346,-0.4267399290871583,-0.7133699645435791,-0.8566849822717896,-0.9283424911358948,0.03582875443205258,0.5179143772160263,-0.24104281139198686,-0.6205214056959935,-0.8102607028479967,-0.9051303514239983,-0.9525651757119992,0.023717412144000416,-0.48814129392799976,-0.7440706469639999,0.12796467651800003,-0.436017661741,0.2819911691295,-0.35900441543524997,-0.6795022077176249,-0.8397511038588125,0.08012444807059377,-0.4599377759647031,-0.7299688879823516,-0.8649844439911758,0.0675077780044121,-0.46624611099779395,-0.733123055498897,-0.8665615277494485,-0.9332807638747243,-0.9666403819373621,-0.9833201909686811,-0.9916600954843405,-0.9958300477421702,0.002084976128914895,-0.49895751193554255,0.25052124403222875,0.6252606220161143,-0.18736968899194284,0.4063151555040286,-0.29684242224798574,0.35157878887600713,0.6757893944380036,0.8378946972190018,-0.08105265139049911,-0.5405263256952495,0.22973683715237525,-0.3851315814238124,-0.6925657907119062,0.15371710464404692,0.5768585523220234,-0.21157072383898828,-0.6057853619194942,-0.8028926809597471,-0.9014463404798736,-0.9507231702399368,-0.9753615851199684,-0.9876807925599842,0.0061596037200079,0.503079801860004,0.751539900930002,-0.124230049534999,-0.5621150247674995,-0.7810575123837498,-0.8905287561918749,-0.9452643780959374,-0.9726321890479688,-0.9863160945239844,-0.9931580472619922,-0.9965790236309962,-0.9982895118154981,-0.9991447559077491,0.0004276220461254532,-0.4997861889769373,-0.7498930944884686,0.12505345275576568,0.5625267263778828,-0.2187366368110586,-0.6093683184055293,-0.8046841592027647,0.09765792039861765,-0.4511710398006912,-0.7255855199003456,-0.8627927599501728,-0.9313963799750864,0.0343018100124568,0.5171509050062284,-0.2414245474968858,0.3792877262515571,-0.3103561368742215,-0.6551780684371107,-0.8275890342185553,0.08620548289072233,-0.4568972585546388,-0.7284486292773193,-0.8642243146386597,-0.9321121573193298,-0.9660560786596649,-0.9830280393298325,-0.9915140196649163,-0.9957570098324582,0.002121495083770908,-0.49893925245811455,0.2505303737709427,-0.3747348131145286,0.3126325934427357,-0.3436837032786322,0.3281581483606839,0.664079074180342,0.832039537090171,-0.08398023145491451,-0.5419901157274573,-0.7709950578637286,-0.8854975289318643,-0.9427487644659321,0.02862561776703393,0.5143128088835169,-0.24284359555824153,0.37857820222087923,-0.3107108988895604,0.3446445505552198,-0.3276777247223901,-0.663838862361195,-0.8319194311805975,0.08404028440970124,-0.4579798577951494,0.2710100711024253,-0.3644949644487874,-0.6822474822243937,-0.8411237411121968,0.0794381294439016,0.5397190647219507,-0.23014046763902463,0.3849297661804877,-0.30753511690975616,0.3462324415451219,-0.32688377922743905,0.3365581103862805,-0.33172094480685976,-0.6658604724034298,-0.8329302362017149,-0.9164651181008574,-0.9582325590504287,-0.9791162795252144,0.010441860237392797,-0.4947790698813036,0.2526104650593482,-0.37369476747032593,-0.686847383735163,-0.8434236918675815,0.07828815406620926,0.5391440770331046,-0.23042796148344769,0.38478601925827616,0.6923930096291381,0.846196504814569,0.9230982524072845,0.9615491262036422,-0.019225436898178905,0.49038728155091055,0.7451936407754552,-0.12740317961227238,-0.5637015898061362,0.21814920509693192,-0.39092539745153404,0.30453730127423295,-0.3477313493628835,0.32613432531855824,-0.3369328373407209,-0.6684664186703604,-0.8342332093351802,0.0828833953324099,0.541441697666205,-0.2292791511668975,0.3853604244165513,-0.30731978779172436,-0.6536598938958622,-0.8268299469479311,-0.9134149734739656,0.043292513263017196,-0.4783537433684914,-0.7391768716842457,-0.8695884358421229,-0.9347942179210614,0.032602891039469284,0.5163014455197347,-0.24184927724013267,0.3790753613799337,-0.31046231931003315,0.34476884034498345,-0.3276155798275083,-0.6638077899137541,0.16809610504312295,0.5840480525215614,0.7920240262607807,0.8960120131303904,0.9480060065651952,-0.02599699671740241,0.4870015016412988,0.7435007508206494,0.8717503754103246,0.9358751877051623,-0.03206240614741884,0.4839687969262906,-0.2580156015368547,0.3709921992315727,-0.31450390038421366,0.3427480498078932,-0.3286259750960534,0.3356870124519733,0.6678435062259866,-0.16607824688700668,0.41696087655649666,0.7084804382782484,0.8542402191391242,-0.07287989043043791,0.463560054784781,0.7317800273923905,-0.13410998630380477,-0.5670549931519024,-0.7835274965759512,0.10823625171202439,0.5541181258560122,-0.22294093707199392,0.38852953146400304,-0.3057352342679985,-0.6528676171339992,0.1735661914330004,0.5867830957165002,-0.2066084521417499,0.39669577392912503,-0.3016521130354375,-0.6508260565177187,0.17458697174114063,0.5872934858705703,-0.20635325706471486,-0.6031766285323574,-0.8015883142661787,-0.9007941571330893,0.04960292143345535,0.5248014607167277,0.7624007303583639,0.881200365179182,-0.059399817410409006,-0.5296999087052046,-0.7648499543526023,-0.8824249771763011,0.05878751141184946,-0.47060624429407527,0.26469687785296236,0.6323484389264812,0.8161742194632406,-0.09191289026837968,0.45404355486581016,0.7270217774329051,0.8635108887164525,-0.06824455564177373,-0.5341222778208868,0.23293886108955658,0.6164694305447783,0.8082347152723892,-0.09588264236380539,-0.5479413211819026,0.22602933940904868,-0.38698533029547566,0.30650733485226217,0.6532536674261311,-0.17337316628693444,-0.5866865831434672,-0.7933432915717336,0.10332835421413322,0.5516641771070666,0.7758320885535333,-0.11208395572323337,0.4439580221383833,0.7219790110691917,-0.13901049446540414,-0.569505247232702,0.215247376383649,0.6076236881918244,-0.19618815590408778,-0.5980940779520438,-0.7990470389760219,0.10047648051198904,0.5502382402559945,0.7751191201279972,0.8875595600639986,-0.056220219968000695,0.4718898900159997,-0.26405505499200016,-0.6320275274960001,-0.816013763748,0.09199311812599997,-0.454003440937,0.2729982795315,-0.36350086023425,0.318249569882875,0.6591247849414374,0.8295623924707187,-0.08521880376464064,0.4573905981176797,0.7286952990588398,0.8643476495294199,0.93217382476471,0.966086912382355,0.9830434561911775,-0.00847827190441125,-0.5042391359522056,0.2478804320238972,-0.3760597839880514,0.3119701080059743,0.6559850540029871,-0.17200747299850644,-0.5860037364992532,-0.7930018682496266,0.1034990658751867,-0.4482504670624067,0.27587476646879666,0.6379373832343983,0.8189686916171992,-0.0905156541914004,0.4547421729042998,-0.2726289135478501,-0.6363144567739251,0.18184277161303747,-0.40907861419348124,0.2954606929032594,0.6477303464516297,-0.17613482677418513,-0.5880674133870926,0.20596629330645372,0.6029831466532268,0.8014915733266135,0.9007457866633067,0.9503728933316533,0.9751864466658267,-0.012406776667086672,-0.5062033883335433,0.24689830583322836,-0.3765508470833858,0.3117245764583071,0.6558622882291536,0.8279311441145768,-0.0860344279427116,0.4569827860286442,-0.2715086069856779,0.36424569650716104,-0.3178771517464195,0.34106142412679025,0.6705307120633951,-0.16473464396830245,-0.5823673219841512,0.2088163390079244,0.6044081695039623,0.8022040847519811,-0.09889795762400944,0.4505510211879953,0.7252755105939976,-0.13736224470300118,-0.5686811223515006,0.2156594388242497,0.6078297194121248,-0.1960851402939376,-0.5980425701469688,-0.7990212850734844,-0.8995106425367422,0.05024467873162891,-0.47487766063418557,0.2625611696829072,-0.3687194151585464,0.3156402924207268,-0.3421798537896366,0.3289100731051817,-0.33554496344740914,0.33222751827629543,0.6661137591381477,-0.16694312043092613,0.4165284397845369,-0.29173578010773155,0.3541321099461342,0.6770660549730672,0.8385330274865336,-0.08073348625673321,-0.5403667431283666,-0.7701833715641833,-0.8850916857820916,-0.9425458428910458,-0.9712729214455229,0.014363539277238546,0.5071817696386193,-0.24640911518069036,-0.6232045575903452,-0.8116022787951727,-0.9058011393975863,-0.9529005696987931,0.023549715150603445,-0.4882251424246983,0.25588742878765086,0.6279437143938255,0.8139718571969128,0.9069859285984564,0.9534929642992283,0.9767464821496141,0.9883732410748071,0.9941866205374035,-0.002906689731298262,-0.5014533448656491,-0.7507266724328245,-0.8753633362164123,-0.9376816681082061,-0.968840834054103,0.01557958297294848,0.5077897914864742,-0.2461051042567629,0.37694744787161855,-0.3115262760641907,0.34423686196790465,0.6721184309839523,0.8360592154919761,0.9180296077459881,-0.04098519612700596,0.479507401936497,0.7397537009682484,-0.13012314951587578,-0.565061574757938,-0.782530787378969,-0.8912653936894845,0.05436730315525773,0.5271836515776289,-0.23640817421118554,-0.6182040871055927,0.19089795644720364,-0.4045510217763982,0.29772448911180094,0.6488622445559005,0.8244311222779502,0.9122155611389751,-0.04389221943051247,0.47805389028474377,0.7390269451423719,-0.13048652742881406,-0.565243263714407,0.21737836814279649,-0.39131081592860173,-0.6956554079643009,0.15217229601784954,-0.42391385199107523,0.2880430740044624,-0.3559784629977688,0.3220107685011156,-0.33899461574944223,-0.6694973078747211,-0.8347486539373605,-0.9173743269686803,-0.9586871634843401,0.020656418257829934,-0.48967179087108503,0.2551641045644575,-0.37241794771777126,-0.6862089738588857,-0.8431044869294428,-0.9215522434647214,0.03922387826763929,-0.48038806086618036,0.2598059695669098,-0.3700970152165451,0.3149514923917275,-0.34252425380413626,-0.6712621269020681,-0.835631063451034,-0.917815531725517,0.0410922341372415,-0.47945388293137925,0.2602730585343104,-0.3698634707328448,-0.6849317353664224,0.1575341323167888,-0.4212329338416056,-0.7106164669208028,-0.8553082334604014,-0.9276541167302007,0.03617294163489965,-0.48191352918255015,0.2590432354087249,-0.37047838229563756,0.3147608088521812,-0.3426195955739094,-0.6713097977869547,-0.8356548988934773,-0.9178274494467387,0.04108627527663067,-0.47945686236168467,-0.7397284311808423,0.13013578440957885,-0.4349321077952106,-0.7174660538976053,0.14126697305119734,-0.42936651347440136,-0.7146832567372007,-0.8573416283686004,-0.9286708141843002,0.0356645929078499,-0.4821677035460751,0.25891614822696246,-0.3705419258865188,-0.6852709629432594,-0.8426354814716297,-0.9213177407358148,0.039341129632092575,-0.4803294351839537,0.2598352824080231,-0.37008235879598844,0.31495882060200575,0.6574794103010029,-0.17126029484949856,-0.5856301474247493,-0.7928150737123747,0.10359246314381265,-0.4482037684280937,0.27589811578595314,-0.36205094210702343,-0.6810254710535117,-0.8405127355267559,-0.9202563677633779,0.03987181611831103,-0.4800640919408445,-0.7400320459704223,-0.8700160229852112,-0.9350080114926056,-0.9675040057463028,0.0162479971268486,0.5081239985634243,-0.24593800071828786,-0.6229690003591439,-0.811484500179572,-0.905742250089786,0.04712887495510698,0.5235644374775534,-0.23821778126122328,-0.6191088906306117,-0.8095544453153058,0.09522277734234708,-0.45238861132882646,0.27380569433558677,-0.3630971528322066,-0.6815485764161033,-0.8407742882080517,0.07961285589597417,-0.46019357205201294,0.2699032139739935,-0.36504839301300324,-0.6825241965065016,0.15873790174674918,-0.4206310491266254,0.2896844754366873,-0.35515776228165635,0.3224211188591718,-0.3387894405704141,0.3306052797147929,-0.33469736014260354,-0.6673486800713018,0.16632565996434912,-0.41683717001782544,-0.7084185850089127,0.14579070749554363,-0.4271046462522282,0.2864476768738859,-0.356776161563057,-0.6783880807815286,-0.8391940403907643,0.08040297980461786,0.5402014899023089,-0.22989925504884556,-0.6149496275244228,-0.8074748137622114,-0.9037374068811057,-0.9518687034405529,-0.9759343517202764,-0.9879671758601383,-0.9939835879300691,0.0030082060349654327,-0.4984958969825173,-0.7492479484912586,-0.8746239742456293,0.06268801287718534,-0.4686559935614073,0.26567200321929635,-0.36716399839035185,-0.6835819991951759,-0.841790999597588,0.07910450020120602,-0.46044774989939696,-0.7302238749496985,-0.8651119374748493,0.06744403126257537,-0.4662779843687123,-0.7331389921843562,0.1334305039078219,-0.4332847480460891,-0.7166423740230445,0.14167881298847773,0.5708394064942388,-0.2145802967528806,0.3927098516235597,0.6963549258117798,-0.1518225370941101,-0.5759112685470551,-0.7879556342735275,-0.8939778171367638,0.053011091431618085,0.526505545715809,-0.2367472271420955,-0.6183736135710478,-0.8091868067855239,-0.904593403392762,0.047703298303619024,-0.4761483508481905,-0.7380741754240953,0.13096291228795237,-0.43451854385602384,0.2827407280719881,0.641370364035994,-0.179314817982003,-0.5896574089910015,-0.7948287044955007,0.10258564775224965,-0.4487071761238752,-0.7243535880619376,0.1378232059690312,-0.4310883970154844,-0.7155441985077422,0.1422279007461289,-0.42888604962693555,-0.7144430248134678,-0.8572215124067339,-0.928610756203367,0.035694621898316514,-0.48215268905084174,0.25892365547457913,-0.37053817226271046,0.31473091386864477,-0.34263454306567764,0.3286827284671612,-0.3356586357664194,-0.6678293178832098,0.16608534105839512,-0.41695732947080244,0.2915213352645988,-0.3542393323677006,0.32288033381614967,-0.33855983309192517,-0.6692799165459626,-0.8346399582729813,-0.9173199791364907,0.04134001043175467,-0.47932999478412264,-0.7396649973920613,-0.8698324986960306,-0.9349162493480153,0.03254187532599234,-0.48372906233700386,0.25813546883149807,-0.37093226558425096,0.3145338672078745,-0.3427330663960627,-0.6713665331980314,-0.8356832665990157,-0.9178416332995079,0.041079183350246073,-0.47946040832487696,-0.7397302041624385,0.13013489791878075,-0.4349325510406096,-0.7174662755203048,0.14126686223984758,-0.4293665688800762,-0.7146832844400381,-0.8573416422200191,0.07132917888999046,-0.46433541055500477,0.2678322947224976,-0.3660838526387512,0.3169580736806244,-0.34152096315968783,0.3292395184201561,-0.33538024078992196,0.332309879605039,-0.3338450601974805,-0.6669225300987403,-0.8334612650493701,-0.9167306325246851,0.04163468373765744,0.5208173418688287,-0.23959132906558567,-0.6197956645327929,0.19010216773360356,-0.4049489161331982,-0.7024744580665991,0.14876277096670043,-0.4256186145166498,0.2871906927416751,-0.35640465362916246,-0.6782023268145813,-0.8391011634072907,-0.9195505817036453,0.04022470914817733,-0.47988764542591134,-0.7399438227129557,0.13002808864352217,0.565014044321761,0.7825070221608805,-0.10874648891955974,0.44562675554022013,0.72281337777011,-0.138593311114945,-0.5692966555574726,0.21535167222126372,-0.39232416388936814,0.3038379180553159,0.651918959027658,0.825959479513829,0.9129797397569145,-0.043510130121542756,0.4782449349392286,0.7391224674696143,-0.13043876626519285,0.43478061686740355,0.7173903084337018,-0.1413048457831491,0.4293475771084254,0.7146737885542127,-0.14266310572289365,0.4286684471385532,0.7143342235692766,0.8571671117846382,0.9285835558923191,0.9642917779461595,-0.01785411102692025,0.4910729444865399,-0.2544635277567301,0.37276823612163495,0.6863841180608174,-0.15680794096959128,0.42159602951520436,0.7107980147576022,0.8553990073788011,0.9276995036894006,-0.036150248155299713,0.4819248759223501,-0.25903756203882494,-0.6295187810194125,0.18524060949029375,-0.4073796952548531,0.2963101523725734,0.6481550761862866,0.8240775380931433,-0.08796123095342834,0.45601938452328583,0.7280096922616429,0.8640048461308214,-0.0679975769345893,-0.5339987884672946,0.23300060576635268,-0.38349969711682363,0.3082501514415882,0.6541250757207941,0.8270625378603971,0.9135312689301985,-0.04323436553490073,-0.5216171827674504,0.2391914086162748,0.6195957043081374,0.8097978521540687,-0.09510107392296563,0.4524494630385172,-0.2737752684807414,-0.6368876342403706,0.18155618287981468,0.5907780914399073,-0.20461095428004633,0.39769452285997686,0.6988472614299884,-0.15057636928500578,0.42471181535749714,0.7123559076787486,-0.14382204616062572,0.42808897691968717,0.7140444884598436,-0.1429777557700782,-0.5714888778850391,0.21425556105748045,0.6071277805287403,-0.19643610973562986,-0.5982180548678149,0.20089097256609256,-0.3995545137169537,0.30022274314152314,-0.3498886284292384,0.3250556857853808,0.6625278428926904,-0.1687360785536548,0.4156319607231726,0.7078159803615863,-0.14609200981920684,0.42695399509039655,0.7134769975451982,0.8567384987725991,-0.07163075061370044,0.4641846246931498,0.7320923123465749,0.8660461561732875,0.9330230780866438,0.9665115390433219,-0.01674423047833906,0.49162788476083047,-0.2541860576195848,0.3729069711902076,0.6864534855951038,-0.1567732572024481,-0.578386628601224,0.21080668569938799,0.605403342849694,0.8027016714248469,-0.09864916428757653,0.45067541785621174,0.7253377089281059,-0.13733114553594705,0.4313344272320265,0.7156672136160133,0.8578336068080066,-0.07108319659599671,0.46445840170200164,-0.26777079914899915,-0.6338853995744995,0.18305730021275024,-0.4084713498936249,0.29576432505318756,-0.3521178374734062,0.3239410812632969,0.6619705406316485,0.8309852703158243,-0.08450736484208787,0.45774631757895606,-0.271126841210522,0.364436579394739,0.6822182896973695,0.8411091448486847,0.9205545724243424,0.9602772862121711,-0.01986135689391444,0.4900693215530428,0.7450346607765214,-0.12748266961173932,0.43625866519413037,0.7181293325970652,0.8590646662985326,-0.07046766685073369,0.46476616657463315,-0.2676169167126834,-0.6338084583563417,0.18309577082182915,0.5915478854109146,0.7957739427054573,0.8978869713527287,-0.05105651432363567,0.47447174283818216,-0.2627641285809089,0.36861793570954554,-0.3156910321452272,0.3421544839273864,0.6710772419636932,0.8355386209818466,-0.0822306895090767,-0.5411153447545384,-0.7705576723772691,0.11472116381136543,0.5573605819056827,0.7786802909528414,0.8893401454764207,-0.055329927261789646,-0.5276649636308948,-0.7638324818154474,-0.8819162409077237,-0.9409581204538618,-0.9704790602269309,-0.9852395301134654,-0.9926197650567328,-0.9963098825283664,0.001845058735816807,-0.4990774706320916,-0.7495387353160459,0.12523063234197707,0.5626153161709886,0.7813076580854943,0.8906538290427471,0.9453269145213736,-0.027336542739313185,-0.5136682713696565,0.24316586431517173,0.6215829321575859,0.8107914660787929,-0.09460426696060353,0.45269786651969823,-0.2736510667401509,0.3631744666299246,0.6815872333149623,0.8407936166574812,0.9203968083287406,-0.0398015958356297,0.48009920208218515,-0.2599503989589074,0.3700248005205463,0.6850124002602731,0.8425062001301366,0.9212531000650683,0.9606265500325342,-0.019686724983732917,-0.5098433624918665,-0.7549216812459332,0.12253915937703341,-0.4387304203114833,0.2806347898442584,0.6403173949221292,-0.17984130253893538,0.4100793487305323,0.7050396743652662,0.852519837182633,0.9262599185913165,0.9631299592956583,-0.018435020352170872,-0.5092175101760854,-0.7546087550880427,-0.8773043775440214,0.061347811227989324,0.5306739056139946,0.7653369528069973,0.8826684764034987,0.9413342382017493,0.9706671191008747,-0.014666440449562668,-0.5073332202247813,-0.7536666101123907,0.12316669494380467,0.5615833474719023,0.7807916737359512,0.8903958368679756,0.9451979184339878,0.9725989592169939,-0.013700520391503046,-0.5068502601957515,0.24657486990212424,-0.3767125650489379,0.31164371747553105,0.6558218587377656,0.8279109293688828,0.9139554646844414,-0.04302226765777928,-0.5215111338288896,-0.7607555669144448,-0.8803777834572224,-0.9401888917286112,0.0299055541356944,0.5149527770678473,0.7574763885339236,0.8787381942669619,-0.060630902866519065,-0.5303154514332595,0.23484227428337023,-0.3825788628583149,-0.6912894314291574,-0.8456447157145788,0.07717764214271061,0.5385888210713553,-0.23070558946432235,0.3846472052678388,0.6923236026339195,0.8461618013169597,0.9230809006584799,0.96154045032924,-0.01922977483538002,-0.50961488741769,0.245192556291155,0.6225962781455775,0.8112981390727887,0.9056490695363943,-0.04717546523180283,0.4764122673840986,-0.2617938663079507,0.3691030668460247,0.6845515334230123,0.8422757667115062,0.9211378833557531,0.9605689416778765,-0.01971552916106173,0.4901422354194691,0.7450711177097346,0.8725355588548673,0.9362677794274337,-0.03186611028628317,0.4840669448568584,0.7420334724284292,-0.1289832637857854,0.4355083681071073,0.7177541840535536,-0.1411229079732232,0.4294385460133884,0.7147192730066942,0.8573596365033471,-0.07132018174832644,0.4643399091258368,0.7321699545629183,0.8660849772814592,0.9330424886407296,0.9665212443203648,0.9832606221601824,0.9916303110800913,0.9958151555400456,0.9979075777700228,-0.0010462111149885933,-0.5005231055574944,0.24973844722125282,0.6248692236106264,-0.18756538819468682,0.4062173059026566,-0.2968913470486717,0.35155432647566415,0.6757771632378321,0.8378885816189161,-0.08105570919054195,-0.540527854595271,0.2297360727023645,-0.38513196364881774,0.30743401817559113,-0.34628299091220444,0.32685850454389775,0.6634292522719489,0.8317146261359745,0.9158573130679872,0.9579286565339936,-0.02103567173300319,0.48948216413349843,-0.2552589179332508,0.37237054103337464,-0.3138147294833127,0.34309263525834366,0.6715463176291718,0.8357731588145859,-0.08211342059270704,0.4589432897036465,0.7294716448518233,0.8647358224259116,0.9323679112129558,-0.03381604439352209,-0.516908022196761,0.2415459889016195,0.6207729944508098,0.8103864972254049,-0.09480675138729755,-0.5474033756936487,-0.7737016878468244,0.11314915607658782,0.5565745780382939,0.778287289019147,-0.1108563554904265,-0.5554281777452132,0.22228591112739338,0.6111429555636967,0.8055714777818483,0.9027857388909242,-0.048607130554537914,0.47569643472273104,0.7378482173613655,-0.13107589131931724,0.43446205434034135,0.7172310271701707,0.8586155135850854,0.9293077567925427,-0.03534612160372863,-0.5176730608018643,0.24116346959906787,-0.37941826520046606,0.31029086739976697,0.6551454336998834,-0.17242728315005829,0.41378635842497086,0.7068931792124854,0.8534465896062426,0.9267232948031213,0.9633616474015607,-0.01831917629921964,0.4908404118503902,0.7454202059251951,0.8727101029625975,-0.06364494851870123,0.4681775257406494,-0.2659112371296753,0.3670443814351624,0.6835221907175812,0.8417610953587906,-0.07911945232060469,0.46044027383969766,-0.26977986308015117,-0.6348899315400756,0.18255503422996222,-0.4087224828850189,-0.7043612414425094,-0.8521806207212548,-0.9260903103606274,0.036954844819686306,-0.4815225775901568,0.2592387112049216,0.6296193556024607,0.8148096778012304,-0.09259516109938482,0.4537024194503076,-0.2731487902748462,0.3634256048625769,0.6817128024312884,-0.1591435987843558,-0.5795717993921778,0.21021410030391108,0.6051070501519555,-0.19744647492402223,0.4012767625379889,-0.29936161873100553,-0.6496808093655028,0.17515959531724862,-0.41242020234137566,0.29378989882931217,0.6468949494146561,0.823447474707328,-0.08827626264633598,-0.544138131323168,-0.7720690656615841,0.11396546716920797,0.556982733584604,-0.22150863320769798,0.389245683396151,-0.30537715830192447,0.34731142084903777,-0.3263442895754811,-0.6631721447877406,0.16841392760612972,0.5842069638030649,0.7921034819015325,0.8960517409507662,-0.051974129524616886,-0.5259870647623084,0.2370064676188458,0.618503233809423,-0.19074838309528852,0.40462580845235574,0.7023129042261779,-0.14884354788691107,-0.5744217739434555,0.21278911302827225,0.6063945565141361,-0.19680272174293195,0.401598639128534,-0.299200680435733,0.3503996597821335,0.6751998298910667,-0.16240008505446663,0.41879995747276666,0.7093999787363834,-0.1453000106318083,-0.5726500053159042,0.21367499734204792,0.606837498671024,0.803418749335512,-0.09829062533224397,0.450854687333878,-0.274572656333061,0.3627136718334695,0.6813568359167348,-0.1593215820416326,0.4203392089791837,-0.2898303955104081,-0.6449151977552041,0.17754240112239794,0.5887712005611989,0.7943856002805995,-0.10280719985970027,-0.5514035999298501,0.22429820003507495,-0.3878508999824625,0.3060745500087687,0.6530372750043844,0.8265186375021922,0.9132593187510961,0.9566296593755481,-0.021685170312225943,-0.5108425851561129,0.24457870742194354,0.6222893537109717,-0.18885532314451414,0.40557233842774293,-0.2972138307861285,0.35139308460693575,-0.3243034576965321,0.33784827115173394,0.6689241355758669,0.8344620677879335,0.9172310338939668,0.9586155169469834,0.9793077584734917,0.9896538792367459,-0.00517306038162707,-0.5025865301908136,-0.7512932650954067,0.12435336745229664,-0.4378233162738517,0.2810883418630742,-0.3594558290684629,0.3202720854657686,-0.3398639572671157,0.33006802136644214,0.6650340106832211,-0.16748299465838945,-0.5837414973291948,0.2081292513354026,-0.3959353743322987,-0.6979676871661493,0.15101615641692534,-0.42449192179153733,0.28775403910423136,0.6438770195521157,-0.17806149022394213,-0.5890307451119711,0.20548462744401447,0.6027423137220073,-0.19862884313899637,-0.5993144215694982,0.2003427892152509,-0.3998286053923745,0.30008569730381274,-0.34995715134809363,-0.6749785756740468,0.16251071216297658,0.5812553560814883,-0.20937232195925587,0.3953138390203721,0.697656919510186,-0.15117154024490698,-0.5755857701224535,0.21220711493877326,0.6061035574693866,0.8030517787346934,0.9015258893673467,0.9507629446836734,0.9753814723418367,-0.012309263829081651,0.4938453680854592,-0.2530773159572704,0.37346134202136483,0.6867306710106824,-0.1566346644946588,-0.5783173322473294,0.2108413338763353,-0.39457933306183235,0.3027103334690838,-0.3486448332654581,0.32567758336727093,0.6628387916836355,0.8314193958418177,0.9157096979209088,-0.04214515103954558,-0.5210725755197728,0.2394637122401136,-0.38026814387994323,0.3098659280600284,0.6549329640300142,0.827466482015007,-0.08626675899249647,-0.5431333794962483,-0.7715666897481241,-0.8857833448740621,0.057108327562968964,-0.47144583621851555,0.2642770818907422,0.6321385409453711,-0.18393072952731443,0.40803463523634276,-0.2959826823818286,-0.6479913411909143,-0.8239956705954572,0.0880021647022714,-0.4559989176488643,0.2720005411755678,0.6360002705877839,-0.18199986470610807,0.40900006764694596,0.704500033823473,-0.14774998308826348,0.42612500845586826,-0.28693749577206584,0.3565312521139671,-0.32173437394301646,0.33913281302849174,0.6695664065142459,-0.16521679674287704,0.4173916016285615,-0.29130419918571926,0.35434790040714037,0.6771739502035702,0.8385869751017851,0.9192934875508926,-0.04035325622455371,0.47982337188772317,-0.2600883140561384,0.3699558429719308,-0.31502207851403463,0.3424889607429827,0.6712444803714913,0.8356222401857456,0.9178111200928728,0.9589055600464365,-0.020547219976781772,0.4897263900116091,0.7448631950058046,0.8724315975029022,0.9362157987514511,0.9681078993757255,-0.01594605031213725,0.4920269748439314,-0.2539865125780343,-0.6269932562890171,-0.8134966281445086,0.09325168592774569,-0.45337415703612716,0.2733129214819364,-0.3633435392590318,0.3183282303704841,-0.34083588481475796,0.32958205759262105,-0.3352089712036895,0.3323955143981553,0.6661977571990776,0.8330988785995388,0.9165494392997694,0.9582747196498846,-0.02086264017505768,0.48956867991247116,0.7447843399562356,-0.1276078300218822,0.43619608498905893,-0.28190195750547054,-0.6409509787527352,-0.8204754893763676,0.0897622553118162,-0.4551188723440919,-0.7275594361720459,-0.8637797180860229,0.06811014095698853,0.5340550704784943,-0.23297246476075284,0.3835137676196236,0.6917568838098118,-0.1541215580950941,-0.577060779047547,0.21146961047622648,0.6057348052381133,-0.19713259738094335,-0.5985662986904716,0.2007168506547642,0.6003584253273822,0.8001792126636911,0.9000896063318455,-0.04995519683407723,0.4750224015829614,0.7375112007914807,-0.13124439960425965,0.4343778001978702,0.7171889000989351,-0.14140554995053245,-0.5707027749752662,0.2146486125123669,-0.39267569374381656,0.30366215312809175,0.6518310765640458,-0.1740844617179771,-0.5870422308589885,0.20647888457050573,-0.39676055771474716,0.3016197211426264,0.6508098605713132,-0.1745950697143434,-0.5872975348571717,0.20635123257141413,-0.39682438371429296,0.3015878081428535,0.6507939040714268,0.8253969520357134,-0.0873015239821433,0.45634923800892835,0.7281746190044642,0.8640873095022321,0.9320436547511161,-0.03397817262444197,-0.516989086312221,0.24150545684388952,0.6207527284219447,-0.18962363578902763,-0.5948118178945139,0.20259409105274306,-0.39870295447362847,-0.6993514772368142,-0.8496757386184071,0.07516213069079647,0.5375810653453983,0.7687905326726991,-0.11560473366365043,-0.5578023668318253,-0.7789011834159126,0.11054940829204368,0.5552747041460219,0.7776373520730109,-0.11118132396349456,0.4444093380182527,0.7222046690091264,-0.1388976654954368,0.4305511672522816,0.7152755836261409,-0.14236220818692957,-0.5711811040934648,0.2144094479532676,-0.39279527602336617,0.3036023619883169,0.6518011809941584,-0.1740994095029208,-0.5870497047514605,0.20647514762426977,-0.3967624261878651,0.30161878690606747,-0.34919060654696626,0.32540469672651684,-0.3372976516367416,-0.6686488258183708,0.1656755870908146,-0.4171622064545927,-0.7085811032272964,0.1457094483863518,0.5728547241931758,-0.21357263790341208,0.39321368104829396,-0.303393159475853,0.3483034202620735,-0.32584828986896325,0.3370758550655184,0.6685379275327592,-0.1657310362336204,0.4171344818831898,-0.2914327590584051,0.3542836204707974,0.6771418102353988,0.8385709051176994,0.9192854525588496,0.9596427262794248,-0.02017863686028759,0.4899106815698562,0.7449553407849281,-0.12752232960753596,-0.5637611648037679,-0.781880582401884,-0.890940291200942,0.05452985439952901,-0.4727350728002355,-0.7363675364001178,0.13181623179994112,0.5659081158999706,-0.2170459420500147,-0.6085229710250073,0.19573851448749635,0.5978692572437482,0.7989346286218741,0.8994673143109371,-0.050266342844531464,0.47486682857773427,-0.2625665857111329,0.36871670714443355,0.6843583535722167,0.8421791767861084,0.9210895883930542,-0.03945520580347289,0.4802723970982635,-0.25986380145086824,0.37006809927456585,0.6850340496372829,0.8425170248186414,-0.07874148759067928,-0.5393707437953397,-0.7696853718976698,0.11515731405116508,0.5575786570255825,-0.22121067148720874,-0.6106053357436043,0.19469733212819784,-0.4026513339359011,0.2986743330320495,0.6493371665160248,-0.1753314167419876,-0.5876657083709937,0.20616714581450313,-0.39691642709274844,0.3015417864536258,-0.3492291067731871,0.32538544661340646,-0.33730727669329674,0.33134636165335163,-0.3343268191733242,0.3328365904133379,-0.33358170479333105,0.3332091476033345,-0.33339542619833273,0.33330228690083363,-0.3333488565495832,-0.6666744282747916,-0.8333372141373958,0.0833313929313021,0.541665696465651,0.7708328482328255,0.8854164241164127,-0.057291787941793626,0.4713541060291032,-0.2643229469854484,0.3678385265072758,0.6839192632536379,-0.15804036837318103,0.4209798158134095,-0.28951009209329526,0.35524495395335237,0.6776224769766762,-0.1611887615116619,0.4194056192441691,-0.29029719037791546,0.35485140481104227,0.6774257024055211,-0.16128714879723943,-0.5806435743986197,0.20967821280069016,-0.3951608935996549,0.30241955320017255,0.6512097766000863,0.8256048883000431,-0.08719755584997846,-0.5435987779249892,-0.7717993889624946,0.11410030551875272,-0.44294984724062364,-0.7214749236203118,0.13926253818984408,0.569631269094922,0.7848156345474611,0.8924078172737305,0.9462039086368652,-0.026898045681567395,0.4865509771592163,-0.2567245114203919,-0.628362255710196,-0.814181127855098,-0.907090563927549,0.04645471803622547,-0.47677264098188726,-0.7383863204909437,-0.8691931602454719,0.06540341987726406,0.532701709938632,-0.233649145030684,0.383175427484658,-0.30841228625767103,-0.6542061431288355,-0.8271030715644178,-0.9135515357822088,-0.9567757678911044,0.021612116054447794,-0.4891939419727761,0.25540302901361195,-0.372298485493194,-0.6861492427465969,0.15692537862670153,0.5784626893133508,0.7892313446566754,-0.10538432767166228,0.44730783616416886,0.7236539180820845,-0.13817304095895777,-0.5690865204794788,-0.7845432602397394,-0.8922716301198697,0.053864184940065174,-0.4730679075299674,0.2634660462350163,0.6317330231175081,-0.18413348844124594,-0.592066744220623,0.2039666278896885,0.6019833139448443,-0.19900834302757786,0.40049582848621107,0.7002479142431055,-0.14987604287844725,0.4250619785607764,0.7125309892803882,0.8562654946401941,0.9281327473200971,-0.03593362633995145,0.4820331868300243,0.7410165934150121,-0.12949170329249393,0.43525414835375303,0.7176270741768765,-0.14118646291156173,0.4294067685442191,0.7147033842721096,-0.14264830786394522,0.4286758460680274,0.7143379230340137,-0.14283103848299317,-0.5714155192414966,-0.7857077596207482,-0.8928538798103741,-0.946426939905187,0.026786530047406498,0.5133932650237032,-0.2433033674881484,0.3783483162559258,-0.3108258418720371,0.34458707906398145,0.6722935395319907,-0.16385323023400467,0.41807338488299767,0.7090366924414988,0.8545183462207494,-0.0727408268896253,0.4636295865551874,0.7318147932775937,-0.13409260336120316,-0.5670463016806015,0.21647684915969923,0.6082384245798496,0.8041192122899248,0.9020596061449624,-0.048970196927518805,-0.5244850984637595,-0.7622425492318797,0.11887872538406014,0.5594393626920301,0.779719681346015,-0.1101401593269925,0.44492992033650375,-0.2775350398317481,0.36123248008412595,0.680616240042063,0.8403081200210315,0.9201540600105158,-0.0399229699947421,0.48003851500262895,-0.2599807424986855,0.37000962875065724,-0.3149951856246714,-0.6574975928123357,0.17125120359383217,0.5856256017969161,-0.20718719910154193,0.39640640044922903,0.6982032002246146,-0.1508983998876927,0.42455080005615364,-0.2877245999719232,-0.6438622999859616,-0.8219311499929808,0.08903442500350961,-0.4554827874982452,0.2722586062508774,0.6361293031254387,0.8180646515627193,0.9090323257813597,0.9545161628906799,0.97725808144534,-0.011370959277330006,-0.505685479638665,0.24715726018066753,0.6235786300903338,-0.18821068495483312,0.40589465752258347,0.7029473287612917,-0.14852633561935413,-0.574263167809677,0.2128684160951615,-0.39356579195241925,-0.6967828959762097,-0.8483914479881048,0.07580427600594758,0.5379021380029738,0.7689510690014869,-0.11552446549925655,0.4422377672503717,-0.27888111637481416,0.3605594418125929,-0.31972027909370354,0.34013986045314826,-0.32993006977342587,-0.6649650348867129,-0.8324825174433564,-0.9162412587216782,-0.9581206293608391,0.02093968531958046,-0.48953015734020977,0.2552349213298951,0.6276174606649476,-0.1861912696675262,0.4069043651662369,0.7034521825831185,0.8517260912915592,-0.07413695435422041,0.4629315228228898,0.7314657614114449,0.8657328807057225,0.9328664403528613,0.9664332201764306,-0.016783389911784685,-0.5083916949558923,-0.7541958474779462,-0.8770979237389731,0.06145103813051345,-0.4692744809347433,-0.7346372404673717,0.13268137976631417,-0.4336593101168429,0.28317034494157856,0.6415851724707893,-0.17920741376460536,-0.5896037068823027,0.20519814655884866,-0.3974009267205757,0.30129953663971215,0.6506497683198561,-0.17467511584007195,-0.587337557920036,0.20633122103998203,0.603165610519991,-0.19841719474000452,-0.5992085973700023,0.20039570131499884,-0.3998021493425006,0.3000989253287497,0.6500494626643749,-0.17497526866781254,0.4125123656660937,-0.29374381716695314,0.35312809141652346,-0.32343595429173827,0.3382820228541309,-0.33085898857293455,-0.6654294942864672,-0.8327147471432337,0.08364262642838316,0.5418213132141916,-0.2290893433929042,0.3854553283035479,-0.30727233584822605,-0.653636167924113,0.17318191603794347,0.5865909580189718,0.7932954790094859,-0.10335226049525703,0.4483238697523715,-0.27583806512381426,-0.6379190325619071,-0.8189595162809535,0.09052024185952323,-0.4547398790702384,-0.7273699395351192,0.1363150302324404,0.5681575151162201,-0.21592124244188993,-0.607960621220945,-0.8039803106104725,0.09800984469476376,-0.45099507765261815,0.2745024611736909,0.6372512305868454,-0.1813743847065773,0.40931280764671135,0.7046564038233557,-0.14767179808832215,0.4261641009558389,0.7130820504779194,0.8565410252389597,-0.07172948738052015,0.46413525630973995,-0.26793237184513,-0.633966185922565,0.18301690703871748,0.5915084535193588,0.7957542267596793,0.8978771133798397,0.9489385566899198,0.9744692783449599,0.98723463917248,0.99361731958624,0.99680865979312,-0.0015956701034399723,-0.5007978350517199,0.24960108247414003,-0.37519945876293,-0.687599729381465,0.15620013530926752,0.5781000676546337,0.7890500338273169,0.8945250169136585,-0.052737491543170756,-0.5263687457715853,0.23681562711420734,-0.38159218644289633,-0.6907960932214482,0.1546019533892759,0.577300976694638,0.788650488347319,-0.1056747558263405,-0.5528373779131702,-0.7764186889565852,0.11179065552170742,0.5558953277608537,-0.22205233611957315,0.3889738319402134,0.6944869159701067,0.8472434579850534,0.9236217289925267,-0.03818913550373665,0.48090543224813165,-0.2595472838759342,0.3702263580620329,0.6851131790310164,0.8425565895155083,0.9212782947577541,-0.03936085262112293,-0.5196804263105614,-0.7598402131552807,0.12007989342235964,-0.43996005328882015,0.2800199733555899,0.640009986677795,0.8200049933388975,0.9100024966694488,0.9550012483347243,-0.022499375832637836,0.4887503120836811,0.7443751560418406,-0.12781242197907972,-0.5639062109895399,-0.7819531054947699,0.10902344725261504,0.5545117236263075,-0.22274413818684624,0.3886279309065769,-0.30568603454671156,0.3471569827266442,-0.3264215086366779,0.336789245681661,0.6683946228408305,0.8341973114204153,-0.08290134428979234,-0.5414506721448962,0.2292746639275519,0.6146373319637759,0.807318665981888,-0.09634066700905602,0.45182966649547196,0.725914833247736,0.862957416623868,-0.06852129168806598,0.465739354155967,0.7328696770779835,-0.13356516146100827,-0.5667825807305041,0.21660870963474793,0.608304354817374,0.804152177408687,-0.09792391129565647,-0.5489619556478282,0.22551902217608588,-0.38724048891195706,0.30637975554402147,-0.34681012222798924,-0.6734050611139946,0.16329746944300272,0.5816487347215014,-0.20917563263924932,0.39541218368037534,-0.30229390815981233,0.3488530459200938,0.6744265229600469,-0.16278673851997655,-0.5813933692599883,-0.7906966846299941,-0.895348342314997,0.052325828842501476,-0.47383708557874926,-0.7369185427893746,-0.8684592713946873,-0.9342296356973436,0.032885182151328185,0.516442591075664,0.758221295537832,-0.12088935223108399,0.439555323884458,0.719777661942229,-0.14011116902888548,-0.5700555845144427,0.21497220774277864,-0.39251389612861065,-0.6962569480643053,-0.8481284740321526,0.07593576298392368,0.5379678814919618,0.7689839407459809,-0.11550802962700957,-0.5577540148135047,0.22112299259324764,0.6105614962966238,0.805280748148312,0.902640374074156,0.951320187037078,-0.024339906481461004,-0.5121699532407304,0.24391502337963478,-0.3780424883101826,0.3109787558449087,-0.3445106220775457,0.32774468896122716,-0.3361276555193864,-0.6680638277596932,0.1659680861201534,0.5829840430600767,-0.20850797846996166,0.39574601076501914,-0.30212699461749043,-0.6510634973087452,-0.8255317486543726,0.08723412567281369,0.5436170628364069,-0.22819146858179656,0.38590426570910175,-0.3070478671454491,0.34647606642727546,0.6732380332136377,-0.16338098339318113,-0.5816904916965906,-0.7908452458482953,-0.8954226229241476,0.052288688537926176,0.5261443442689631,-0.23692782786551847,-0.6184639139327592,0.19076804303362038,0.5953840215168102,0.7976920107584051,0.8988460053792026,0.9494230026896013,0.9747115013448007,0.9873557506724003,0.9936778753362001,-0.0031610623318999442,0.49841946883405003,0.749209734417025,-0.1253951327914875,-0.5626975663957438,-0.7813487831978718,-0.8906743915989359,0.054662804200532045,0.527331402100266,-0.23633429894986702,-0.6181671494749335,0.19091642526253327,-0.40454178736873336,-0.7022708936843667,0.14886455315781666,0.5744322765789083,-0.21278386171054586,-0.606391930855273,-0.8031959654276365,-0.9015979827138183,-0.9507989913569092,-0.9753994956784546,-0.9876997478392273,-0.9938498739196137,-0.9969249369598068,-0.9984624684799034,-0.9992312342399516,0.0003843828800241811,0.500192191440012,0.750096095720006,-0.12495195213999699,0.4375240239300015,0.7187620119650008,0.8593810059825004,-0.07030949700874978,-0.5351547485043748,0.23242262574781258,0.6162113128739063,-0.19189434356304685,0.40405282821847655,-0.2979735858907617,-0.6489867929453809,-0.8244933964726904,0.08775330176365481,-0.4561233491181726,-0.7280616745590863,0.13596916272045684,0.5679845813602284,-0.21600770931988578,0.3919961453400571,-0.30400192732997144,-0.6520009636649857,0.17399951816750714,-0.41300024091624643,-0.7065001204581232,-0.8532500602290616,-0.9266250301145308,0.036687484942734605,0.5183437424713673,0.7591718712356836,0.8795859356178418,-0.06020703219107909,0.4698964839044605,0.7349482419522302,0.8674741209761151,-0.06626293951194245,-0.5331314697559713,0.23343426512201437,-0.3832828674389928,-0.6916414337194964,-0.8458207168597482,-0.9229103584298741,-0.9614551792149371,0.01927241039253147,0.5096362051962657,0.7548181025981329,0.8774090512990664,-0.06129547435046678,0.4693522628247666,0.7346761314123833,0.8673380657061917,-0.06633096714690417,-0.5331654835734521,0.23341725821327397,-0.383291370893363,0.3083543145533185,-0.34582284272334074,0.32708857863832963,0.6635442893191648,-0.16822785534041762,0.4158860723297912,-0.2920569638351044,0.3539715180824478,0.6769857590412239,-0.16150712047938803,-0.580753560239694,0.20962321988015298,0.6048116099400764,-0.19759419502996178,0.4012029024850191,-0.29939854875749045,-0.6496992743787452,-0.8248496371893725,-0.9124248185946863,0.043787590702656864,-0.4781062046486716,-0.7390531023243359,0.13047344883783207,0.565236724418916,-0.21738163779054198,0.391309181104729,0.6956545905523646,0.8478272952761823,0.9239136476380911,-0.03804317618095443,0.4809784119095228,0.7404892059547614,-0.1297553970226193,0.43512230148869036,-0.2824388492556548,0.35878057537217256,0.6793902876860862,0.8396951438430431,0.9198475719215216,0.9599237859607608,-0.02003810701961961,0.4899809464901902,0.7449904732450952,-0.12750476337745242,0.4362476183112738,-0.2818761908443631,-0.6409380954221815,-0.8204690477110907,-0.9102345238555454,-0.9551172619277727,0.022441369036113656,0.5112206845180568,0.7556103422590283,-0.12219482887048583,0.4389025855647571,-0.2805487072176215,0.35972564639118926,-0.32013717680440534,-0.6600685884022026,-0.8300342942011013,0.08498285289944935,0.5424914264497247,-0.22875428677513765,0.3856228566124312,0.6928114283062156,-0.15359428584689222,-0.5767971429234461,0.21160142853827696,-0.3941992857308615,0.30290035713456925,-0.3485498214327154,-0.6742749107163577,-0.8371374553581789,-0.9185687276790895,0.04071563616045526,0.5203578180802276,-0.23982109095988619,0.38008945452005694,0.6900447272600285,-0.15497763636998574,0.42251118181500713,0.7112555909075036,0.8556277954537518,-0.07218610227312411,0.463906948863438,-0.268046525568281,0.3659767372158595,-0.3170116313920702,0.3414941843039649,-0.32925290784801753,0.33537354607599124,0.6676867730379956,-0.1661566134810022,-0.5830783067405011,0.20846084662974945,-0.39576957668512525,-0.6978847883425626,0.1510576058287187,0.5755288029143594,-0.21223559854282031,0.3938822007285898,-0.3030588996357051,0.34847055018214745,-0.3257647249089263,0.33711763754553686,0.6685588187727685,-0.16572059061361577,0.4171397046931921,-0.2914301476534039,-0.6457150738267019,0.17714246308664905,-0.4114287684566755,0.29428561577166223,-0.3528571921141689,0.32357140394291556,0.6617857019714578,0.830892850985729,0.9154464254928645,0.9577232127464322,-0.02113839362678388,-0.510569196813392,-0.755284598406696,0.12235770079665198,-0.438821149601674,-0.719410574800837,0.14029471259958148,-0.42985264370020926,-0.7149263218501046,0.14253683907494769,0.5712684195374739,-0.21436579023126306,0.3928171048843685,0.6964085524421842,-0.15179572377890788,0.4241021381105461,0.712051069055273,-0.14397446547236348,-0.5719872327361817,0.21400638363190916,0.6070031918159546,0.8035015959079773,-0.09824920204601134,-0.5491246010230056,-0.7745623005115028,-0.8872811502557514,0.05635942487212431,-0.47182028756393785,-0.735910143781969,-0.8679550718909845,0.06602246405450773,0.5330112320272539,0.766505616013627,0.8832528080068135,-0.05837359599659325,0.4708132020017034,0.7354066010008518,-0.13229669949957412,0.43385165025021294,0.7169258251251065,-0.14153708743744675,0.4292314562812766,-0.28538427185936166,-0.6426921359296809,0.17865393203515956,-0.4106730339824202,-0.7053365169912101,-0.8526682584956051,-0.9263341292478026,0.03683293537609872,0.5184164676880494,0.7592082338440247,0.8796041169220123,-0.06019794153899383,0.4699010292305031,-0.2650494853847485,-0.6325247426923742,-0.8162623713461872,-0.9081311856730936,-0.9540655928365468,0.022967203581726603,-0.4885163982091367,0.25574180089543164,-0.3721290995522842,0.31393545022385794,-0.34303227488807103,0.3284838625559645,-0.33575806872201774,-0.6678790343610088,-0.8339395171805044,0.0830302414097478,-0.4584848792951261,0.2707575603524369,-0.36462121982378154,0.31768939008810926,-0.34115530495594537,0.3294223475220273,-0.33528882623898637,0.3323555868805068,0.6661777934402534,0.8330888967201266,-0.08345555163993668,0.45827222418003166,0.7291361120900158,-0.13543194395499208,0.432284028022504,0.716142014011252,0.858071007005626,0.929035503502813,-0.03548224824859347,0.48225887587570326,-0.25887056206214837,0.37056471896892584,0.6852823594844629,-0.15735882025776854,-0.5786794101288842,0.21066029493555788,0.6053301474677789,-0.19733492626611054,0.4013325368669447,0.7006662684334724,-0.14966686578326382,0.4251665671083681,0.7125832835541841,0.856291641777092,0.928145820888546,-0.03592708955572699,0.4820364552221365,0.7410182276110683,-0.12949088619446586,0.43525455690276704,-0.2823727215486165,0.35881363922569176,-0.3205931803871541,-0.6602965901935771,0.16985170490321144,0.5849258524516057,-0.20753707377419717,0.3962314631129014,-0.3018842684435493,-0.6509421342217747,0.17452893288911264,0.5872644664445563,0.7936322332222782,-0.10318388338886092,-0.5515919416944305,0.22420402915278476,0.6121020145763924,-0.19394899271180382,0.40302550364409806,-0.29848724817795097,0.3507563759110245,0.6753781879555123,-0.16231090602224385,0.4188445469888781,-0.29057772650556096,0.35471113674721955,-0.3226444316263902,-0.6613222158131951,0.16933889209340247,0.5846694460467012,-0.20766527697664938,-0.6038326384883247,-0.8019163192441623,0.09904184037791885,-0.4504790798110406,0.27476046009447974,0.6373802300472399,0.8186901150236199,0.9093450575118099,-0.04532747124409503,-0.5226637356220475,0.23866813218897626,0.6193340660944882,0.8096670330472441,-0.09516648347637796,-0.547583241738189,0.22620837913090552,0.6131041895654528,0.8065520947827264,0.9032760473913632,-0.04836197630431838,-0.5241809881521592,0.2379095059239204,-0.38104524703803977,0.3094773764809801,0.6547386882404901,0.827369344120245,0.9136846720601225,-0.04315766396993875,0.47842116801503065,-0.2607894159924847,-0.6303947079962423,0.18480264600187885,0.5924013230009394,-0.2037993384995303,0.3981003307502349,0.6990501653751174,-0.15047491731244128,0.42476254134377933,0.7123812706718897,0.8561906353359449,0.9280953176679725,-0.03595234116601376,0.4820238294169931,0.7410119147084966,0.8705059573542483,-0.06474702132287585,-0.5323735106614379,0.23381324466928105,-0.38309337766535945,-0.6915466888326798,-0.8457733444163399,-0.9228866722081699,0.038556663895915055,0.5192783319479575,-0.24036083402602126,0.37981958298698937,0.6899097914934946,-0.15504510425325269,0.42247744787337366,0.7112387239366869,-0.14438063803165657,0.4278096809841717,0.7139048404920858,-0.1430475797539571,0.42847621012302145,-0.28576189493848925,0.3571190525307554,-0.3214404737346223,-0.6607202368673112,-0.8303601184336555,0.08481994078317223,0.5424099703915861,0.7712049851957931,-0.11439750740210347,0.44280124629894824,-0.2785993768505259,-0.639299688425263,-0.8196498442126314,-0.9098249221063157,-0.9549124610531579,0.02254376947342107,-0.48872811526328946,0.2556359423683553,0.6278179711841776,0.8139089855920888,-0.0930455072039556,-0.5465227536019778,0.2267386231990111,-0.3866306884004944,-0.6933153442002472,-0.8466576721001235,0.07667116394993823,-0.4616644180250309,0.26916779098748456,0.6345838954937423,-0.18270805225312886,0.4086459738734356,0.7043229869367178,-0.1478385065316411,-0.5739192532658206,0.2130403733670897,-0.39347981331645515,0.3032600933417724,-0.3483699533291138,-0.6741849766645569,-0.8370924883322785,-0.9185462441661392,0.040726877916930415,-0.4796365610415348,-0.7398182805207674,0.13009085973961632,0.5650454298698082,0.7825227149349041,-0.10873864253254795,-0.5543693212662739,-0.777184660633137,0.11140766968343152,-0.44429616515828424,-0.7221480825791421,0.13892595871042895,0.5694629793552145,-0.21526851032239275,-0.6076342551611964,-0.8038171275805982,-0.901908563790299,-0.9509542818951495,0.02452285905242524,-0.4877385704737874,0.25613071476310634,-0.37193464261844683,0.31403267869077656,-0.3429836606546117,0.32850816967269414,0.6642540848363471,0.8321270424181735,-0.08393647879091326,-0.5419682393954566,0.2290158803022717,-0.38549205984886414,0.30725397007556793,0.6536269850377839,0.8268134925188919,-0.08659325374055404,-0.543296626870277,-0.7716483134351385,-0.8858241567175693,-0.9429120783587847,-0.9714560391793923,-0.9857280195896961,0.007135990205151932,-0.496432004897424,0.251783997551288,0.6258919987756439,0.812945999387822,0.9064729996939109,0.9532364998469555,-0.023381750076522267,-0.5116908750382612,0.24415456248086942,0.6220772812404347,-0.18896135937978265,0.4055193203101087,0.7027596601550543,-0.14862016992247284,-0.5743100849612364,-0.7871550424806182,-0.8935775212403091,0.053211239379845454,0.5266056196899227,-0.23669719015503865,0.3816514049224807,-0.3091742975387597,0.34541285123062015,0.6727064256153101,0.8363532128076551,0.9181766064038275,0.9590883032019137,-0.02045584839904313,0.48977207580047843,0.7448860379002392,0.8724430189501196,0.9362215094750598,0.9681107547375298,-0.015944622631235084,-0.5079723113156176,0.2460138443421912,0.6230069221710957,-0.18849653891445217,-0.5942482694572261,-0.7971241347286131,-0.8985620673643065,0.050718966317846725,-0.47464051684107667,0.26267974157946167,0.6313398707897309,0.8156699353948654,-0.09216503230256728,0.45391748384871633,-0.27304125807564184,0.3634793709621791,0.6817396854810895,-0.15913015725945523,0.4204349213702724,0.7102174606851361,0.8551087303425681,-0.07244563482871597,-0.536222817414358,0.23188859129282102,-0.3840557043535895,0.30797214782320526,0.6539860739116026,0.8269930369558013,-0.08650348152209936,0.45674825923895035,0.7283741296194752,-0.13581293519026238,-0.5679064675951312,-0.7839532337975657,0.10802338310121717,-0.4459883084493914,-0.7229941542246957,-0.8614970771123478,0.0692514614438261,0.5346257307219131,-0.23268713463904345,-0.6163435673195217,0.19182821634023917,0.5959141081701196,0.7979570540850598,-0.1010214729574701,-0.550510736478735,0.22474463176063247,-0.38762768411968374,0.30618615794015813,-0.34690692102992093,0.32654653948503953,0.6632732697425198,0.8316366348712598,0.9158183174356299,-0.04209084128218504,-0.5210454206410925,0.23947728967945375,-0.38026135516027315,0.3098693224198634,0.6549346612099317,-0.17253266939503414,0.4137336653024829,-0.29313316734875855,0.35343341632562075,0.6767167081628104,-0.1616416459185948,0.4191791770407026,-0.2904104114796487,0.3547947942601757,-0.32260260286991216,0.3386986985650439,0.669349349282522,0.834674674641261,0.9173373373206305,-0.04133133133968475,0.4793343343301576,0.7396671671650787,-0.13016641641746063,0.4349167917912697,-0.28254160410436513,-0.6412708020521826,-0.8206354010260912,0.08968229948695439,-0.4551588502565228,0.2724205748717386,0.6362102874358693,0.8181051437179346,0.9090525718589673,0.9545262859294836,-0.022736857035258184,0.4886315714823709,-0.25568421425881455,0.37215789287059275,0.6860789464352963,0.8430394732176482,-0.07848026339117592,0.46075986830441207,-0.26962006584779397,0.365189967076103,0.6825949835380515,-0.15870250823097426,-0.5793512541154872,0.21032437294225642,-0.3948378135288718,0.3025810932355641,-0.3487094533822179,-0.674354726691109,-0.8371773633455545,-0.9185886816727773,0.04070565916361135,0.5203528295818056,0.7601764147909028,-0.1199117926045486,0.44004410369772573,-0.27997794815113713,0.36001102592443146,-0.31999448703778427,-0.6599972435188921,0.17000137824055395,-0.414999310879723,0.2925003445601385,-0.35374982771993074,0.32312508614003466,-0.33843745692998267,0.3307812715350087,0.6653906357675043,-0.16730468211624783,-0.5836523410581239,0.20817382947093804,0.604086914735469,-0.19795654263226548,0.40102172868386726,-0.29948913565806634,0.35025543217096683,-0.3248722839145166,0.3375638580427417,-0.33121807097862915,0.3343909645106854,0.6671954822553428,-0.16640225887232862,-0.5832011294361643,-0.7916005647180822,-0.8958002823590411,0.05209985882047946,0.5260499294102398,-0.23697503529488012,0.38151248235255997,0.69075624117628,0.84537812058814,-0.07731093970593,-0.538655469852965,0.2306722650735175,-0.3846638674632412,-0.6923319337316206,-0.8461659668658104,-0.9230829834329052,-0.9615414917164526,-0.9807707458582263,0.009614627070886839,0.5048073135354434,-0.2475963432322783,-0.6237981716161392,0.18810091419193042,0.5940504570959653,-0.20297477145201737,-0.6014873857260087,0.19925630713699566,-0.40037184643150214,-0.700185923215751,0.1499070383921245,0.5749535191960622,0.7874767595980311,0.8937383797990155,-0.053130810100492254,0.4734345949497539,-0.2632827025251231,0.36835864873743845,0.6841793243687192,0.8420896621843597,-0.07895516890782017,0.4605224155460899,0.7302612077730449,-0.13486939611347754,-0.5674346980567387,0.21628265097163063,0.6081413254858153,0.8040706627429077,-0.09796466862854614,-0.548982334314273,-0.7744911671571365,0.11275441642143175,-0.4436227917892841,-0.721811395894642,0.13909430205267898,-0.43045284897366054,0.28477357551316973,0.6423867877565849,-0.17880660612170757,0.41059669693914624,-0.2947016515304269,-0.6473508257652134,-0.8236754128826067,-0.9118377064413034,0.044081146779348324,0.5220405733896741,-0.23897971330516293,-0.6194898566525815,0.19025507167370925,-0.4048724641631454,-0.7024362320815727,0.14878188395921366,-0.42560905802039317,0.2871954709898034,0.6435977354949017,-0.17820113225254913,-0.5891005661262746,0.2054497169368627,0.6027248584684314,-0.1986375707657843,-0.5993187853828922,0.2003406073085539,-0.3998296963457231,0.30008515182713846,0.6500425759135693,0.8250212879567846,-0.08748935602160768,0.45625532198919616,-0.2718723390054019,0.36406383049729907,-0.31796808475135047,0.3410159576243248,-0.3294920211878376,-0.6647460105939188,-0.8323730052969593,-0.9161865026484797,0.041906748675760164,-0.4790466256621199,0.26047668716894,-0.36976165641553,-0.684880828207765,0.15755958589611752,-0.42122020705194124,0.28938989647402935,0.6446949482370147,-0.17765252588149266,-0.5888262629407464,0.20558686852962682,-0.3972065657351866,0.3013967171324067,0.6506983585662034,-0.1746508207168983,-0.5873254103584491,0.20633729482077545,-0.3968313525896123,-0.6984156762948062,0.15079216185259692,-0.42460391907370154,0.28769804046314923,-0.35615097976842536,-0.6780754898842127,-0.8390377449421064,0.08048112752894682,0.5402405637644734,0.7701202818822367,0.8850601409411183,-0.057469929529440855,0.4712650352352796,0.7356325176176398,-0.1321837411911801,0.4339081294044099,0.716954064702205,-0.1415229676488975,0.42923851617555125,-0.2853807419122244,0.3573096290438878,-0.32134518547805613,0.33932740726097194,-0.330336296369514,-0.665168148184757,-0.8325840740923784,0.08370796295381078,-0.4581460185230946,0.2709269907384527,0.6354634953692264,-0.1822682523153868,-0.5911341261576935,0.20443293692115327,-0.39778353153942336,0.3011082342302883,0.6505541171151441,-0.17472294144242795,0.412638529278786,0.706319264639393,-0.1468403676803035,0.42657981615984825,-0.2867100919200759,0.35664495403996205,0.678322477019981,-0.16083876149000947,-0.5804193807450048,-0.7902096903725024,0.10489515481374878,-0.4475524225931256,0.2762237887034372,-0.3618881056482814,-0.6809440528241407,0.15952797358792964,-0.4202360132060352,-0.7101180066030176,0.1449409966984912,-0.42752950165075443,0.2862352491746228,0.6431176245873114,-0.17844118770634432,-0.5892205938531722,0.20538970307341392,0.602694851536707,-0.1986525742316465,0.40067371288417675,-0.2996631435579116,-0.6498315717789558,0.1750842141105221,0.5875421070552611,-0.20622894647236945,0.3968855267638153,-0.30155723661809236,-0.6507786183090462,0.17461069084547692,0.5873053454227385,-0.20634732728863076,0.39682633635568465,-0.3015868318221577,0.34920658408892113,-0.32539670795553943,0.3373016460222303,0.6686508230111151,0.8343254115055576,-0.0828372942472212,0.4585813528763894,0.7292906764381947,0.8646453382190973,-0.06767733089045136,0.4661613345547743,-0.2669193327226128,0.3665403336386936,0.6832701668193468,-0.1583649165903266,-0.5791824582951632,-0.7895912291475816,0.10520438542620919,0.5526021927131046,-0.2236989036434477,-0.6118494518217239,-0.805924725910862,0.09703763704456903,-0.4514811814777155,0.27425940926114223,0.6371297046305711,0.8185648523152855,-0.09071757384235724,0.4546412130788214,-0.27267939346058934,-0.6363396967302947,0.18183015163485267,-0.4090849241825737,0.29545753790871315,0.6477287689543566,0.8238643844771782,-0.08806780776141088,-0.5440339038807054,0.2279830480596473,-0.38600847597017635,0.30699576201491185,-0.3465021189925441,0.32674894050372794,-0.33662552974813603,0.331687235125932,-0.334156382437034,0.33292180878148303,-0.3335390956092585,0.33323045219537073,-0.33338477390231464,-0.6666923869511573,-0.8333461934755786,-0.9166730967377893,-0.9583365483688946,0.020831725815552704,-0.48958413709222365,-0.7447920685461118,0.1276039657269441,0.563801982863472,-0.21809900856826397,0.39095049571586804,-0.304524752142066,-0.652262376071033,0.1738688119644835,0.5869344059822418,-0.2065327970088791,0.3967336014955605,-0.30163319925221976,0.3491834003738901,0.674591700186945,0.8372958500934725,-0.08135207495326374,0.45932396252336816,-0.2703380187383159,-0.635169009369158,0.182415495315421,0.5912077476577104,0.7956038738288552,-0.10219806308557239,0.44890096845721383,-0.2755495157713931,0.36222524211430346,-0.31888737894284824,0.3405563105285759,0.6702781552642879,-0.16486092236785604,-0.582430461183928,-0.791215230591964,-0.895607615295982,0.05219619235200901,-0.4739019038239955,0.2630490480880022,-0.3684754759559989,-0.6842377379779995,0.15788113101100026,-0.4210594344944999,0.28947028275275005,-0.355264858623625,0.3223675706881875,-0.3388162146559063,0.33059189267204686,-0.3347040536639766,-0.6673520268319884,0.16632398658400582,0.5831619932920029,-0.20841900335399854,0.39579049832300073,0.6978952491615004,-0.15105237541924982,-0.5755261877096249,0.21223690614518753,0.6061184530725938,-0.1969407734637031,-0.5984703867318515,0.20076480663407426,-0.3996175966829629,-0.6998087983414815,-0.8499043991707407,0.07504780041462966,0.5375239002073149,-0.23123804989634256,-0.6156190249481712,0.1921904875259144,-0.4039047562370428,0.2980476218814786,0.6490238109407394,-0.17548809452963032,0.41225595273518484,0.7061279763675924,-0.1469360118162038,0.4265319940918981,0.7132659970459491,-0.14336700147702547,0.4283164992614873,-0.28584175036925635,0.35707912481537185,0.678539562407686,0.839269781203843,-0.0803651093980785,-0.5401825546990393,-0.7700912773495197,0.11495436132524017,0.5574771806626201,0.77873859033131,0.889369295165655,0.9446846475828274,-0.02765767620858628,-0.5138288381042931,-0.7569144190521466,0.12154279047392669,-0.43922860476303666,0.28038569761848164,0.6401928488092408,-0.17990357559537962,0.4100482122023102,-0.29497589389884493,0.35251205305057753,0.6762560265252888,0.8381280132626444,-0.0809359933686778,0.45953200331566113,0.7297660016578306,-0.13511699917108472,-0.5675584995855424,-0.7837792497927711,-0.8918896248963856,0.054055187551807216,0.5270275937759036,-0.2364862031120482,-0.6182431015560241,0.19087844922198793,0.595439224610994,-0.20228038769450302,-0.6011401938472515,-0.8005700969236258,0.0997149515381871,0.5498574757690935,0.7749287378845467,-0.11253563105772663,0.4437321844711367,-0.27813390776443164,-0.6390669538822158,0.1804665230588921,-0.40976673847055395,0.29511663076472305,0.6475583153823615,-0.17622084230881924,-0.5881104211544096,-0.7940552105772047,0.10297239471139763,0.5514861973556988,-0.2242569013221506,-0.6121284506610754,-0.8060642253305377,0.09696788733473116,-0.4515160563326344,-0.7257580281663172,0.1371209859168414,-0.4314395070415793,0.28428024647921035,-0.3578598767603948,-0.6789299383801974,-0.8394649691900987,0.08026751540495064,-0.4598662422975247,-0.7299331211487623,-0.8649665605743811,-0.9324832802871905,0.03375835985640474,0.5168791799282024,-0.2415604100358988,0.3792197949820506,0.6896098974910253,-0.15519505125448735,0.42240247437275635,0.7112012371863782,-0.1443993814068109,-0.5721996907034055,-0.7860998453517027,-0.8930499226758514,-0.9465249613379256,0.026737519331037185,0.5133687596655185,-0.24331562016724073,-0.6216578100836203,-0.8108289050418102,-0.9054144525209051,0.04729277373954743,-0.4763536131302263,0.26182319343488686,0.6309115967174435,0.8154557983587217,-0.09227210082063914,0.45386394958968046,0.7269319747948402,-0.1365340126025799,-0.56826700630129,-0.784133503150645,-0.8920667515753224,0.053966624212338776,-0.4730166878938306,-0.7365083439469153,-0.8682541719734577,0.06587291401327117,-0.4670635429933644,0.2664682285033178,-0.3667658857483411,0.31661705712582944,-0.3416914714370853,0.32915426428145733,-0.33542286785927133,0.33228856607036433,-0.33385571696481786,-0.666927858482409,0.1665360707587955,-0.41673196462060225,0.2916340176896989,0.6458170088448494,-0.1770914955775753,-0.5885457477887877,0.20572712610560617,0.6028635630528031,-0.19856821847359846,0.4007158907632008,-0.2996420546183996,-0.6498210273091998,0.1750894863454001,0.5875447431727001,-0.20622762841364994,0.39688618579317503,-0.3015569071034125,-0.6507784535517063,-0.8253892267758531,0.08730538661207343,-0.4563473066939633,-0.7281736533469816,0.1359131733265092,-0.4320434133367454,0.2839782933316273,-0.35801085333418636,-0.6790054266670932,0.1604972866664534,-0.4197513566667733,-0.7098756783333866,-0.8549378391666933,-0.9274689195833467,0.036265540208326674,0.5181327701041634,-0.24093361494791832,-0.6204668074739592,-0.8102334037369796,-0.9051167018684898,0.0474416490657551,0.5237208245328775,-0.23813958773356125,-0.6190697938667806,0.1904651030666097,0.5952325515333048,-0.2023837242333476,0.3988081378833262,-0.30059593105833693,-0.6502979655291685,-0.8251489827645843,-0.9125744913822922,-0.9562872456911461,0.021856377154426954,0.5109281885772134,0.7554640942886067,0.8777320471443033,-0.06113397642784835,-0.5305669882139241,0.23471650589303794,-0.38264174705348103,0.30867912647325946,-0.34566043676337027,-0.6728302183816851,-0.8364151091908425,-0.9182075545954212,-0.9591037772977107,-0.9795518886488553,0.01022405567557233,-0.4948879721622138,-0.7474439860811068,0.12627800695944658,-0.4368609965202767,0.2815695017398616,0.6407847508699308,0.8203923754349653,-0.08980381228251733,-0.5449019061412587,0.22754904692937067,-0.3862254765353147,-0.6931127382676574,0.1534436308661713,-0.42327818456691435,-0.7116390922834572,0.14418045385827138,-0.4279097730708643,0.28604511346456785,-0.3569774432677161,-0.678488721633858,-0.839244360816929,-0.9196221804084646,0.040188909795767724,-0.47990554510211614,0.26004722744894193,-0.36997638627552903,0.3150118068622355,-0.34249409656888224,-0.6712470482844412,-0.8356235241422205,-0.9178117620711103,0.04109411896444487,0.5205470594822225,-0.23972647025888877,-0.6198632351294444,0.1900683824352778,0.5950341912176389,-0.20248290439118055,0.3987585478044097,-0.3006207260977951,-0.6503103630488976,-0.8251551815244488,0.08742240923777561,-0.4562887953811122,0.2718556023094439,-0.3640721988452781,-0.6820360994226391,-0.8410180497113195,-0.9205090248556598,-0.9602545124278299,-0.9801272562139149,0.009936371893042528,0.5049681859465213,-0.24751590702673937,0.3762420464866303,-0.31187897675668486,-0.6559394883783425,-0.8279697441891712,-0.9139848720945856,-0.9569924360472928,0.02150378197635361,-0.4892481090118232,-0.7446240545059116,-0.8723120272529559,-0.9361560136264779,0.03192199318676103,0.5159609965933805,-0.24201950170330977,0.3789902491483451,-0.31050487542582744,0.34474756228708625,0.6723737811435431,-0.16381310942822846,-0.5819065547141142,0.20904672264294288,0.6045233613214714,-0.19773831933926428,-0.5988691596696322,-0.7994345798348161,0.10028271008259193,0.5501413550412959,0.775070677520648,-0.11246466123967602,-0.556232330619838,0.221883834690081,0.6109419173450406,-0.19452904132747972,-0.5972645206637399,-0.79863226033187,-0.8993161301659349,0.05034193491703254,-0.47482903254148373,-0.7374145162707418,0.13129274186462908,-0.4343536290676855,-0.7171768145338427,-0.8585884072669214,0.07070579636653929,-0.46464710181673036,-0.7323235509083652,-0.8661617754541826,0.0669191122729087,-0.46654044386354565,0.2667297780682272,-0.3666351109658864,0.3166824445170568,-0.3416587777414716,0.3291706111292642,-0.33541469443536787,-0.667707347217684,-0.833853673608842,0.083073163195579,-0.4584634184022105,0.27076829079889475,-0.3646158546005526,-0.6823079273002763,-0.8411539636501382,-0.9205769818250691,0.03971150908746546,0.5198557545437328,-0.2400721227281336,0.3799639386359332,-0.3100180306820334,0.3449909846589833,-0.3275045076705083,0.33624774616474584,-0.3318761269176271,-0.6659380634588136,-0.8329690317294067,-0.9164845158647034,-0.9582422579323517,-0.9791211289661759,0.010439435516912066,0.5052197177584561,0.752609858879228,0.876304929439614,-0.06184753528019299,0.4690762323599035,-0.26546188382004826,0.3672690580899759,0.6836345290449879,-0.15818273547750605,-0.579091367738753,0.2104543161306235,0.6052271580653117,-0.19738642096734416,-0.5986932104836721,-0.7993466052418361,-0.899673302620918,-0.949836651310459,0.025081674344770488,-0.48745916282761476,-0.7437295814138074,0.1281352092930963,-0.43593239535345185,0.2820338023232741,-0.358983098838363,-0.6794915494191816,0.16025422529040922,0.5801271126452046,-0.20993644367739772,0.39503177816130114,0.6975158890806505,0.8487579445403253,-0.07562102772983736,0.4621894861350813,-0.26890525693245937,-0.6344526284662297,0.18277368576688513,-0.40861315711655743,0.2956934214417213,0.6478467107208606,0.8239233553604304,0.9119616776802152,0.9559808388401076,0.9779904194200538,0.988995209710027,0.9944976048550135,-0.002751197572493258,0.4986244012137534,-0.2506877993931233,-0.6253438996965617,0.18732805015171916,-0.4063359749241404,0.2968320125379298,0.6484160062689649,-0.17579199686551755,-0.5878959984327587,0.20605200078362063,-0.3969739996081897,0.30151300019590516,0.6507565000979526,0.8253782500489764,-0.08731087497551182,0.4563445625122441,-0.27182771874387796,-0.635913859371939,0.1820430703140305,0.5910215351570153,0.7955107675785076,0.8977553837892538,-0.051122308105373104,0.47443884594731345,0.7372194229736567,0.8686097114868283,0.9343048557434142,0.9671524278717071,-0.01642378606414646,0.49178810696792674,0.7458940534839633,-0.12705297325801834,-0.5635264866290092,-0.7817632433145045,0.10911837834274773,0.5545591891713739,0.777279594585687,-0.11136020270715652,0.44431989864642174,0.7221599493232109,-0.13892002533839454,0.43053998733080273,0.7152699936654013,-0.14236500316729933,0.4288174984163503,0.7144087492081752,0.8572043746040876,-0.0713978126979562,-0.5356989063489781,0.23215054682551095,-0.3839247265872445,-0.6919623632936223,0.15401881835318887,0.5770094091765945,0.7885047045882972,-0.10574764770585138,0.4471261761470743,0.7235630880735371,-0.13821845596323146,-0.5691092279816157,0.21544538600919216,-0.3922773069954039,-0.696138653497702,0.151930673251149,-0.4240346633744255,0.28798266831278724,0.6439913341563936,0.8219956670781968,0.9109978335390985,0.9554989167695492,-0.022250541615225383,-0.5111252708076127,0.24443736459619364,0.6222186822980968,0.8111093411490484,0.9055546705745242,0.9527773352872622,-0.02361133235636892,0.48819433382181554,-0.25590283308909223,0.3720485834554539,-0.31397570827227306,-0.6569878541361365,-0.8284939270680682,0.08575303646596588,0.5428765182329829,-0.22856174088350856,-0.6142808704417543,-0.8071404352208771,0.09642978238956146,0.5482148911947807,0.7741074455973904,-0.11294627720130479,0.4435268613993476,0.7217634306996739,0.8608817153498369,-0.06955914232508154,-0.5347795711625407,0.23261021441872964,0.6163051072093648,-0.1918474463953176,-0.5959237231976589,-0.7979618615988294,-0.8989809307994148,-0.9494904653997074,-0.9747452326998537,-0.9873726163499268,0.006313691825036605,0.5031568459125183,-0.24842157704374085,-0.6242107885218704,0.1878946057390648,0.5939473028695323,-0.20302634856523383,-0.601513174282617,0.19924341285869152,-0.40037829357065424,0.2998108532146729,0.6499054266073364,0.8249527133036683,0.9124763566518341,0.9562381783259171,0.9781190891629585,-0.010940455418520734,-0.5054702277092604,-0.7527351138546302,0.1236324430726849,-0.4381837784636575,-0.7190918892318288,-0.8595459446159144,0.07022702769204281,-0.4648864861539786,0.26755675692301073,0.6337783784615054,0.8168891892307527,-0.09155540538462364,0.45422229730768815,-0.2728888513461559,-0.6364444256730779,-0.818222212836539,-0.9091111064182695,0.045444446790865234,-0.4772777766045674,0.2613611116977163,-0.3693194441511418,-0.6846597220755709,-0.8423298610377854,-0.9211649305188927,-0.9605824652594463,-0.9802912326297232,0.009854383685138413,-0.4950728081574308,0.2524635959212846,0.6262317979606423,-0.18688410101967884,-0.5934420505098394,0.20327897474508028,-0.39836051262745986,-0.6991802563137299,0.15040987184313503,-0.4247950640784325,-0.7123975320392162,-0.8561987660196081,0.07190061699019595,-0.46404969150490205,0.267975154247549,0.6339875771237745,0.8169937885618872,-0.0915031057190564,-0.5457515528595283,0.22712422357023587,-0.38643788821488206,0.306781055892559,0.6533905279462795,0.8266952639731397,-0.08665236801343013,-0.5433261840067151,0.22833690799664247,0.6141684539983212,-0.1929157730008394,0.4035421134995803,-0.2982289432502099,0.35088552837489506,-0.32455723581255247,-0.6622786179062763,0.16886069104686185,0.584430345523431,-0.2077848272382845,-0.6038924136191423,0.19805379319042887,-0.40097310340478554,0.29951344829760723,-0.3502432758511964,0.3248783620744018,-0.3375608189627991,-0.6687804094813996,0.1656097952593002,0.58280489762965,0.791402448814825,-0.10429877559258749,0.44785061220370626,-0.2760746938981469,0.36196265305092656,0.6809813265254633,0.8404906632627316,-0.07975466836863421,-0.539877334184317,0.23006133290784148,-0.38496933354607926,-0.6924846667730397,0.15375766661348017,-0.42312116669325994,-0.71156058334663,0.14421970832668501,0.5721098541633425,0.7860549270816712,-0.10697253645916438,-0.5534862682295822,-0.7767431341147911,0.11162843294260444,-0.44418578352869775,-0.7220928917643489,-0.8610464458821745,0.06947677705891275,-0.4652616114705436,0.26736919426472816,-0.3663154028676359,-0.6831577014338179,-0.841578850716909,-0.9207894253584545,-0.9603947126792273,0.019802643660386365,0.5099013218301932,-0.2450493390849034,-0.6225246695424517,0.18873766522877417,-0.4056311673856129,-0.7028155836928065,0.14859220815359675,0.5742961040767984,-0.21285194796160078,-0.6064259739808004,-0.8032129869904002,0.09839350650479989,0.5491967532523999,-0.22540162337380004,-0.6127008116869,-0.8063504058434501,-0.903175202921725,0.04841239853913748,-0.47579380073043126,-0.7378969003652156,0.1310515498173922,-0.4344742250913039,-0.7172371125456519,-0.8586185562728259,0.07069072186358705,-0.4646546390682065,-0.7323273195341032,-0.8661636597670517,0.06691817011647416,0.533459085058237,-0.2332704574708815,-0.6166352287354407,-0.8083176143677204,0.09584119281613979,-0.4520794035919301,0.27396029820403495,0.6369801491020175,0.8184900745510088,-0.09075496272449562,-0.5453774813622478,0.22731125931887608,-0.38634437034056196,0.306827814829719,0.6534139074148595,0.8267069537074297,0.9133534768537148,-0.04332326157314259,-0.5216616307865714,0.23916918460671432,-0.38041540769664284,-0.6902077038483214,-0.8451038519241607,0.07744807403791965,0.5387240370189599,-0.23063798149052006,0.38468100925473997,0.69234050462737,0.8461702523136849,-0.07691487384315754,-0.5384574369215788,0.23077128153921062,-0.38461435923039466,0.30769282038480267,-0.3461535898075987,0.32692320509620065,0.6634616025481004,0.8317308012740502,-0.0841345993629749,0.4579327003185125,0.7289663501592563,0.8644831750796281,0.932241587539814,0.966120793769907,0.9830603968849535,0.9915301984424767,0.9957650992212383,-0.002117450389380826,0.4989412748053096,-0.2505293625973452,-0.6252646812986726,-0.8126323406493363,-0.9063161703246682,-0.953158085162334,0.02342095741883299,-0.4882895212905835,-0.7441447606452918,-0.8720723803226459,0.06396380983867705,0.5319819049193385,-0.23400904754033075,0.38299547622983465,0.6914977381149173,0.8457488690574586,-0.0771255654712707,-0.5385627827356354,-0.7692813913678177,0.11535930431609115,-0.4423203478419544,-0.7211601739209772,-0.8605800869604886,0.0697099565197557,0.5348549782598778,-0.2325725108700611,-0.6162862554350306,0.19185687228248471,-0.40407156385875764,-0.7020357819293788,0.14898210903531062,-0.4255089454823447,-0.7127544727411723,0.14362276362941384,-0.4281886181852931,-0.7140943090926466,0.1429528454536767,-0.42852357727316165,-0.7142617886365809,0.14286910568170957,-0.42856544715914524,0.2857172764204274,-0.3571413617897863,-0.6785706808948931,-0.8392853404474465,0.08035732977627674,-0.45982133511186163,-0.7299106675559308,-0.8649553337779654,0.0675223331110173,-0.46623883344449135,0.2668805832777543,-0.36655970836112284,-0.6832798541805614,-0.8416399270902807,0.07918003645485966,-0.4604099817725702,0.2697950091137149,-0.36510249544314255,0.3174487522784287,-0.34127562386078564,-0.6706378119303928,-0.8353189059651964,-0.9176594529825982,-0.958829726491299,-0.9794148632456495,0.010292568377175237,-0.49485371581141235,0.2525731420942938,0.6262865710471469,-0.18685671447642654,0.4065716427617867,-0.29671417861910665,-0.6483570893095534,-0.8241785446547767,-0.9120892723273883,-0.9560446361636942,0.021977681918152914,-0.4890111590409235,0.25549442047953824,-0.3722527897602309,-0.6861263948801155,0.15693680255994225,-0.4215315987200289,-0.7107657993600145,-0.8553828996800072,-0.9276914498400036,-0.9638457249200019,-0.9819228624600009,0.009038568769999533,-0.49548071561500023,0.25225964219249986,0.6261298210962499,-0.18693508945187504,-0.5934675447259375,0.20326622763703123,0.6016331138185156,-0.1991834430907422,0.4004082784546289,-0.29979586077268555,-0.6498979303863428,0.1750510348068286,-0.4124744825965857,0.29376275870170715,-0.35311862064914645,0.3234406896754268,-0.33827965516228664,-0.6691398275811433,0.16543008620942834,0.5827150431047141,0.7913575215523571,-0.10432123922382147,0.44783938038808924,-0.2760803098059554,0.3619598450970223,-0.31902007745148886,0.34048996127425557,-0.3297550193628722,-0.6648775096814361,0.16756124515928195,-0.416219377420359,0.29189031128982046,0.6459451556449103,0.8229725778224551,-0.08851371108877243,-0.5442568555443862,-0.7721284277721931,0.11393578611390343,-0.4430321069430483,-0.7215160534715241,0.13924197326423793,0.5696209866321189,-0.21518950668394055,-0.6075947533419703,-0.8037973766709852,0.09810131166450742,-0.4509493441677463,-0.7254746720838732,0.1372626639580634,-0.4313686680209683,0.28431566598951585,0.6421578329947579,-0.17892108350262104,0.4105394582486895,0.7052697291243447,0.8526348645621724,-0.0736825677189138,-0.536841283859457,0.23157935807027152,0.6157896790351358,-0.1921051604824321,0.40394741975878395,0.701973709879392,-0.149013145060304,-0.574506572530152,0.212746713734924,-0.39362664313253803,-0.6968133215662691,0.15159333921686546,0.5757966696084327,-0.21210166519578366,0.39394916740210817,-0.3030254162989459,-0.6515127081494729,0.17424364592526354,0.5871218229626318,-0.2064390885186841,-0.603219544259342,-0.801609772129671,-0.9008048860648354,0.04959755696758228,-0.47520122151620886,-0.7376006107581045,0.13119969462094777,0.5655998473104739,-0.21720007634476307,-0.6086000381723815,-0.8043000190861908,-0.9021500095430954,0.048924995228452284,0.5244624976142261,-0.23776875119288693,0.3811156244035565,0.6905578122017783,-0.15472109389911087,-0.5773605469495554,-0.7886802734747778,-0.8943401367373889,-0.9471700683686944,-0.9735850341843473,-0.9867925170921736,0.006603741453913181,-0.4966981292730434,-0.7483490646365217,-0.8741745323182608,0.0629127338408696,-0.4685436330795652,0.2657281834602174,-0.3671359082698913,-0.6835679541349456,0.15821602293252718,0.5791080114662636,0.7895540057331318,0.8947770028665659,0.947388501433283,-0.026305749283358493,-0.5131528746416792,-0.7565764373208397,-0.8782882186604198,-0.93914410933021,0.030427945334895012,-0.4847860273325525,0.25760698633372375,-0.3711965068331381,0.31440174658343095,-0.3427991267082845,-0.6713995633541423,-0.8356997816770712,-0.9178498908385355,0.04107505458073224,-0.4794624727096339,0.26026876364518303,-0.3698656181774085,-0.6849328090887042,0.15753359545564788,0.5787667977278239,-0.21061660113608804,0.394691699431956,0.697345849715978,-0.151327075142011,-0.5756635375710055,0.21216823121449724,-0.3939158843927514,0.3030420578036243,0.6515210289018122,-0.1742394855490939,-0.5871197427745469,0.20644012861272654,-0.39677993569363673,0.3016100321531816,-0.3491949839234092,-0.6745974919617046,-0.8372987459808523,0.08135062700957385,-0.4593246864952131,0.27033765675239346,0.6351688283761967,-0.18241558581190165,0.4087922070940492,-0.2956038964529754,0.35219805177351227,0.6760990258867561,0.838049512943378,0.919024756471689,0.9595123782358446,-0.020243810882077717,0.48987809455896114,-0.25506095272051943,-0.6275304763602597,0.18623476181987014,0.593117380909935,0.7965586904549675,0.8982793452274838,0.9491396726137419,0.9745698363068709,-0.012715081846564558,0.4936424590767177,0.7468212295383588,0.8734106147691794,-0.06329469261541032,0.46835265369229484,0.7341763268461474,0.8670881634230737,-0.06645591828846314,0.4667720408557684,0.7333860204278841,-0.13330698978605793,0.43334650510697104,-0.2833267474465145,-0.6416633737232572,0.1791683131383714,0.5895841565691857,-0.20520792171540714,0.39739603914229643,-0.3013019804288518,0.3493490097855741,0.674674504892787,-0.1626627475536065,-0.5813313737768032,-0.7906656868884017,0.10466715655579917,0.5523335782778995,0.7761667891389498,-0.11191660543052512,0.4440416972847374,-0.2779791513576313,0.36101042432118435,-0.3194947878394078,0.34025260608029606,0.6701263030401481,-0.16493684847992596,0.417531575760037,0.7087657878800185,0.8543828939400093,0.9271914469700047,-0.03640427651499767,0.48179786174250117,0.7408989308712506,-0.1295505345643747,-0.5647752672821873,-0.7823876336410936,0.10880618317945318,0.5544030915897266,-0.22279845420513672,-0.6113992271025683,0.19430038644871583,-0.4028498067756421,-0.701424903387821,0.14928754830608948,-0.42535622584695526,0.2873218870765224,0.6436609435382612,-0.1781695282308694,-0.5890847641154346,-0.7945423820577173,-0.8972711910288587,0.05136440448557067,0.5256822022427854,0.7628411011213927,-0.11857944943930365,-0.5592897247196518,0.22035513764017411,0.610177568820087,-0.1949112155899565,-0.5974556077949782,0.2012721961025109,0.6006360980512555,0.8003180490256278,-0.09984097548718612,-0.549920487743593,0.22503975612820348,-0.38748012193589826,-0.6937400609679492,0.15312996951602542,-0.4234350152419873,-0.7117175076209936,0.1441412461895032,0.5720706230947517,0.7860353115473758,0.893017655773688,0.946508827886844,-0.026745586056578008,0.486627206971711,0.7433136034858555,-0.12834319825707224,-0.5641715991285361,0.21791420043573195,-0.391042899782134,0.304478550108933,-0.3477607249455335,-0.6738803624727667,-0.8369401812363834,-0.9184700906181917,-0.9592350453090959,0.020382477345452066,-0.48980876132727397,0.25509561933636304,-0.3724521903318185,0.31377390483409073,-0.34311304758295463,-0.6715565237914773,-0.8357782618957387,-0.9178891309478694,-0.9589445654739347,-0.9794722827369673,-0.9897361413684836,-0.9948680706842419,0.0025659646578790607,-0.49871701767106047,0.25064149116446977,-0.3746792544177651,0.31266037279111747,-0.34366981360444127,0.32816509319777937,0.6640825465988897,0.8320412732994449,0.9160206366497224,0.9580103183248612,0.9790051591624306,-0.010497420418784709,0.4947512897906077,-0.25262435510469616,-0.6263121775523481,-0.8131560887761741,0.09342195561191297,-0.45328902219404354,-0.7266445110970218,0.1366777444514891,0.5683388722257445,-0.21583056388712774,0.39208471805643613,-0.3039576409717819,-0.651978820485891,0.17401058975705452,0.5870052948785273,-0.20649735256073637,0.39675132371963184,-0.3016243381401841,0.34918783092990796,0.674593915464954,-0.16270304226752302,-0.5813515211337615,0.20932423943311923,0.6046621197165596,-0.1976689401417202,0.4011655299291399,-0.29941723503543005,-0.649708617517715,0.1751456912411425,-0.4124271543794288,-0.7062135771897144,-0.8531067885948572,0.07344660570257139,-0.46327669714871433,0.26836165142564283,-0.3658191742871786,-0.6829095871435893,0.15854520642820535,-0.4207273967858973,-0.7103636983929487,0.14481815080352567,0.5724090754017628,-0.2137954622991186,0.3931022688504407,-0.3034488655747797,-0.6517244327873899,0.17413778360630505,-0.4129311081968475,-0.7064655540984237,0.14676722295078815,-0.4266163885246059,-0.713308194262303,0.14334590286884852,-0.42832704856557574,-0.7141635242827878,0.14291823785860608,-0.428540881070697,0.2857295594646515,0.6428647797323257,-0.17856761013383715,-0.5892838050669186,-0.7946419025334592,0.10267904873327038,-0.4486604756333648,-0.7243302378166824,0.1378348810916588,-0.4310825594541706,0.2844587202729147,-0.3577706398635426,-0.6788853199317713,0.16055734003411437,-0.4197213299829428,-0.7098606649914714,0.1450696675042643,-0.42746516624786784,-0.713732583123934,0.14313370843803302,-0.42843314578098346,-0.7142165728904917,-0.8571082864452458,0.07144585677737708,0.5357229283886885,0.7678614641943442,0.8839307320971721,-0.05803463395141395,-0.529017316975707,-0.7645086584878535,-0.8822543292439268,0.058872835378036614,-0.4705635823109817,0.26471820884450914,-0.36764089557774543,-0.6838204477888727,0.15808977610556363,0.5790448880527819,-0.21047755597360907,-0.6052387779868045,-0.8026193889934022,-0.9013096944967012,-0.9506548472483506,-0.9753274236241753,0.012336288187912325,-0.49383185590604384,-0.746915927953022,0.126542036023489,-0.4367289819882555,0.28163550900587225,-0.3591822454970639,-0.679591122748532,-0.839795561374266,0.08010221931286698,-0.4599488903435665,-0.7299744451717832,-0.8649872225858917,-0.9324936112929458,-0.9662468056464729,-0.9831234028232365,0.008438298588381743,-0.49578085070580913,-0.7478904253529046,-0.8739452126764523,-0.9369726063382262,0.031513696830886895,-0.48424315158455655,0.2578784242077217,0.6289392121038608,-0.18553039394806958,0.4072348030259652,0.7036174015129826,0.8518087007564913,-0.07409564962175436,-0.5370478248108772,0.2314760875945614,0.6157380437972807,0.8078690218986404,-0.0960654890506798,-0.5480327445253399,-0.77401637226267,-0.887008186131335,-0.9435040930656675,-0.9717520465328338,0.014123976733583121,0.5070619883667915,0.7535309941833958,-0.12323450290830212,-0.5616172514541511,0.21919137427292446,0.6095956871364623,0.8047978435682311,0.9023989217841155,0.9511994608920578,0.9755997304460289,0.9877998652230144,0.9938999326115072,-0.00305003369424639,-0.5015250168471233,-0.7507625084235616,0.12461874578821919,-0.4376906271058904,-0.7188453135529452,-0.8594226567764727,-0.9297113283882363,-0.9648556641941182,-0.9824278320970591,0.008786083951470458,-0.4956069580242648,-0.7478034790121324,0.1260982604939338,-0.4369508697530331,0.28152456512348345,-0.3592377174382583,-0.6796188587191292,-0.8398094293595646,0.0800952853202177,-0.45995235733989115,-0.7299761786699456,-0.8649880893349728,-0.9324940446674864,-0.9662470223337432,0.016876488833128422,0.5084382444165643,-0.24578087779171787,0.37710956110414107,-0.31144521944792947,-0.6557226097239648,-0.8278613048619824,-0.9139306524309911,-0.9569653262154956,0.021517336892252215,-0.4892413315538739,0.255379334223063,0.6276896671115315,-0.18615516644423424,0.4069224167778829,-0.29653879161105856,0.3517306041944707,-0.3241346979027646,-0.6620673489513823,-0.8310336744756912,0.0844831627621544,0.5422415813810773,0.7711207906905386,0.8855603953452693,0.9427801976726347,0.9713900988363173,0.9856950494181587,-0.007152475290920668,-0.5035762376454603,-0.7517881188227302,0.12410594058863489,-0.43794702970568256,-0.7189735148528413,0.14051324257357933,0.5702566212867897,-0.21487168935660517,0.3925641553216974,-0.3037179223391513,0.34814103883042435,-0.3259294805847878,-0.6629647402923939,-0.831482370146197,-0.9157411850730985,0.04212940746345073,-0.47893529626827464,0.26053235186586265,0.6302661759329313,0.8151330879664657,-0.09243345601676717,0.4537832719916164,-0.2731083640041918,-0.6365541820020959,-0.818277091001048,0.09086145449947602,-0.454569272750262,0.27271536362486903,0.6363576818124346,-0.1818211590937827,0.40908942045310864,-0.2954552897734457,-0.6477276448867229,0.17613617755663857,0.5880680887783193,-0.20596595561084036,-0.6029829778054202,-0.80149148890271,0.09925425554864498,0.5496271277743225,-0.22518643611283873,-0.6125932180564193,0.19370339097179035,-0.4031483045141048,0.29842584774294756,0.6492129238714738,0.824606461935737,0.9123032309678685,0.9561516154839342,-0.021924192258032882,0.48903790387098356,0.7445189519354918,-0.1277405240322541,0.43612973798387294,0.7180648689919364,-0.14096756550403178,0.4295162172479841,-0.28524189137600797,-0.642620945688004,0.178689527155998,0.589344763577999,-0.20532761821100048,0.3973361908944998,-0.3013319045527501,-0.650665952276375,0.1746670238618125,-0.4126664880690938,0.2936667559654531,-0.35316662201727345,0.3234166889913633,0.6617083444956816,0.8308541722478409,0.9154270861239204,-0.042286456938039785,0.4788567715309801,-0.2605716142345099,-0.630285807117255,-0.8151429035586275,-0.9075714517793138,0.04621427411034312,0.5231071370551715,-0.23844643147241423,0.3807767842637929,0.6903883921318965,-0.15480580393405174,0.42259709803297413,-0.28870145098351296,-0.6443507254917564,-0.8221753627458782,0.0889123186270609,0.5444561593135304,-0.2277719203432348,-0.6138859601716173,-0.8069429800858087,0.09652850995709567,0.5482642549785478,-0.2258678725107261,0.3870660637446369,0.6935330318723185,-0.15323348406384074,-0.5766167420319204,0.21169162898403981,-0.3941541855079801,0.30292290724600995,0.651461453623005,-0.1742692731884975,-0.5871346365942487,-0.7935673182971243,-0.8967836591485622,0.05160817042571891,0.5258040852128595,-0.23709795739357026,-0.6185489786967852,0.19072551065160742,0.5953627553258037,-0.20231862233709813,-0.601159311168549,-0.8005796555842746,0.09971017220786271,-0.45014491389606864,-0.7250724569480343,-0.8625362284740172,0.06873188576299138,0.5343659428814957,-0.23281702855925213,-0.6164085142796261,-0.808204257139813,0.09589787143009348,-0.45205106428495323,-0.7260255321424767,-0.8630127660712383,-0.9315063830356192,0.034246808482190416,-0.4828765957589048,0.25856170212054763,-0.3707191489397262,0.31464042553013694,0.6573202127650685,-0.17133989361746577,-0.5856699468087329,-0.7928349734043665,-0.8964174867021832,0.05179125664890838,0.5258956283244542,-0.23705218583777288,0.38147390708111356,0.6907369535405568,-0.15463152322972162,0.4226842383851392,-0.2886578808074304,0.3556710595962848,0.6778355297981424,0.8389177648990712,0.9194588824495356,-0.040270558775232224,-0.5201352793876162,-0.7600676396938081,0.11996618015309596,0.559983090076548,0.779991545038274,0.889995772519137,-0.05500211374043151,-0.5275010568702158,-0.7637505284351078,0.11812473578244609,0.559062367891223,-0.2204688160543885,-0.6102344080271942,0.1948827959864029,-0.40255860200679855,0.2987206989966007,-0.35063965050169965,0.3246801747491502,-0.33765991262542494,-0.6688299563127125,0.16558502184364376,0.5827925109218219,-0.20860374453908903,0.3956981277304555,-0.3021509361347723,-0.6510754680673861,0.17446226596630693,0.5872311329831534,0.7936155664915767,-0.10319221675421164,-0.5515961083771058,0.2242019458114471,0.6121009729057235,0.8060504864528617,0.9030252432264309,-0.048487378386784574,0.47575631080660774,-0.26212184459669613,0.3689390777016519,0.684469538850826,-0.15776523057458702,0.4211173847127065,-0.28944130764364673,0.35527934617817664,0.6776396730890883,-0.16118016345545583,0.4194099182722721,0.7097049591361361,0.8548524795680681,-0.07257376021596595,0.463713119892017,-0.2681434400539915,0.36592827997300426,-0.31703586001349787,-0.658517930006749,-0.8292589650033745,0.08537051749831276,0.5426852587491564,-0.2286573706254218,-0.6143286853127109,-0.8071643426563555,-0.9035821713281778,0.048208914335911124,-0.47589554283204444,-0.7379477714160222,0.1310261142919889,-0.4344869428540056,-0.7172434714270028,0.14137826428649858,0.5706891321432492,0.7853445660716246,-0.10732771696418769,-0.5536638584820939,-0.7768319292410469,-0.8884159646205234,-0.9442079823102617,0.027896008844869147,0.5139480044224346,-0.2430259977887827,0.3784870011056086,0.6892435005528044,-0.15537824972359782,-0.5776891248617989,-0.7888445624308995,0.10557771878455025,0.5527888593922752,-0.2236055703038624,-0.6118027851519312,0.1940986074240344,-0.4029506962879828,0.2985246518560086,-0.3507376740719957,0.3246311629640022,0.6623155814820011,-0.16884220925899945,0.4155788953705003,0.7077894476852502,-0.1461052761573749,0.42694736192131255,-0.2865263190393437,0.35673684048032817,-0.3216315797598359,0.33918421012008204,0.6695921050600411,-0.16520394746997946,0.41739802626501027,-0.29130098686749484,0.3543495065662526,0.6771747532831263,-0.16141262335843687,0.41929368832078157,0.7096468441603908,-0.1451765779198046,0.4274117110400977,-0.28629414447995116,-0.6431470722399756,0.1784264638800122,0.5892132319400061,0.794606615970003,0.8973033079850015,-0.05134834600749927,-0.5256741730037496,0.23716291349812518,-0.3814185432509374,-0.6907092716254687,-0.8453546358127344,-0.9226773179063672,0.0386613410468164,0.5193306705234082,0.7596653352617041,0.8798326676308521,-0.06008366618457395,0.469958166907713,-0.26502091654614346,-0.6325104582730717,0.18374477086346414,-0.40812761456826796,-0.704063807284134,0.147968096357933,-0.42601595182103347,-0.7130079759105168,0.1434960120447416,-0.4282519939776292,-0.7141259969888146,0.1429370015055927,-0.4285314992472037,-0.7142657496236018,0.1428671251881991,0.5714335625940996,-0.2142832187029502,0.3928583906485249,-0.30357080467573755,0.34821459766213125,-0.3258927011689344,0.33705364941553284,0.6685268247077665,0.8342634123538832,0.9171317061769416,0.9585658530884709,0.9792829265442354,0.9896414632721178,-0.005179268363941114,-0.5025896341819706,0.24870518290901472,-0.3756474085454926,-0.6878237042727463,0.15608814786362685,-0.42195592606818655,-0.7109779630340933,0.14451101848295334,0.5722555092414767,-0.21387224537926164,-0.6069361226896308,-0.8034680613448154,-0.9017340306724078,-0.9508670153362039,-0.975433507668102,0.012283246165949002,0.5061416230829745,-0.24692918845851275,0.3765354057707436,0.6882677028853719,0.8441338514426859,0.922066925721343,-0.038966537139328516,-0.5194832685696642,-0.7597416342848321,-0.8798708171424161,-0.939935408571208,-0.9699677042856041,-0.984983852142802,-0.992491926071401,0.0037540369642994897,-0.4981229815178503,0.25093850924107486,-0.37453074537946257,-0.6872653726897313,0.15636731365513434,-0.42181634317243283,0.28909182841378356,0.6445459142068918,-0.1777270428965541,0.411136478551723,-0.2944317607241385,0.35278411963793077,-0.3236079401810346,-0.6618039700905173,0.16909801495474136,-0.4154509925226293,0.29227450373868535,-0.3538627481306573,0.32306862593467134,0.6615343129673357,-0.16923284351633217,0.4153835782418339,-0.29230821087908304,0.35384589456045845,-0.3230770527197708,-0.6615385263598854,0.1692307368200573,-0.41538463158997135,0.2923076842050143,-0.35384615789749285,0.3230769210512536,-0.3384615394743732,-0.6692307697371866,-0.8346153848685933,0.08269230756570334,0.5413461537828517,0.7706730768914258,0.8853365384457129,0.9426682692228565,0.9713341346114283,-0.014332932694285871,-0.5071664663471429,-0.7535832331735715,0.12320838341321427,-0.43839580829339286,0.28080209585330357,-0.35959895207334824,0.3202005239633259,-0.33989973801833706,-0.6699498690091685,0.16502506549541573,-0.41748746725229213,0.29125626637385393,0.6456281331869269,0.8228140665934635,-0.08859296670326827,0.45570351664836584,0.7278517583241829,0.8639258791620914,-0.0680370604189543,0.46598146979052285,0.7329907348952615,0.8664953674476308,-0.06675231627618461,0.4666238418619077,-0.2666880790690461,0.36665596046547694,-0.31667201976726156,0.3416639901163692,0.6708319950581846,-0.1645840024709077,-0.5822920012354539,-0.7911460006177269,0.10442699969113656,-0.4477865001544317,0.27610674992278417,-0.3619466250386079,0.31902668748069607,-0.34048665625965197,0.329756671870174,-0.335121664064913,-0.6675608320324565,-0.8337804160162283,0.08310979199188584,-0.4584451040040571,0.27077744799797143,-0.3646112760010143,-0.6823056380005071,0.15884718099974643,-0.42057640950012676,0.2897117952499366,-0.3551441023750317,-0.6775720511875158,-0.8387860255937579,0.08060698720312104,0.5403034936015605,-0.22984825319921975,0.3850758734003901,0.692537936700195,0.8462689683500975,-0.07686551582495127,-0.5384327579124757,-0.7692163789562378,-0.8846081894781189,0.05769590526094054,0.5288479526304702,-0.23557602368476488,0.3822119881576176,0.6911059940788088,-0.1544470029605956,-0.5772235014802978,0.2113882492598511,-0.39430587537007444,-0.6971529376850372,0.15142353115748142,-0.4242882344212593,0.28785588278937035,0.6439279413946852,0.8219639706973426,-0.08901801465132869,-0.5445090073256643,0.22774549633716784,-0.38612725183141605,0.306936374084292,0.6534681870421459,0.826734093521073,-0.08663295323946352,0.45668352338026824,0.7283417616901341,0.864170880845067,0.9320854404225335,0.9660427202112667,0.9830213601056333,-0.008489319947183327,0.4957553400264083,0.7478776700132042,-0.12606116499339792,-0.563030582496699,-0.7815152912483495,0.10924235437582525,0.5546211771879126,-0.2226894114060437,-0.6113447057030219,0.19432764714848905,-0.4028361764257555,-0.7014180882128778,-0.8507090441064389,-0.9253545220532194,-0.9626772610266097,0.018661369486695167,-0.4906693152566524,0.2546653423716738,-0.3726673288141631,-0.6863336644070815,0.15683316779645923,0.5784165838982296,-0.2107917080508852,0.3946041459745574,0.6973020729872788,-0.15134896350636062,-0.5756744817531803,-0.7878372408765901,0.10608137956170494,-0.44695931021914753,0.2765203448904262,0.638260172445213,-0.18086991377739348,0.40956504311130326,-0.29521747844434837,0.3523912607778258,0.676195630388913,-0.16190218480554353,-0.5809510924027718,0.20952445379861412,-0.39523777310069297,-0.6976188865503465,0.15119055672482673,0.5755952783624134,-0.2122023608187933,-0.6061011804093966,0.19694940979530168,0.5984747048976509,-0.20076264755117457,0.3996186762244127,0.6998093381122064,0.8499046690561032,0.9249523345280516,0.9624761672640259,0.9812380836320129,-0.009380958183993537,0.49530952090800323,0.7476547604540016,-0.1261726197729992,0.4369136901135004,-0.2815431549432498,0.3592284225283751,-0.32038578873581247,0.33980710563209376,0.6699035528160469,-0.16504822359197657,0.4174758882040117,0.7087379441020059,-0.14563102794899707,-0.5728155139744986,0.2135922430127507,0.6067961215063753,-0.19660193924681235,0.4016990303765938,0.700849515188297,-0.14957524240585152,-0.5747876212029257,0.21260618939853715,0.6063030946992686,-0.1968484526503657,-0.5984242263251829,-0.7992121131625914,-0.8996060565812958,-0.9498030282906479,0.025098485854676056,-0.48745075707266194,0.25627462146366903,-0.37186268926816546,-0.6859313446340827,0.15703432768295866,-0.42148283615852067,-0.7107414180792604,0.1446292909603698,-0.4276853545198151,-0.7138426772599076,-0.8569213386299538,0.0715393306850231,0.5357696653425116,-0.2321151673287442,0.38394241633562787,-0.30802879183218607,0.345985604083907,0.6729928020419536,0.8364964010209768,0.9182482005104884,0.9591241002552442,0.9795620501276221,0.989781025063811,-0.005109487468094476,0.49744525626595276,0.7487226281329764,-0.1256386859335118,0.4371806570332441,0.7185903285166221,-0.14070483574168896,-0.5703524178708445,0.21482379106457777,0.6074118955322889,0.8037059477661445,-0.09814702611692777,-0.5490735130584639,0.22546324347076807,-0.38726837826461596,-0.693634189132308,-0.846817094566154,-0.923408547283077,-0.9617042736415384,0.019147863179230784,0.5095739315896154,0.7547869657948076,0.8773934828974038,0.938696741448702,-0.030651629275649017,-0.5153258146378246,0.24233709268108772,0.6211685463405439,0.8105842731702719,0.905292136585136,-0.04735393170743202,0.47632303414628396,-0.261838482926858,-0.630919241463429,-0.8154596207317145,0.09227018963414274,-0.45386490518292866,0.27306754740853567,0.6365337737042678,0.8182668868521339,0.909133443426067,0.9545667217130335,-0.022716639143483264,-0.5113583195717416,-0.7556791597858707,0.12216042010706463,0.5610802100535324,0.7805401050267662,-0.10972994748661691,0.44513502625669155,0.7225675131283458,0.8612837565641729,-0.06935812171791356,0.4653209391410432,-0.2673395304294784,0.36633023478526083,-0.3168348826073696,-0.6584174413036847,0.17079127934815763,0.5853956396740788,0.7926978198370394,0.8963489099185197,0.9481744549592599,-0.025912772520370053,0.487043613739815,0.7435218068699074,-0.12823909656504628,-0.5641195482825232,0.2179402258587384,0.6089701129293692,0.8044850564646846,0.9022425282323423,-0.04887873588382885,0.4755606320580856,0.7377803160290428,0.8688901580145214,0.9344450790072607,0.9672225395036304,-0.016388730248184824,0.49180563487590756,0.7459028174379538,0.8729514087189769,0.9364757043594885,-0.03176214782025577,0.4841189260898721,-0.2579405369550639,0.37102973152246804,-0.314485134238766,-0.657242567119383,0.1713787164403085,0.5856893582201542,0.7928446791100772,0.8964223395550386,-0.05178883022248071,-0.5258944151112404,0.23705279244437982,-0.3814736037778101,0.30926319811109493,0.6546315990555475,0.8273157995277738,0.9136578997638869,-0.04317105011805655,0.4784144749409717,-0.2607927625295141,0.36960361873524294,-0.3151981906323785,0.34240090468381074,-0.3287995476580946,0.3356002261709527,0.6678001130854764,0.8339000565427381,-0.08304997172863093,0.45847501413568453,0.7292375070678423,-0.13538124646607885,0.4323093767669606,0.7161546883834803,0.8580773441917402,0.9290386720958701,0.964519336047935,0.9822596680239675,0.9911298340119837,-0.004435082994008133,0.49778245850299596,0.748891229251498,-0.125554385374251,0.4372228073128745,-0.2813885963435627,0.35930570182821864,0.6796528509141093,0.8398264254570547,-0.08008678727147267,0.45995660636426366,-0.27002169681786814,-0.6350108484089341,0.18249457579553297,0.5912472878977665,0.7956236439488833,0.8978118219744416,-0.051094089012779176,0.47445295549361044,-0.2627735222531948,0.3686132388734026,0.6843066194367013,-0.15784669028164933,0.42107665485917534,-0.28946167257041233,0.35526916371479383,-0.3223654181426031,0.33881729092869844,0.6694086454643492,0.8347043227321747,-0.08264783863391267,0.45867608068304366,0.7293380403415218,-0.13533097982923908,-0.5676654899146195,-0.7838327449573097,0.10808362752134515,0.5540418137606726,-0.22297909311966368,0.38851045344016816,0.6942552267200841,0.847127613360042,-0.07643619331997897,0.4617819033400105,0.7308909516700053,0.8654454758350026,-0.06727726208249868,-0.5336386310412493,-0.7668193155206247,0.11659034223968767,0.5582951711198438,-0.22085241444007808,0.38957379277996096,-0.3052131036100195,-0.6526065518050097,-0.8263032759025049,0.08684836204874757,-0.4565758189756262,-0.7282879094878131,0.13585604525609346,0.5679280226280468,0.7839640113140234,-0.10801799434298831,-0.5540089971714941,-0.777004498585747,0.11149775070712648,0.5557488753535632,-0.2221255623232184,0.38893721883839083,0.6944686094191954,-0.1527656952904023,-0.5763828476452011,-0.7881914238226005,0.10590428808869973,0.5529521440443499,-0.22352392797782505,0.3882380360110875,0.6941190180055438,-0.15294049099722812,0.42352975450138597,-0.288235122749307,0.3558824386253465,0.6779412193126733,-0.16102939034366337,0.4194853048281683,0.7097426524140842,0.8548713262070421,0.927435663103521,0.9637178315517605,0.9818589157758802,-0.009070542112059876,0.4954647289439701,0.7477323644719851,0.8738661822359926,-0.06306690888200372,-0.5315334544410019,0.23423327277949907,0.6171166363897496,0.8085583181948748,-0.09572084090256261,0.4521395795487187,0.7260697897743593,0.8630348948871797,0.9315174474435899,0.9657587237217949,-0.01712063813910253,-0.5085603190695512,0.24571984046522438,0.6228599202326122,0.8114299601163061,0.905714980058153,0.9528574900290765,-0.023571254985461754,0.4882143725072691,-0.2558928137463654,0.3720535931268173,0.6860267965634086,-0.1569866017182957,0.42150669914085215,-0.2892466504295739,0.35537667478521306,0.6776883373926066,-0.1611558313036967,0.41942208434815165,0.7097110421740758,-0.14514447891296212,0.42742776054351894,0.7137138802717595,-0.14314305986412024,0.4284284700679399,0.71421423503397,-0.14289288248301502,0.4285535587584925,0.7142767793792463,-0.14286161031037686,-0.5714308051551884,0.2142845974224058,-0.3928577012887971,-0.6964288506443985,0.15178557467780074,0.5758927873389004,0.7879463936694502,-0.10602680316527491,0.44698659841736255,0.7234932992086813,-0.13825335039565934,0.43087332480217033,0.7154366624010852,0.8577183312005425,0.9288591656002713,0.9644295828001357,-0.017785208599932156,0.4911073957000339,0.745553697850017,-0.1272231510749915,0.43638842446250425,-0.2818057877687479,0.35909710611562606,-0.32045144694218697,0.3397742765289065,0.6698871382644532,-0.16505643086777338,0.41747178456611334,0.7087358922830567,-0.14563205385847167,0.42718397307076417,0.7135919865353821,0.8567959932676911,0.9283979966338456,0.9641989983169228,-0.017900500841538602,0.4910497495792307,0.7455248747896154,-0.1272375626051923,-0.5636187813025961,0.21819060934870194,0.609095304674351,-0.1954523476628245,-0.5977261738314122,0.20113691308429388,0.600568456542147,0.8002842282710735,-0.09985788586446326,0.4500710570677684,0.7250355285338842,-0.1374822357330579,0.4312588821334711,-0.28437055893326446,0.35781472053336777,0.6789073602666839,0.8394536801333419,0.9197268400666709,0.9598634200333355,0.9799317100166678,-0.010034144991666105,0.49498292750416695,-0.2525085362479165,0.37374573187604176,0.6868728659380209,-0.15656356703098956,-0.5782817835154948,0.21085910824225262,0.6054295541211263,-0.19728522293943684,-0.5986426114697184,-0.7993213057348592,0.10033934713257042,0.5501696735662852,-0.2249151632168574,-0.6124575816084287,0.19377120919578567,-0.40311439540210714,0.29844280229894643,0.6492214011494732,0.8246107005747366,0.9123053502873684,-0.04384732485631582,0.4780763375718421,-0.26096183121407895,-0.6304809156070394,0.18475954219648028,0.5923797710982401,-0.20381011445087993,-0.60190505722544,0.19904747138728002,0.59952373569364,0.79976186784682,-0.10011906607658999,0.449940466961705,0.7249702334808525,0.8624851167404263,0.9312425583702131,0.9656212791851065,0.9828106395925533,-0.008594680203723337,0.49570265989813833,-0.25214867005093083,-0.6260743350254654,0.1869628324872673,0.5934814162436337,0.7967407081218169,0.8983703540609085,0.9491851770304542,-0.02540741148477288,0.48729629425761356,0.7436481471288068,0.8718240735644034,-0.0640879632177983,0.46795601839110085,0.7339780091955505,0.8669890045977753,0.9334945022988876,0.9667472511494438,0.9833736255747219,0.9916868127873609,0.9958434063936805,0.9979217031968403,0.9989608515984201,0.99948042579921,0.999740212899605,-0.00012989355019749071,0.4999350532249013,0.7499675266124506,-0.1250162366937747,0.43749188165311265,0.7187459408265563,0.8593729704132782,0.9296864852066391,-0.03515675739668045,0.4824216213016598,-0.2587891893491701,0.37060540532541497,0.6853027026627074,-0.15734864866864628,-0.5786743243343231,0.21066283783283846,0.6053314189164192,0.8026657094582096,0.9013328547291048,0.9506664273645524,0.9753332136822762,0.9876666068411382,0.9938333034205691,0.9969166517102845,0.9984583258551423,0.9992291629275711,-0.00038541853621443245,-0.5001927092681072,0.2499036453659464,0.6249518226829732,0.8124759113414866,0.9062379556707433,0.9531189778353717,0.9765594889176858,0.9882797444588429,-0.005860127770578538,-0.5029300638852893,0.24853496805735537,0.6242674840286777,0.8121337420143389,-0.09393312899283057,0.4530334355035847,-0.2734832822482076,0.3632583588758962,0.6816291794379481,-0.15918541028102595,0.420407294859487,0.7102036474297435,0.8551018237148718,0.9275509118574359,0.9637754559287179,0.981887727964359,0.9909438639821795,0.9954719319910897,0.9977359659955449,0.9988679829977725,0.9994339914988862,-0.00028300425055688416,0.4998584978747216,0.7499292489373608,-0.1250353755313196,0.4374823122343402,0.7187411561171702,0.8593705780585851,0.9296852890292926,0.9648426445146463,0.9824213222573231,-0.008789338871338426,0.49560533056433076,0.7478026652821654,0.8739013326410827,0.9369506663205414,-0.03152466683972932,0.48423766658013534,0.7421188332900677,0.8710594166450338,0.9355297083225169,0.9677648541612585,0.9838824270806292,0.9919412135403146,0.9959706067701573,0.9979853033850786,0.9989926516925394,0.9994963258462697,0.9997481629231348,-0.00012591853843257894,0.4999370407307837,0.7499685203653919,0.8749842601826959,0.9374921300913479,-0.031253934954326046,0.484373032522837,0.7421865162614185,0.8710932581307093,0.9355466290653547,0.9677733145326773,0.9838866572663387,0.9919433286331694,0.9959716643165847,-0.002014167841707659,0.4989929160791462,0.7494964580395731,0.8747482290197865,0.9373741145098933,-0.03131294274505336,0.4843435286274733,0.7421717643137367,0.8710858821568683,-0.06445705892156584,-0.5322285294607829,-0.7661142647303915,0.11694286763480427,0.5584714338174022,-0.22076428309129892,0.38961785845435054,-0.3051910707728247,0.34740446461358765,-0.3262977676932062,0.3368511161533969,0.6684255580766985,-0.16578722096165077,0.4171063895191746,0.7085531947595873,-0.14572340262020633,-0.5728617013101032,0.21356914934494842,0.6067845746724743,0.8033922873362371,0.9016961436681186,0.9508480718340593,0.9754240359170296,-0.01228798204148518,0.4938560089792574,-0.2530719955103713,0.37346400224481435,-0.3132679988775928,0.3433660005612036,-0.3283169997193982,-0.6641584998596991,0.16792075007015045,-0.41603962496492475,0.2919801875175376,0.6459900937587688,-0.1770049531206156,-0.5885024765603077,0.20574876171984613,0.6028743808599231,-0.19856280957003847,-0.5992814047850192,0.20035929760749038,0.6001796488037452,0.8000898244018726,-0.0999550877990637,0.45002245610046815,0.7250112280502341,0.862505614025117,0.9312528070125585,0.9656264035062793,-0.01718679824686037,0.49140660087656984,0.7457033004382849,0.8728516502191425,-0.06357417489042877,0.4682129125547856,0.7341064562773928,0.8670532281386965,0.9335266140693482,0.9667633070346742,0.9833816535173371,0.9916908267586686,-0.004154586620665701,0.49792270668966715,0.7489613533448336,0.8744806766724168,0.9372403383362085,0.9686201691681042,0.9843100845840521,-0.007844957707973943,-0.503922478853987,0.2480387605730065,0.6240193802865033,0.8120096901432516,0.9060048450716258,0.9530024225358129,-0.023498788732093545,0.4882506056339532,0.7441253028169766,-0.12793734859151168,0.4360313257042442,-0.2819843371478779,0.3590078314260611,0.6795039157130305,-0.16024804214348476,0.4198759789282576,-0.2900620105358712,0.3549689947320644,0.6774844973660322,-0.1612577513169839,0.41937112434150803,0.7096855621707541,-0.14515721891462297,0.4274213905426885,0.7137106952713442,-0.14314465236432788,-0.5715723261821639,0.21421383690891804,0.6071069184544591,-0.19644654077277046,-0.5982232703863852,0.20088836480680738,0.6004441824034037,0.8002220912017018,0.900111045600851,0.9500555228004255,-0.024972238599787255,0.4875138807001064,-0.2562430596499468,0.3718784701750266,-0.3140607649124867,0.34296961754375666,0.6714848087718783,-0.16425759561406084,0.4178712021929696,-0.2910643989035152,0.3544678005482424,-0.3227660997258788,0.3386169501370606,-0.3306915249314697,-0.6653457624657348,-0.8326728812328674,0.08366355938356629,0.5418317796917831,-0.22908411015410846,0.38545794492294577,-0.3072710275385271,0.34636448623073646,0.6731822431153682,0.8365911215576841,-0.08170443922115794,0.45914778038942106,0.7295738901947105,0.8647869450973553,0.9323934725486777,0.9661967362743389,-0.016901631862830557,0.4915491840685847,0.7457745920342924,0.8728872960171462,0.9364436480085732,-0.03177817599571342,0.4841109120021433,0.7420554560010717,0.8710277280005359,0.9355138640002679,0.967756932000134,-0.01612153399993299,0.4919392330000335,0.7459696165000167,-0.12701519174999165,0.4364924041250042,0.7182462020625021,-0.14087689896874894,0.4295615505156255,0.7147807752578128,-0.1426096123710936,-0.5713048061855468,-0.7856524030927734,-0.8928262015463867,-0.9464131007731933,0.026793449613403353,0.5133967248067017,-0.24330163759664913,0.37834918120167543,-0.31082540939916226,0.34458729530041887,0.6722936476502095,0.8361468238251047,-0.08192658808744763,0.4590367059562762,0.7295183529781382,-0.13524082351093092,0.43237958824453454,-0.28381020587773276,0.3580948970611336,0.6790474485305669,-0.16047627573471657,0.4197618621326417,-0.2901190689336791,0.35494046553316044,0.6774702327665802,0.8387351163832901,0.9193675581916451,-0.04031622090417747,0.4798418895479113,0.7399209447739556,-0.13003952761302218,-0.5650197638065111,-0.7825098819032555,0.10874505904837223,0.5543725295241861,-0.22281373523790693,-0.6114068676189535,0.19429656619052327,-0.40285171690473837,0.29857414154763084,0.6492870707738154,0.8246435353869077,-0.08767823230654614,-0.5438391161532731,-0.7719195580766365,0.11404022096168176,-0.4429798895191591,-0.7214899447595795,0.13925502762021025,-0.4303724861898949,0.28481375690505256,0.6424068784525263,0.8212034392262632,0.9106017196131315,0.9553008598065658,0.9776504299032829,-0.01117478504835856,0.4944126074758207,0.7472063037379104,-0.1263968481310448,-0.5631984240655223,-0.7815992120327612,0.10920039398361941,0.5546001969918097,0.7773000984959049,-0.11134995075204757,0.4443250246239762,0.7221625123119881,-0.13891874384400593,0.43054062807799703,-0.28472968596100146,0.3576351570194993,0.6788175785097497,0.8394087892548748,0.9197043946274375,0.9598521973137187,0.9799260986568594,0.9899630493284297,-0.005018475335785144,0.49749076233210743,-0.2512546188339463,0.37437269058302686,0.6871863452915135,0.8435931726457567,-0.07820341367712164,0.46089829316143915,-0.2695508534192804,-0.6347754267096402,0.18261228664517992,0.5913061433225899,0.795653071661295,-0.10217346416935252,0.4489132679153237,-0.27554336604233814,0.36222831697883096,0.6811141584894155,0.8405570792447077,0.9202785396223538,0.9601392698111769,0.9800696349055884,0.9900348174527942,0.9950174087263971,-0.0024912956368014494,0.49875435218159925,-0.2506228239092004,-0.6253114119546002,0.18734429402269992,0.59367214701135,0.796836073505675,0.8984180367528375,0.9492090183764188,-0.0253954908117906,0.4873022545941047,-0.25634887270294765,-0.6281744363514739,0.18591278182426307,0.5929563909121316,-0.2035218045439342,0.3982390977280329,0.6991195488640165,0.8495597744320083,0.9247798872160041,-0.03761005639199794,0.48119497180400106,0.7405974859020006,0.8702987429510003,-0.06485062852449985,-0.5324253142622499,0.23378734286887504,0.6168936714344375,-0.19155316428278124,-0.5957765821413906,0.2021117089293047,0.6010558544646524,-0.1994720727676738,0.4002639636161631,-0.29986801819191844,-0.6499340090959592,-0.8249670045479796,0.08751649772601022,0.5437582488630051,-0.22812087556849747,0.38593956221575126,0.6929697811078757,0.8464848905539378,0.923242445276969,-0.038378777361515515,0.48081061131924224,-0.25959469434037885,0.3702026528298106,-0.3148986735850947,-0.6574493367925474,-0.8287246683962737,-0.9143623341981368,0.04281883290093158,0.5214094164504658,0.760704708225233,-0.11964764588738352,0.44017617705630824,0.7200880885281541,0.8600440442640771,0.9300220221320386,0.9650110110660193,0.9825055055330096,0.9912527527665048,0.9956263763832525,-0.0021868118083737675,0.4989065940958131,0.7494532970479065,-0.12527335147604673,0.43736332426197666,0.7186816621309884,0.8593408310654942,0.9296704155327471,0.9648352077663735,0.9824176038831868,0.9912088019415934,0.9956044009707967,-0.0021977995146016394,0.4989011002426992,0.7494505501213495,0.8747252750606748,0.9373626375303374,0.9686813187651687,0.9843406593825843,-0.007829670308707848,0.4960851648456461,-0.25195741757717693,0.37402129121141153,0.6870106456057058,0.8435053228028528,-0.07824733859857358,0.4608763307007132,-0.2695618346496434,0.36521908267517833,0.6826095413375892,-0.1586952293312054,-0.5793476146656027,0.21032619266719865,-0.3948369036664007,0.30258154816679966,0.6512907740833999,-0.17435461295830007,-0.58717730647915,0.206411346760425,-0.39679432661978753,0.30160283669010624,-0.3491985816549469,-0.6745992908274734,-0.8372996454137367,-0.9186498227068683,-0.9593249113534341,0.02033754432328294,0.5101687721616415,0.7550843860808207,0.8775421930404104,-0.061228903479794816,-0.5306144517398974,-0.7653072258699487,0.11734638706502565,-0.4413268064674872,0.27933659676625644,0.6396682983831282,0.8198341491915642,0.9099170745957821,-0.04504146270210896,0.4774792686489455,-0.26126036567552724,0.3693698171622364,0.6846849085811182,0.8423424542905591,-0.07882877285472045,0.4605856135726398,0.7302928067863199,-0.13485359660684004,-0.56742679830342,-0.78371339915171,0.108143300424145,0.5540716502120725,-0.22296417489396375,0.38851791255301815,0.6942589562765091,0.8471294781382546,0.9235647390691273,0.9617823695345636,-0.01910881523271818,0.49044559238364094,0.7452227961918205,-0.12738860190408974,-0.5636943009520449,0.21815284952397757,0.6090764247619888,-0.19546178761900562,-0.5977308938095028,0.20113455309524858,0.6005672765476243,0.8002836382738121,0.900141819136906,0.950070909568453,0.9750354547842265,0.9875177273921132,0.9937588636960566,0.9968794318480283,-0.0015602840759858516,0.4992198579620071,0.7496099289810035,0.8748049644905018,0.9374024822452509,0.9687012411226255,-0.015649379438687272,0.49217531028065636,0.7460876551403282,0.8730438275701641,0.936521913785082,0.968260956892541,0.9841304784462706,0.9920652392231353,0.9960326196115676,0.9980163098057838,-0.0009918450971080905,-0.500495922548554,-0.750247961274277,0.12487601936286152,0.5624380096814308,0.7812190048407154,-0.10939049757964231,0.4453047512101789,0.7226523756050894,-0.13867381219745528,0.43066309390127233,0.7153315469506362,0.8576657734753181,0.9288328867376591,0.9644164433688296,0.9822082216844148,0.9911041108422074,0.9955520554211037,-0.0022239722894481506,0.4988880138552759,0.749444006927638,0.874722003463819,-0.0626389982680905,0.46868050086595475,0.7343402504329773,-0.13282987478351133,-0.5664149373917556,0.21679253130412218,0.6083962656520611,0.8041981328260306,-0.0979009335869847,0.45104953320650765,-0.2744752333967462,0.3627623833016269,-0.31861880834918654,-0.6593094041745933,-0.8296547020872966,-0.9148273510436483,0.04258632447817584,-0.47870683776091205,-0.739353418880456,0.130323290559772,-0.434838354720114,-0.717419177360057,0.1412904113199715,0.5706452056599858,-0.2146773971700071,-0.6073386985850036,0.19633065070749822,0.5981653253537491,-0.20091733732312544,0.3995413313384373,-0.30022933433078136,0.3498853328346093,-0.32505733358269534,-0.6625286667913477,0.16873566660432615,0.5843678333021631,0.7921839166510816,0.8960919583255408,-0.05195402083722961,-0.5259770104186148,0.2370114947906926,0.6185057473953464,0.8092528736976732,-0.09537356315116341,-0.5476867815755817,-0.7738433907877909,0.11307830460610457,0.5565391523030523,0.7782695761515261,0.8891347880757631,0.9445673940378816,-0.027716302981059204,0.4861418485094704,0.7430709242547352,0.8715354621273677,0.9357677310636838,0.9678838655318419,-0.016058067234079043,0.49197096638296045,0.7459854831914803,-0.12700725840425986,0.43649637079787007,0.7182481853989351,-0.14087590730053245,0.4295620463497338,0.7147810231748669,0.8573905115874334,0.9286952557937167,-0.03565237210314165,0.4821738139484292,0.7410869069742145,0.8705434534871073,-0.06472827325644637,0.4676358633717768,0.7338179316858884,0.8669089658429442,0.9334544829214722,-0.033272758539263925,0.48336362073036804,0.741681810365184,0.870840905182592,0.935420452591296,-0.03228977370435199,-0.516144886852176,0.24192755657391202,0.620963778286956,0.810481889143478,0.905240944571739,-0.04737952771413051,0.4763102361429348,-0.2618448819285326,0.3690775590357337,0.6845387795178668,0.8422693897589334,-0.0788653051205333,-0.5394326525602666,0.2302836737198667,0.6151418368599333,0.8075709184299666,0.9037854592149833,0.9518927296074917,-0.02405363519625414,0.48797318240187293,0.7439865912009365,0.8719932956004682,0.9359966478002342,-0.032001676099882914,0.48399916195005854,-0.25800041902497073,-0.6290002095124854,0.18549989524375732,-0.40725005237812134,0.29637497381093936,0.6481874869054697,-0.17590625654726516,0.41204687172636745,-0.2939765641368163,0.35301171793159186,0.676505858965796,0.838252929482898,0.919126464741449,0.9595632323707245,-0.020218383814637753,0.48989080809268115,0.7449454040463406,-0.1275272979768297,-0.5637636489884148,0.2181181755057926,0.6090590877528963,-0.19547045612355185,-0.5977352280617759,0.20113238596911204,-0.39943380701544395,-0.699716903507722,0.150141548246139,0.5750707741230695,0.7875353870615347,0.8937676935307673,-0.053116153234616326,0.47344192338269186,-0.26327903830865407,-0.631639519154327,-0.8158197595771635,-0.9079098797885817,-0.9539549398942908,-0.9769774699471454,0.011511265026427298,-0.49424436748678635,0.2528778162566068,-0.3735610918716966,-0.6867805459358483,0.15660972703207587,0.5783048635160379,-0.21084756824198103,0.3945762158790095,-0.30271189206049526,0.3486440539697524,0.6743220269848762,0.8371610134924381,-0.08141949325378095,-0.5407097466268904,0.2296451266865548,-0.3851774366567226,0.30741128167163867,-0.34629435916418067,-0.6731471795820904,0.16342641020895482,0.5817132051044774,0.7908566025522388,0.8954283012761194,0.9477141506380597,0.9738570753190299,-0.013071462340485063,0.49346426882975747,0.7467321344148787,0.8733660672074394,-0.06331696639628032,0.46834151680185987,0.7341707584009299,-0.13291462079953503,0.43354268960023246,0.7167713448001163,-0.14161432759994186,0.42919283620002907,0.7145964181000145,-0.14270179094999275,-0.5713508954749964,-0.7856754477374982,0.1071622761312509,-0.4464188619343745,0.27679056903281274,0.6383952845164064,0.8191976422582032,-0.09040117887089838,-0.5452005894354492,0.22739970528227538,0.6136998526411377,0.8068499263205688,-0.09657503683971558,0.4517124815801422,0.725856240790071,-0.13707187960496447,0.43146406019751776,0.7157320300987589,0.8578660150493794,0.9289330075246898,-0.035533496237655116,-0.5177667481188275,-0.7588833740594138,0.12055831297029312,0.5602791564851466,0.7801395782425733,0.8900697891212866,0.9450348945606433,-0.027482552719678366,0.4862587236401608,0.7431293618200804,0.8715646809100401,-0.06421765954497993,-0.53210882977249,0.23394558511375502,-0.38302720744312246,-0.6915136037215612,0.15424319813921938,-0.4228784009303903,0.28856079953480485,-0.3557196002325976,-0.6778598001162988,-0.8389299000581494,0.08053504997092531,-0.45973247501453735,0.27013376249273136,-0.3649331187536343,0.31753344062318284,0.6587667203115914,-0.17061663984420428,-0.5853083199221021,0.20734584003894896,0.6036729200194745,-0.19816353999026276,0.4009182300048686,0.7004591150024343,-0.14977044249878285,0.42511477875060855,-0.2874426106246957,0.35627869468765216,-0.3218606526561739,0.33906967367191304,0.6695348368359565,-0.16523258158202175,-0.5826162907910108,-0.7913081453955054,0.10434592730224729,0.5521729636511237,-0.22391351817443816,0.3880432409127809,0.6940216204563905,0.8470108102281952,0.9235054051140976,0.9617527025570488,0.9808763512785243,0.9904381756392622,-0.0047809121803689125,0.49760954390981554,0.7488047719549078,-0.1255976140225461,0.43720119298872695,-0.2813994035056365,-0.6406997017528182,0.1796501491235909,-0.41017492543820455,-0.7050874627191023,0.14745626864044886,-0.4262718656797756,0.2868640671601122,0.6434320335800561,-0.17828398320997196,0.410858008395014,0.705429004197507,0.8527145020987534,-0.07364274895062328,0.46317862552468836,0.7315893127623442,0.865794656381172,-0.06710267180941398,0.466448664095293,0.7332243320476465,0.8666121660238233,0.9333060830119116,-0.03334695849404418,0.4833265207529779,-0.25833673962351106,-0.6291683698117555,0.18541581509412225,0.5927079075470612,0.7963539537735306,0.8981769768867653,0.9490884884433827,-0.025455755778308664,-0.5127278778891543,0.24363606105542285,-0.37818196947228855,-0.6890909847361443,0.15545450763192786,-0.4222727461840361,0.28886362690798195,0.644431813453991,0.8222159067269955,-0.08889204663650224,-0.5444460233182511,0.22777698834087445,0.6138884941704372,-0.1930557529147814,0.4034721235426093,-0.29826393822869535,0.3508680308856523,0.6754340154428262,-0.1622829922785869,-0.5811414961392934,-0.7905707480696467,0.10471462596517667,0.5523573129825883,0.7761786564912941,-0.11191067175435293,-0.5559553358771765,-0.7779776679385882,0.11101116603070588,0.5555055830153529,-0.22224720849232354,0.38887639575383826,-0.3055618021230809,0.3472190989384596,-0.3263904505307702,0.3368047747346149,0.6684023873673075,0.8342011936836538,0.9171005968418269,0.9585502984209134,-0.02072485078954328,-0.5103624253947716,0.2448187873026142,0.6224093936513071,0.8112046968256535,-0.09439765158717323,0.4528011742064134,0.7264005871032067,-0.13679970644839667,0.43160014677580166,0.7158000733879009,0.8579000366939504,0.9289500183469752,-0.03552499082651239,-0.5177624954132563,0.24111875229337187,0.6205593761466859,0.8102796880733429,0.9051398440366715,-0.047430077981664265,0.47628496100916784,0.738142480504584,0.869071240252292,0.934535620126146,-0.032732189936927,0.48363390503153647,-0.25818304748423176,0.37090847625788415,0.6854542381289421,0.8427271190644711,-0.07863644046776447,0.4606817797661178,0.7303408898830589,-0.13482955505847055,0.4325852224707647,0.7162926112353823,0.8581463056176912,-0.07092684719115439,0.4645365764044228,-0.2677317117977886,0.3661341441011057,0.6830670720505528,0.8415335360252765,0.9207667680126382,-0.03961661599368088,0.4801916920031596,0.7400958460015798,0.8700479230007899,-0.06497603849960504,-0.5324880192498025,0.23375599037509875,-0.3831220048124506,0.3084389975937747,-0.34578050120311266,-0.6728902506015564,0.1635548746992218,0.581777437349611,-0.20911128132519452,-0.6045556406625973,0.19772217966870137,-0.4011389101656493,-0.7005694550828246,0.14971527245858768,0.5748576362292939,-0.21257118188535307,0.39371440905732347,-0.30314279547133827,0.34842860226433087,0.6742143011321654,-0.1628928494339173,-0.5814464247169586,0.2092767876415207,-0.39536160617923966,0.3023191969103802,0.6511595984551901,0.8255797992275951,0.9127898996137975,-0.043605050193101236,-0.5218025250965506,0.23909873745172472,0.6195493687258624,-0.1902253156370688,0.4048873421814656,0.7024436710907328,-0.1487781644546336,0.42561091777268323,0.7128054588863416,0.8564027294431709,-0.07179863527841457,-0.5358993176392073,-0.7679496588196036,0.11602517059019818,0.5580125852950991,0.7790062926475496,0.8895031463237748,-0.055248426838112596,0.4723757865809437,-0.26381210670952815,0.3680939466452359,0.684046973322618,0.842023486661309,-0.0789882566693455,0.46050587166532725,0.7302529358326636,0.8651264679163317,0.9325632339581659,0.9662816169790829,0.9831408084895414,-0.00842959575522928,0.49578520212238536,-0.2521073989388073,-0.6260536994694037,0.18697315026529815,0.593486575132649,0.7967432875663245,-0.10162835621683775,0.4491858218915811,0.7245929109457906,0.8622964554728954,0.9311482277364477,0.9655741138682239,0.982787056934112,0.991393528467056,0.9956967642335279,0.997848382116764,-0.0010758089416180172,0.49946209552919096,0.7497310477645955,0.8748655238822978,0.9374327619411489,-0.03128361902942556,0.4843581904852872,0.7421790952426436,0.8710895476213218,0.9355447738106609,0.9677723869053305,0.9838861934526653,0.9919430967263326,0.9959715483631664,0.9979857741815832,0.9989928870907916,0.9994964435453958,0.9997482217726978,-0.0001258891136510787,0.49993705544317446,0.7499685277215873,0.8749842638607936,0.9374921319303968,0.9687460659651984,0.9843730329825993,0.9921865164912996,-0.003906741754350185,0.49804662912282494,0.7490233145614125,-0.12548834271929377,-0.5627441713596468,0.2186279143201766,0.6093139571600883,-0.19534302141995585,0.4023284892900221,0.701164244645011,0.8505821223225055,-0.07470893883874724,0.4626455305806264,-0.2686772347096868,0.3656613826451566,-0.3171693086774217,-0.6585846543387108,0.17070767283064459,-0.4146461635846777,0.2926769182076612,0.6463384591038306,0.8231692295519153,-0.08841538522404235,-0.5442076926120212,0.2278961536939894,-0.3860519231530053,0.30697403842349735,-0.3465129807882513,0.32674350960587434,-0.3366282451970628,0.3316858774014686,-0.3341570612992657,-0.6670785306496329,0.16646073467518357,0.5832303673375918,-0.2083848163312041,0.39580759183439795,-0.302096204082801,0.3489518979585995,0.6744759489792997,0.8372379744896499,0.9186189872448249,0.9593094936224125,-0.020345253188793766,0.4898273734056031,0.7449136867028016,0.8724568433514008,-0.06377157832429958,0.4681142108378502,-0.2659428945810749,-0.6329714472905374,0.18351427635473128,0.5917571381773656,0.7958785690886828,0.8979392845443415,-0.05103035772782927,-0.5255151788639146,0.23724241056804268,0.6186212052840213,0.8093106026420107,-0.09534469867899464,0.4523276506605027,0.7261638253302514,0.8630819126651257,0.9315409563325628,0.9657704781662815,0.9828852390831407,-0.008557380458429631,-0.5042786902292148,0.2478606548853926,0.6239303274426963,0.8119651637213481,0.905982581860674,-0.04700870906966298,0.47649564546516854,0.7382478227325843,0.8691239113662921,0.934561955683146,0.967280977841573,-0.016359511079213518,0.49182024446039324,0.7459101222301966,0.8729550611150982,0.9364775305575491,0.9682387652787745,-0.015880617360612748,-0.5079403086803064,0.2460298456598468,0.6230149228299234,-0.18849253858503828,-0.5942462692925191,0.20287686535374044,-0.39856156732312975,0.3007192163384351,0.6503596081692176,0.8251798040846088,-0.08741009795769561,0.4562949510211522,0.7281474755105761,-0.13592626224471194,0.43203686887764403,-0.283981565561178,0.35800921721941104,0.6790046086097055,0.8395023043048527,0.9197511521524264,-0.04012442392378679,0.4799377880381066,0.7399688940190533,-0.13001555299047335,0.4349922235047633,0.7174961117523817,0.8587480558761909,0.9293740279380954,0.9646870139690478,-0.017656493015476116,-0.5088282465077381,-0.754414123253869,-0.8772070616269345,0.06139646918653274,0.5306982345932664,-0.23465088270336681,-0.6173254413516834,0.19133727932415828,-0.40433136033792083,0.2978343198310396,0.6489171599155198,-0.1755414200422401,0.41222928997888,0.70611464498944,-0.14694267750528,0.42652866124736,0.71326433062368,-0.14336783468816,0.42831608265592,-0.28584195867204,-0.64292097933602,0.17853951033199,0.589269755165995,-0.2053651224170025,0.3973174387914987,-0.30134128060425064,0.3493293596978747,0.6746646798489373,0.8373323399244686,0.9186661699622343,-0.040666915018882865,0.47966654249055857,0.7398332712452793,-0.13008336437736034,-0.5650416821886801,0.21747915890565994,-0.39126042054717003,-0.695630210273585,0.15218489486320752,-0.42390755256839624,-0.7119537762841981,-0.855976888142099,-0.9279884440710495,0.03600577796447524,0.5180028889822377,-0.24099855550888116,0.3795007222455594,-0.3102496388772203,0.3448751805613899,-0.32756240971930506,0.33621879514034747,0.6681093975701737,0.8340546987850869,-0.08297265060745657,0.4585136746962717,0.7292568373481358,-0.13537158132593208,0.43231420933703396,0.716157104668517,-0.1419214476657415,0.4290392761671292,0.7145196380835646,-0.14274018095821772,0.42862990952089114,-0.2856850452395544,-0.6428425226197771,-0.8214212613098886,0.08928936934505571,0.5446446846725279,-0.22767765766373604,-0.613838828831868,-0.806919414415934,0.09654029279203302,0.5482701463960165,0.7741350731980082,-0.11293246340099589,0.4435337682995021,0.7217668841497511,-0.13911655792512445,0.4304417210374378,-0.2847791394812811,-0.6423895697406405,0.17880521512967973,-0.41059739243516014,0.29470130378241993,0.64735065189121,-0.176324674054395,-0.5881623370271976,-0.7940811685135988,0.10295941574320061,0.5514797078716003,0.7757398539358001,0.8878699269679,-0.05606503651604999,0.471967481741975,0.7359837408709875,-0.13200812956450625,0.4339959352177469,0.7169979676088735,-0.14150101619556327,0.4292494919022184,-0.2853752540488908,-0.6426876270244454,0.1786561864877773,0.5893280932438887,-0.20533595337805566,-0.6026679766890278,-0.8013339883445139,0.09933300582774307,0.5496665029138715,-0.22516674854306423,0.3874166257284679,-0.30629168713576604,0.346854156432117,-0.3265729217839415,0.33671353910802926,-0.33164323044598537,0.33417838477700734,0.6670891923885036,0.8335445961942518,0.9167722980971259,0.958386149048563,-0.020806925475718496,0.48959653726214075,-0.25520173136892965,0.3723991343155352,-0.3138004328422324,-0.6569002164211162,0.1715498917894419,-0.41422505410527904,-0.7071125270526395,0.14644373647368025,0.5732218682368402,-0.2133890658815799,-0.60669453294079,-0.803347266470395,0.0983263667648025,0.5491631833824012,0.7745815916912007,0.8872907958456003,0.9436453979228001,0.9718226989614,-0.014088650519299972,0.49295567474035,0.746477837370175,-0.12676108131491248,-0.5633805406574562,-0.7816902703287281,0.10915486483563597,0.554577432417818,-0.222711283791091,-0.6113556418955455,0.19432217905222726,-0.40283891047388637,0.29858054476305684,0.6492902723815284,-0.17535486380923582,-0.5876774319046179,-0.7938387159523089,0.10308064202384554,-0.44845967898807726,0.27577016050596137,0.6378850802529807,0.8189425401264904,-0.09052872993675481,0.4547356350316226,0.7273678175158114,0.8636839087579057,-0.06815804562104716,0.46592097718947645,0.7329604885947383,-0.13351975570263086,-0.5667598778513154,0.21662006107434228,0.6083100305371711,0.8041550152685856,0.9020775076342928,0.9510387538171464,0.9755193769085733,0.9877596884542866,-0.0061201557728566836,-0.5030600778864284,0.24846996105678582,0.6242349805283929,0.8121174902641964,0.9060587451320983,0.9530293725660491,-0.02348531371697543,0.48825734314151226,0.7441286715707561,0.8720643357853781,-0.06396783210731094,0.46801608394634453,-0.26599195802682774,0.36700402098658613,-0.31649798950670693,-0.6582489947533534,-0.8291244973766767,0.08543775131166165,0.5427188756558308,-0.22864056217208462,-0.6143202810860423,-0.8071601405430211,-0.9035800702715105,-0.9517900351357553,0.024104982432122335,0.5120524912160611,-0.24397375439196944,0.3780131228040153,0.6890065614020077,0.8445032807010038,-0.07774835964949811,0.46112582017525094,-0.26943708991237453,0.3652814550438127,0.6826407275219064,-0.1586796362390468,-0.5793398181195234,-0.7896699090597616,0.10516504547011918,-0.4474174772649404,-0.7237087386324702,0.1381456306837649,0.5690728153418825,0.7845364076709412,-0.10773179616452938,0.4461341019177353,0.7230670509588677,-0.13846647452056615,0.4307667627397169,0.7153833813698585,0.8576916906849292,0.9288458453424646,-0.03557707732876769,-0.5177885386643839,-0.758894269332192,0.12055286533390402,-0.43972356733304796,-0.719861783666524,0.140069108166738,0.570034554083369,0.7850172770416846,0.8925086385208423,-0.05374568073957886,-0.5268728403697894,0.23656357981510528,-0.38171821009244733,0.30914089495377634,0.6545704474768882,0.827285223738444,-0.08635738813077798,-0.543178694065389,0.2284106529673055,-0.3857946735163472,0.3071026632418264,-0.34644866837908683,-0.6732243341895434,-0.8366121670947717,-0.9183060835473859,-0.9591530417736929,0.020423479113153564,0.5102117395565768,0.7551058697782884,0.8775529348891442,-0.061223532555427895,0.46938823372228605,0.734694116861143,-0.13265294156942847,-0.5663264707847142,0.2168367646076429,-0.39158161769617855,0.3042091911519107,-0.34789540442404465,0.3260522977879777,0.6630261488939888,0.8315130744469944,-0.0842434627765028,-0.5421217313882514,0.22893913430587431,-0.38553043284706284,-0.6927652164235314,0.1536173917882343,0.5768086958941172,0.7884043479470586,0.8942021739735293,0.9471010869867647,0.9735505434933823,0.9867752717466911,-0.006612364126654446,0.4966938179366728,0.7483469089683363,-0.12582654551583183,0.4370867272420841,-0.28145663637895796,0.35927168181052105,-0.3203641590947395,-0.6601820795473697,0.16990896022631513,-0.41504551988684246,0.29247724005657877,-0.35376137997171064,-0.6768806899858553,0.16155965500707237,0.5807798275035362,0.790389913751768,0.895194956875884,0.947597478437942,-0.026201260781029023,-0.5131006303905146,-0.7565503151952573,0.12172484240237136,0.5608624212011857,0.7804312106005928,-0.10978439469970358,0.4451078026501482,0.7225539013250741,0.8612769506625371,0.9306384753312685,0.9653192376656343,0.9826596188328172,-0.00867019058359142,0.4956649047082043,-0.2521675476458979,0.37391622617705106,-0.3130418869114745,-0.6565209434557373,0.17173952827213135,-0.4141302358639343,0.29293488206803286,-0.35353255896598357,0.3232337205170082,0.6616168602585041,0.830808430129252,0.915404215064626,0.957702107532313,0.9788510537661566,0.9894255268830783,0.9947127634415391,0.9973563817207696,0.9986781908603848,0.9993390954301924,0.9996695477150962,0.9998347738575482,0.9999173869287741,0.999958693464387,0.9999793467321936,-1.0326633903212645e-05,-0.5000051633169516,-0.7500025816584758,0.12499870917076211,0.562499354585381,0.7812496772926905,0.8906248386463452,0.9453124193231726,0.9726562096615863,0.9863281048307931,0.9931640524153966,0.9965820262076983,0.9982910131038492,0.9991455065519246,0.9995727532759623,0.9997863766379811,-0.00010681168100945548,0.4999465941594953,0.7499732970797477,0.8749866485398738,0.9374933242699369,0.9687466621349685,0.9843733310674843,0.9921866655337421,0.9960933327668711,0.9980466663834355,0.9990233331917178,0.9995116665958589,-0.00024416670207055846,0.49987791664896475,0.7499389583244824,0.8749694791622412,-0.06251526041887939,0.4687423697905603,0.7343711848952801,0.86718559244764,0.93359279622382,0.96679639811191,-0.01660180094404501,0.4916990995279775,-0.25415045023601124,0.3729247748819944,0.6864623874409972,-0.1567688062795014,0.4216155968602493,0.7108077984301246,0.8554038992150623,0.9277019496075312,-0.03614902519623442,0.4819254874018828,0.7409627437009414,0.8704813718504707,0.9352406859252353,-0.032379657037382326,0.48381017148130884,0.7419050857406544,-0.1290474571296728,-0.5645237285648363,0.21773813571758183,0.6088690678587909,-0.19556546607060454,0.40221726696469773,-0.29889136651765114,0.35055431674117443,0.6752771583705872,0.8376385791852936,-0.0811807104073532,-0.5405903552036766,0.2297048223981617,-0.38514758880091915,0.3074262055995404,0.6537131027997702,-0.17314344860011488,0.41342827569994256,-0.2932858621500287,0.35335706892498564,-0.3233214655375072,0.3383392672312464,-0.3308303663843768,0.3345848168078116,-0.3327075915960942,-0.6663537957980471,-0.8331768978990235,-0.9165884489495117,0.041705775525244126,-0.47914711223737794,0.26042644388131103,-0.36978677805934446,0.31510661097032777,-0.3424466945148361,0.32877665274258194,-0.33561167362870903,0.3321941631856455,0.6660970815928228,0.8330485407964114,-0.08347572960179428,-0.5417378648008971,-0.7708689324004485,0.11456553379977574,0.5572827668998879,0.7786413834499439,0.889320691724972,0.944660345862486,0.972330172931243,0.9861650864656215,0.9930825432328108,0.9965412716164054,-0.0017293641917973113,0.49913531790410137,-0.2504323410479493,0.37478382947602534,0.6873919147380126,-0.15630404263099368,0.4218479786845032,0.7109239893422516,-0.14453800532887418,0.4277309973355629,-0.2861345013322185,0.35693274933389074,-0.32153362533305463,-0.6607668126665274,0.16961659366673631,0.5848082968333681,0.792404148416684,-0.10379792579165797,0.44810103710417104,0.7240505185520856,0.8620252592760428,0.9310126296380214,-0.034493685180989275,0.48275315740950536,0.7413765787047527,0.8706882893523764,0.9353441446761882,0.967672072338094,0.983836036169047,-0.008081981915476488,0.49595900904226176,0.7479795045211308,0.8739897522605654,0.9369948761302827,0.9684974380651413,-0.015751280967429337,0.4921243595162853,0.7460621797581426,0.8730310898790713,-0.06348445506046435,-0.5317422275302321,0.23412888623488393,0.6170644431174419,0.808532221558721,-0.09573388922063952,0.45213305538968024,0.7260665276948401,-0.13696673615257993,-0.56848336807629,0.21575831596185502,-0.3921208420190725,0.30393957899046375,0.6519697894952319,-0.17401510525238406,-0.587007552626192,-0.793503776313096,0.103248111843452,0.551624055921726,-0.22418797203913698,0.3879060139804315,-0.3060469930097842,0.3469765034951079,0.673488251747554,0.836744125873777,0.9183720629368886,0.9591860314684443,0.9795930157342221,0.989796507867111,-0.005101746066444479,-0.5025508730332222,-0.7512754365166111,0.12436228174169445,0.5621811408708473,-0.21890942956457637,-0.6094547147822882,0.1952726426088559,-0.40236367869557205,0.298818160652214,0.649409080326107,0.8247045401630535,-0.08764772991847325,0.4561761350407634,-0.2719119324796183,0.36404403376019084,0.6820220168800954,-0.15898899155995228,-0.5794944957799761,-0.7897472478899881,0.10512637605500597,0.552563188027503,0.7762815940137515,-0.11185920299312424,0.4440703985034379,-0.27796480074828106,-0.6389824003741406,-0.8194912001870702,0.09025439990646489,0.5451271999532324,-0.22743640002338378,0.38628179998830814,-0.30685910000584593,0.34657044999707703,0.6732852249985385,0.8366426124992692,-0.0816786937503654,-0.5408393468751826,0.22958032656240868,-0.38520983671879566,-0.6926049183593979,-0.8463024591796989,-0.9231512295898494,0.038424385205075295,0.5192121926025377,0.7596060963012689,0.8798030481506345,-0.06009847592468276,-0.5300492379623414,-0.7650246189811707,0.11748769050941466,0.5587438452547073,0.7793719226273537,-0.11031403868632317,0.4448429806568384,-0.2775785096715808,-0.6387892548357904,0.1806053725821048,0.5903026862910524,-0.2048486568544738,-0.6024243284272369,-0.8012121642136185,-0.9006060821068093,-0.9503030410534046,0.024848479473297713,-0.48757576026335114,-0.7437878801316755,-0.8718939400658378,0.06405302996708112,-0.4679734850164594,0.2660132574917703,0.6330066287458851,0.8165033143729425,-0.09174834281352873,0.45412582859323564,-0.27293708570338215,0.3635314571483089,0.6817657285741545,-0.15911713571292274,0.42044143214353863,-0.2897792839282307,0.35511035803588464,0.6775551790179424,0.8387775895089712,0.9193887947544856,-0.040305602622757175,0.4798471986886214,0.7399235993443107,0.8699617996721554,0.9349808998360777,-0.03250955008196116,-0.5162547750409806,0.2418726124795097,-0.3790636937602452,-0.6895318468801226,-0.8447659234400613,0.07761703827996935,0.5388085191399847,-0.23059574043000763,-0.6152978702150038,-0.8076489351075019,-0.903824467553751,0.048087766223124495,-0.47595611688843775,0.2620219415557811,0.6310109707778906,0.8155054853889453,-0.09224725730552735,0.45387637134723635,-0.2730618143263818,-0.6365309071631909,0.18173454641840453,-0.4091327267907977,0.29543363660460115,0.6477168183023005,0.8238584091511503,0.9119292045755751,0.9559646022877876,0.9779823011438937,0.9889911505719469,-0.005504424714026568,-0.5027522123570133,0.24862389382149336,-0.37568805308925335,0.3121559734553733,-0.3439220132723133,0.32803899336384335,0.6640194966819217,-0.16799025165903914,-0.5839951258295195,-0.7919975629147598,0.10400121854262012,-0.44799939072868994,0.27600030463565506,0.6380001523178276,-0.1809999238410862,0.4095000380794569,0.7047500190397284,0.8523750095198642,0.9261875047599322,0.9630937523799661,-0.018453123810016958,0.4907734380949915,0.7453867190474958,0.8726933595237478,0.9363466797618739,-0.031826660119063044,0.48408666994046845,-0.2579566650297658,0.3710216674851171,-0.31448916625744144,0.3427554168712793,-0.32862229156436035,-0.6643111457821802,0.1678444271089099,0.583922213554455,-0.20803889322277253,-0.6040194466113863,0.19799027669430685,-0.40100486165284654,0.2994975691735767,0.6497487845867884,0.8248743922933942,-0.0875628038533029,0.4562185980733485,0.7281092990366742,0.8640546495183371,0.9320273247591686,-0.033986337620415696,-0.5169931688102078,-0.7584965844051039,-0.879248292202552,0.06037585389872402,0.530187926949362,0.765093963474681,0.8825469817373405,0.9412734908686702,0.9706367454343351,-0.014681627282832455,0.49265918635858374,0.7463295931792919,-0.12683520341035404,-0.5634176017051771,-0.7817088008525885,-0.8908544004262943,0.054572799786852866,-0.4727136001065736,0.2636431999467132,0.6318215999733566,0.8159107999866784,0.9079553999933392,0.9539776999966696,0.9769888499983348,0.9884944249991674,-0.005752787500416301,-0.5028763937502081,-0.751438196875104,0.12428090156244798,0.562140450781224,-0.218929774609388,-0.609464887304694,-0.804732443652347,0.09763377817382651,0.5488168890869133,-0.22559155545654336,-0.6127957777282717,-0.8063978888641359,0.09680105556793206,0.5484005277839661,0.774200263891983,0.8871001319459915,0.9435500659729957,-0.028224967013502134,0.4858875164932489,-0.25705624175337555,-0.6285281208766877,0.18573593956165613,0.5928679697808281,-0.20356601510958594,-0.601783007554793,0.19910849622260351,-0.40044575188869824,-0.7002228759443492,-0.8501114379721746,0.0749442810139127,0.5374721405069564,-0.23126392974652182,0.3843680351267391,-0.30781598243663044,0.3460920087816848,0.6730460043908424,0.8365230021954212,0.9182615010977107,-0.040869249451144674,0.47956537527442766,-0.26021731236278617,0.3698913438186069,-0.31505432809069656,0.3424728359546517,-0.32876358202267414,0.3356182089886629,0.6678091044943315,-0.16609544775283425,0.4169522761235829,-0.29152386193820856,-0.6457619309691043,-0.8228809654845521,0.08855951725772393,-0.45572024137113804,0.27213987931443095,0.6360699396572155,0.8180349698286078,-0.0909825150856961,-0.5454912575428481,0.22725437122857595,0.613627185614288,0.806813592807144,-0.09659320359642798,0.451703398201786,-0.274148300899107,0.3629258495504465,0.6814629247752233,-0.15926853761238835,0.4203657311938058,0.7101828655969029,0.8550914327984515,-0.07245428360077427,0.4637728581996129,0.7318864290998064,-0.1340567854500968,0.4329716072749516,0.7164858036374758,-0.1417570981812621,-0.5708785490906311,0.21456072545468446,-0.3927196372726578,0.3036401813636711,0.6518200906818356,-0.17408995465908222,-0.5870449773295411,-0.7935224886647705,-0.8967612443323852,0.05161937783380738,0.5258096889169037,0.7629048444584519,0.8814524222292259,-0.059273788885387035,-0.5296368944426935,0.23518155277865327,0.6175907763893267,-0.19120461180533666,0.4043976940973317,0.7021988470486659,0.851099423524333,0.9255497117621665,0.9627748558810832,0.9813874279405417,0.9906937139702708,-0.00465314301486458,-0.5023265715074323,0.24883671424628384,0.6244183571231419,0.8122091785615709,0.9061045892807855,-0.04694770535960724,-0.5234738526798036,-0.7617369263399019,0.11913153683004907,-0.44043423158497547,0.2797828842075123,0.6398914421037561,0.8199457210518781,0.9099728605259391,0.9549864302629696,0.9774932151314848,0.9887466075657424,0.9943733037828713,-0.002813348108564373,0.4985933259457178,0.7492966629728589,0.8746483314864295,-0.06267583425678525,0.4686620828716074,-0.2656689585641963,0.36716552071790187,0.6835827603589509,-0.15820861982052453,0.4208956900897377,0.7104478450448688,-0.1447760774775656,0.4276119612612172,0.7138059806306086,0.8569029903153043,0.9284514951576521,0.9642257475788261,0.982112873789413,0.9910564368947066,0.9955282184473533,0.9977641092236766,0.9988820546118383,0.9994410273059191,0.9997205136529596,0.9998602568264798,0.9999301284132399,0.99996506420662,0.99998253210331,-8.733948344996634e-06,0.4999956330258275,0.7499978165129138,0.8749989082564569,-0.06250054587177156,-0.5312502729358858,0.2343748635320571,-0.3828125682339715,0.30859371588301426,0.6542968579415072,0.8271484289707536,-0.08642578551462321,0.4567871072426884,0.7283935536213442,0.8641967768106721,0.932098388405336,-0.03395080579733201,0.483024597101334,0.741512298550667,-0.1292438507246665,0.43537807463766676,-0.2823109626811666,-0.6411554813405833,0.17942225932970834,0.5897111296648542,-0.2051444351675729,0.39742778241621357,-0.3012861087918932,0.3493569456040534,-0.3253215271979733,-0.6626607635989866,0.1686696182005067,0.5843348091002534,0.7921674045501267,0.8960837022750634,0.9480418511375317,0.9740209255687658,-0.012989537215617075,0.4935052313921915,0.7467526156960957,0.8733763078480479,-0.06331184607597606,0.46834407696201197,-0.265827961518994,0.367086019240503,-0.3164569903797485,0.34177150481012575,0.6708857524050629,0.8354428762025314,0.9177214381012657,0.9588607190506329,-0.02056964047468357,-0.5102848202373418,0.2448575898813291,0.6224287949406646,0.8112143974703323,0.9056071987351662,0.9528035993675831,0.9764017996837915,-0.011799100158104259,0.49410044992094787,0.7470502249604739,-0.12647488751976305,0.4367625562401185,-0.28161872187994075,0.3591906390600296,-0.32040468046998516,-0.6602023402349926,0.1698988298825037,0.5849494149412519,0.792474707470626,0.896237353735313,-0.051881323132343504,0.47405933843382825,0.7370296692169142,-0.13148516539154292,0.4342574173042285,-0.28287129134788574,0.35856435432605716,-0.3207178228369714,0.3396410885815143,0.6698205442907572,-0.1650897278546214,0.4174551360726893,0.7087275680363446,-0.1456362159818277,0.4271818920090862,0.7135909460045431,0.8567954730022715,0.9283977365011358,0.9641988682505679,0.982099434125284,0.991049717062642,0.995524858531321,-0.0022375707343395,0.49888121463283025,-0.25055939268358485,-0.6252796963417924,0.18736015182910382,-0.4063199240854481,0.296840037957276,0.648420018978638,0.824210009489319,0.9121050047446595,0.9560525023723297,0.9780262511861648,0.9890131255930824,0.9945065627965413,-0.00274671860172937,-0.5013733593008647,0.24931332034956766,0.6246566601747838,0.8123283300873919,-0.09383583495630404,0.453082082521848,-0.273458958739076,-0.6367294793695379,0.18163526031523103,0.5908176301576156,0.7954088150788078,-0.10229559246059611,0.4488522037697019,0.724426101884851,-0.1377869490575745,-0.5688934745287872,-0.7844467372643936,-0.8922233686321968,-0.9461116843160984,-0.9730558421580492,0.013472078920975405,0.5067360394604877,0.7533680197302439,0.876684009865122,0.938342004932561,-0.030828997533719482,-0.5154144987668597,-0.7577072493834298,-0.8788536246917149,0.060573187654142546,-0.4697134061729287,0.26514329691353566,0.6325716484567678,0.8162858242283839,-0.09185708788580804,0.454071456057096,-0.272964271971452,-0.636482135985726,-0.818241067992863,-0.9091205339964314,-0.9545602669982157,0.02271986650089214,-0.48864006674955396,0.255679966625223,-0.3721600166873885,-0.6860800083436942,-0.8430400041718471,-0.9215200020859236,0.039239998957038225,-0.4803800005214809,-0.7401900002607404,-0.8700950001303702,-0.9350475000651851,-0.9675237500325926,-0.9837618750162963,0.008119062491851847,0.504059531245926,0.752029765622963,0.8760148828114815,0.9380074414057408,0.9690037207028703,0.9845018603514352,0.9922509301757176,0.9961254650878588,0.9980627325439294,0.9990313662719648,0.9995156831359824,0.9997578415679912,0.9998789207839955,0.9999394603919978,-3.026980400111512e-05,-0.5000151349020006,0.24999243254899972,0.6249962162744999,0.81249810813725,0.906249054068625,-0.046875472965687504,0.47656226351715625,0.7382811317585781,0.869140565879289,0.9345702829396445,0.9672851414698223,-0.016357429265088874,0.49182128536745556,0.7459106426837278,0.8729553213418639,0.936477660670932,-0.03176116966453402,0.484119415167733,0.7420597075838665,0.8710298537919332,0.9355149268959666,0.9677574634479833,-0.01612126827600835,0.4919393658619958,0.7459696829309979,0.8729848414654989,-0.06350757926725054,0.4682462103663747,-0.26587689481681265,0.3670615525915937,0.6835307762957968,0.8417653881478984,0.9208826940739492,0.9604413470369746,0.9802206735184873,0.9901103367592436,-0.004944831620378176,0.4975275841898109,0.7487637920949055,0.8743818960474528,-0.06280905197627362,0.4685954740118632,0.7342977370059316,0.8671488685029658,0.9335744342514829,0.9667872171257414,-0.016606391437129275,-0.5083031957185646,0.24584840214071768,0.6229242010703588,0.8114621005351794,-0.09426894973241029,-0.5471344748662051,0.22643276256689743,-0.3867836187165513,0.30660819064172434,0.6533040953208622,-0.1733479523395689,0.41332602383021555,0.7066630119151078,-0.14666849404244608,0.42666575297877696,0.7133328764893885,-0.14333356175530576,0.4283332191223471,0.7141666095611736,-0.1429166952194132,-0.5714583476097066,0.2142708261951467,-0.39286458690242665,0.3035677065487867,-0.34821614672560663,0.3258919266371967,0.6629459633185983,0.8314729816592992,0.9157364908296496,0.9578682454148248,0.9789341227074124,0.9894670613537062,0.9947335306768531,0.9973667653384266,-0.0013166173307866957,-0.5006583086653933,-0.7503291543326966,0.12483542283365168,0.5624177114168258,-0.21879114429158708,0.39060442785420646,0.6953022139271032,0.8476511069635516,-0.07617444651822419,-0.5380872232591121,-0.769043611629556,-0.884521805814778,0.05773909709261099,-0.4711304514536945,0.26443477427315276,-0.3677826128634236,0.3161086935682882,-0.3419456532158559,0.32902717339207205,0.664513586696036,-0.167743206651982,0.416128396674009,0.7080641983370045,0.8540320991685022,-0.0729839504157489,-0.5364919752078745,0.23175401239606275,0.6158770061980314,-0.19206149690098429,0.40396925154950786,-0.29801537422524604,0.350992312887377,0.6754961564436885,0.8377480782218443,0.9188740391109221,0.9594370195554611,0.9797185097777306,-0.010140745111134719,-0.5050703725555674,0.2474648137222163,0.6237324068611081,-0.18813379656944595,0.405933101715277,0.7029665508576385,0.8514832754288193,0.9257416377144096,0.9628708188572048,-0.018564590571397588,-0.5092822952856988,0.2453588523571506,-0.3773205738214247,0.31133971308928765,0.6556698565446438,0.8278349282723219,0.9139174641361609,-0.043041267931919536,-0.5215206339659597,0.23923968301702014,0.6196198415085101,-0.19019007924574494,-0.5950950396228725,0.20245248018856377,0.6012262400942818,0.8006131200471409,0.9003065600235705,0.9501532800117852,-0.024923359994107386,0.4875383200029463,0.7437691600014731,-0.12811541999926346,0.43594229000036827,-0.2820288549998159,0.35898557250009205,0.679492786250046,-0.16025360687497697,0.41987319656251154,-0.29006340171874423,-0.6450317008593721,-0.8225158504296861,0.08874207478515694,0.5443710373925785,-0.22781448130371074,0.38609275934814463,0.6930463796740723,-0.15347681016296383,-0.5767384050814819,0.21163079745925906,0.6058153987296295,0.8029076993648148,-0.09854615031759262,-0.5492730751587963,-0.7746365375793982,0.1126817312103009,0.5563408656051505,-0.22182956719742475,-0.6109147835987123,-0.8054573917993562,0.09727130410032192,-0.45136434794983904,0.2743178260250805,-0.36284108698745976,0.3185794565062701,-0.34071027174686497,0.3296448641265675,0.6648224320632837,-0.16758878396835813,0.41620560801582096,0.7081028040079105,-0.14594859799604476,-0.5729742989980224,0.21351285050098878,0.6067564252504944,0.8033782126252472,-0.09831089368737639,0.4508445531563118,0.725422276578156,0.862711138289078,-0.06864443085546101,0.4656777845722695,0.7328388922861347,-0.13358055385693263,-0.5667902769284663,0.21660486153576686,0.6083024307678835,-0.19584878461605826,0.40207560769197087,0.7010378038459855,0.8505189019229927,0.9252594509614964,0.9626297254807482,-0.018685137259625895,0.490657431370187,0.7453287156850935,0.8726643578425468,0.9363321789212734,-0.0318339105393633,0.4840830447303184,-0.2579584776348408,0.3710207611825796,0.6855103805912898,-0.15724480970435512,0.42137759514782247,0.7106887975739112,-0.14465560121304438,0.4276721993934778,0.7138360996967389,0.8569180498483695,0.9284590249241848,0.9642295124620923,-0.01788524376895384,0.4910573781155231,0.7455286890577615,0.8727643445288807,0.9363821722644403,0.9681910861322202,0.98409554306611,0.992047771533055,-0.003976114233472494,-0.5019880571167362,0.2490059714416319,0.624502985720816,0.812251492860408,0.9061257464302039,-0.04693712678489803,0.476531436607551,0.7382657183037755,0.8691328591518878,0.9345664295759439,0.967283214787972,0.983641607393986,0.991820803696993,0.9959104018484966,-0.0020447990757517243,0.49897760046212414,-0.25051119976893793,0.374744400115531,0.6873722000577656,0.8436861000288828,-0.07815694998555861,0.4609215250072207,0.7304607625036104,-0.13476961874819482,0.4326151906259026,-0.2836924046870487,0.35815379765647565,-0.32092310117176215,0.3395384494141189,0.6697692247070595,0.8348846123535297,-0.08255769382323513,0.45872115308838246,-0.27063942345580877,-0.6353197117279044,0.18234014413604782,-0.4088299279319761,-0.704414963965988,0.147792518017006,-0.426103740991497,-0.7130518704957485,-0.8565259352478742,-0.9282629676239371,0.03586851618803144,0.5179342580940157,0.7589671290470079,0.879483564523504,-0.06025821773824802,0.469870891130876,0.734935445565438,0.867467722782719,0.9337338613913595,-0.03313306930432025,0.4834334653478399,0.7417167326739199,0.87085836633696,-0.06457081683152,0.46771459158424,0.73385729579212,0.8669286478960601,0.93346432394803,-0.033267838025984986,0.4833660809870075,0.7416830404935038,0.8708415202467519,-0.06457923987662406,0.46771038006168797,0.733855190030844,0.866927595015422,0.933463797507711,0.9667318987538556,-0.016634050623072216,0.4916829746884639,0.745841487344232,0.872920743672116,-0.06353962816394199,-0.531769814081971,0.2341150929590145,0.6170575464795073,0.8085287732397537,0.9042643866198768,-0.047867806690061576,-0.5239339033450308,-0.7619669516725154,0.11901652416374231,0.5595082620818712,0.7797541310409356,-0.1101229344795322,0.4449385327602339,-0.27753073361988306,-0.6387653668099416,0.18061731659502922,-0.4096913417024854,0.2951543291487573,0.6475771645743786,-0.17621141771281068,-0.5881057088564053,0.20594714557179733,0.6029735727858987,-0.19851321360705065,-0.5992566068035253,-0.7996283034017626,-0.8998141517008813,0.05009292414955935,0.5250464620747797,0.7625232310373898,-0.11873838448130508,-0.5593691922406525,0.22031540387967374,-0.38984229806016313,-0.6949211490300815,0.15253942548495925,-0.4237302872575204,0.2881348563712398,0.6440674281856199,0.82203371409281,0.911016857046405,-0.0444915714767975,-0.5222457857383987,0.23887710713080063,-0.38056144643459966,0.30971927678270017,0.6548596383913501,0.827429819195675,-0.08628509040216248,-0.5431425452010812,0.2284287273994594,-0.3857856363002703,-0.6928928181501351,-0.8464464090750676,0.07677679546246619,0.5383883977312331,0.7691941988656166,0.8845970994328083,-0.057701450283595856,0.47114927485820207,0.735574637429101,-0.1322126812854495,-0.5661063406427247,0.21694682967863765,0.6084734148393188,0.8042367074196595,0.9021183537098297,0.9510591768549148,-0.024470411572542594,0.4877647942137287,0.7438823971068643,0.8719411985534322,-0.06402940072328389,0.46798529963835805,0.733992649819179,0.8669963249095896,0.9334981624547948,-0.03325091877260261,-0.5166254593863013,0.24168727030684933,0.6208436351534247,0.8104218175767124,-0.0947890912116438,-0.5473945456058219,-0.773697272802911,0.1131513635985445,-0.44342431820072775,-0.7217121591003639,0.13914392044981805,0.569571960224909,-0.21521401988754552,-0.6076070099437727,-0.8038035049718864,0.09809824751405682,0.5490491237570284,0.7745245618785142,-0.11273771906074292,0.44363114046962854,0.7218155702348142,0.8609077851174072,0.9304538925587036,0.9652269462793518,-0.017386526860324103,0.4913067365698379,0.7456533682849189,-0.12717331585754055,-0.5635866579287703,0.21820667103561486,0.6091033355178075,0.8045516677589037,0.9022758338794519,-0.048862083060274064,0.47556895846986297,0.7377844792349315,0.8688922396174658,-0.06555388019126712,-0.5327769400956336,-0.7663884700478167,0.11680576497609163,0.5584028824880458,0.7792014412440229,-0.11039927937798855,0.4448003603110057,0.7224001801555029,0.8612000900777514,-0.06939995496112428,0.46530002251943786,0.732650011259719,0.8663250056298595,-0.06683749718507026,-0.5334187485925351,0.23329062570373243,0.6166453128518662,0.8083226564259332,0.9041613282129666,0.9520806641064833,0.9760403320532416,-0.011979833973379206,0.4940100830133104,0.7470050415066551,0.8735025207533276,0.9367512603766638,0.968375630188332,0.984187815094166,0.9920939075470829,0.9960469537735415,-0.001976523113229267,0.49901173844338537,-0.2504941307783073,0.37475293461084636,0.6873764673054232,0.8436882336527116,-0.07815588317364419,0.4609220584131779,0.730461029206589,0.8652305146032945,0.9326152573016473,-0.03369237134917635,-0.5168461856745882,0.2415769071627059,0.6207884535813529,0.8103942267906765,0.9051971133953383,0.9525985566976691,0.9762992783488346,0.9881496391744173,0.9940748195872087,0.9970374097936043,-0.0014812951031978328,-0.500740647551599,0.24962967622420051,-0.37518516188789974,0.31240741905605013,0.6562037095280251,0.8281018547640125,-0.08594907261799373,-0.5429745363089968,-0.7714872681544984,-0.8857436340772492,0.057128182961375396,0.5285640914806877,-0.23571795425965614,0.38214102287017193,0.6910705114350859,-0.15446474428245704,-0.5772323721412285,0.21138381392938577,0.6056919069646929,0.8028459534823464,-0.09857702325882678,-0.5492885116294134,-0.7746442558147066,0.11267787209264668,-0.44366106395367666,-0.7218305319768383,0.13908473401158084,0.5695423670057904,-0.2152288164971048,0.3923855917514476,-0.3038072041242762,0.3480963979378619,0.674048198968931,0.8370240994844655,0.9185120497422328,0.9592560248711164,0.9796280124355582,0.9898140062177792,-0.005092996891110424,0.4974535015544448,0.7487267507772224,0.8743633753886112,-0.0628183123056944,0.46859084384715277,0.7342954219235764,0.8671477109617882,0.9335738554808941,0.966786927740447,-0.016606536129776472,0.49169673193511176,0.7458483659675559,-0.12707581701622206,0.43646209149188897,0.7182310457459444,0.8591155228729722,-0.07044223856351389,-0.535221119281757,-0.7676105596408784,0.11619472017956078,0.5580973600897804,-0.2209513199551098,-0.6104756599775549,0.19476217001122254,-0.40261891499438873,0.29869054250280563,-0.35065472874859716,0.3246726356257014,0.6623363178128507,0.8311681589064254,0.9155840794532126,0.9577920397266063,0.9788960198633032,0.9894480099316516,0.9947240049658258,-0.0026379975170870984,0.4986810012414564,0.7493405006207282,0.874670250310364,0.937335125155182,0.968667562577591,-0.015666218711204494,-0.5078331093556022,-0.753916554677801,0.12304172266109947,0.5615208613305498,0.7807604306652749,0.8903802153326374,0.9451901076663187,0.9725950538331594,0.9862975269165797,0.9931487634582898,0.9965743817291449,0.9982871908645725,0.9991435954322863,-0.0004282022838568711,-0.5002141011419284,0.24989294942903578,-0.3750535252854821,0.31247323735725896,0.6562366186786295,0.8281183093393147,0.9140591546696574,0.9570295773348287,0.9785147886674144,-0.010742605666292815,-0.5053713028331464,0.24731434858342682,0.6236571742917134,-0.1881714128541433,-0.5940857064270717,-0.7970428532135359,0.10147857339323207,0.5507392866966161,0.775369643348308,-0.11231517832584598,-0.556157589162923,0.2219212054185385,0.6109606027092692,-0.1945196986453654,-0.5972598493226827,0.20137007533865864,0.6006850376693293,0.8003425188346647,0.9001712594173323,0.9500856297086662,-0.024957185145666916,-0.5124785925728335,0.24376070371358327,-0.37811964814320836,-0.6890598240716042,0.15547008796419792,0.577735043982099,0.7888675219910495,0.8944337609955247,0.9472168804977623,0.9736084402488812,0.9868042201244406,-0.006597889937779711,0.4967010550311102,0.7483505275155551,0.8741752637577775,0.9370876318788888,-0.031456184060555614,-0.5157280920302778,-0.7578640460151389,0.12106797699243055,0.5605339884962153,-0.21973300575189236,0.3901334971240538,-0.3049332514379731,0.34753337428101344,0.6737666871405067,0.8368833435702534,0.9184416717851267,0.9592208358925634,0.9796104179462817,0.9898052089731408,0.9949026044865704,0.9974513022432852,-0.001274348878357423,-0.5006371744391787,0.24968141278041067,0.6248407063902053,-0.18757964680489736,-0.5937898234024487,0.20310508829877566,0.6015525441493879,-0.19922372792530607,0.40038813603734696,0.7001940680186735,0.8500970340093368,0.9250485170046684,0.9625242585023341,0.9812621292511671,0.9906310646255836,0.9953155323127918,0.9976577661563959,-0.0011711169218020512,0.499414441539099,0.7497072207695494,0.8748536103847747,0.9374268051923873,0.9687134025961937,0.9843567012980968,0.9921783506490485,0.9960891753245242,0.9980445876622621,-0.0009777061688689415,0.49951114691556553,0.7497555734577828,-0.12512221327110862,0.4374388933644457,0.7187194466822229,-0.14064027665888856,-0.5703201383294443,-0.7851600691647221,0.10741996541763893,0.5537099827088194,0.7768549913544097,-0.11157250432279514,0.44421374783860246,0.7221068739193013,0.8610534369596506,0.9305267184798254,0.9652633592399127,-0.017368320380043656,0.49131583980997817,0.7456579199049891,-0.12717104004750546,-0.5635855200237527,0.21820723998812364,0.6091036199940618,0.8045518099970309,0.9022759049985154,0.9511379524992577,-0.02443102375037115,0.48778448812481445,-0.2561077559375928,0.3719461220312036,-0.3140269389843982,-0.6570134694921991,-0.8285067347460995,0.08574663262695026,0.5428733163134751,0.7714366581567376,0.8857183290783688,-0.05714083546081561,-0.5285704177304078,0.2357147911347961,0.617857395567398,0.808928697783699,0.9044643488918496,0.9522321744459248,-0.023883912777037608,0.4880580436114812,0.7440290218057406,0.8720145109028703,0.9360072554514351,0.9680036277257176,-0.015998186137141213,0.4920009069314294,0.7460004534657148,0.8730002267328574,0.9365001133664287,0.9682500566832144,0.9841250283416072,0.9920625141708036,-0.0039687429145982,0.49801562854270087,0.7490078142713504,-0.12549609286432478,0.43725195356783764,0.7186259767839188,0.8593129883919595,0.9296564941959797,-0.035171752902010134,0.48241412354899493,0.7412070617744975,0.8706035308872487,0.9353017654436244,0.9676508827218122,0.9838254413609061,-0.008087279319546947,0.4959563603402265,0.7479781801701133,-0.12601090991494335,0.4369945450425283,0.7184972725212642,0.8592486362606321,0.9296243181303161,0.964812159065158,0.9824060795325791,0.9912030397662895,0.9956015198831447,0.9978007599415724,0.9989003799707862,0.9994501899853931,0.9997250949926966,0.9998625474963483,0.9999312737481741,-3.436312591292845e-05,0.4999828184370435,0.7499914092185218,0.8749957046092609,-0.06250214769536955,0.4687489261523152,0.7343744630761576,0.8671872315380789,0.9335936157690394,-0.033203192115480284,-0.5166015960577401,0.24169920197112993,-0.37915039901443504,0.3104248004927825,0.6552124002463913,0.8276062001231956,0.9138031000615978,0.9569015500307989,0.9784507750153995,0.9892253875076997,0.9946126937538499,0.997306346876925,0.9986531734384625,0.9993265867192312,0.9996632933596157,0.9998316466798078,-8.417666009608027e-05,0.49995791166995196,0.749978955834976,0.874989477917488,-0.06250526104125598,0.468747369479372,0.734373684739686,0.867186842369843,0.9335934211849215,0.9667967105924608,0.9833983552962304,0.9916991776481152,0.9958495888240576,0.9979247944120289,0.9989623972060144,-0.0005188013969927852,0.4997405993015036,0.7498702996507518,0.8749351498253759,0.937467574912688,-0.031266212543656025,-0.515633106271828,0.242183446864086,-0.378908276567957,0.3105458617160215,0.6552729308580107,0.8276364654290054,0.9138182327145027,0.9569091163572514,0.9784545581786257,0.9892272790893128,-0.005386360455343575,0.4973068197723282,-0.25134659011383587,-0.6256732950569179,-0.812836647528459,-0.9064183237642295,-0.9532091618821148,0.0233954190589426,0.5116977095294712,0.7558488547647356,-0.12207557261763219,0.43896221369118393,0.719481106845592,0.859740553422796,-0.07012972328860201,-0.535064861644301,0.2324675691778495,0.6162337845889247,0.8081168922944624,-0.09594155385276881,0.4520292230736156,-0.2739853884631922,0.3630073057684039,-0.31849634711579805,-0.659248173557899,0.1703759132210505,0.5851879566105253,-0.20740602169473737,-0.6037030108473687,0.19814849457631567,0.5990742472881578,0.7995371236440789,-0.10023143817796054,-0.5501157190889803,-0.7750578595444901,0.11247107022775493,-0.44376446488612253,-0.7218822324430613,0.13905888377846937,-0.4304705581107653,0.28476472094461736,0.6423823604723087,-0.17880881976384566,0.41059559011807717,-0.29470220494096144,0.3526488975295193,-0.3236755512352404,-0.6618377756176201,-0.8309188878088101,0.08454055609559497,-0.4577297219522025,-0.7288648609761013,0.13556756951194937,0.5677837847559747,0.7838918923779874,-0.1080540538110063,-0.5540270269055032,-0.7770135134527516,0.1114932432736242,0.5557466216368121,0.777873310818406,-0.11106334459079698,0.44446832770460154,0.7222341638523008,0.8611170819261504,-0.06944145903692478,-0.5347207295184624,0.2326396352407688,0.6163198176203843,-0.19184009118980783,-0.5959200455949039,-0.7979600227974519,-0.898980011398726,-0.9494900056993629,-0.9747450028496815,-0.9873725014248407,0.006313749287579662,0.5031568746437898,0.7515784373218949,-0.12421078133905256,-0.5621053906695263,-0.7810526953347632,-0.8905263476673816,-0.9452631738336907,0.02736841308315463,-0.4863157934584227,-0.7431578967292114,-0.8715789483646057,-0.9357894741823028,-0.9678947370911515,-0.9839473685455757,-0.9919736842727879,0.004013157863606065,0.502006578931803,0.7510032894659016,0.8755016447329508,0.9377508223664754,-0.031124588816762278,-0.5155622944083811,-0.7577811472041905,-0.8788905736020953,-0.9394452868010477,-0.9697226434005238,-0.984861321700262,0.007569339149869014,-0.4962153304250655,0.25189233478746725,0.6259461673937337,-0.18702691630313317,-0.5935134581515666,-0.7967567290757833,-0.8983783645378917,-0.9491891822689458,0.025405408865527113,-0.48729729556723644,0.2563513522163818,-0.3718243238918091,-0.6859121619459045,0.15704391902704773,-0.42147804048647614,-0.7107390202432381,0.14463048987838095,-0.4276847550608095,0.28615762246959525,-0.3569211887652024,0.3215394056173988,-0.3392302971913006,0.3303848514043497,-0.33480757429782515,-0.6674037871489126,0.1662981064255437,-0.4168509467872281,-0.7084254733936141,-0.8542127366968071,-0.9271063683484035,0.03644681582579823,-0.4817765920871009,-0.7408882960435504,0.12955585197822478,-0.43522207401088764,-0.7176110370054438,0.1411944814972781,0.570597240748639,0.7852986203743195,0.8926493101871598,0.9463246550935799,-0.02683767245321006,0.486581163773395,-0.2567094181133025,0.37164529094334875,-0.3141773545283256,0.3429113227358372,-0.32854433863208143,0.3357278306839593,-0.33213608465802036,-0.6660680423290102,-0.8330340211645051,0.08348298941774746,-0.4582585052911263,0.27087074735443684,-0.3645646263227816,0.31771768683860924,-0.3411411565806954,-0.6705705782903477,0.16471471085482614,-0.41764264457258693,0.29117867771370654,-0.35441066114314673,0.3227946694284266,0.6613973347142132,0.8306986673571066,0.9153493336785533,-0.042325333160723344,-0.5211626665803617,-0.7605813332901808,0.11970933335490958,0.5598546666774548,0.7799273333387273,-0.11003633333063634,0.44498183333468183,0.7224909166673409,0.8612454583336704,0.9306227291668352,0.9653113645834176,-0.0173443177082912,0.49132784114585437,-0.2543360794270728,-0.6271680397135364,-0.8135840198567682,-0.9067920099283842,0.04660399503580792,-0.47669800248209604,-0.7383490012410481,0.13082549937947596,0.565412749689738,-0.217293625155131,-0.6086468125775655,-0.8043234062887827,0.09783829685560863,0.5489191484278043,0.7744595742139022,-0.1127702128930489,-0.5563851064465244,0.2218074467767378,-0.3890962766116311,-0.6945481383058155,0.15272593084709224,0.5763629654235461,0.788181482711773,0.8940907413558865,-0.052954629322056745,-0.5264773146610284,0.23676134266948579,-0.3816193286652571,-0.6908096643326286,-0.8454048321663143,-0.9227024160831572,0.03864879195842141,0.5193243959792107,-0.24033780201039467,-0.6201689010051974,-0.8100844505025987,-0.9050422252512993,0.047478887374350354,-0.4762605563128248,-0.7381302781564124,-0.8690651390782063,0.06546743046089687,0.5327337152304484,0.7663668576152243,-0.11681657119238786,-0.5584082855961939,0.22079585720190303,-0.38960207139904846,0.3051989643004758,0.6525994821502379,0.8262997410751189,0.9131498705375595,0.9565749352687798,-0.021712532365610104,-0.5108562661828051,0.24457186690859745,0.6222859334542987,0.8111429667271494,-0.09442851663642532,0.4527857416817873,-0.27360712915910634,0.36319643542044683,-0.31840178228977656,0.3407991088551117,-0.32960044557244417,0.3351997772137779,0.667599888606889,-0.1662000556965555,-0.5831000278482777,0.20844998607586113,-0.39577500696206946,0.30211249651896527,0.6510562482594826,-0.1744718758702587,-0.5872359379351293,-0.7936179689675646,-0.8968089844837823,-0.9484044922418912,0.02579775387905442,0.5128988769395272,0.7564494384697635,0.8782247192348818,0.9391123596174409,0.9695561798087204,0.9847780899043602,-0.0076109550478198895,0.4961945224760901,-0.25190273876195496,0.3740486306190225,-0.31297568469048875,0.3435121576547556,0.6717560788273778,0.8358780394136889,0.9179390197068444,0.9589695098534222,-0.02051524507328889,-0.5102576225366444,0.2448711887316778,0.6224355943658388,0.8112177971829194,0.9056088985914597,0.9528044492957298,0.976402224647865,-0.011798887676067515,-0.5058994438380338,-0.7529497219190169,0.12352513904049156,0.5617625695202457,0.7808812847601229,0.8904406423800615,0.9452203211900307,-0.02738983940498463,-0.5136949197024923,0.24315254014875387,-0.37842372992562306,0.3107881350371885,0.6553940675185943,-0.17230296624070285,-0.5861514831203514,0.20692425843982432,0.6034621292199122,0.801731064609956,0.900865532304978,0.950432766152489,-0.024783616923755525,-0.5123918084618777,0.24380409576906115,0.6219020478845305,-0.18904897605773474,-0.5945244880288674,0.20273775598556631,-0.39863112200721684,0.3006844389963916,-0.3496577805018042,0.3251711097490979,-0.33741444512545105,-0.6687072225627255,-0.8343536112813628,-0.9171768056406814,-0.9585884028203406,0.020705798589829683,-0.48964710070508516,-0.7448235503525426,-0.8724117751762712,0.06379411241186439,-0.4681029437940678,0.2659485281029661,-0.36702573594851695,-0.6835128679742585,-0.8417564339871293,-0.9208782169935646,-0.9604391084967823,-0.9802195542483911,-0.9901097771241956,-0.9950548885620978,0.0024725557189511083,0.5012362778594756,-0.24938186107026222,0.37530906946486886,-0.31234546526756557,-0.6561727326337827,-0.8280863663168914,-0.9140431831584457,0.04297840842077716,-0.4785107957896114,0.2607446021051943,-0.3696276989474029,0.31518615052629856,-0.34240692473685075,-0.6712034623684253,-0.8356017311842127,-0.9178008655921064,-0.9589004327960532,0.020549783601973404,-0.48972510819901327,0.25513744590049336,-0.3724312770497533,-0.6862156385248767,-0.8431078192624384,-0.9215539096312192,-0.9607769548156095,-0.9803884774078048,-0.9901942387039024,-0.9950971193519512,-0.9975485596759757,0.0012257201620121672,0.500612860081006,-0.24969356995949699,0.3751532150202515,-0.3124233924898743,0.34378830375506286,-0.32810584812246857,-0.6640529240612343,0.16797353796938286,0.5839867689846914,0.7919933844923457,-0.10400330775382716,0.4479983461230864,-0.2760008269384568,-0.6380004134692284,0.1809997932653858,-0.40950010336730713,0.29524994831634643,-0.3523750258418268,-0.6761875129209134,0.1619062435395433,-0.41904687823022835,0.2904765608848858,-0.3547617195575571,0.32261914022122146,-0.33869042988938924,-0.6693452149446946,0.16532739252765272,-0.41733630373617364,0.29133184813191315,0.6456659240659566,0.8228329620329783,0.9114164810164891,-0.044291759491755456,0.47785412025412227,0.7389270601270611,-0.13053646993646945,-0.5652682349682348,0.21736588251588262,-0.3913170587420587,0.30434147062897066,0.6521707353144853,-0.17391463234275734,0.4130426838286213,-0.29347865808568935,-0.6467393290428447,0.17663033547857765,-0.4116848322607112,0.2941575838696444,0.6470787919348222,0.8235393959674111,-0.08823030201629445,0.4558848489918528,-0.2720575755040736,-0.6360287877520368,0.18198560612398162,0.5909928030619909,0.7954964015309954,-0.10225179923450228,0.4488741003827489,-0.27556294980862556,-0.6377814749043128,0.1811092625478436,0.5905546312739218,0.7952773156369609,0.8976386578184805,-0.051180671090759744,-0.5255903355453799,-0.76279516777269,0.11860241611365502,-0.4406987919431725,-0.7203493959715863,-0.8601746979857932,0.06991265100710342,-0.4650436744964483,-0.7325218372482242,-0.8662609186241121,-0.9331304593120561,0.033434770343971965,0.516717385171986,-0.24164130741400702,0.3791793462929965,-0.3104103268535018,0.3447948365732491,-0.3276025817133754,-0.6638012908566877,-0.8319006454283439,-0.9159503227141719,0.042024838642914064,-0.47898758067854297,-0.7394937903392715,-0.8697468951696358,-0.9348734475848179,-0.967436723792409,0.016281638103795515,0.5081408190518978,-0.2459295904740511,0.3770352047629745,-0.31148239761851276,0.3442588011907436,-0.3278705994046282,0.33606470029768587,-0.33196764985115707,0.3340161750744215,-0.33299191246278925,-0.6664959562313946,0.16675202188430271,-0.41662398905784864,0.29168800547107565,-0.3541559972644622,0.32292200136776894,-0.33853899931611553,-0.6692694996580577,0.16536525017097115,-0.4173173749145144,-0.7086586874572572,0.14567065627137138,0.5728353281356857,0.7864176640678429,-0.10679116796607857,-0.5533955839830393,0.22330220800848033,-0.38834889599575984,-0.69417444799788,-0.84708722399894,0.07645638800053,-0.461771805999735,-0.7308859029998676,-0.8654429514999338,-0.9327214757499669,-0.9663607378749834,0.016819631062508278,0.5084098155312542,-0.2457950922343729,0.37710245388281355,0.6885512269414068,-0.1557243865292966,-0.5778621932646483,-0.7889310966323242,-0.8944655483161621,0.05276722584191895,-0.4736163870790405,-0.7368081935395203,0.13159590323023984,-0.4342020483848801,-0.71710102419244,-0.85855051209622,0.07072474395188999,-0.464637628024055,-0.7323188140120275,-0.8661594070060137,-0.9330797035030068,0.03346014824849658,0.5167300741242483,-0.24163496293787584,0.3791825185310621,0.6895912592655311,-0.15520437036723445,-0.5776021851836173,-0.7888010925918086,0.10559945370409568,-0.4472002731479522,-0.7236001365739761,-0.8618000682869881,0.06909996585650596,-0.46545001707174705,-0.7327250085358735,-0.8663625042679368,0.06681874786603159,-0.4665906260669842,-0.733295313033492,-0.866647656516746,-0.933323828258373,-0.9666619141291866,-0.9833309570645933,0.00833452146770336,-0.49583273926614835,-0.7479163696330742,0.1260418151834629,-0.43697909240826854,-0.7184895462041343,0.14075522689793285,-0.4296223865510336,0.2851888067244832,0.6425944033622416,-0.1787027983188792,-0.5893513991594396,-0.7946756995797197,-0.8973378497898599,-0.9486689248949299,0.025665537552535034,-0.4871672312237325,0.25641638438813374,-0.3717918078059331,-0.6858959039029666,-0.8429479519514833,0.07852602402425835,-0.4607369879878708,-0.7303684939939354,-0.8651842469969677,-0.9325921234984839,-0.966296061749242,0.016851969125379007,-0.4915740154373105,-0.7457870077186552,0.12710649614067238,-0.4364467519296638,-0.7182233759648319,0.14088831201758406,-0.42955584399120794,0.28522207800439603,-0.357388960997802,-0.678694480498901,-0.8393472402494505,0.08032637987527474,-0.45983681006236266,0.2700815949688187,-0.36495920251559066,-0.6824796012577954,-0.8412398006288977,0.07938009968555115,-0.4603099501572244,-0.7301549750786123,-0.8650774875393061,-0.9325387437696531,-0.9662693718848265,0.016865314057586733,-0.49156734297120663,0.2542163285143967,-0.37289183574280166,-0.6864459178714009,-0.8432229589357004,0.07838852053214979,-0.46080573973392513,0.26959713013303743,0.6347985650665187,-0.18260071746674067,0.40869964126662967,-0.29565017936668514,-0.6478250896833426,-0.8239125448416713,0.08804372757916434,-0.45597813621041783,-0.7279890681052089,-0.8639945340526045,-0.9319972670263023,-0.9659986335131512,0.017000683243424408,-0.4914996583782878,0.2542501708108561,0.627125085405428,-0.186437457297286,-0.593218728648643,0.2033906356756785,-0.39830468216216075,-0.6991523410810804,-0.8495761705405402,-0.9247880852702701,-0.9623940426351351,-0.9811970213175676,0.009401489341216207,-0.4952992553293919,-0.747649627664696,0.126175186167652,-0.436912406916174,-0.718456203458087,-0.8592281017290435,-0.9296140508645218,0.03519297456773912,0.5175964872838695,-0.24120175635806523,-0.6206008781790326,0.18969956091048368,-0.40515021954475816,-0.7025751097723791,-0.8512875548861896,-0.9256437774430948,-0.9628218887215474,-0.9814109443607737,0.009294527819613152,0.5046472639098065,-0.24767636804509674,-0.6238381840225484,-0.8119190920112742,-0.9059595460056371,0.04702022699718145,-0.4764898865014093,-0.7382449432507047,-0.8691224716253523,-0.9345612358126761,-0.967280617906338,0.016359691046830993,0.5081798455234154,-0.24591007723829228,0.37704496138085386,0.6885224806904269,-0.15573875965478656,-0.5778693798273933,0.21106531008630336,-0.3944673449568483,0.30276632752157584,0.6513831637607879,0.8256915818803939,-0.08715420905980303,-0.5435771045299015,-0.7717885522649508,0.1141057238675246,-0.4429471380662377,-0.7214735690331189,0.13926321548344056,-0.4303683922582797,-0.7151841961291399,0.14240790193543007,-0.42879604903228496,-0.7143980245161425,-0.8571990122580713,-0.9285995061290356,-0.9642997530645179,-0.9821498765322589,-0.9910749382661295,0.004462530866935266,-0.49776873456653237,0.2511156327167338,-0.37444218364163306,-0.6872210918208166,-0.8436105459104083,0.07819472704479585,0.5390973635223979,-0.23045131823880105,0.3847743408805995,0.6923871704402997,-0.15380641477985013,-0.5769032073899251,0.21154839630503747,-0.39422580184748124,0.3028870990762594,0.6514435495381297,-0.17427822523093517,-0.5871391126154676,-0.7935695563077338,-0.8967847781538669,0.05160761092306654,0.5258038054615333,-0.23709809726923337,0.3814509513653833,-0.30927452431730834,-0.6546372621586541,0.17268136892067293,0.5863406844603365,0.7931703422301682,-0.10341482888491588,0.44829258555754203,-0.275853707221229,0.3620731463893855,0.6810365731946928,-0.1594817134026536,-0.5797408567013268,0.2101295716493366,0.6050647858246683,0.8025323929123341,0.901266196456167,0.9506330982280835,0.9753165491140418,0.9876582745570208,0.9938291372785104,-0.0030854313607447947,0.4984572843196276,0.7492286421598138,-0.1253856789200931,-0.5626928394600466,-0.7813464197300233,-0.8906732098650116,0.05466339506749418,0.5273316975337471,0.7636658487668735,-0.11816707561656326,-0.5590835378082817,0.22045823109585916,-0.3897708844520704,0.3051145577739648,-0.3474427211130176,0.3262786394434912,-0.3368606802782544,-0.6684303401391272,0.16578482993043642,-0.4171075850347818,-0.7085537925173909,0.14572310374130454,0.5728615518706522,-0.21356922406467388,-0.6067846120323369,0.19660769398383154,0.5983038469919157,-0.20084807650404213,-0.6004240382520211,0.19978798087398947,0.5998939904369948,0.7999469952184974,0.8999734976092487,-0.05001325119537564,-0.5250066255976878,-0.7625033127988439,-0.8812516563994219,0.05937417180028903,-0.4703129140998555,-0.7351564570499277,0.13242177147503614,-0.4337891142624819,0.28310544286875905,-0.3584472785656205,-0.6792236392828103,0.16038818035859487,0.5801940901792975,-0.20990295491035127,-0.6049514774551756,-0.8024757387275878,-0.9012378693637939,0.049381065318103046,0.5246905326590515,-0.23765473367047424,-0.6188273668352371,0.19058631658238145,-0.4047068417088093,-0.7023534208544047,0.14882328957279767,0.5744116447863988,-0.21279417760680058,0.39360291119659974,-0.30319854440170013,0.34840072779914993,-0.32579963610042506,0.33710018194978747,0.6685500909748937,-0.16572495451255315,-0.5828624772562766,-0.7914312386281384,-0.8957156193140692,-0.9478578096570346,0.026071095171482705,0.5130355475857413,-0.24348222620712934,-0.6217411131035646,0.1891294434482177,0.5945647217241088,0.7972823608620544,-0.1013588195689728,0.4493205902155136,-0.2753397048922432,0.3623301475538784,0.6811650737769392,0.8405825368884696,0.9202912684442348,0.9601456342221174,-0.019927182888941297,0.4900364085555293,0.7450182042777647,-0.12749089786111767,0.43625455106944117,0.7181272755347206,-0.14093636223263972,-0.5704681811163199,0.21476590944184004,0.60738295472092,-0.19630852263954002,0.40184573868023,0.700922869340115,-0.14953856532994247,-0.5747692826649713,0.21261535866751435,0.6063076793337572,-0.1968461603331214,-0.5984230801665607,0.20078845991671967,-0.39960577004164016,0.3001971149791799,0.6500985574895899,-0.17495072125520506,0.4125246393723975,0.7062623196861988,-0.1468688401569006,0.4265655799215497,-0.2867172100392251,0.35664139498038744,0.6783206974901937,0.8391603487450969,0.9195801743725485,-0.04020991281372577,-0.5201049564068629,0.23994752179656853,0.6199737608982843,-0.19001311955085787,-0.5950065597754289,0.20249672011228553,0.6012483600561428,-0.1993758199719286,-0.5996879099859643,0.20015604500701784,-0.39992197749649105,0.3000390112517545,0.6500195056258773,-0.17499024718706135,0.4125048764064693,0.7062524382032347,0.8531262191016173,0.9265631095508087,-0.036718445224595664,0.48164077738770217,-0.2591796113061489,-0.6295898056530744,0.18520509717346278,0.5926025485867314,-0.20369872570663428,-0.6018493628533171,0.19907531857334143,0.5995376592866707,-0.20023117035666466,0.3998844148216677,0.6999422074108339,0.849971103705417,0.9249855518527085,0.9624927759263542,0.9812463879631771,0.9906231939815886,-0.004688403009205699,0.49765579849539715,0.7488278992476985,0.8744139496238492,-0.06279302518807539,0.4686034874059623,-0.2656982562970188,0.3671508718514906,0.6835754359257453,-0.15821228203712734,0.42089385898143633,0.7104469294907182,-0.1447765352546409,-0.5723882676273204,0.2138058661863398,0.6069029330931699,-0.19654853345341505,-0.5982742667267076,0.2008628666366462,0.6004314333183232,-0.19978428334083842,0.4001078583295808,0.7000539291647904,-0.14997303541760482,-0.5749865177088024,-0.7874932588544012,-0.8937466294272006,0.05312668528639969,-0.4734366573568002,0.2632816713215999,-0.3683591643392,0.3158204178304,-0.3420897910848,-0.6710448955424,-0.8355224477712,0.0822387761144,0.5411193880572001,0.7705596940286,-0.11472015298569999,-0.55736007649285,-0.778680038246425,0.11065998087678752,0.5553299904383937,-0.22233500478080315,0.3888324976095984,-0.30558375119520076,0.3472081244023996,0.6736040622011998,-0.16319796889940008,-0.5815989844497,0.20920050777514998,0.604600253887575,0.8023001269437875,-0.09884993652810625,0.4505750317359469,-0.27471248413202654,0.36264375793398673,0.6813218789669934,0.8406609394834967,-0.07966953025825163,0.4601652348708742,0.7300826174354371,-0.13495869128228144,0.4325206543588593,0.7162603271794297,-0.14186983641028517,0.4290650817948574,-0.2854674591025713,-0.6427337295512856,0.1786331352243572,0.5893165676121785,0.7946582838060893,0.8973291419030447,0.9486645709515223,0.9743322854757612,0.9871661427378806,-0.006416928631059693,0.49679153568447015,0.748395767842235,0.8741978839211175,-0.06290105803944124,0.4685494709802794,0.7342747354901397,0.8671373677450698,-0.06643131612746511,-0.5332156580637326,-0.7666078290318663,0.11669608548406685,0.5583480427420334,0.7791740213710168,-0.11041298931449162,0.4447935053427542,0.722396752671377,0.8611983763356885,-0.06940081183215574,-0.5347004059160778,0.2326497970419611,0.6163248985209806,-0.1918375507395097,0.40408122463024515,-0.2979593876848774,-0.6489796938424387,-0.8244898469212194,0.0877550765393903,-0.45612246173030485,-0.7280612308651524,0.1359693845674238,0.567984692283712,0.783992346141856,0.891996173070928,0.945998086535464,-0.02700095673226799,-0.513500478366134,-0.7567502391830669,0.12162488040846653,-0.43918755979576674,-0.7195937798978833,0.14020311005105834,-0.42989844497447083,-0.7149492224872354,0.14252538875638232,0.5712626943781911,-0.21436865281090445,-0.6071843264054522,-0.8035921632027261,0.09820391839863696,-0.4508980408006815,0.27455097959965924,-0.3627245102001704,-0.6813622551000852,0.1593188724499574,-0.42034056377502127,0.28982971811248937,0.6449148590562447,-0.17754257047187766,0.4112287147640612,0.7056143573820306,-0.1471928213089847,-0.5735964106544924,0.2132017946727538,0.6066008973363769,-0.19669955133181155,0.40165022433409425,-0.2991748878329529,0.35041255608352356,-0.3247937219582382,0.3376031390208809,0.6688015695104405,-0.16559921524477977,-0.5827996076223899,0.20860019618880504,-0.39569990190559745,0.3021500490472013,0.6510750245236007,-0.17446248773819967,0.41276875613090014,0.7063843780654501,0.853192189032725,0.9265960945163625,-0.036701952741818755,0.4816490236290906,-0.25917548818545466,0.37041225590727267,0.6852061279536363,-0.15739693602318183,0.4213015319884091,0.7106507659942045,-0.14467461700289774,-0.5723373085014489,0.21383134574927554,-0.39308432712536223,0.3034578364373189,0.6517289182186594,0.8258644591093297,0.9129322295546649,0.9564661147773325,-0.021766942611333773,0.4891165286943331,0.7445582643471665,-0.12772086782641673,0.4361395660867916,-0.2819302169566042,-0.6409651084783021,0.17951744576084894,-0.41024127711957553,-0.7051206385597878,0.1474396807201061,-0.4262801596399469,-0.7131400798199734,-0.8565700399099867,0.07171498004500665,0.5358574900225033,0.7679287450112516,-0.11603562749437418,-0.5580178137471871,0.22099109312640647,0.6104955465632033,0.8052477732816017,0.9026238866408008,0.9513119433204005,0.9756559716602002,-0.01217201416989988,0.49391399291505006,0.746956996457525,-0.1265215017712375,0.4367392491143812,-0.2816303754428094,0.35918481227859533,0.6795924061392977,-0.16020379693035114,0.41989810153482443,0.7099490507674122,-0.1450254746162939,-0.5725127373081469,-0.7862563686540734,0.10687181567296328,0.5534359078364817,0.7767179539182408,-0.11164102304087958,-0.5558205115204398,0.22208974423978012,-0.38895512788010994,-0.694477563940055,0.1527612180299725,-0.4236193909850138,-0.7118096954925068,0.14409515225374658,0.5720475761268733,-0.21397621193656335,0.3930118940317183,0.6965059470158592,-0.1517470264920704,0.4241264867539648,0.7120632433769825,0.8560316216884912,0.9280158108442456,0.9640079054221228,0.9820039527110613,-0.008998023644469333,-0.5044990118222347,0.24775049408888267,0.6238752470444413,-0.18806237647777935,0.4059688117611103,0.7029844058805552,0.8514922029402776,-0.0742538985298612,-0.5371269492649307,-0.7685634746324653,0.11571826268376734,-0.4421408686581163,-0.7210704343290582,0.13946478283547092,0.5697323914177355,0.7848661957088677,0.8924330978544339,0.946216548927217,-0.02689172553639152,0.48655413723180424,0.7432770686159021,0.8716385343079511,-0.06418073284602444,0.4679096335769878,-0.2660451832115061,-0.633022591605753,0.1834887041971235,-0.40825564790143826,0.29587217604928084,-0.3520639119753596,-0.6760319559876797,0.16198402200616013,0.5809920110030801,0.79049600550154,0.89524800275077,0.9476240013753849,0.9738120006876925,0.9869060003438462,0.9934530001719231,-0.003273499914038469,0.49836325004298077,-0.2508183749785096,-0.6254091874892548,0.1872954062553726,0.5936477031276863,-0.20317614843615683,-0.6015880742180784,0.19920596289096082,0.5996029814454804,-0.2001985092772598,0.3999007453613701,-0.30004962731931495,0.3499751863403425,0.6749875931701712,-0.1625062034149144,0.4187468982925428,-0.29062655085372857,0.3546867245731357,0.6773433622865679,-0.16132831885671606,-0.580664159428358,0.20966792028582099,0.6048339601429105,-0.19758301992854477,-0.5987915099642724,-0.7993957549821362,-0.8996978774910681,0.050151061254465945,-0.474924469372767,-0.7374622346863835,0.13126888265680825,-0.4343655586715959,0.28281722066420206,0.6414086103321011,-0.17929569483394947,0.41035215258302526,-0.29482392370848737,0.35258803814575634,-0.32370598092712183,0.33814700953643906,0.6690735047682195,0.8345367523841097,0.9172683761920548,-0.041365811903972594,0.4793170940480137,0.7396585470240069,0.8698292735120035,-0.06508536324399827,0.46745731837800086,0.7337286591890004,0.8668643295945002,0.9334321647972501,0.966716082398625,0.9833580411993126,0.9916790205996563,0.9958395102998281,0.997919755149914,0.9989598775749571,0.9994799387874785,-0.0002600306062607305,-0.5001300153031304,-0.7500650076515651,0.12496749617421743,-0.4375162519128913,0.2812418740435544,0.6406209370217772,0.8203104685108886,-0.08984476574455569,-0.5449223828722778,0.2275388085638611,0.6137694042819306,-0.1931152978590347,-0.5965576489295173,0.20172117553524133,-0.39913941223237936,-0.6995697061161896,-0.8497848530580948,0.0751075734709526,-0.46244621326452373,-0.7312231066322619,0.13438844668386907,0.5671942233419345,-0.21640288832903276,0.3917985558354836,0.6958992779177418,0.8479496389588709,-0.07602518052056456,-0.5380125902602823,-0.7690062951301411,0.11549685243492946,0.5577484262174648,-0.2211257868912676,0.3894371065543662,0.6947185532771831,-0.15264072336140844,0.4236796383192958,0.7118398191596479,-0.14408009042017605,-0.572040045210088,0.213979977394956,0.606989988697478,0.8034949943487391,0.9017474971743695,0.9508737485871848,0.9754368742935924,-0.012281562853203809,0.4938592185733981,0.746929609286699,0.8734648046433495,0.9367324023216748,-0.03163379883916262,-0.5158168994195813,0.24209155029020935,0.6210457751451046,0.8105228875725523,-0.09473855621372385,0.4526307218931381,-0.273684639053431,0.3631576804732845,-0.3184211597633577,0.34078942011832114,-0.32960528994083943,0.33519735502958026,0.6675986775147902,0.8337993387573951,-0.08310033062130245,-0.5415501653106513,-0.7707750826553257,0.11461245867233716,0.5573062293361686,0.7786531146680843,0.8893265573340421,0.944663278667021,-0.027668360666489478,-0.5138341803332447,0.24308290983337766,0.6215414549166889,0.8107707274583444,0.9053853637291722,-0.04730731813541389,0.47634634093229306,0.7381731704661465,0.8690865852330732,-0.06545670738346338,0.46727164630826834,-0.26636417684586583,-0.6331820884229329,0.18340895578853356,0.5917044778942668,-0.20414776105286658,-0.6020738805264333,0.19896305973678335,0.5994815298683916,0.7997407649341959,-0.10012961753290206,-0.550064808766451,0.22496759561677449,0.6124837978083872,-0.19375810109580638,0.4031209494520968,0.7015604747260484,0.8507802373630242,-0.07460988131848789,0.46269505934075605,0.731347529670378,-0.13432623516481101,-0.5671631175824055,0.21641844120879727,-0.39179077939560136,0.3041046103021993,0.6520523051510997,-0.17397384742445016,0.41301307628777495,-0.2934934618561125,-0.6467467309280562,0.17662663453597188,0.588313317267986,0.794156658633993,0.8970783293169965,-0.051460835341501754,0.4742695823292491,0.7371347911646245,-0.13143260441768773,-0.5657163022088438,-0.7828581511044219,0.10857092444778904,0.5542854622238945,0.7771427311119472,0.8885713655559736,-0.0557143172220132,-0.5278571586110066,0.23607142069449671,0.6180357103472484,0.8090178551736242,-0.09549107241318788,-0.5477455362065939,0.22612723189670303,-0.3869363840516485,-0.6934681920258242,0.1532659039870879,-0.4233670480064561,0.28831647599677196,0.644158237998386,0.822079118999193,-0.08896044050040353,-0.5444802202502017,-0.7722401101251009,-0.8861200550625504,0.05693997246872479,0.5284699862343624,-0.23576500688281882,-0.6178825034414094,0.1910587482792953,-0.4044706258603523,-0.7022353129301762,0.14888234353491192,0.574441171767456,-0.212779414116272,0.393610292941864,0.696805146470932,0.848402573235466,-0.07579871338226701,-0.5378993566911335,0.23105032165443323,-0.38447483917278336,-0.6922374195863916,-0.8461187097931958,-0.923059354896598,0.03847032255170102,-0.4807648387241495,-0.7403824193620747,0.12980879031896264,0.5649043951594813,0.7824521975797407,0.8912260987898704,-0.05438695060506482,0.4728065246974676,0.7364032623487338,0.8682016311743669,-0.06589918441281656,-0.5329495922064083,0.23352520389679587,0.6167626019483979,0.8083813009741989,-0.09580934951290054,-0.5479046747564502,-0.7739523373782251,-0.8869761686891126,0.05651191565544372,-0.47174404217227817,-0.7358720210861391,0.13206398945693043,0.5660319947284652,-0.2169840026357674,-0.6084920013178837,0.19575399934105814,-0.4021230003294709,-0.7010615001647355,0.14946924991763227,0.5747346249588161,0.787367312479408,-0.10631634376029597,0.446841828119852,0.723420914059926,0.861710457029963,0.9308552285149815,0.9654276142574907,0.9827138071287453,0.9913569035643727,-0.004321548217813664,-0.5021607741089068,0.2489196129455466,0.6244598064727733,0.8122299032363867,0.9061149516181933,0.9530574758090966,0.9765287379045483,-0.011735631047725847,-0.505867815523863,0.24706609223806852,0.6235330461190343,-0.18823347694048287,-0.5941167384702415,0.20294163076487926,0.6014708153824396,0.8007354076912199,-0.09963229615439007,0.45018385192280497,0.7250919259614025,0.8625459629807013,0.9312729814903506,0.9656364907451753,-0.017181754627412338,-0.5085908773137062,0.2457045613431469,0.6228522806715735,0.8114261403357867,0.9057130701678934,0.9528565350839466,0.9764282675419733,0.9882141337709867,0.9941070668854933,0.9970535334427466,-0.0014732332786266955,0.49926338336068665,0.7496316916803434,-0.1251841541598283,0.43740792292008585,0.7187039614600429,0.8593519807300214,0.9296759903650107,0.9648379951825053,0.9824189975912527,0.9912094987956264,0.9956047493978132,0.9978023746989066,0.9989011873494533,-0.0005494063252733383,-0.5002747031626367,0.24986264841868167,-0.37506867579065917,0.3124656621046704,0.6562328310523352,-0.1718835844738324,-0.5859417922369162,0.2070291038815419,0.603514551940771,-0.19824272402961451,0.40087863798519274,0.7004393189925964,0.8502196594962982,0.925109829748149,0.9625549148740745,-0.01872254256296274,-0.5093612712814813,0.24531936435925933,-0.37734031782037036,-0.6886701589101851,0.15566492054490744,0.5778324602724537,-0.21108376986377314,0.39445811506811346,0.6972290575340567,-0.15138547123297164,0.4243072643835142,-0.2878463678082429,0.35607681609587855,0.6780384080479392,-0.16098079597603038,-0.5804903979880152,0.20975480100599242,0.6048774005029962,-0.1975612997485019,0.40121935012574905,-0.2993903249371255,-0.6496951624685627,0.17515241876571863,-0.4124237906171407,-0.7062118953085703,0.14689405234571484,0.5734470261728575,0.7867235130864287,-0.10663824345678563,0.4466808782716072,0.7233404391358036,-0.1383297804320982,-0.5691648902160491,0.21541755489197545,-0.3922912225540123,0.30385438872299386,0.6519271943614969,-0.17403640281925153,0.4129817985903742,0.706490899295187,-0.14675455035240648,0.42662272482379676,-0.2866886375881016,-0.6433443187940509,-0.8216721593970254,0.08916392030148729,-0.45541803984925633,-0.7277090199246281,0.13614549003768595,-0.431927254981157,-0.7159636274905785,0.14201818625471074,0.5710090931273554,-0.21449545343632231,0.3927522732818388,-0.3036238633590806,-0.6518119316795403,0.17409403416022984,-0.4129529829198851,0.2935235085400575,0.6467617542700288,-0.1766191228649856,0.4116904385675072,-0.2941547807162464,-0.6470773903581232,0.1764613048209384,0.5882306524104692,-0.20588467379476538,0.3970576631026173,0.6985288315513086,-0.1507355842243457,0.4246322078878272,-0.2876838960560864,-0.6438419480280432,0.1780790259859784,0.5890395129929892,-0.2054802435035054,-0.6027401217517527,-0.8013700608758764,0.09931496956206182,0.5496574847810309,-0.22517125760948453,-0.6125856288047422,0.1937071855976289,0.5968535927988144,0.7984267963994072,0.8992133981997036,-0.05039330090014821,0.47480334954992587,-0.26259832522503707,-0.6312991626125185,-0.8156495813062592,0.0921752093468704,0.5460876046734352,0.7730438023367177,0.8865219011683588,-0.056739049415820586,-0.5283695247079103,0.23581523764604484,-0.3820923811769776,0.3089538094115112,0.6544769047057556,-0.1727615476471222,0.41361922617643887,0.7068096130882194,0.8534048065441098,0.9267024032720549,-0.03664879836397256,0.48167560081801375,0.7408378004090068,-0.1295810997954966,0.4352094501022517,0.7176047250511258,0.858802362525563,-0.07059881873721852,-0.5352994093686092,-0.7676497046843046,-0.8838248523421524,0.05808757382892382,0.529043786914462,0.764521893457231,0.8822609467286155,-0.058869526635692226,-0.5294347633178461,-0.764717381658923,0.1176413091705385,-0.44117934541473075,-0.7205896727073654,0.1397051636463173,0.5698525818231587,0.7849262909115793,-0.10753685454421036,-0.5537684272721052,0.2231157863639474,-0.38844210681802627,0.30577894659098687,0.6528894732954934,0.8264447366477468,-0.08677763167612662,0.4566111841619367,0.7283055920809683,-0.13584720395951583,0.4320763980202421,0.716038199010121,0.8580190995050605,-0.07099045024746975,0.4645047748762651,-0.2677476125618674,0.3661261937190663,0.6830630968595331,-0.15846845157023343,0.42076577421488326,0.7103828871074416,-0.1448085564462792,-0.5724042782231396,0.21379786088843022,0.6068989304442152,0.8034494652221076,0.9017247326110538,-0.049137633694473104,0.47543118315276345,0.7377155915763818,0.8688577957881909,0.9344288978940954,0.9672144489470478,-0.01639277552647611,0.49180361223676194,-0.25409819388161903,0.3729509030591905,-0.3135245484704048,0.3432377257647976,0.6716188628823988,0.8358094314411995,0.9179047157205997,-0.041047642139700136,-0.5205238210698501,0.23973808946507497,0.6198690447325375,0.8099345223662687,-0.09503273881686564,-0.5475163694084328,0.22624181529578358,-0.3868790923521082,0.3065604538239459,-0.34671977308802704,0.3266401134559865,-0.3366799432720068,0.3316600283639966,0.6658300141819983,0.8329150070909992,-0.0835424964545004,-0.5417712482272502,0.2291143758863749,0.6145571879431875,-0.19272140602840626,-0.5963607030142031,-0.7981803515071015,-0.8990901757535508,0.050454912123224616,0.5252274560616124,-0.23738627196919382,0.3813068640154031,0.6906534320077016,-0.1546732839961492,0.4226633580019254,0.7113316790009627,-0.14433416049951864,-0.5721670802497594,-0.7860835401248797,0.10695822993756016,0.5534791149687801,0.77673955748439,-0.11163022125780497,0.4441848893710975,0.7220924446855488,0.8610462223427744,-0.0694768888286128,0.4652615555856936,-0.2673692222071532,0.3663153888964234,0.6831576944482117,-0.15842115277589414,0.42078942361205296,0.7103947118060265,0.8551973559030133,-0.07240132204849337,-0.5362006610242467,0.23189966948787666,0.6159498347439383,-0.19202508262803086,0.40398745868598457,0.7019937293429923,-0.14900313532850384,-0.574501567664252,-0.787250783832126,0.106374608083937,-0.4468126959580315,-0.7234063479790158,0.1382968260104921,-0.43085158699475395,0.284574206502623,-0.3577128967486885,0.3211435516256558,0.6605717758128279,0.8302858879064139,-0.08485705604679306,0.45757147197660347,0.7287857359883018,-0.13560713200584912,-0.5678035660029246,0.2160982169985377,0.6080491084992689,-0.19597544575036557,0.40201227712481724,-0.2989938614375914,0.35050306928120434,0.6752515346406022,0.8376257673203011,0.9188128836601506,-0.040593558169924715,0.47970322091503764,0.7398516104575188,-0.1300741947712406,-0.5650370973856202,0.21748145130718988,-0.39125927434640506,-0.6956296371732025,-0.8478148185866012,0.07609259070669938,0.5380462953533497,-0.23097685232332515,0.38451157383833745,0.6922557869191688,-0.1538721065404156,0.4230639467297922,0.7115319733648962,-0.14423401331755192,0.42788299334122404,0.713941496670612,-0.143029251664694,-0.571514625832347,0.2142426870838265,0.6071213435419133,0.8035606717709567,-0.09821966411452165,-0.5491098320572608,-0.7745549160286305,-0.8872774580143152,-0.9436387290071576,-0.9718193645035789,-0.9859096822517894,-0.9929548411258947,0.003522579437052642,-0.4982387102814737,0.25088064485926315,-0.37455967757036845,0.3127201612148158,0.6563600806074079,0.828180040303704,0.914090020151852,0.957045010075926,0.978522505037963,-0.010738747481018496,-0.5053693737405093,0.24731531312974536,-0.3763423434351273,0.31182882828243635,0.6559144141412182,0.8279572070706092,-0.08602139646469542,0.4569893017676523,0.7284946508838261,-0.13575267455808693,0.43212366272095654,0.7160618313604783,-0.14196908431976085,0.4290154578401196,0.7145077289200598,0.8572538644600298,0.9286269322300149,0.9643134661150075,-0.017843266942496272,0.49107836652875186,-0.25446081673562404,-0.627230408367812,0.18638479581609402,0.593192397908047,-0.2034038010459765,-0.6017019005229882,0.1991490497385059,0.599574524869253,0.7997872624346265,-0.10010636878268675,0.4499468156086566,0.7249734078043283,-0.13751329609783586,0.4312433519510821,0.715621675975541,0.8578108379877705,0.9289054189938852,0.9644527094969426,-0.01777364525152869,0.49111317737423565,0.7455565886871178,0.8727782943435589,-0.06361085282822054,-0.5318054264141103,0.23409728679294484,0.6170486433964724,0.8085243216982362,0.9042621608491181,0.9521310804245591,-0.023934459787720463,0.48803277010613977,-0.2559836149469301,-0.6279918074734651,-0.8139959037367326,-0.9069979518683663,0.046501024065816854,0.5232505120329084,-0.2383747439835458,-0.6191873719917729,0.19040631400411356,-0.4047968429979432,-0.7023984214989716,0.1488007892505142,0.5744003946252572,-0.21279980268737142,-0.6063999013436857,0.19680004932815715,0.5984000246640786,-0.2007999876679607,0.39960000616601965,-0.3001999969169902,-0.6500999984584951,-0.8250499992292475,-0.9125249996146237,0.04373750019268813,0.521868750096344,0.7609343750481721,0.880467187524086,-0.05976640623795698,0.4701167968810215,-0.26494160155948926,-0.6324708007797446,0.1837645996101277,-0.40811770019493615,-0.704058850097468,-0.852029425048734,0.07398528747563299,0.5369926437378165,-0.23150367813109174,0.38424816093445413,0.6921240804672271,-0.15393795976638647,0.42303102011680677,-0.2884844899415966,-0.6442422449707983,0.17787887751460085,0.5889394387573004,0.7944697193786502,-0.10276514031067491,-0.5513825701553374,0.2243087149223313,0.6121543574611656,0.8060771787305828,-0.09696141063470859,0.45151929468264573,-0.27424035265867713,0.3628798236706614,-0.3185600881646693,-0.6592800440823346,0.17035997795883268,-0.41482001102058363,0.2925899944897082,-0.35370500275514594,-0.676852501377573,0.1615737493112135,-0.41921312534439326,0.29039343732780337,-0.3548032813360983,-0.6774016406680492,0.1612991796659754,-0.4193504101670123,0.2903247949164939,0.645162397458247,0.8225811987291235,0.9112905993645617,-0.04435470031771915,0.4778226498411404,0.7389113249205702,0.8694556624602852,0.9347278312301426,-0.03263608438492871,0.48368195780753565,0.7418409789037679,-0.12907951054811606,-0.5645397552740581,0.21773012236297096,0.6088650611814854,0.8044325305907427,-0.09778373470462864,-0.5488918673523143,-0.7744459336761571,-0.8872229668380786,0.056388516580960724,-0.4718057417095196,-0.7359028708547598,0.1320485645726201,0.5660242822863101,-0.21698785885684496,-0.6084939294284225,0.19575303528578875,0.5978765176428944,-0.2010617411785528,0.3994691294107236,-0.3002654352946382,-0.6501327176473191,0.17493364117634047,0.5874668205881702,-0.20626658970591488,0.3968667051470426,-0.3015666474264787,-0.6507833237132393,0.17460833814338034,-0.41269583092830986,0.29365208453584507,-0.3531739577320775,-0.6765869788660388,0.1617065105669806,0.5808532552834903,-0.20957337235825485,-0.6047866861791275,-0.8023933430895638,-0.9011966715447819,0.049401664227609055,0.5247008321138045,0.7623504160569022,0.8811752080284512,0.9405876040142256,0.9702938020071128,-0.014853098996443603,-0.5074265494982217,0.24628672525088913,0.6231433626254446,-0.18842831868727772,0.40578584065636114,0.7028929203281806,0.8514464601640903,-0.07427676991795484,-0.5371383849589775,0.23143080752051126,0.6157154037602557,0.8078577018801278,0.9039288509400639,-0.04803557452996804,-0.524017787264984,0.23799110636750798,0.618995553183754,0.8094977765918769,0.9047488882959385,-0.047625555852030765,-0.5238127779260153,-0.7619063889630077,0.11904680551849617,0.5595234027592481,0.7797617013796241,0.889880850689812,0.9449404253449061,-0.027529787327546962,-0.5137648936637735,0.24311755316811323,-0.3784412234159434,0.31077938829202834,-0.34461030585398583,0.3276948470730071,-0.33615257646349644,0.33192371176825175,-0.3340381441158741,0.3329809279420629,-0.33350953602896855,0.3332452319855157,-0.33337738400724215,0.3333113079963789,0.6666556539981895,-0.16667217300090525,0.41666391349954734,-0.2916680432502263,0.35416597837488684,-0.3229170108125566,-0.6614585054062783,0.16927074729686087,-0.41536462635156957,-0.7076823131757848,0.1461588434121076,-0.4269205782939462,-0.7134602891469731,0.14326985542651344,-0.42836507228674325,-0.7141825361433716,0.14290873192831421,0.5714543659641571,-0.21427281701792145,0.3928635914910393,0.6964317957455196,-0.1517841021272402,0.42410794893637993,-0.28794602553181003,0.356026987234095,-0.3219865063829525,0.3390067468085237,-0.33049662659573814,0.33475168670213096,0.6673758433510655,-0.16631207832446726,0.41684396083776637,0.7084219804188832,-0.14578900979055842,0.4271054951047208,0.7135527475523604,-0.1432236262238198,-0.5716118131119099,-0.785805906555955,-0.8929029532779775,-0.9464514766389888,0.026774261680505618,0.5133871308402528,-0.2433064345798736,-0.6216532172899368,0.18917339135503158,-0.40541330432248424,0.2972933478387579,0.6486466739193789,-0.17567666304031054,0.4121616684798447,0.7060808342399223,0.8530404171199611,-0.07347979144001943,0.4632601042799903,-0.26836994786000484,0.3658150260699976,0.6829075130349989,-0.15854624348250057,0.4207268782587497,-0.28963656087062517,-0.6448182804353126,-0.8224091402176563,0.08879542989117184,0.5443977149455859,0.7721988574727929,0.8860994287363965,0.9430497143681982,-0.02847514281590091,0.48576242859204954,0.7428812142960248,-0.1285593928519876,-0.5642796964259937,-0.7821398482129969,0.10893007589350157,-0.4455349620532492,-0.7227674810266246,-0.8613837405133122,0.06930812974334388,-0.46534593512832806,0.267327032435836,0.633663516217918,0.816831758108959,0.9084158790544795,0.9542079395272398,-0.022896030236380094,-0.51144801511819,-0.755724007559095,0.12213799622045252,0.5610689981102263,0.7805344990551131,0.8902672495275565,0.9451336247637783,-0.027433187618110866,-0.5137165938090554,0.24314170309547228,0.6215708515477362,-0.18921457422613192,-0.594607287113066,0.202696356443467,-0.3986518217782665,0.30067408911086674,0.6503370445554334,-0.1748314777222833,-0.5874157388611416,0.2062921305694292,-0.3968539347152854,0.3015730326423573,-0.3492134836788213,0.32539325816058934,-0.3373033709197053,0.33134831454014735,0.6656741572700737,0.8328370786350369,-0.08358146068248157,-0.5417907303412408,-0.7708953651706204,0.1145523174146898,0.5572761587073449,0.7786380793536725,0.8893190396768362,-0.055340480161581884,-0.5276702400807909,0.23616487995960456,-0.3819175600201977,0.30904121998990114,-0.34547939000504946,0.32726030499747527,0.6636301524987376,-0.1681849237506312,-0.5840924618753156,-0.7920462309376578,0.1039768845311711,0.5519884422655855,0.7759942211327928,-0.11200288943360359,0.4439985552831982,-0.2780007223584009,-0.6390003611792004,0.18049981941039978,0.5902499097051999,-0.20487504514740007,0.39756247742629996,-0.30121876128685,0.349390619356575,-0.3253046903217125,0.33734765483914375,0.6686738274195718,-0.1656630862902141,0.41716845685489296,0.7085842284274465,0.8542921142137232,0.9271460571068616,-0.0364269714465692,-0.5182134857232846,-0.7591067428616423,-0.8795533714308211,0.060223314284589435,0.5301116571422947,-0.23494417142885266,0.38252791428557364,0.6912639571427868,0.8456319785713934,-0.07718401071430331,0.4614079946428483,-0.26929600267857584,0.3653519986607121,0.682675999330356,0.841337999665178,0.920668999832589,-0.03966550008370551,-0.5198327500418527,-0.7599163750209263,0.12004181248953683,-0.4399790937552316,0.2800104531223842,-0.3599947734388079,0.32000261328059604,-0.339998693359702,-0.6699993466798511,0.16500032666007447,0.5825001633300373,-0.20874991833498135,0.3956250408325093,-0.30218747958374537,0.3489062602081273,-0.32554686989593634,-0.6627734349479681,0.16861328252601593,-0.41569335873699204,0.292153320631504,0.646076660315752,-0.17696166984212403,0.411519165078938,0.705759582539469,0.8528797912697346,-0.07356010436513272,-0.5367800521825663,0.23160997390871685,-0.3841950130456416,-0.6920975065228208,0.15395124673858962,-0.4230243766307052,-0.7115121883153526,-0.8557560941576763,0.07212195292116186,-0.46393902353941907,-0.7319695117697096,-0.8659847558848548,-0.9329923779424274,0.0335038110287863,0.5167519055143932,0.7583759527571966,0.8791879763785984,0.9395939881892992,-0.03020300590535041,-0.5151015029526752,0.2424492485236624,0.6212246242618312,-0.1893876878690844,-0.5946938439345422,0.20265307803272892,0.6013265390163645,0.8006632695081822,0.9003316347540911,0.9501658173770455,0.9750829086885228,0.9875414543442613,0.9937707271721307,0.9968853635860653,-0.001557318206967362,-0.5007786591034837,0.24961067044825813,0.6248053352241291,-0.18759733238793547,0.4062013338060323,0.7031006669030162,-0.1484496665484919,0.42577516672575405,-0.28711241663712295,0.3564437916814385,-0.32177810415928076,-0.6608890520796404,-0.8304445260398202,0.08477773698008989,0.542388868490045,-0.2288055657549775,0.38559721712251127,0.6927986085612556,0.8463993042806278,-0.07680034785968609,0.4615998260701569,0.7307999130350784,-0.1346000434824608,0.4326999782587696,-0.2836500108706152,0.3581749945646924,0.6790874972823462,0.8395437486411731,-0.08022812567941345,0.45988593716029325,0.7299429685801466,0.8649714842900733,-0.06751425785496334,0.46624287107251833,0.7331214355362592,0.8665607177681296,-0.0667196411159352,-0.5333598205579676,0.2333200897210162,-0.38333995513949193,0.30833002243025404,-0.34583498878487295,0.3270825056075635,0.6635412528037817,0.8317706264018909,0.9158853132009455,0.9579426566004727,0.9789713283002364,-0.010514335849881817,0.4947428320750591,-0.25262858396247045,-0.6263142919812352,0.1868428540093824,0.5934214270046911,-0.20328928649765443,0.3983553567511728,0.6991776783755864,-0.1504111608122068,0.42479441959389663,-0.2876027902030517,0.35619860489847416,0.6780993024492371,0.8390496512246186,0.9195248256123093,0.9597624128061546,0.9798812064030773,0.9899406032015386,0.9949703016007694,0.9974851508003847,0.9987425754001924,-0.0006287122999037997,-0.5003143561499519,0.24984282192502405,0.6249214109625121,0.812460705481256,0.906230352740628,-0.04688482362968599,-0.523442411814843,0.23827879409257852,-0.3808606029537107,0.30956969852314464,-0.3452151507384277,-0.6726075753692138,0.1636962123153931,0.5818481061576966,0.7909240530788483,-0.10453797346057586,-0.5522689867302879,0.22386550663485605,-0.388067246682572,-0.694033623341286,-0.847016811670643,0.07649159416467849,0.5382457970823392,-0.2308771014588304,-0.6154385507294152,0.1922807246352924,0.5961403623176462,0.7980701811588231,0.8990350905794116,0.9495175452897058,-0.02524122735514711,0.48737938632242644,-0.25631030683878675,0.3718448465806066,-0.3140775767096967,0.34296121164515164,-0.32851939417742415,0.3357403029112879,0.667870151455644,-0.166064924272178,0.416967537863911,0.7084837689319555,0.8542418844659778,0.9271209422329889,-0.036439528883505545,0.4817802355582472,0.7408901177791236,0.8704450588895618,-0.0647774705552191,0.46761126472239045,0.7338056323611952,-0.1330971838194024,0.4334514080902988,0.7167257040451493,-0.14163714797742533,-0.5708185739887126,-0.7854092869943563,0.10729535650282185,-0.4463523217485891,0.27682383912570546,-0.3615880804371473,-0.6807940402185737,0.15960297989071315,-0.4201985100546434,0.28990074497267826,0.6449503724863391,-0.17752481375683044,0.4112375931215848,0.7056187965607924,-0.1471906017196038,0.4264046991401981,0.713202349570099,-0.1433988252149505,0.42830058739252475,-0.2858497063037376,-0.6429248531518688,0.17853757342406562,0.5892687867120328,0.7946343933560164,0.8973171966780082,0.9486585983390041,-0.02567070083049794,-0.512835350415249,0.24358232479237552,-0.37820883760381224,-0.6891044188019061,0.15544779059904695,-0.4222761047004765,0.28886194764976175,0.6444309738248809,-0.17778451308755955,-0.5888922565437797,0.20555387172811013,-0.39722306413594494,-0.6986115320679724,0.15069423396601378,-0.4246528830169931,-0.7123264415084966,-0.8561632207542482,0.07191838962287589,-0.46404080518856206,0.267979597405719,0.6339897987028595,0.8169948993514298,-0.09150255032428511,0.45424872483785744,-0.27287563758107125,0.3635621812094644,-0.3182189093952678,0.34089054530236607,0.670445272651183,0.8352226363255915,-0.08238868183720427,-0.5411943409186022,0.2294028295406989,-0.38529858522965055,0.3073507073851747,-0.34632464630741266,0.32683767684629367,0.6634188384231469,-0.16829058078842657,0.41585470960578674,0.7079273548028934,0.8539636774014467,0.9269818387007234,-0.036509080649638315,0.48174545967518084,-0.25912727016240955,0.3704363649187952,-0.3147818175406024,0.3426090912296988,0.6713045456148494,-0.1643477271925753,0.41782613640371236,-0.2910869317981438,-0.645543465899072,0.17722826705046402,0.588614133525232,-0.20569293323738402,-0.602846466618692,0.198576766690654,-0.40071161665467303,-0.7003558083273365,0.14982209583633177,-0.4250889520818341,0.2874555239590829,0.6437277619795414,0.8218638809897707,-0.08906805950511465,0.4554659702474427,0.7277329851237213,0.8638664925618607,-0.06806675371906967,-0.5340333768595349,0.23298331157023255,-0.3835083442148837,0.30824582789255817,0.6541229139462791,-0.17293854302686046,-0.5864692715134302,0.2067653642432849,0.6033826821216425,-0.19830865893917876,-0.5991543294695894,-0.7995771647347947,0.10021141763260266,-0.44989429118369867,0.27505285440815064,0.6375264272040753,0.8187632136020376,-0.09061839319898118,-0.5453091965994906,-0.7726545982997453,0.11367270085012737,0.5568363504250637,0.7784181752125319,0.8892090876062659,-0.05539545619686703,-0.5276977280984335,-0.7638488640492167,-0.8819244320246084,-0.9409622160123041,0.02951889199384794,-0.48524055400307603,0.257379722998462,0.628689861499231,0.8143449307496156,0.9071724653748078,0.9535862326874038,-0.023206883656298083,-0.511603441828149,-0.7558017209140745,0.12209913954296275,0.5610495697714813,-0.21947521511425933,0.3902623924428703,-0.30486880377856485,0.3475655981107176,0.6737827990553588,0.8368913995276794,0.9184456997638397,-0.04077715011808014,0.47961142494095993,-0.26019428752952,0.36990285623524,0.68495142811762,-0.15752428594119,0.42123785702940497,0.7106189285147024,0.8553094642573512,-0.07234526787132439,0.46382736606433783,0.7319136830321689,0.8659568415160844,-0.06702157924195778,-0.5335107896209789,0.23324460518951057,-0.38337769740524474,0.30831115129737763,-0.3458444243513112,0.3270777878243444,-0.3364611060878278,0.3317694469560861,0.6658847234780431,-0.16705763826097847,0.41647118086951074,-0.29176440956524463,-0.6458822047826223,0.17705889760868887,0.5885294488043444,0.7942647244021722,-0.10286763779891389,-0.551433818899457,-0.7757169094497285,0.11214154527513576,-0.4439292273624321,0.27803538631878394,-0.36098230684060806,0.31950884657969597,0.659754423289848,-0.170122788355076,0.414938605822462,-0.292530697088769,0.3537346514556155,0.6768673257278077,0.8384336628639039,0.919216831431952,-0.04039158428402401,0.479804207857988,0.739902103928994,0.8699510519644971,0.9349755259822485,0.9674877629911243,0.9837438814955621,-0.008128059252218933,0.49593597037389053,-0.2520320148130547,0.37398399259347265,-0.31300800370326365,0.3434959981483682,0.6717479990741841,-0.16412600046290793,0.41793699976854604,0.708968499884273,-0.1455157500578635,0.4272421249710683,0.7136210624855341,-0.14318946875723293,-0.5715947343786165,-0.7857973671893083,0.10710131640534587,-0.4464493417973271,0.27677532910133645,0.6383876645506682,-0.1808061677246659,0.409596916137667,0.7047984580688336,0.8523992290344168,-0.07380038548279161,-0.5369001927413958,-0.7684500963706979,0.11577495181465103,-0.4421125240926745,0.2789437379536628,0.6394718689768314,-0.1802640655115843,0.4098679672442078,-0.2950660163778961,0.35246699181105196,0.676233495905526,0.8381167479527629,0.9190583739763815,0.9595291869881908,-0.020235406505904607,0.4898822967470477,0.7449411483735239,0.872470574186762,-0.063764712906619,0.4681176435466905,-0.26594117822665475,-0.6329705891133274,0.1835147054433363,0.5917573527216682,0.7958786763608341,-0.10206066181958295,0.4489696690902085,0.7244848345451043,-0.13775758272744787,0.43112120863627607,-0.28443939568186194,-0.6422196978409309,0.17889015107953454,0.5894450755397673,0.7947225377698837,0.8973612688849418,-0.051319365557529084,-0.5256596827787645,-0.7628298413893823,0.11858507930530887,-0.44070746034734554,0.27964626982632723,-0.3601768650868364,0.3199115674565818,0.6599557837282909,-0.17002210813585455,0.4149889459320727,-0.29250552703396365,0.3537472364830182,-0.3231263817584909,0.3384368091207546,0.6692184045603773,0.8346092022801886,-0.08269539885990568,0.45865230057004713,0.7293261502850236,-0.13533692485748822,0.43233153757125586,0.716165768785628,-0.141917115607186,0.429041442196407,-0.2854792789017965,0.35726036054910176,-0.3213698197254491,-0.6606849098627245,0.16965754506863773,-0.41517122746568114,0.29241438626715943,-0.3537928068664203,-0.6768964034332101,-0.8384482017166051,0.08077589914169747,-0.45961205042915126,-0.7298060252145756,0.1350969873927122,-0.43245150630364393,0.28377424684817804,-0.35811287657591095,0.3209435617120445,-0.33952821914397774,-0.6697641095719888,-0.8348820547859944,0.08255897260700279,0.5412794863035014,0.7706397431517507,-0.11468012842412467,-0.5573400642120623,0.22132996789396886,0.6106649839469844,-0.19466750802650779,0.4026662459867461,-0.298666877006627,0.3506665614966865,0.6753332807483432,-0.1623333596258284,0.4188333201870858,0.7094166600935429,-0.14529166995322856,-0.5726458349766143,0.21367708251169287,0.6068385412558465,0.8034192706279233,0.9017096353139616,-0.04914518234301918,-0.5245725911715096,0.23771370441424522,-0.3811431477928774,0.3094284261035613,-0.3452857869482193,0.32735710652589034,0.6636785532629452,0.8318392766314726,0.9159196383157363,0.9579598191578682,0.9789799095789341,-0.010510045210532948,-0.5052550226052664,-0.7526275113026333,-0.8763137556513166,0.06184312217434168,-0.4690784389128292,-0.7345392194564146,0.13273039027179268,-0.43363480486410366,-0.7168174024320518,0.14159129878397408,0.570795649391987,0.7853978246959935,-0.10730108765200325,-0.5536505438260017,0.22317472808699917,0.6115873640434996,0.8057936820217497,-0.09710315898912514,0.45144842050543743,0.7257242102527187,-0.13713789487364064,-0.5685689474368203,0.21571552628158985,0.6078577631407949,0.8039288815703974,-0.09803555921480128,-0.5490177796074006,0.2254911101962997,-0.3872544449018501,0.30637277754907494,0.6531863887745375,-0.17340680561273125,0.4132965971936344,0.7066482985968172,0.8533241492984086,-0.0733379253507957,0.4633310373246021,0.7316655186623011,-0.13416724066884944,0.4329163796655753,0.7164581898327876,-0.14177090508360618,0.4291145474581969,-0.28544272627090156,0.3572786368645492,0.6786393184322745,0.8393196592161373,0.9196598296080687,0.9598299148040343,0.9799149574020172,0.9899574787010086,-0.005021260649495707,0.49748936967525215,0.748744684837626,0.874372342418813,0.9371861712094065,0.9685930856047033,0.9842965428023516,0.9921482714011758,0.9960741357005879,0.9980370678502939,0.999018533925147,0.9995092669625735,0.9997546334812868,0.9998773167406434,0.9999386583703217,-3.067081483915102e-05,-0.5000153354074196,0.2499923322962902,0.6249961661481451,0.8124980830740726,-0.09375095846296372,-0.5468754792314818,0.22656226038425908,0.6132811301921295,0.8066405650960647,-0.09667971745196763,0.4516601412740162,0.7258300706370081,0.862915035318504,0.931457517659252,-0.034271241170374,0.48286437941481297,0.7414321897074065,-0.12928390514629673,-0.5646419525731483,-0.7823209762865742,0.10883951185671292,-0.44558024407164354,-0.7227901220358217,-0.8613950610179109,0.06930246949104457,-0.4653487652544777,-0.7326743826272388,0.13366280868638059,0.5668314043431903,0.7834157021715952,0.8917078510857976,-0.05414607445710118,0.4729269627714494,-0.2635365186142753,-0.6317682593071376,0.18411587034643118,0.5920579351732156,-0.2039710324133922,-0.601985516206696,0.19900724189665198,0.599503620948326,-0.200248189525837,0.3998759052370815,0.6999379526185407,0.8499689763092704,0.9249844881546352,0.9624922440773176,-0.018753877961341203,-0.5093769389806706,-0.7546884694903353,-0.8773442347451677,0.061327882627416175,0.5306639413137081,-0.23466802934314596,0.382665985328427,-0.3086670073357865,0.3456664963321068,0.6728332481660534,-0.1635833759169733,0.4182083120415133,0.7091041560207567,0.8545520780103784,0.9272760390051892,0.9636380195025946,0.9818190097512973,-0.009090495124351339,0.49545475243782433,0.7477273762189122,-0.12613631189054392,0.43693184405472807,-0.28153407797263597,0.359232961013682,0.679616480506841,-0.1601917597465795,0.41990412012671025,0.7099520600633551,0.8549760300316775,-0.07251198498416123,0.4637440075079194,-0.26812799624604033,-0.6340639981230202,0.18296800093848992,-0.408515999530755,-0.7042579997653775,0.14787100011731125,0.5739355000586557,0.7869677500293278,-0.10651612498533608,0.44674193750733193,-0.27662903124633403,0.361685484376833,0.6808427421884164,0.8404213710942082,0.9202106855471042,0.9601053427735521,-0.019947328613223958,0.49002633569338805,-0.254986832153306,-0.627493416076653,0.1862532919616735,-0.40687335401916325,0.2965633229904184,-0.35171833850479084,-0.6758591692523954,-0.8379295846261977,-0.9189647923130988,-0.9594823961565494,-0.9797411980782746,0.010129400960862678,0.5050647004804314,0.7525323502402157,0.8762661751201078,0.938133087560054,-0.03093345621997301,-0.5154667281099865,0.24226663594500675,0.6211333179725034,0.8105666589862517,0.9052833294931258,0.952641664746563,0.9763208323732815,0.9881604161866407,0.9940802080933204,0.9970401040466602,0.9985200520233302,0.9992600260116651,-0.0003699869941674594,0.49981500650291627,0.7499075032514582,0.8749537516257291,0.9374768758128645,-0.03126156209356773,-0.5156307810467838,0.24218460947660808,-0.378907695261696,0.310546152369152,-0.344726923815424,0.327636538092288,0.663818269046144,-0.16809086547692798,0.415954567261536,0.7079772836307681,-0.14601135818461597,-0.5730056790923079,0.21349716045384604,-0.393251419773077,-0.6966257098865385,0.15168714505673075,0.5758435725283654,-0.2120782137358173,0.39396089313209137,-0.3030195534339543,-0.6515097767169772,-0.8257548883584886,0.08712255582075568,0.5435612779103778,0.7717806389551889,0.8858903194775944,0.9429451597387972,0.9714725798693986,0.9857362899346993,-0.007131855032650347,0.4964340724836748,0.7482170362418374,0.8741085181209187,-0.06294574093954064,-0.5314728704697703,0.23426356476511484,-0.3828682176174426,-0.6914341088087212,-0.8457170544043606,0.07714147279781969,0.5385707363989098,-0.23071463180054508,0.38464268409972746,0.6923213420498637,0.8461606710249319,0.9230803355124659,-0.038459832243767034,0.4807700838781165,0.7403850419390583,-0.12980747903047085,0.4350962604847646,0.7175481302423823,-0.14122593487880886,-0.5706129674394045,-0.7853064837197022,0.10734675814014888,-0.4463266209299256,0.2768366895350372,0.6384183447675186,-0.1807908276162407,0.40960458619187967,0.7048022930959399,0.85240114654797,-0.07379942672601503,-0.5368997133630076,0.23155014331849622,0.615775071659248,0.807887535829624,0.903943767914812,0.9519718839574061,0.975985941978703,-0.012007029010648484,0.4939964854946758,-0.2530017572526621,0.3734991213736689,-0.31325043931316554,0.34337478034341723,0.6716873901717086,0.8358436950858543,0.9179218475429272,-0.04103907622853642,0.4794804618857318,0.7397402309428659,-0.13012988452856705,-0.5650649422642835,-0.7825324711321417,-0.8912662355660709,0.05436688221696456,0.5271834411084823,0.7635917205542411,0.8817958602771205,0.9408979301385603,-0.029551034930719866,0.48522448253464007,-0.25738775873267994,-0.6286938793663399,-0.81434693968317,-0.907173469841585,0.04641326507920751,0.5232066325396038,-0.23839668373019812,0.38080165813490097,-0.3095991709325495,-0.6547995854662747,-0.8273997927331374,0.08630010363343132,-0.45684994818328434,0.2715750259083578,0.6357875129541789,-0.18210624352291055,-0.5910531217614553,-0.7955265608807276,0.1022367195596362,0.5511183597798182,0.7755591798899091,0.8877795899449545,-0.05611020502752273,0.47194489748623863,0.7359724487431193,-0.13201377562844036,0.43399311218577985,0.7169965560928899,0.858498278046445,-0.07075086097677752,0.46462456951161124,0.7323122847558057,-0.13384385762209716,0.4330780711889514,-0.28346096440552426,-0.6417304822027621,-0.820865241101381,-0.9104326205506905,0.04478368972465474,0.5223918448623274,0.7611959224311637,0.8805979612155819,0.9402989806077909,0.9701494903038954,0.9850747451519477,-0.007462627424026147,-0.5037313137120131,0.24813434314399346,0.6240671715719968,-0.18796641421400162,-0.5939832071070008,0.2030083964464996,0.6015041982232499,0.8007520991116249,0.9003760495558124,0.9501880247779062,0.9750940123889531,0.9875470061944766,-0.0062264969027617245,-0.5031132484513808,0.24844337577430958,-0.3757783121128452,0.3121108439435774,-0.3439445780282113,0.32802771098589434,-0.33598614450705283,0.33200692774647356,-0.3339965361267632,0.3330017319366184,0.6665008659683092,0.8332504329841546,-0.08337478350792271,-0.5416873917539613,-0.7708436958769807,-0.8854218479384903,-0.9427109239692452,0.02864453801537742,0.5143222690076887,-0.24283886549615563,0.3785805672519222,-0.3107097163740389,0.34464514181298056,0.6723225709064903,-0.16383871454675486,0.4180806427266226,0.7090403213633113,0.8545201606816557,0.9272600803408279,0.9636300401704139,0.9818150200852069,0.9909075100426035,0.9954537550213017,0.9977268775106509,0.9988634387553255,0.9994317193776627,0.9997158596888314,-0.00014207015558431735,0.49992896492220784,0.7499644824611039,-0.12501775876944804,0.43749112061527595,0.718745560307638,0.859372780153819,-0.07031360992309049,0.4648431950384547,0.7324215975192274,0.8662107987596137,0.9331053993798069,0.9665526996899034,0.9832763498449517,0.9916381749224759,0.9958190874612379,0.9979095437306189,0.9989547718653095,0.9994773859326547,0.9997386929663273,0.9998693464831636,0.9999346732415818,0.9999673366207908,0.9999836683103954,0.9999918341551977,0.9999959170775988,0.9999979585387995,0.9999989792693997,-5.103653001325981e-07,-0.5000002551826501,0.24999987240867494,0.6249999362043375,0.8124999681021687,-0.09375001594891563,0.4531249920255422,0.7265624960127711,0.8632812480063856,-0.06835937599680719,-0.5341796879984035,0.23291015600079823,0.6164550780003991,-0.19177246099980044,0.4041137695000998,-0.2979431152499501,0.35102844237502495,-0.3244857788124875,0.33775711059375624,0.6688785552968781,-0.16556072235156094,-0.5827803611757805,0.20860981941210976,0.6043049097060549,-0.19784754514697256,0.4010762274265137,-0.29946188628674314,-0.6497309431433715,0.17513452842831423,0.5875672642141572,-0.20621636789292142,-0.6031081839464607,-0.8015540919732304,0.09922295401338482,-0.45038852299330756,-0.7251942614966538,-0.8625971307483269,0.06870143462583655,0.5343507173129183,-0.23282464134354086,0.38358767932822957,0.6917938396641148,0.8458969198320574,0.9229484599160287,-0.03852577004198565,-0.5192628850209928,0.2403685574895036,-0.3798157212552482,-0.6899078606276241,0.15504606968618795,0.577523034843094,0.788761517421547,0.8943807587107735,0.9471903793553867,0.9735951896776933,0.9867975948388467,-0.0066012025805766705,-0.5033006012902883,0.24834969935485585,0.624174849677428,0.812087424838714,-0.093956287580643,0.4530218562096785,0.7265109281048392,0.8632554640524196,0.9316277320262099,0.9658138660131049,-0.017093066993447537,0.49145346650327626,-0.25427326674836187,0.3728633666258191,0.6864316833129096,-0.1567841583435452,-0.5783920791717726,-0.7891960395858864,-0.8945980197929432,0.05270099010352841,-0.47364950494823577,0.2631752475258821,-0.3684123762370589,-0.6842061881185295,-0.8421030940592648,0.07894845297036762,-0.46052577351481616,0.2697371132425919,0.6348685566212959,-0.18256572168935203,0.408717139155324,-0.29564143042233804,-0.647820715211169,0.1760896423944155,-0.41195517880279225,0.2940224105986039,0.647011205299302,0.823505602649651,0.9117528013248255,0.9558764006624128,-0.022061799668793625,0.4889691001656032,0.7444845500828016,-0.12775772495859922,-0.5638788624792996,0.21806056876035018,0.6090302843801751,-0.19548485780991243,0.4022575710950438,0.7011287855475219,0.850564392773761,0.9252821963868805,-0.03735890180655976,0.4813205490967201,0.74066027454836,-0.12966986272581998,0.43516506863709004,0.717582534318545,-0.1412087328407275,0.4293956335796363,0.7146978167898181,-0.14265109160509093,-0.5713255458025455,0.21433722709872727,-0.39283138645063637,-0.6964156932253182,0.15179215338734092,0.5758960766936705,-0.21205196165316476,0.3939740191734176,-0.3030129904132912,-0.6515064952066456,0.1742467523966772,-0.4128766238016614,0.29356168809916927,0.6467808440495846,-0.1766095779752077,0.41169521101239615,0.7058476055061981,-0.14707619724690096,0.4264619013765495,-0.28676904931172525,0.3566154753441374,-0.3216922623279313,0.3391538688360344,-0.3304230655819828,-0.6652115327909914,-0.8326057663954958,-0.9163028831977479,-0.9581514415988739,0.020924279200563056,-0.48953786039971847,-0.7447689301998592,0.12761553490007038,0.5638077674500352,0.7819038837250176,0.8909519418625088,-0.054524029068745594,0.4727379854656272,-0.2636310072671864,-0.6318155036335932,0.1840922481832034,0.5920461240916017,-0.20397693795419913,-0.6019884689770996,0.19900576551145022,-0.4004971172442749,-0.7002485586221374,0.1498757206889313,0.5749378603444657,0.7874689301722329,0.8937344650861164,-0.05313276745694179,0.47343361627152913,0.7367168081357646,-0.13164159593211772,0.4341792020339411,0.7170896010169705,-0.14145519949151475,0.4292724002542426,0.7146362001271214,-0.14268189993643932,-0.5713409499682196,0.2143295250158902,-0.3928352374920549,-0.6964176187460275,0.15179119062698626,0.5758955953134931,0.7879477976567466,0.8939738988283733,-0.05301305058581335,0.47349347470709335,0.7367467373535467,-0.13162663132322666,-0.5658133156616133,0.21709334216919335,-0.3914533289154033,-0.6957266644577016,0.1521366677711492,0.5760683338855745,-0.21196583305721273,0.39401708347139364,-0.3029914582643032,-0.6514957291321516,0.1742521354339242,-0.4128739322830379,0.29356303385848104,0.6467815169292406,-0.1766092415353797,0.41169537923231014,0.7058476896161551,-0.14707615519192246,0.4264619224040388,-0.2867690387979806,0.35661548060100967,-0.32169225969949516,0.33915387015025245,0.6695769350751262,-0.16521153246243692,-0.5826057662312185,-0.7913028831156093,0.10434855844219537,0.5521742792210977,-0.22391286038945113,0.38804356980527444,0.6940217849026372,-0.1529891075486814,0.42350544622565933,0.7117527231128297,0.8558763615564149,0.9279381807782074,0.9639690903891037,-0.01801545480544814,-0.509007727402724,-0.754503863701362,-0.8772519318506811,-0.9386259659253405,0.030687017037329734,-0.48465649148133516,-0.7423282457406676,0.1288358771296662,0.5644179385648331,0.7822089692824166,0.8911044846412083,-0.05444775767939586,0.4727761211603021,0.736388060580151,-0.13180596970992448,0.43409701514503773,0.7170485075725188,-0.1414757462137406,-0.5707378731068703,0.21463106344656485,-0.39268446827671755,-0.6963422341383587,0.15182888293082064,0.5759144414654103,0.7879572207327051,0.8939786103663525,-0.053010694816823745,0.4734946525915881,-0.2632526737042059,-0.6316263368521029,0.18418683157394855,0.5920934157869743,-0.20395329210651286,-0.6019766460532564,-0.8009883230266281,-0.9004941615133141,-0.950247080756657,0.02487645962167151,-0.48756177018916425,0.2562191149054179,0.6281095574527089,-0.18594522127364554,0.4070273893631772,0.7035136946815886,0.8517568473407944,0.9258784236703972,0.9629392118351986,-0.018530394082400703,0.4907348029587997,0.7453674014793998,-0.12731629926030008,-0.56365814963015,0.21817092518492498,-0.3909145374075375,0.3045427312962312,0.6522713656481156,-0.1738643171759422,0.4130678414120289,-0.29346607929398555,0.3532669603530072,-0.3233665198234964,0.3383167400882518,0.6691583700441259,-0.16542081497793704,0.4172895925110315,-0.29135520374448426,-0.6456776018722421,0.17716119906387895,0.5885805995319395,0.7942902997659698,0.8971451498829849,-0.05142742505850756,0.4742862874707462,0.737143143735373,-0.13142842813231348,0.43428578593384326,0.7171428929669217,-0.14142855351653916,-0.5707142767582696,0.2146428616208652,-0.3926785691895674,-0.6963392845947837,0.15183035770260817,0.575915178851304,0.7879575894256521,0.893978794712826,-0.05301060264358698,0.4734946986782065,-0.26325265066089676,-0.6316263253304484,-0.8158131626652242,0.0920934186673879,-0.4539532906663061,-0.726976645333153,-0.8634883226665765,-0.9317441613332882,-0.9658720806666441,0.017063959666677952,-0.491468020166661,0.2542659899166695,0.6271329949583347,-0.18643350252083263,0.4067832487395837,0.7033916243697919,0.8516958121848959,-0.07415209390755206,0.46292395304622397,-0.26853802347688804,0.365730988261556,0.682865494130778,-0.158567252934611,-0.5792836264673055,0.21035818676634727,0.6051790933831737,0.8025895466915869,0.9012947733457934,-0.04935261332710328,0.47532369333644836,-0.2623381533317758,0.3688309233341121,-0.315584538332944,-0.6577922691664719,0.17110386541676403,-0.414448067291618,0.292775966354191,-0.3536120168229045,-0.6768060084114522,0.1615969957942739,0.580798497897137,-0.2096007510514315,0.39519962447428425,0.6975998122371421,-0.15120009388142897,-0.5756000469407145,-0.7878000234703573,-0.8939000117351786,0.05304999413241068,-0.47347500293379463,-0.7367375014668973,0.13163124926655134,0.5658156246332757,-0.21709218768336214,0.39145390615831893,0.6957269530791594,-0.15213652346042028,0.42393173826978986,-0.2880341308651051,0.35598293456744745,-0.3220085327162763,0.33899573364186186,0.6694978668209309,0.8347489334104654,0.9173744667052327,-0.04131276664738365,-0.5206563833236918,-0.7603281916618458,0.11983590416907708,0.5599179520845385,-0.22004102395773073,0.38997948802113463,0.6949897440105673,0.8474948720052837,0.9237474360026419,-0.03812628199867907,0.48093685900066047,0.7404684295003302,0.8702342147501652,0.9351171073750826,0.9675585536875413,0.9837792768437706,0.9918896384218854,-0.004055180789057311,-0.5020275903945286,-0.7510137951972643,-0.8755068975986322,-0.9377534487993161,0.03112327560034195,-0.48443836219982905,0.2577808189000855,0.6288904094500427,0.8144452047250214,-0.09277739763748932,0.45361130118125537,0.7268056505906277,0.8634028252953139,-0.06829858735234307,0.46585070632382847,-0.2670746468380858,0.3664626765809571,0.6832313382904786,-0.15838433085476072,0.4208078345726196,0.7104039172863098,-0.1447980413568451,0.4276009793215775,-0.28619951033921126,0.3569002448303944,-0.3215498775848028,-0.6607749387924013,0.16961253060379933,0.5848062653018997,0.7924031326509499,0.896201566325475,-0.05189921683726251,0.47405039158136875,-0.2629748042093156,-0.6314874021046578,-0.815743701052329,0.09212814947383552,-0.45393592526308224,0.2730320373684589,-0.36348398131577053,0.31825800934211473,0.6591290046710574,-0.1704354976644713,0.41478225116776435,0.7073911255838822,-0.1463044372080589,0.42684778139597057,-0.2865761093020147,0.35671194534899264,0.6783559726744963,0.8391779863372482,-0.08041100683137592,0.45979449658431204,0.729897248292156,-0.13505137585392202,0.432474312073039,-0.2837628439634805,0.35811857801825975,-0.3209407109908701,0.3395296445045649,0.6697648222522825,0.8348824111261413,0.9174412055630706,0.9587206027815354,0.9793603013907677,0.9896801506953838,-0.005159924652308079,0.49742003767384596,-0.251289981163077,0.3743550094184615,0.6871775047092308,0.8435887523546154,0.9217943761773078,0.9608971880886539,0.9804485940443269,0.9902242970221635,-0.004887851488918238,0.4975560742555409,0.7487780371277705,-0.12561098143611477,-0.5628054907180574,-0.7814027453590286,0.10929862732048568,-0.44535068633975716,0.2773246568301214,0.6386623284150608,-0.18066883579246962,-0.5903344178962349,-0.7951672089481174,0.10241639552594128,-0.44879180223702936,-0.7243959011185147,0.13780204944074265,0.5689010247203713,-0.21554948763981435,-0.6077747438199071,0.19611262809004643,-0.40194368595497676,-0.7009718429774884,0.1495140785112558,-0.42524296074437207,0.28737851962781397,0.643689259813907,0.8218446299069535,0.9109223149534768,0.9554611574767384,-0.022269421261630784,-0.5111347106308154,-0.7555673553154076,0.12221632234229618,-0.4388918388288519,0.2805540805855741,0.6402770402927871,0.8201385201463935,-0.08993073992680323,0.4550346300365984,0.7275173150182992,-0.1362413424908504,0.4318793287545748,-0.2840603356227126,0.3579698321886437,-0.3210150839056781,0.33949245804716094,0.6697462290235805,0.8348731145117902,0.9174365572558951,0.9587182786279476,0.9793591393139738,0.9896795696569869,-0.005160215171506555,0.4974198924142467,-0.2512900537928766,0.3743549731035617,0.6871774865517808,0.8435887432758904,-0.0782056283620548,0.4608971858189726,0.7304485929094863,0.8652242964547432,-0.0673878517726284,-0.5336939258863143,-0.7668469629431571,0.11657651852842144,-0.4417117407357893,0.27914412963210533,-0.36042793518394733,0.31978603240802633,0.6598930162040132,0.8299465081020065,0.9149732540510033,-0.042513372974498365,0.4787433135127508,0.7393716567563754,-0.1303141716218123,0.4348429141890938,0.717421457094547,-0.14128927145272652,0.42935536427363674,0.7146776821368184,0.8573388410684092,-0.07133057946579541,0.46433471026710227,0.7321673551335511,0.8660836775667755,0.9330418387833878,-0.03347908060830612,0.48326045969584697,0.7416302298479235,-0.12918488507603826,0.4354075574619809,-0.28229622126900955,0.3588518893654952,-0.32057405531725236,-0.6602870276586261,-0.8301435138293131,-0.9150717569146565,0.04246412154267176,-0.4787679392286641,0.26061603038566794,-0.36969198480716603,0.315154007596417,0.6575770037982085,-0.17121149810089575,-0.5856057490504478,0.2071971254747761,0.6035985627373881,0.801799281368694,0.900899640684347,0.9504498203421735,-0.024775089828913244,0.4876124550855434,0.7438062275427717,-0.12809688622861415,0.4359515568856929,-0.28202422155715356,0.3589878892214232,-0.3205060553892884,0.3397469723053558,0.6698734861526778,0.8349367430763389,0.9174683715381695,0.9587341857690848,0.9793670928845424,0.9896835464422712,-0.005158226778864405,0.4974208866105678,0.7487104433052839,-0.12564477834735804,0.437177610826321,-0.2814111945868395,0.35929440270658025,0.6796472013532902,0.8398236006766451,-0.08008819966167746,0.45995590016916127,0.7299779500845807,0.8649889750422903,-0.06750551247885483,0.4662472437605726,0.7331236218802863,0.8665618109401432,-0.06671909452992841,0.4666404527350358,-0.2666797736324821,0.36666011318375896,-0.3166699434081205,0.34166502829593975,0.6708325141479698,0.8354162570739849,-0.08229187146300754,-0.5411459357315038,0.2294270321342481,0.614713516067124,0.807356758033562,-0.096321620983219,-0.5481608104916095,0.22591959475419526,-0.3870402026229024,-0.6935201013114511,0.15323994934427443,-0.4233800253278628,-0.7116900126639314,0.1441549936680343,0.5720774968340172,0.7860387484170086,0.8930193742085043,0.9465096871042522,-0.026745156447873897,0.48662742177606305,0.7433137108880316,-0.12834314455598422,0.4358284277220079,-0.28208578613899604,0.358957106930502,-0.320521446534749,0.3397392767326255,0.6698696383663127,0.8349348191831564,0.9174674095915782,0.9587337047957891,-0.02063314760210544,0.4896834261989473,-0.25515828690052633,0.37242085654973683,0.6862104282748684,-0.15689478586256578,0.4215526070687171,-0.28922369646564144,0.3553881517671793,0.6776940758835897,0.8388470379417948,-0.08057648102910259,0.45971175948544873,-0.27014412025727563,0.3649279398713622,-0.3175360300643189,0.3412319849678406,0.6706159924839203,-0.16469200375803983,-0.5823460018790199,-0.7911730009395099,-0.895586500469755,0.05220674976512252,-0.47389662511743874,0.2630516874412806,0.6315258437206404,-0.18423707813967982,0.4078814609301601,0.70394073046508,-0.14802963476746,0.42598518261627,-0.28700740869186503,0.3564962956540675,-0.32175185217296626,0.33912407391351684,0.6695620369567584,0.8347810184783793,-0.08260949076081037,0.4586952546195948,-0.2706523726902026,0.3646738136548987,-0.31766309317255065,0.3411684534137247,-0.32941577329313765,0.3352921133534312,0.6676460566767156,-0.1661769716616422,-0.5830884858308211,0.20845575708458947,-0.39577212145770524,-0.6978860607288526,-0.8489430303644263,0.07552848481778685,0.5377642424088934,-0.2311178787955533,-0.6155589393977766,0.1922205303011117,0.5961102651505559,-0.20194486742472206,-0.600972433712361,0.1995137831438195,-0.40024310842809024,-0.7001215542140451,-0.8500607771070225,0.07496961144648873,-0.46251519427675564,0.2687424028616222,-0.3656287985691889,0.3171856007154056,0.6585928003577028,0.8292964001788514,0.9146482000894257,-0.042675899955287144,0.4786620500223564,0.7393310250111782,0.8696655125055891,-0.06516724374720545,0.46741637812639725,0.7337081890631987,-0.13314590546840066,0.43342704726579967,-0.28328647636710014,0.35835676181644993,-0.32082161909177503,0.3395891904541125,0.6697945952270563,0.8348972976135282,0.9174486488067641,0.9587243244033821,0.979362162201691,-0.010318918899154483,0.49484054055042276,-0.2525797297247886,0.3737101351376057,-0.3131449324311971,-0.6565724662155985,0.17171376689220075,0.5858568834461004,0.7929284417230502,-0.10353577913847489,0.44823211043076255,0.7241160552153812,-0.13794197239230938,0.4310290138038453,0.7155145069019226,0.8577572534509613,-0.07112137327451934,0.46443931336274036,-0.2677803433186298,0.36610982834068506,0.6830549141703426,0.8415274570851713,-0.07923627145741435,0.4603818642712928,0.7301909321356463,0.8650954660678232,-0.06745226696608841,0.4662738665169558,0.7331369332584778,0.8665684666292389,-0.06671576668538054,0.4666421166573097,0.7333210583286549,0.8666605291643275,-0.06666973541783627,0.46666513229108186,0.733332566145541,-0.1333337169272295,-0.5666668584636148,-0.7833334292318074,-0.8916667146159036,0.054166642692048184,0.5270833213460241,0.7635416606730121,0.881770830336506,0.9408854151682531,-0.02955729241587346,0.48522135379206327,-0.25738932310396834,0.37130533844801583,-0.3143473307759921,-0.657173665387996,0.17141316730600198,0.585706583653001,0.7928532918265006,-0.10357335408674972,0.44821332295662514,0.7241066614783126,-0.1379466692608437,0.4310266653695781,-0.28448666731521094,0.35775666634239456,-0.3211216668288027,-0.6605608334144013,0.16971958329279935,0.5848597916463997,-0.20757010417680016,0.39621494791159995,-0.3018925260442,-0.6509462630221,0.17452686848895,0.587263434244475,-0.2063682828777625,0.3968158585611188,-0.3015920707194406,0.3492039646402797,-0.32539801767986015,0.33730099116006995,0.668650495580035,0.8343252477900175,0.9171626238950088,0.9585813119475044,-0.0207093440262478,-0.5103546720131239,-0.7551773360065619,0.12241133199671905,0.5612056659983595,-0.21939716700082024,-0.6096985835004101,0.19515070824979497,-0.4024246458751025,0.29878767706244874,0.6493938385312243,0.8246969192656122,-0.08765154036719391,0.45617422981640304,0.7280871149082015,0.8640435574541008,-0.06797822127294961,0.4660108893635252,0.7330054446817627,-0.13349727765911867,0.43325136117044066,-0.28337431941477964,0.3583128402926102,0.6791564201463051,0.8395782100731526,-0.0802108949634237,0.45989455251828815,0.7299472762591441,-0.13502636187042794,0.43248681906478603,0.7162434095323931,0.8581217047661965,-0.07093914761690173,0.46453042619154916,-0.2677347869042254,0.36613260654788726,0.6830663032739437,0.8415331516369718,0.920766575818486,-0.03961671209075701,-0.5198083560453786,-0.7599041780226893,0.12004791098865536,-0.4399760445056723,0.28001197774716385,0.640005988873582,0.820002994436791,0.9100014972183955,0.9550007486091978,0.9775003743045989,-0.011249812847700547,-0.5056249064238503,-0.7528124532119251,-0.8764062266059626,0.061796886697018716,0.5308984433485093,0.7654492216742547,0.8827246108371274,0.9413623054185637,0.9706811527092818,-0.014659423645359104,0.49267028817732045,-0.2536648559113398,0.3731675720443301,0.6865837860221651,0.8432918930110825,0.9216459465055413,0.9608229732527707,0.9804114866263853,0.9902057433131927,-0.004897128343403667,-0.5024485641717018,0.2487757179141491,-0.37561214104292545,0.3121939294785373,0.6560969647392687,0.8280484823696344,0.9140242411848172,-0.04298787940759141,-0.5214939397037957,-0.7607469698518978,0.11962651507405109,-0.44018674246297446,0.2799066287685128,0.6399533143842564,-0.1800233428078718,-0.5900116714039358,0.20499416429803208,-0.39750291785098396,0.30124854107450805,-0.349375729462746,0.325312135268627,-0.3373439323656865,0.33132803381715675,-0.33433598309142165,-0.6671679915457108,0.1664160042271446,-0.41679199788642773,0.29160400105678613,0.6458020005283931,0.8229010002641965,-0.08854949986790173,0.45572525006604914,0.7278626250330246,-0.13606868748348772,-0.5680343437417439,0.21598282812912806,-0.39200858593543597,0.303995707032282,-0.34800214648385897,0.3259989267580705,0.6629994633790353,-0.16850026831048237,0.4157498658447588,0.7078749329223795,0.8539374664611897,0.9269687332305949,-0.03651563338470254,-0.5182578166923513,-0.7591289083461756,-0.8795644541730878,-0.9397822270865439,0.030108886456728046,0.515054443228364,0.757527221614182,0.878763610807091,-0.06061819459645451,0.4696909027017727,0.7348454513508864,0.8674227256754432,0.9337113628377216,-0.0331443185811392,0.4834278407094304,-0.2582860796452848,0.3708569601773576,0.6854284800886787,-0.15728575995566063,0.4213571200221697,-0.28932143998891513,0.35533928000554243,0.6776696400027712,0.8388348200013855,0.9194174100006928,-0.040291294999653615,-0.5201456474998268,0.23992717625008658,0.6199635881250433,0.8099817940625216,-0.09500910296873921,0.4524954485156304,0.7262477242578151,0.8631238621289076,0.9315619310644538,0.9657809655322269,0.9828904827661135,0.9914452413830568,0.9957226206915284,0.9978613103457642,-0.0010693448271179018,-0.500534672413559,-0.7502673362067795,0.12486633189661023,0.5624331659483051,0.7812165829741525,0.8906082914870763,-0.05469585425646184,0.4726520728717691,-0.26367396356411543,0.3681630182179423,0.6840815091089711,0.8420407545544856,-0.07897962272275721,-0.5394898113613786,-0.7697449056806893,0.11512754715965534,0.5575637735798277,-0.22121811321008616,-0.610609056605043,-0.8053045283025215,-0.9026522641512608,-0.9513261320756303,0.024336933962184837,0.5121684669810924,-0.2439157665094538,-0.6219578832547269,-0.8109789416273634,-0.9054894708136817,0.04725526459315915,-0.4763723677034204,0.2618138161482898,-0.3690930919258551,0.3154534540370725,0.6577267270185363,0.8288633635092681,-0.08556831824536593,0.45721584087731704,-0.2713920795613415,0.36430396021932926,0.6821519801096646,-0.1589240099451677,0.4205379950274162,0.7102689975137081,0.8551344987568541,-0.07243275062157295,0.4637836246892135,0.7318918123446068,0.8659459061723034,0.9329729530861517,0.9664864765430758,0.9832432382715379,-0.008378380864231039,0.4958108095678845,-0.25209459521605776,0.3739527023919711,0.6869763511959855,-0.15651182440200723,-0.5782559122010036,0.2108720438994982,0.6054360219497491,0.8027180109748746,0.9013590054874373,0.9506795027437187,-0.024660248628140646,0.4876698756859297,0.7438349378429648,0.8719174689214824,-0.06404126553925882,-0.5320206327696294,-0.7660103163848146,0.11699484180759268,0.5584974209037963,-0.22075128954810186,0.38962435522594907,0.6948121776129745,0.8474060888064873,0.9237030444032437,-0.038148477798378155,0.4809257611008109,-0.25953711944959457,0.3702314402752027,0.6851157201376014,0.8425578600688006,-0.07872106996559969,-0.5393605349827999,0.23031973250860005,-0.3848401337457,0.30757993312715004,-0.346210033436425,-0.6731050167182124,-0.8365525083591062,0.08172374582044689,0.5408618729102235,-0.22956906354488826,-0.6147845317724441,0.19260773411377796,0.596303867056889,0.7981519335284445,-0.10092403323577775,0.44953798338211115,-0.2752310083089444,-0.6376155041544722,-0.8188077520772361,0.09059612396138195,-0.454701938019309,0.2726490309903455,0.6363245154951728,0.8181622577475864,0.9090811288737932,0.9545405644368966,0.9772702822184482,-0.011364858890775875,0.49431757055461206,-0.25284121472269394,-0.626420607361347,0.18678969631932651,-0.40660515184033674,-0.7033025759201683,-0.8516512879600842,0.07417435601995792,-0.46291282199002104,0.2685435890049895,0.6342717945024947,-0.18286410274875264,-0.5914320513743763,-0.7957160256871881,-0.897858012843594,0.051070993578202994,-0.4744645032108985,-0.7372322516054493,0.13138387419727537,-0.4343080629013623,0.28284596854931887,0.6414229842746595,0.8207114921373297,-0.08964425393133513,-0.5448221269656676,-0.7724110634828338,-0.8862055317414169,0.05689723412929154,0.5284486170646457,0.7642243085323228,0.8821121542661614,-0.058943922866919296,-0.5294719614334596,-0.7647359807167298,0.11763200964163512,0.5588160048208175,0.7794080024104088,-0.11029599879479562,-0.5551479993973978,0.2224260003013011,0.6112130001506506,-0.1943934999246747,-0.5971967499623374,-0.7985983749811687,0.10070081250941565,0.5503504062547078,-0.22482479687264612,0.38758760156367694,0.6937938007818385,-0.15310309960908075,0.4234484501954596,-0.2882757749022702,0.3558621125488649,0.6779310562744325,-0.16103447186278375,0.4194827640686081,-0.29025861796569596,0.354870691017152,0.677435345508576,0.838717672754288,-0.080641163622856,0.459679418188572,0.729839709094286,0.864919854547143,-0.06754007272642848,-0.5337700363632143,0.23311498181839285,-0.3834425090908036,0.3082787454545982,0.654139372727299,-0.17293031363635047,0.41353484318182476,0.7067674215909123,-0.14661628920454384,0.4266918553977281,0.7133459276988641,-0.14332703615056797,0.428336481924716,0.714168240962358,-0.142915879518821,0.4285420602405895,0.7142710301202948,-0.1428644849398526,0.4285677575300737,-0.28571612123496315,-0.6428580606174816,-0.8214290303087408,0.08928548484562959,-0.4553572575771852,0.2723213712114074,0.6361606856057037,-0.18191965719714814,0.4090401714014259,0.704520085700713,-0.1477399571496435,0.42613002142517825,0.7130650107125891,-0.14346749464370545,0.4282662526781473,0.7141331263390737,-0.14293343683046317,-0.5714667184152316,0.21426664079238422,0.6071333203961922,0.8035666601980961,-0.09821666990095196,-0.549108334950476,-0.774554167475238,-0.8872770837376189,-0.9436385418688095,-0.9718192709344047,0.014090364532797661,-0.49295481773360117,0.2535225911331994,0.6267612955665998,0.8133806477832999,0.9066903238916499,0.953345161945825,-0.023327419027087515,-0.5116637095135438,0.2441681452432281,-0.377915927378386,-0.6889579636891929,-0.8444789818445965,0.07776050907770177,0.5388802545388509,-0.23055987273057454,0.38472006363471273,0.6923600318173564,-0.1538199840913218,-0.5769099920456608,0.21154500397716958,-0.3942274980114152,0.3028862509942924,-0.3485568745028538,0.3257215627485731,0.6628607813742866,0.8314303906871433,0.9157151953435716,0.9578575976717858,0.9789287988358929,0.9894643994179464,-0.005267800291026803,-0.5026339001455133,0.24868304992724333,0.6243415249636217,0.8121707624818109,0.9060853812409054,-0.046957309379547285,0.4765213453102264,0.7382606726551132,-0.1308696636724434,0.4345651681637783,0.7172825840818892,-0.14135870795905542,-0.5706793539795277,-0.7853396769897638,0.1073301615051181,0.553665080752559,0.7768325403762795,-0.11158372981186027,0.44420813509406987,0.7221040675470349,0.8610520337735175,0.9305260168867587,-0.03473699155662063,0.48263150422168966,0.7413157521108449,-0.12934212394457756,0.4353289380277112,-0.2823355309861444,0.3588322345069278,0.6794161172534638,-0.16029194137326808,0.41985402931336596,-0.29007298534331705,-0.6450364926716585,0.17748175366417074,-0.41125912316791463,-0.7056295615839573,0.14718521920802136,0.5735926096040107,-0.21320369519799465,0.3933981524010027,0.6966990762005013,-0.15165046189974934,-0.5758252309498747,0.21208738452506265,0.6060436922625313,0.8030218461312657,-0.09848907693436715,0.4507554615328164,0.7253777307664082,-0.1373111346167959,-0.568655567308398,0.21567221634580103,-0.3921638918270995,-0.6960819459135498,0.15195902704322511,-0.4240204864783874,-0.7120102432391937,0.14399487838040315,-0.4280025608097984,-0.7140012804048992,-0.8570006402024496,-0.9285003201012247,0.03574983994938763,0.5178749199746938,-0.2410625400126531,0.3794687299936734,0.6897343649968367,-0.15513281750158164,-0.5775664087507908,0.2112167956246046,0.6056083978123024,-0.19719580109384882,-0.5985979005469244,-0.7992989502734622,0.1003505248632689,0.5501752624316345,0.7750876312158173,-0.11245618439209137,0.4437719078039543,0.7218859539019772,-0.1390570230490114,-0.5695285115245057,-0.7847642557622528,-0.8923821278811264,-0.9461910639405632,-0.9730955319702816,-0.9865477659851408,0.006726117007429588,-0.49663694149628523,0.2516815292518574,0.6258407646259287,-0.18707961768703563,0.4064601911564822,0.7032300955782411,-0.14838495221087944,0.4258075238945603,0.7129037619472801,-0.14354811902635994,-0.5717740595131799,0.21411297024341003,0.6070564851217051,0.8035282425608525,-0.09823587871957373,0.45088206064021313,0.7254410303201065,-0.13727948483994673,0.4313602575800266,0.7156801287900133,-0.14215993560499335,0.4289200321975033,-0.28553998390124835,0.3572300080493758,0.6786150040246879,0.8393075020123439,-0.08034624899382803,0.459826875503086,0.729913437751543,0.8649567188757715,0.9324783594378858,0.9662391797189429,0.9831195898594715,0.9915597949297357,-0.004220102535132164,-0.502110051267566,0.248944974366217,0.6244724871831084,0.8122362435915542,-0.09388187820422289,-0.5469409391021114,0.2265295304489443,-0.38673523477552785,-0.6933676173877639,0.15331619130611807,-0.42334190434694097,0.2883290478265295,-0.35583547608673527,0.32208226195663237,0.6610411309783162,-0.1694794345108419,0.41526028274457905,0.7076301413722895,0.8538150706861447,-0.07309246465692765,0.4634537676715362,-0.2682731161642319,0.36586344191788406,-0.31706827904105794,-0.658534139520529,0.17073293023973551,-0.4146335348801322,0.2926832325599339,0.6463416162799669,-0.17682919186001655,0.4115854040699917,-0.2942072979650041,0.35289635101749794,0.676448175508749,-0.16177591224562549,0.41911204387718726,0.7095560219385937,0.8547780109692968,0.9273890054846484,-0.03630549725767579,-0.5181527486288379,-0.7590763743144189,0.12046181284279056,0.5602309064213953,0.7801154532106976,-0.10994227339465118,-0.5549711366973256,-0.7774855683486628,0.11125721582566861,-0.4443713920871657,0.27781430395641715,-0.3610928480217914,0.3194535759891043,0.6597267879945521,0.829863393997276,0.9149316969986381,-0.04253415150068096,0.4787329242496595,0.7393664621248297,-0.13031676893758515,0.4348416155312074,0.7174208077656037,-0.14128959611719816,-0.5706447980585991,0.21467760097070043,0.6073388004853502,0.8036694002426751,0.9018347001213376,0.9509173500606688,0.9754586750303345,-0.012270662484832773,0.4938646687575836,0.7469323343787918,0.873466167189396,-0.06326691640530202,0.468366541797349,0.7341832708986745,-0.13290836455066274,0.4335458177246686,0.7167729088623342,0.8583864544311671,0.9291932272155836,-0.03540338639220819,0.4822983068038959,0.741149153401948,-0.129425423299026,0.435287288350487,0.7176436441752435,0.8588218220876218,-0.0705890889561891,0.46470545552190545,-0.2676472722390473,-0.6338236361195236,0.18308818194023818,-0.40845590902988094,0.29577204548505953,0.6478860227425298,-0.1760569886287351,0.41197150568563246,0.7059857528428162,0.8529928764214081,0.926496438210704,0.963248219105352,0.981624109552676,-0.009187945223662008,0.49540602738816897,0.7477030136940845,-0.12614849315295773,0.43692575342352113,0.7184628767117606,0.8592314383558803,-0.07038428082205983,0.4648078595889701,-0.26759607020551496,0.36620196489724255,0.6831009824486213,-0.15844950877568936,0.4207752456121553,0.7103876228060777,0.8551938114030389,0.9275969057015194,-0.03620154714924029,0.48189922642537986,0.7409496132126899,-0.12952519339365504,-0.5647625966968275,0.21761870165158625,0.6088093508257931,0.8044046754128966,0.9022023377064483,0.9511011688532242,0.9755505844266121,0.9877752922133061,-0.006112353893346967,0.4969438230533265,0.7484719115266633,-0.12576404423666837,0.43711797788166584,0.7185589889408329,-0.14072050552958354,-0.5703602527647917,0.21481987361760413,-0.39259006319119794,-0.6962950315955989,0.15185248420220054,0.5759262421011002,-0.2120368789494499,0.39398156052527505,0.6969907802626375,-0.15150460986868125,-0.5757523049343406,-0.7878761524671702,0.10606192376641488,0.5530309618832074,-0.22348451905839628,0.38825774047080186,-0.30587112976459907,0.34706443511770046,0.6735322175588503,0.8367661087794251,0.9183830543897126,0.9591915271948563,0.9795957635974282,0.9897978817987141,-0.005101059100642957,-0.5025505295503214,-0.7512752647751607,0.12436236761241964,-0.43781881619379015,-0.7189094080968951,-0.8594547040484475,0.07027264797577626,-0.46486367601211187,-0.7324318380060559,-0.866215919003028,0.06689204049848602,-0.46655397975075696,0.2667230101246215,-0.36663849493768924,-0.6833192474688446,0.15834037626557768,0.5791701881327889,0.7895850940663944,-0.10520745296680278,-0.5526037264834014,0.2236981367582993,0.6118490683791497,0.8059245341895749,-0.09703773290521256,0.4514811335473937,0.7257405667736969,-0.13712971661315154,0.43143514169342423,-0.2842824291532879,0.35785878542335603,0.678929392711678,-0.16053530364416102,0.4197323481779195,-0.29013382591104026,0.3549330870444799,0.67746654352224,0.83873327176112,-0.08063336411944,0.45968331794028,-0.27015834102986,0.36492082948507,0.682460414742535,0.8412302073712675,-0.07938489631436624,-0.5396924481571831,-0.7698462240785915,0.11507688796070425,0.5575384439803521,0.7787692219901761,0.889384610995088,-0.055307694502455984,-0.527653847251228,-0.763826923625614,0.118086538187193,0.5590432690935965,0.7795216345467982,-0.11023918272660088,0.44488040863669953,0.7224402043183498,0.8612201021591749,-0.06938994892041256,0.4653050255397937,0.7326525127698968,-0.13367374361505158,0.4331631281924742,-0.2834184359037629,0.35829078204811854,0.6791453910240592,-0.16042730448797038,0.4197863477560148,0.7098931738780074,0.8549465869390037,0.9274732934695018,0.9637366467347509,0.9818683233673755,0.9909341616836878,0.9954670808418439,-0.0022664595790780617,0.498866770210461,-0.2505666148947695,0.37471669255261525,0.6873583462763077,0.8436791731381539,-0.07816041343092306,-0.5390802067154615,0.23045989664226924,-0.38477005167886535,0.3076149741605673,0.6538074870802837,0.8269037435401418,0.9134518717700709,0.9567259358850355,0.9783629679425178,0.9891814839712589,0.9945907419856295,-0.0027046290071852663,-0.5013523145035926,0.24932384274820368,0.6246619213741018,0.8123309606870509,-0.09383451965647455,-0.5469172598282372,0.22654137008588138,0.6132706850429407,-0.19336465747852966,0.40331767126073514,0.7016588356303676,-0.14917058218481621,0.4254147089075919,-0.28729264554620404,0.356353677226898,0.678176838613449,-0.1609115806932755,-0.5804557903466377,0.20977210482668113,0.6048860524133406,0.8024430262066703,0.9012215131033352,-0.0493892434483324,-0.5246946217241661,0.23765268913791693,0.6188263445689585,0.8094131722844793,0.9047065861422396,0.9523532930711198,-0.02382335346444009,0.48808832326777996,0.74404416163389,0.872022080816945,-0.0639889595915275,0.46800552020423625,0.7340027601021182,0.8670013800510591,-0.06649930997447046,0.4667503450127648,-0.2666248274936176,0.3666875862531912,0.6833437931265955,-0.15832810343670223,0.4208359482816489,0.7104179741408244,-0.1447910129295878,0.42760449353520613,-0.28619775323239693,0.35690112338380153,-0.32154943830809923,0.3392252808459504,0.6696126404229752,0.8348063202114876,-0.0825968398942562,-0.5412984199471281,0.22935079002643594,0.614675395013218,0.807337697506609,-0.0963311512466955,0.4518344243766522,0.7259172121883262,-0.13704139390583692,-0.5685206969529184,0.2157396515235408,0.6078698257617704,0.8039349128808853,0.9019674564404426,0.9509837282202214,0.9754918641101107,-0.012254067944944658,0.49387296602752767,0.7469364830137638,0.873468241506882,0.936734120753441,-0.03163293962327951,-0.5158164698116398,-0.7579082349058199,-0.87895411745291,0.06052294127354502,-0.46973852936322746,-0.7348692646816137,0.13256536765919313,0.5662826838295966,0.7831413419147983,-0.10842932904260083,-0.5542146645213004,-0.7771073322606502,0.1114463338696749,-0.4442768330651625,-0.7221384165325813,0.13893079173370937,0.5694653958668547,0.7847326979334274,0.8923663489667137,0.9461831744833569,-0.026908412758321565,-0.5134542063791607,0.24327289681041964,-0.3783635515947902,0.3108182242026049,-0.3445908878986975,-0.6722954439493487,0.16385227802532565,-0.4180738609873372,-0.7090369304936686,-0.8545184652468343,0.07274076737658286,0.5363703836882914,0.7681851918441457,0.8840925959220729,-0.05795370203896355,-0.5289768510194818,0.2355115744902591,-0.3822442127548704,-0.6911221063774352,0.1544389468112824,0.5772194734056412,-0.21139026329717941,0.3943048683514103,-0.30284756582429484,-0.6514237829121474,-0.8257118914560737,-0.9128559457280369,0.04357202713598157,0.5217860135679908,0.7608930067839954,-0.1195534966080023,0.44022325169599885,0.7201116258479994,-0.13994418707600031,-0.5699720935380002,-0.7849860467690001,-0.8924930233845001,-0.94624651169225,-0.973123255846125,-0.9865616279230625,-0.9932808139615312,0.003359593019234386,0.5016797965096171,-0.24916010174519143,-0.6245800508725957,0.18770997456370214,-0.40614501271814896,-0.7030725063590745,0.14846374682046276,0.5742318734102314,-0.2128840632948843,0.39355796835255785,0.6967789841762789,-0.15161050791186054,0.4241947460440697,-0.28790262697796515,-0.6439513134889826,0.1780243432555087,-0.4109878283722457,-0.7054939141861228,0.14725304290693858,0.5736265214534693,-0.21318673927326537,0.3934066303633673,-0.30329668481831634,-0.6516483424091581,-0.8258241712045791,-0.9129120856022895,-0.9564560428011448,0.02177197859942759,-0.4891140107002862,-0.7445570053501431,0.12772149732492843,-0.4361392513375358,-0.7180696256687679,-0.8590348128343839,0.07048259358280806,-0.46475870320859597,-0.732379351604298,-0.866189675802149,-0.9330948379010745,-0.9665474189505372,0.016726290524731402,-0.4916368547376343,-0.7458184273688171,0.12709078631559145,0.5635453931577957,0.7817726965788978,-0.1091136517105511,-0.5545568258552755,-0.7772784129276378,0.11136079353618111,-0.44431960323190944,0.2778401983840453,-0.36107990080797736,-0.6805399504039886,0.1597300247980057,0.5798650123990028,-0.2100674938004986,0.3949662530997507,-0.3025168734501247,-0.6512584367250623,0.17437078163746883,0.5871853908187344,0.7935926954093673,0.8967963477046836,0.9483981738523418,-0.02580091307382909,-0.5129004565369145,-0.7564502282684573,-0.8782251141342287,0.06088744293288567,-0.4695562785335572,-0.7347781392667786,0.1326109303666107,0.5663054651833054,0.7831527325916527,-0.10842363370417363,-0.5542118168520869,0.22289409157395657,-0.3885529542130217,0.30572352289348914,-0.34713823855325543,-0.6735691192766278,0.16321544036168611,0.5816077201808431,0.7908038600904215,-0.10459806995478926,-0.5522990349773946,0.22385048251130268,-0.38807475874434866,-0.6940373793721744,-0.8470186896860872,-0.9235093448430436,0.038245327578478205,0.5191226637892391,-0.24043866810538045,-0.6202193340526903,-0.8101096670263451,0.09494516648682744,0.5474725832434137,-0.22626370837829313,-0.6131318541891466,-0.8065659270945733,0.09671703645271335,0.5483585182263566,0.7741792591131783,-0.11291037044341085,0.44354481477829455,-0.2782275926108527,0.36088620369457364,-0.31955689815271315,0.3402215509236434,-0.32988922453817826,0.33505538773091087,-0.3324723061345446,0.3337638469327277,0.6668819234663639,0.8334409617331819,0.916720480866591,-0.041639759566704515,-0.5208198797833523,0.23959006010832384,0.6197950300541619,-0.19010248497291904,-0.5950512424864596,0.2024743787567702,-0.3987628106216149,-0.6993814053108074,0.1503092973445963,-0.42484535132770185,0.2875773243361491,0.6437886621680745,-0.17810566891596274,-0.5890528344579814,0.2054735827710093,-0.3972632086144954,0.3013683956927523,-0.34931580215362384,-0.6746579010768119,0.16267104946159405,-0.418664475269203,0.2906677623653985,-0.35466611881730076,0.3226669405913496,-0.3386665297043252,0.3306667351478374,-0.3346666324260813,0.33266668378695935,-0.3336666581065203,0.33316667094673985,-0.3334166645266301,0.33329166773668495,-0.3333541661316575,0.33332291693417126,0.6666614584670856,-0.1666692707664572,0.4166653646167714,-0.2916673176916143,-0.6458336588458071,0.17708317057709644,-0.4114584147114518,0.29427079264427414,0.6471353963221371,0.8235676981610686,0.9117838490805343,0.9558919245402672,0.9779459622701336,0.9889729811350668,-0.00551350943246659,-0.5027567547162333,0.24862162264188337,-0.3756891886790583,-0.6878445943395292,0.15607770283023542,-0.4219611485848823,0.28901942570755884,0.6445097128537794,0.8222548564268897,0.9111274282134448,-0.04443628589327758,0.4777818570533612,0.7388909285266806,-0.1305545357366597,0.4347227321316701,-0.28263863393416494,-0.6413193169670824,-0.8206596584835413,-0.9103298292417706,0.04483508537911468,0.5224175426895573,-0.23879122865522134,-0.6193956143276107,0.19030219283619465,-0.4048489035819027,0.29757554820904863,-0.3512122258954757,-0.6756061129477379,-0.837803056473869,-0.9189015282369345,-0.9594507641184673,0.02027461794076635,-0.4898626910296168,0.25506865448519156,-0.3724656727574042,-0.6862328363787021,0.15688358181064893,-0.42155820909467556,0.2892208954526622,0.6446104477263311,-0.17769477613683443,-0.5888473880684172,0.2055763059657914,-0.3972118470171043,-0.6986059235085522,0.1506970382457239,0.575348519122862,0.787674259561431,0.8938371297807155,0.9469185648903578,-0.026540717554821125,-0.5132703587774106,-0.7566351793887053,-0.8783175896943527,-0.9391587948471763,0.030420602576411826,-0.4847896987117941,-0.7423948493558971,0.12880257532205147,-0.4355987123389743,0.28220064383051285,-0.35889967808474355,-0.6794498390423718,-0.8397249195211859,-0.9198624597605929,0.040068770119703556,0.5200343850598518,0.760017192529926,0.880008596264963,0.9400042981324814,-0.029997850933759285,-0.5149989254668796,0.24250053726656018,-0.3787497313667199,0.3106251343166401,0.65531256715832,0.82765628357916,0.9138281417895799,0.95691407089479,-0.021542964552605015,0.48922851772369746,-0.25538574113815127,0.37230712943092437,-0.3138464352845378,-0.6569232176422689,0.17153839117886555,0.5857691955894327,0.7928845977947163,-0.10355770110264184,0.4482211494486791,0.7241105747243395,-0.13794471263783026,-0.5689723563189151,-0.7844861781594575,-0.8922430890797288,-0.9461215445398644,0.026939227730067794,0.5134696138650339,-0.24326519306748307,-0.6216325965337415,-0.8108162982668707,-0.9054081491334354,0.047295925433282315,-0.47635203728335884,-0.7381760186416795,0.13091199067916026,-0.43454400466041987,0.28272799766979007,-0.35863600116510497,0.3206819994174475,0.6603409997087237,0.8301704998543619,0.9150852499271809,0.9575426249635904,-0.02122868751820478,0.4893856562408976,0.7446928281204488,0.8723464140602244,0.9361732070301122,0.9680866035150562,-0.015956698242471923,0.49202165087876404,0.746010825439382,-0.126994587280309,-0.5634972936401546,0.21825135317992272,0.6091256765899613,0.8045628382949807,-0.09771858085250967,-0.5488592904262548,-0.7744296452131274,0.1127851773934363,-0.44360741130328185,-0.7218037056516409,-0.8609018528258204,-0.9304509264129102,0.03477453679354492,0.5173872683967724,-0.2413063658016138,-0.6206531829008068,-0.8103265914504034,-0.9051632957252017,0.047418352137399145,-0.4762908239313004,0.2618545880343498,-0.3690727059828251,0.3154636470085874,0.6577318235042937,0.8288659117521469,-0.08556704412392657,-0.5427835220619632,0.22860823896901838,-0.3856958805154908,-0.6928479402577454,0.15357602987112728,0.5767880149355636,-0.21160599253221818,-0.6058029962661091,-0.8029014981330546,-0.9014507490665273,0.04927462546673633,0.5246373127333681,-0.23768134363331594,-0.6188406718166579,0.19057966409167104,-0.4047101679541645,0.29764491602291776,-0.3511775419885411,-0.6755887709942705,0.16220561450286475,-0.4188971927485676,0.2905514036257162,0.6452757018128581,0.822637850906429,0.9113189254532146,0.9556594627266073,0.9778297313633036,0.9889148656816518,0.9944574328408259,0.997228716420413,-0.0013856417897935014,-0.5006928208948968,-0.7503464104474484,0.12482679477627578,0.5624133973881379,0.7812066986940689,0.8906033493470344,0.9453016746735172,0.9726508373367586,0.9863254186683793,-0.006837290665810347,-0.5034186453329051,-0.7517093226664526,0.12414533866677369,-0.43792733066661316,-0.7189636653333066,0.1405181673333467,0.5702590836666733,-0.21487045816666334,0.3925647709166683,-0.30371761454166585,0.3481411927291671,-0.32592940363541645,-0.6629647018177083,-0.8314823509088541,-0.9157411754544271,0.04212941227278644,-0.4789352938636068,0.2605323530681966,0.6302661765340983,0.8151330882670491,-0.09243345586647544,0.4537832720667623,-0.27310836396661886,-0.6365541819833094,-0.8182770909916547,0.09086145450417266,-0.4545692727479137,0.27271536362604315,0.6363576818130215,-0.18182115909348923,0.40908942045325536,-0.2954552897733723,-0.6477276448866862,0.1761361775566569,0.5880680887783285,-0.20596595561083575,-0.6029829778054179,-0.8014914889027089,0.09925425554864553,0.5496271277743228,-0.22518643611283862,0.3874067819435807,0.6937033909717903,-0.15314830451410483,0.42342584774294756,0.7117129238714738,0.855856461935737,0.9279282309678685,0.9639641154839342,-0.018017942258032882,0.49099102887098356,0.7454955144354918,-0.1272522427822541,0.43637387860887294,0.7181869393044364,-0.14090653034778178,0.4295467348261091,-0.28522663258694547,0.35738668370652726,0.6786933418532637,0.8393466709266318,-0.08032666453668408,0.459836667731658,-0.270081666134171,-0.6350408330670855,0.18247958346645726,-0.4087602082667714,0.2956198958666143,-0.35219005206669285,0.3239049739666536,0.6619524869833268,-0.16902375650833662,-0.5845118782541683,-0.7922559391270841,0.10387203043645793,-0.448063984781771,-0.7240319923908856,-0.8620159961954428,-0.9310079980977214,-0.9655039990488608,0.017248000475569625,-0.4913759997622152,0.25431200011889243,0.6271560000594463,-0.18642199997027686,0.40678900001486157,-0.29660549999256924,-0.6483027499962846,-0.8241513749981423,0.08792431250092886,0.5439621562504644,-0.2280189218747678,-0.6140094609373838,-0.8070047304686919,0.09649763476565404,0.548248817382827,-0.22587559130858648,0.38706220434570676,-0.3064688978271466,-0.6532344489135733,-0.8266172244567866,0.08669138777160668,-0.45665430611419666,0.27167284694290167,0.6358364234714509,-0.18208178826427457,-0.5910408941321372,-0.7955204470660686,-0.8977602235330343,0.051119888233482846,0.5255599441167415,-0.23722002794162927,-0.6186100139708146,0.1906949930145927,0.5953474965072963,0.7976737482536482,-0.10116312587317589,-0.550581562936588,0.224709218531706,-0.387645390734147,-0.6938226953670735,-0.8469113476835368,0.07654432615823159,0.5382721630791159,-0.23086391846044207,-0.6154319592302211,-0.8077159796151105,0.09614201019244473,-0.45192899490377764,-0.7259644974518888,-0.8629822487259444,-0.9314911243629722,0.034254437818513894,-0.48287278109074305,0.2585636094546285,-0.3707181952726858,0.3146409023636571,0.6573204511818286,-0.1713397744090857,-0.5856698872045428,-0.7928349436022715,-0.8964174718011357,-0.9482087359005679,0.025895632049716066,-0.48705218397514194,0.25647390801242903,0.6282369540062145,-0.18588152299689276,0.4070592385015536,0.7035296192507768,0.8517648096253885,0.9258824048126942,0.9629412024063471,0.9814706012031735,-0.009264699398413234,-0.5046323496992067,-0.7523161748496033,0.12384191257519833,0.5619209562875992,-0.2190395218562004,0.39048023907189977,-0.3047598804640501,-0.6523799402320251,-0.8261899701160125,0.08690501494199376,0.5434525074709968,-0.2282737462645016,-0.6141368731322507,0.19293156343387463,-0.4035342182830627,0.29823289085846866,-0.3508835545707657,0.32455822271461715,-0.33772088864269145,-0.6688604443213457,0.16556977783932714,0.5827848889196636,-0.2086075555401682,0.3956962222299159,-0.3021518888850421,-0.651075944442521,0.17446202777873948,-0.4127689861106303,0.29361550694468486,-0.35319224652765757,-0.6765961232638288,0.1617019383680856,0.5808509691840428,0.7904254845920213,0.8952127422960107,-0.05239362885199467,0.4738031855740027,-0.26309840721299865,-0.6315492036064994,0.18422539819675032,-0.40788730090162484,0.2960563495491876,-0.3519718252254062,0.32401408738729687,0.6620070436936485,-0.16899647815317576,0.4155017609234121,0.7077508804617061,0.853875440230853,-0.07306227988457348,0.46346886005771326,-0.26826556997114337,0.3658672150144283,-0.31706639249278584,-0.658533196246393,-0.8292665981231965,0.08536670093840176,0.5426833504692009,-0.22865832476539955,-0.6143291623826997,-0.8071645811913499,-0.903582290595675,-0.9517911452978375,-0.9758955726489187,0.012052213675540657,-0.49397389316222967,-0.7469869465811149,-0.8734934732905575,0.06325326335472126,0.5316266316773606,-0.2341866841613197,-0.6170933420806599,-0.80854667104033,-0.904273335520165,-0.9521366677600824,0.023931666119958783,0.5119658330599794,-0.24401708347001028,0.37799145826499486,0.6889957291324974,-0.1555021354337513,-0.5777510677168757,-0.7888755338584379,0.10556223307078105,0.5527811165353905,-0.22360944173230474,-0.6118047208661523,0.19409763956692383,-0.4029511802165381,0.29852440989173096,-0.3507377950541345,0.32463110247293275,0.6623155512364663,-0.16884222438176683,0.41557888780911656,0.7077894439045582,-0.1461052780477209,0.42694736097613956,-0.2865263195119302,0.3567368402440349,-0.3216315798779825,0.33918421006100874,0.6695921050305044,-0.16520394748474782,0.4173980262576261,-0.29130098687118694,0.35434950656440656,0.6771747532822032,-0.1614126233588984,0.4192936883205508,0.7096468441602755,-0.14517657791986227,0.42741171104006886,-0.2862941444799656,-0.6431470722399828,0.1784264638800086,0.5892132319400043,0.7946066159700022,0.897303307985001,-0.05134834600749949,-0.5256741730037497,0.23716291349812513,-0.38141854325093744,-0.6907092716254687,-0.8453546358127344,-0.9226773179063672,0.0386613410468164,0.5193306705234082,0.7596653352617041,0.8798326676308521,-0.06008366618457395,0.469958166907713,-0.26502091654614346,-0.6325104582730717,0.18374477086346414,-0.40812761456826796,-0.704063807284134,0.147968096357933,-0.42601595182103347,-0.7130079759105168,0.1434960120447416,-0.4282519939776292,-0.7141259969888146,0.1429370015055927,-0.4285314992472037,-0.7142657496236018,0.1428671251881991,0.5714335625940996,-0.2142832187029502,0.3928583906485249,-0.30357080467573755,0.34821459766213125,-0.3258927011689344,0.33705364941553284,0.6685268247077665,0.8342634123538832,0.9171317061769416,0.9585658530884709,0.9792829265442354,0.9896414632721178,-0.005179268363941114,-0.5025896341819706,0.24870518290901472,-0.3756474085454926,-0.6878237042727463,0.15608814786362685,-0.42195592606818655,-0.7109779630340933,0.14451101848295334,0.5722555092414767,-0.21387224537926164,-0.6069361226896308,-0.8034680613448154,-0.9017340306724078,-0.9508670153362039,-0.975433507668102,0.012283246165949002,0.5061416230829745,-0.24692918845851275,0.3765354057707436,0.6882677028853719,0.8441338514426859,0.922066925721343,-0.038966537139328516,-0.5194832685696642,-0.7597416342848321,-0.8798708171424161,-0.939935408571208,-0.9699677042856041,-0.984983852142802,0.0075080739285989795,-0.4962459630357005,0.2518770184821497,-0.37406149075892514,-0.6870307453794626,0.1564846273102687,-0.42175768634486566,0.28912115682756717,0.6445605784137836,-0.17771971079310822,0.4111401446034459,-0.294429927698277,-0.6472149638491385,-0.8236074819245692,-0.9118037409622846,0.04409812951885772,-0.47795093524057114,0.26102453237971446,-0.36948773381014277,0.3152561330949286,0.6576280665474643,-0.17118596672626785,0.4144070166368661,-0.29279649168156696,0.3536017541592165,-0.32319912292039177,-0.6615995614601959,0.16920021926990203,-0.415399890365049,0.2923000548174755,-0.3538499725912623,0.32307501370436886,-0.33846249314781557,-0.6692312465739078,-0.8346156232869539,-0.917307811643477,0.04134609417826152,0.5206730470891308,0.7603365235445654,0.8801682617722827,0.9400841308861414,-0.0299579345569293,-0.5149789672784646,-0.7574894836392323,0.12125525818038385,-0.4393723709098081,0.28031381454509596,-0.359843092727452,0.32007845363627396,-0.339960773181863,-0.6699803865909315,0.16500980670453425,-0.4174950966477329,0.29125245167613356,0.6456262258380667,0.8228131129190334,-0.08859344354048332,0.4557032782297583,0.7278516391148792,-0.13607418044256042,-0.5680370902212802,0.21598145488935988,0.60799072744468,0.80399536372234,-0.09800231813882998,0.450998840930585,-0.2745005795347075,0.36274971023264624,-0.3186251448836769,0.34068742755816156,0.6703437137790808,-0.16482814311045962,-0.5824140715552298,-0.7912070357776149,0.10439648211119257,0.5521982410555963,0.7760991205277982,-0.11195043973610092,0.44402478013194957,-0.2779876099340252,0.36100619503298736,-0.3194969024835063,-0.6597484512417532,-0.8298742256208766,0.08506288718956168,-0.45746855640521916,0.2712657217973904,-0.3643671391013048,-0.6821835695506524,0.1589082152246738,-0.4205458923876631,0.2897270538061685,-0.35513647309691576,-0.6775682365484579,-0.8387841182742289,0.08060794086288553,0.5403039704314427,-0.22984801478427863,0.3850759926078607,0.6925379963039303,0.8462689981519651,-0.07686550092401745,-0.5384327504620088,-0.7692163752310044,-0.8846081876155022,0.0576959061922489,0.5288479530961244,-0.2355760234519378,0.38221198827403113,0.6911059941370156,-0.15444700293149222,-0.5772235014657461,0.21138824926712696,-0.3943058753664365,-0.6971529376832183,0.15142353115839086,-0.42428823442080454,0.28785588278959773,0.6439279413947989,0.8219639706973995,-0.08901801465130027,-0.5445090073256501,0.22774549633717495,-0.3861272518314125,0.30693637408429375,0.6534681870421468,0.8267340935210734,-0.0866329532394633,0.45668352338026835,0.7283417616901342,0.8641708808450671,0.9320854404225336,0.9660427202112668,0.9830213601056335,-0.008489319947183271,0.49575534002640836,0.7478776700132042,-0.12606116499339792,-0.563030582496699,-0.7815152912483495,0.10924235437582525,0.5546211771879126,-0.2226894114060437,-0.6113447057030219,0.19432764714848905,-0.4028361764257555,-0.7014180882128778,-0.8507090441064389,-0.9253545220532194,-0.9626772610266097,0.018661369486695167,-0.4906693152566524,0.2546653423716738,-0.3726673288141631,-0.6863336644070815,0.15683316779645923,0.5784165838982296,-0.2107917080508852,0.3946041459745574,0.6973020729872788,-0.15134896350636062,-0.5756744817531803,-0.7878372408765901,0.10608137956170494,-0.44695931021914753,0.2765203448904262,0.638260172445213,-0.18086991377739348,0.40956504311130326,-0.29521747844434837,0.3523912607778258,0.676195630388913,0.8380978151944565,-0.08095109240277176,-0.5404755462013859,-0.770237773100693,-0.8851188865503465,0.05744055672482673,0.5287202783624134,-0.2356398608187933,-0.6178199304093966,0.19109003479530168,0.5955450173976509,-0.20222749130117457,0.3988862543494127,0.6994431271747064,0.8497215635873532,0.9248607817936766,0.9624303908968384,0.9812151954484192,-0.009392402275790412,0.4953037988621048,0.7476518994310524,-0.12617405028447382,0.4369129748577631,-0.2815435125711184,0.3592282437144408,-0.32038587814277963,0.3398070609286102,0.6699035304643051,-0.16504823476784747,0.41747588261607627,0.7087379413080381,-0.14563102934598093,-0.5728155146729905,0.21359224266350474,0.6067961213317523,-0.19660193933412384,0.4016990303329381,0.7008495151664691,-0.14957524241676545,-0.5747876212083827,0.21260618939580866,0.6063030946979043,-0.19684845265104783,-0.598424226325524,-0.799212113162762,-0.899606056581381,-0.9498030282906905,0.02509848585465474,-0.4874507570726726,0.2562746214636637,-0.3718626892681681,-0.685931344634084,0.157034327682958,-0.421482836158521,-0.7107414180792605,0.14462929096036975,-0.42768535451981515,-0.7138426772599076,-0.8569213386299538,0.0715393306850231,0.5357696653425116,-0.2321151673287442,0.38394241633562787,-0.30802879183218607,0.345985604083907,0.6729928020419536,0.8364964010209768,0.9182482005104884,0.9591241002552442,0.9795620501276221,0.989781025063811,-0.005109487468094476,0.49744525626595276,0.7487226281329764,-0.1256386859335118,0.4371806570332441,0.7185903285166221,-0.14070483574168896,-0.5703524178708445,0.21482379106457777,0.6074118955322889,0.8037059477661445,-0.09814702611692777,-0.5490735130584639,0.22546324347076807,-0.38726837826461596,-0.693634189132308,-0.846817094566154,-0.923408547283077,-0.9617042736415384,0.019147863179230784,0.5095739315896154,0.7547869657948076,0.8773934828974038,0.938696741448702,-0.030651629275649017,-0.5153258146378246,0.24233709268108772,0.6211685463405439,0.8105842731702719,0.905292136585136,-0.04735393170743202,0.47632303414628396,-0.261838482926858,-0.630919241463429,-0.8154596207317145,0.09227018963414274,-0.45386490518292866,0.27306754740853567,0.6365337737042678,0.8182668868521339,0.909133443426067,0.9545667217130335,-0.022716639143483264,-0.5113583195717416,-0.7556791597858707,0.12216042010706463,0.5610802100535324,0.7805401050267662,-0.10972994748661691,0.44513502625669155,0.7225675131283458,0.8612837565641729,-0.06935812171791356,0.4653209391410432,-0.2673395304294784,0.36633023478526083,-0.3168348826073696,-0.6584174413036847,0.17079127934815763,0.5853956396740788,0.7926978198370394,0.8963489099185197,0.9481744549592599,-0.025912772520370053,0.487043613739815,0.7435218068699074,-0.12823909656504628,-0.5641195482825232,0.2179402258587384,0.6089701129293692,0.8044850564646846,0.9022425282323423,-0.04887873588382885,0.4755606320580856,0.7377803160290428,0.8688901580145214,0.9344450790072607,0.9672225395036304,-0.016388730248184824,0.49180563487590756,0.7459028174379538,0.8729514087189769,0.9364757043594885,-0.03176214782025577,0.4841189260898721,-0.2579405369550639,0.37102973152246804,-0.314485134238766,-0.657242567119383,0.1713787164403085,0.5856893582201542,0.7928446791100772,0.8964223395550386,-0.05178883022248071,-0.5258944151112404,0.23705279244437982,-0.3814736037778101,0.30926319811109493,0.6546315990555475,0.8273157995277738,0.9136578997638869,-0.04317105011805655,0.4784144749409717,-0.2607927625295141,0.36960361873524294,-0.3151981906323785,0.34240090468381074,-0.3287995476580946,0.3356002261709527,0.6678001130854764,0.8339000565427381,-0.08304997172863093,0.45847501413568453,0.7292375070678423,-0.13538124646607885,0.4323093767669606,0.7161546883834803,0.8580773441917402,0.9290386720958701,0.964519336047935,0.9822596680239675,0.9911298340119837,-0.004435082994008133,0.49778245850299596,0.748891229251498,-0.125554385374251,0.4372228073128745,-0.2813885963435627,0.35930570182821864,0.6796528509141093,0.8398264254570547,-0.08008678727147267,0.45995660636426366,-0.27002169681786814,-0.6350108484089341,0.18249457579553297,0.5912472878977665,0.7956236439488833,0.8978118219744416,-0.051094089012779176,0.47445295549361044,-0.2627735222531948,0.3686132388734026,0.6843066194367013,-0.15784669028164933,0.42107665485917534,-0.28946167257041233,0.35526916371479383,-0.3223654181426031,0.33881729092869844,0.6694086454643492,0.8347043227321747,-0.08264783863391267,0.45867608068304366,0.7293380403415218,-0.13533097982923908,-0.5676654899146195,-0.7838327449573097,0.10808362752134515,0.5540418137606726,-0.22297909311966368,0.38851045344016816,0.6942552267200841,0.847127613360042,-0.07643619331997897,0.4617819033400105,-0.2691090483299947,0.36544547583500264,-0.3172772620824987,-0.6586386310412493,-0.8293193155206247,0.08534034223968767,0.5426701711198438,-0.22866491444007808,0.38566754277996096,-0.3071662286100195,-0.6535831143050097,-0.8267915571525049,0.08660422142374757,-0.4566978892881262,-0.7283489446440631,0.13582552767796846,0.5679127638389843,0.7839563819194921,-0.10802180904025394,-0.5540109045201269,-0.7770054522600635,0.11149727386996827,0.5557486369349841,-0.22212568153250795,0.38893715923374605,0.694468579616873,-0.1527657101915635,-0.5763828550957817,-0.7881914275478908,0.10590428622605458,0.5529521431130273,-0.22352392844348634,0.38823803577825683,0.6941190178891284,-0.15294049105543578,0.42352975447228214,-0.28823512276385893,0.35588243861807056,0.6779412193090353,-0.16102939034548236,0.4194853048272588,0.7097426524136294,0.8548713262068147,0.9274356631034073,0.9637178315517037,0.9818589157758518,-0.009070542112074087,0.495464728943963,0.7477323644719815,0.8738661822359908,0.9369330911179954,-0.03153345444100231,0.48423327277949885,0.7421166363897495,0.8710583181948748,-0.06447084090256261,0.4677645795487187,0.7338822897743593,0.8669411448871797,0.9334705724435899,0.9667352862217949,-0.01663235688910253,-0.5083161784445512,0.24584191077772438,0.6229209553888622,0.8114604776944311,0.9057302388472155,0.9528651194236077,-0.02356744028819613,0.48821627985590194,-0.255891860072049,0.3720540699639755,0.6860270349819877,0.8430135174909938,0.9215067587454969,0.9607533793727485,0.9803766896863743,0.9901883448431872,-0.004905827578406408,0.4975470862107968,0.7487735431053983,-0.12561322844730083,0.4371933857763496,0.7185966928881748,-0.14070165355591258,0.4296491732220437,0.7148245866110219,-0.14258770669448906,0.42870614665275547,0.7143530733263778,-0.14282346333681112,0.42858826833159447,0.7142941341657972,-0.14285293291710138,-0.5714264664585507,0.21428676677072467,0.6071433833853623,0.8035716916926812,-0.09821415415365942,0.4508929229231703,0.7254464614615852,-0.1372767692692074,0.4313616153653963,0.7156808076826982,0.8578404038413491,0.9289202019206746,0.9644601009603373,-0.017769949519831352,0.4911150252400843,0.7455575126200422,-0.1272212436899789,0.43638937815501055,-0.2818053109224947,0.35909734453875264,-0.3204513277306237,0.33977433613468816,0.669887168067344,-0.16505641596632797,0.41747179201683604,0.708735896008418,0.854367948004209,-0.0728160259978955,0.46359198700105225,0.7317959935005262,0.8658979967502631,0.9329489983751316,-0.03352550081243422,0.4832372495937829,0.7416186247968914,-0.12919068760155428,-0.5645953438007771,0.21770232809961143,0.6088511640498058,-0.19557441797509711,-0.5977872089875486,0.20110639550622572,0.6005531977531129,0.8002765988765564,-0.09986170056172178,0.45006914971913914,0.7250345748595696,-0.13748271257021522,0.4312586437148924,-0.2843706781425538,0.3578146609287231,0.6789073304643616,0.8394536652321808,0.9197268326160903,0.9598634163080452,0.9799317081540226,-0.01003414592298868,0.49498292703850566,-0.25250853648074717,0.37374573175962644,0.6868728658798132,-0.1565635670600934,-0.5782817835300467,0.21085910823497667,0.6054295541174883,-0.19728522294125583,-0.5986426114706279,-0.7993213057353139,0.10033934713234305,0.5501696735661715,-0.22491516321691424,-0.6124575816084571,0.19377120919577145,-0.40311439540211425,0.2984428022989429,0.6492214011494715,0.8246107005747357,0.9123053502873679,-0.04384732485631604,0.478076337571842,-0.260961831214079,-0.6304809156070394,0.18475954219648028,0.5923797710982401,-0.20381011445087993,-0.60190505722544,0.19904747138728002,0.59952373569364,0.79976186784682,-0.10011906607658999,0.449940466961705,0.7249702334808525,0.8624851167404263,0.9312425583702131,0.9656212791851065,0.9828106395925533,-0.008594680203723337,0.49570265989813833,-0.25214867005093083,-0.6260743350254654,0.1869628324872673,0.5934814162436337,0.7967407081218169,0.8983703540609085,0.9491851770304542,-0.02540741148477288,0.48729629425761356,0.7436481471288068,0.8718240735644034,-0.0640879632177983,0.46795601839110085,0.7339780091955505,0.8669890045977753,0.9334945022988876,0.9667472511494438,0.9833736255747219,0.9916868127873609,0.9958434063936805,0.9979217031968403,0.9989608515984201,0.99948042579921,0.999740212899605,0.9998701064498026,0.9999350532249013,0.9999675266124506,-1.6236693774707156e-05,0.49999188165311265,0.7499959408265563,0.8749979704132782,0.9374989852066391,-0.03125050739668045,0.4843747463016598,-0.2578126268491701,0.37109368657541497,0.6855468432877074,-0.15722657835614628,-0.5786132891780731,0.21069335541096346,0.6053466777054817,0.8026733388527408,0.9013366694263705,0.9506683347131852,0.9753341673565926,0.9876670836782964,0.9938335418391482,0.9969167709195741,0.998458385459787,0.9992291927298935,-0.0003854036350532386,-0.5001927018175266,0.2499036490912367,-0.3750481754543816,0.3124759122728092,0.6562379561364046,0.8281189780682023,0.9140594890341012,0.9570297445170506,-0.021485127741474708,-0.5107425638707374,0.24462871806463132,0.6223143590323157,0.8111571795161578,-0.09442141024192108,0.45278929487903946,-0.27360535256048024,0.3631973237197599,0.6815986618598799,-0.15920066907006003,0.42039966546497,0.710199832732485,0.8550999163662425,0.9275499581831212,0.9637749790915606,0.9818874895457803,0.9909437447728902,0.9954718723864451,0.9977359361932225,0.9988679680966113,0.9994339840483056,-0.0002830079758471826,0.49985849601207644,0.7499292480060382,-0.1250353759969809,0.43748231200150955,0.7187411560007548,0.8593705780003774,0.9296852890001888,0.9648426445000944,0.9824213222500472,-0.008789338874976405,0.49560533056251177,0.7478026652812559,0.873901332640628,0.936950666320314,-0.03152466683984301,0.4842376665800785,0.7421188332900392,0.8710594166450196,0.9355297083225098,0.9677648541612549,0.9838824270806275,0.9919412135403137,0.9959706067701568,0.9979853033850784,0.9989926516925391,0.9994963258462696,0.9997481629231348,-0.00012591853843257894,0.4999370407307837,0.7499685203653919,0.8749842601826959,0.9374921300913479,-0.031253934954326046,0.484373032522837,0.7421865162614185,0.8710932581307093,0.9355466290653547,0.9677733145326773,0.9838866572663387,0.9919433286331694,0.9959716643165847,-0.002014167841707659,0.4989929160791462,0.7494964580395731,0.8747482290197865,0.9373741145098933,-0.03131294274505336,0.4843435286274733,0.7421717643137367,0.8710858821568683,-0.06445705892156584,-0.5322285294607829,0.23388573526960854,0.6169428676348043,0.8084714338174022,-0.09576428309129892,0.45211785845435054,-0.2739410707728247,0.36302946461358765,-0.3184852676932062,0.3407573661533969,0.6703786830766985,-0.16481065846165077,0.4175946707691746,0.7087973353845873,-0.14560133230770633,-0.5728006661538532,0.21359966692307342,0.6067998334615368,0.8033999167307684,0.9016999583653842,0.9508499791826921,0.975424989591346,-0.012287505204326976,0.4938562473978365,-0.25307187630108174,0.37346406184945913,-0.31326796907527044,0.3433660154623648,-0.3283169922688176,-0.6641584961344088,0.1679207519327956,-0.4160396240336022,0.2919801879831989,0.6459900939915995,-0.17700495300420027,-0.5885024765021001,0.20574876174894996,0.602874380874475,-0.1985628095627625,-0.5992814047813813,0.20035929760930937,0.6001796488046547,0.8000898244023273,-0.09995508779883633,0.45002245610058184,0.725011228050291,0.8625056140251455,0.9312528070125727,0.9656264035062864,-0.017186798246856816,0.4914066008765716,0.7457033004382858,0.8728516502191429,-0.06357417489042855,-0.5317870874452143,0.23410645627739285,0.6170532281386965,0.8085266140693482,0.9042633070346742,0.9521316535173371,0.9760658267586686,-0.011967086620665701,0.49401645668966715,0.7470082283448336,0.8735041141724168,-0.0632479429137916,0.46837602854310423,0.7341880142715521,-0.13290599286422394,-0.566452996432112,0.216773501783944,0.608386750891972,0.804193375445986,0.902096687722993,0.9510483438614965,-0.024475828069251748,0.4877620859653741,0.7438810429826871,-0.12805947850865645,0.4359702607456718,-0.2820148696271641,0.358992565186418,0.6794962825932089,-0.16025185870339553,0.41987407064830223,-0.2900629646758489,0.35496851766207554,0.6774842588310378,-0.1612578705844811,0.4193710647077594,0.7096855323538798,-0.14515723382306012,0.42742138308846994,0.7137106915442349,-0.14314465422788253,-0.5715723271139412,0.21421383644302938,0.6071069182215147,-0.19644654088924263,-0.5982232704446213,0.20088836477768934,0.6004441823888447,0.8002220911944223,0.9001110455972112,0.9500555227986056,-0.024972238600697194,0.4875138806996514,-0.2562430596501743,0.3718784701749128,-0.3140607649125436,0.34296961754372823,0.6714848087718641,-0.16425759561406794,0.41787120219296603,-0.291064398903517,0.3544678005482415,-0.3227660997258792,0.3386169501370604,-0.3306915249314698,-0.6653457624657348,-0.8326728812328674,0.08366355938356629,0.5418317796917831,-0.22908411015410846,0.38545794492294577,-0.3072710275385271,0.34636448623073646,0.6731822431153682,0.8365911215576841,-0.08170443922115794,0.45914778038942106,0.7295738901947105,0.8647869450973553,-0.06760652745132234,0.46619673627433883,-0.26690163186283056,0.3665491840685847,0.6832745920342924,0.8416372960171462,0.9208186480085732,-0.03959067599571342,0.4802046620021433,0.7401023310010717,0.8700511655005359,0.9350255827502679,0.967512791375134,0.983756395687567,0.9918781978437835,0.9959390989218917,-0.0020304505390541516,0.4989847747304729,0.7494923873652365,-0.12525380631738176,0.4373730968413091,0.7186865484206546,-0.1406567257896727,-0.5703283628948363,-0.7851641814474182,0.10741790927629091,-0.44629104536185454,0.27685447731907276,0.6384272386595364,-0.18078638067023178,0.4096068096648841,-0.2951965951675579,0.35240170241622104,0.6762008512081106,0.8381004256040553,-0.08094978719797236,0.45952510640101385,0.729762553200507,-0.1351187233997465,0.43244063830012675,-0.28377968084993666,0.3581101595750317,0.6790550797875159,-0.16047246010624205,0.419763769946879,-0.2901181150265605,0.35494094248671976,0.6774704712433599,0.83873523562168,0.91936761781084,-0.04031619109458001,0.47984190445271,0.739920952226355,-0.1300395238868225,-0.5650197619434112,-0.7825098809717056,0.1087450595141472,0.5543725297570736,-0.22281373512146319,-0.6114068675607316,0.1942965662196342,-0.4028517168901829,0.2985741415549086,0.6492870707774543,0.8246435353887271,-0.08767823230563643,-0.5438391161528182,-0.7719195580764091,0.11404022096179545,-0.4429798895191023,-0.7214899447595511,0.13925502762022446,-0.43037248618988777,0.2848137569050561,0.6424068784525281,0.821203439226264,0.910601719613132,0.955300859806566,0.977650429903283,-0.011174785048358504,0.4944126074758207,0.7472063037379104,-0.1263968481310448,-0.5631984240655223,-0.7815992120327612,0.10920039398361941,0.5546001969918097,0.7773000984959049,-0.11134995075204757,0.4443250246239762,0.7221625123119881,-0.13891874384400593,-0.5694593719220029,0.21527031403899854,-0.3923648429805007,0.30381757850974966,0.6519087892548748,0.8259543946274375,0.9129771973137187,0.9564885986568594,-0.02175570067157029,0.48912214966421486,-0.25543892516789257,0.3722805374160537,0.6861402687080269,-0.15692986564598654,-0.5784649328229933,0.21076753358850336,-0.39461623320574835,-0.6973081166028742,0.1513459416985629,0.5756729708492815,0.7878364854246407,-0.10608175728767966,0.44695912135616017,-0.27652043932191994,0.36173978033904003,0.68086989016952,0.84043494508476,0.92021747254238,0.96010873627119,0.980054368135595,0.9900271840677974,0.9950135920338987,-0.0024932039830506403,0.4987533980084747,-0.2506233009957627,-0.6253116504978813,0.18734417475105936,0.5936720873755297,0.7968360436877648,0.8984180218438824,0.9492090109219412,-0.025395494539029395,0.48730225273048533,-0.25634887363475733,-0.6281744368173787,0.18591278159131064,0.5929563907956553,-0.20352180460217234,0.39823909769891386,0.6991195488494569,0.8495597744247285,0.9247798872123643,-0.03761005639381787,0.48119497180309106,0.7405974859015455,0.8702987429507727,-0.06485062852461365,-0.5324253142623068,0.23378734286884661,0.6168936714344233,-0.19155316428278835,-0.5957765821413942,0.2021117089293029,0.6010558544646515,-0.19947207276767426,0.4002639636161629,-0.29986801819191855,-0.6499340090959593,-0.8249670045479797,0.08751649772601017,0.5437582488630051,-0.22812087556849747,0.38593956221575126,0.6929697811078757,0.8464848905539378,0.923242445276969,-0.038378777361515515,0.48081061131924224,-0.25959469434037885,0.3702026528298106,-0.3148986735850947,-0.6574493367925474,-0.8287246683962737,-0.9143623341981368,0.04281883290093158,0.5214094164504658,0.760704708225233,-0.11964764588738352,0.44017617705630824,0.7200880885281541,0.8600440442640771,0.9300220221320386,0.9650110110660193,0.9825055055330096,0.9912527527665048,0.9956263763832525,0.9978131881916262,-0.0010934059041868838,0.49945329704790653,0.7497266485239533,-0.12513667573802334,0.43743166213098833,-0.2812841689345058,0.3593579155327471,0.6796789577663735,0.8398394788831868,0.9199197394415934,0.9599598697207967,0.9799799348603984,-0.01001003256980082,0.4949949837150996,0.7474974918575498,0.8737487459287749,0.9368743729643875,0.9684371864821937,0.9842185932410968,-0.00789070337945158,0.49605464831027424,-0.2519726758448629,0.3740136620775686,0.6870068310387842,0.8435034155193921,-0.07824829224030394,0.46087585387984803,-0.26956207306007596,0.365218963469962,0.682609481734981,-0.15869525913250948,-0.5793476295662547,0.21032618521687263,-0.3948369073915637,0.3025815463042182,0.6512907731521091,-0.17435461342394543,-0.5871773067119728,0.20641134664401362,-0.3967943266779932,0.3016028366610034,-0.3491985816694983,-0.6745992908347491,-0.8372996454173746,-0.9186498227086872,-0.9593249113543436,0.020337544322828194,0.5101687721614141,0.755084386080707,0.8775421930403535,-0.06122890347982324,-0.5306144517399116,-0.7653072258699558,0.1173463870650221,-0.44132680646748895,0.27933659676625555,0.6396682983831278,0.8198341491915639,0.909917074595782,-0.045041462702109014,0.4774792686489455,-0.26126036567552724,0.3693698171622364,0.6846849085811182,0.8423424542905591,-0.07882877285472045,0.4605856135726398,0.7302928067863199,-0.13485359660684004,-0.56742679830342,-0.78371339915171,0.108143300424145,0.5540716502120725,-0.22296417489396375,0.38851791255301815,0.6942589562765091,0.8471294781382546,0.9235647390691273,0.9617823695345636,-0.01910881523271818,0.49044559238364094,0.7452227961918205,-0.12738860190408974,-0.5636943009520449,0.21815284952397757,0.6090764247619888,-0.19546178761900562,-0.5977308938095028,0.20113455309524858,0.6005672765476243,0.8002836382738121,0.900141819136906,0.950070909568453,0.9750354547842265,0.9875177273921132,0.9937588636960566,0.9968794318480283,-0.0015602840759858516,0.4992198579620071,0.7496099289810035,0.8748049644905018,0.9374024822452509,0.9687012411226255,-0.015649379438687272,0.49217531028065636,0.7460876551403282,0.8730438275701641,0.936521913785082,0.968260956892541,0.9841304784462706,0.9920652392231353,0.9960326196115676,0.9980163098057838,-0.0009918450971080905,-0.500495922548554,-0.750247961274277,0.12487601936286152,0.5624380096814308,0.7812190048407154,-0.10939049757964231,0.4453047512101789,0.7226523756050894,-0.13867381219745528,0.43066309390127233,0.7153315469506362,0.8576657734753181,0.9288328867376591,0.9644164433688296,0.9822082216844148,0.9911041108422074,0.9955520554211037,-0.0022239722894481506,0.4988880138552759,0.749444006927638,0.874722003463819,-0.0626389982680905,-0.5313194991340453,0.23434025043297735,-0.3828298747835113,-0.6914149373917556,0.15429253130412218,0.5771462656520611,0.7885731328260306,-0.1057134335869847,0.44714328320650765,-0.2764283583967462,0.3617858208016269,-0.31910708959918654,-0.6595535447995933,-0.8297767723997966,-0.9148883861998983,0.04255580690005084,-0.47872209654997455,-0.7393610482749873,0.13031947586250636,-0.4348402620687468,-0.7174201310343734,0.1412899344828133,0.5706449672414067,-0.21467751637929666,0.39266124181035167,-0.30366937909482417,0.3481653104525879,-0.32591734477370604,0.337041327613147,0.6685206638065735,0.8342603319032867,-0.08286983404835663,-0.5414349170241783,0.22928254148791083,0.6146412707439555,0.8073206353719777,0.9036603176859889,-0.048169841157005566,-0.5240849205785028,0.23795753971074862,0.6189787698553744,0.8094893849276872,-0.09525530753615641,-0.5476276537680782,-0.7738138268840391,0.11309308655798045,0.5565465432789902,0.7782732716394951,0.8891366358197476,0.9445683179098738,-0.027715841045063083,0.48614207947746846,0.7430710397387342,0.8715355198693671,0.9357677599346835,0.9678838799673417,-0.016058060016329145,0.4919709699918354,0.7459854849959178,-0.12700725750204112,0.43649637124897944,0.7182481856244898,-0.1408759071877551,0.42956204640612244,0.7147810232030612,0.8573905116015306,0.9286952558007653,-0.03565237209961736,0.4821738139501913,0.7410869069750956,0.8705434534875478,-0.0647282732562261,0.46763586337188695,0.7338179316859434,0.8669089658429717,0.9334544829214859,-0.03327275853925704,0.4833636207303715,0.7416818103651858,0.8708409051825929,0.9354204525912965,-0.032289773704351765,-0.5161448868521759,0.24192755657391207,0.620963778286956,0.810481889143478,0.905240944571739,-0.04737952771413051,0.4763102361429348,-0.2618448819285326,0.3690775590357337,0.6845387795178668,0.8422693897589334,-0.0788653051205333,-0.5394326525602666,0.2302836737198667,0.6151418368599333,0.8075709184299666,0.9037854592149833,0.9518927296074917,-0.02405363519625414,0.48797318240187293,0.7439865912009365,0.8719932956004682,0.9359966478002342,-0.032001676099882914,0.48399916195005854,-0.25800041902497073,-0.6290002095124854,0.18549989524375732,-0.40725005237812134,0.29637497381093936,0.6481874869054697,-0.17590625654726516,0.41204687172636745,-0.2939765641368163,0.35301171793159186,0.676505858965796,0.838252929482898,0.919126464741449,0.9595632323707245,-0.020218383814637753,0.48989080809268115,0.7449454040463406,-0.1275272979768297,-0.5637636489884148,0.2181181755057926,0.6090590877528963,-0.19547045612355185,-0.5977352280617759,0.20113238596911204,-0.39943380701544395,-0.699716903507722,0.150141548246139,0.5750707741230695,0.7875353870615347,0.8937676935307673,-0.053116153234616326,0.47344192338269186,-0.26327903830865407,-0.631639519154327,-0.8158197595771635,-0.9079098797885817,-0.9539549398942908,-0.9769774699471454,0.011511265026427298,-0.49424436748678635,0.2528778162566068,-0.3735610918716966,0.3132194540641517,0.6566097270320759,0.8283048635160379,-0.08584756824198103,0.4570762158790095,-0.27146189206049526,0.3642690539697524,0.6821345269848762,0.8410672634924381,-0.07946636825378095,-0.5397331841268904,0.2301334079365548,-0.3849332960317226,0.30753335198413867,-0.34623332400793067,-0.6731166620039654,0.16344166899801732,0.5817208344990087,0.7908604172495044,0.8954302086247522,0.9477151043123762,0.9738575521561881,-0.013071223921905961,0.493464388039047,0.7467321940195235,0.8733660970097618,-0.06331695149511912,0.46834152425244047,0.7341707621262202,-0.13291461893688988,0.43354269053155503,0.7167713452657776,-0.14161432736711121,0.4291928363164444,0.7145964181582222,-0.14270179092088892,-0.5713508954604445,-0.7856754477302222,0.10716227613488888,-0.44641886193255553,0.27679056903372223,0.6383952845168611,0.8191976422584306,-0.09040117887078469,-0.5452005894353924,0.2273997052823038,0.6136998526411519,0.806849926320576,-0.09657503683971203,0.451712481580144,0.7258562407900719,-0.13707187960496403,0.431464060197518,0.715732030098759,0.8578660150493795,-0.07106699247531023,-0.5355334962376551,-0.7677667481188275,-0.8838833740594138,0.058058312970293124,0.5290291564851466,0.7645145782425733,0.8822572891212866,0.9411286445606433,-0.029435677719678366,0.4852821611401608,0.7426410805700804,0.8713205402850401,-0.06433972985747993,-0.53216986492874,0.23391506753563002,-0.38304246623218496,-0.6915212331160925,0.15423938344195376,-0.4228803082790231,0.28855984586048844,-0.3557200770697558,-0.6778600385348779,-0.8389300192674389,0.08053499036628053,-0.45973250481685973,0.27013374759157016,-0.3649331262042149,0.31753343689789254,0.6587667184489463,-0.17061664077552685,-0.5853083203877634,0.20734583980611831,0.6036729199030592,-0.19816354004847042,0.40091822997576476,0.7004591149878824,-0.1497704425060588,0.42511477874697057,-0.2874426106265147,0.35627869468674267,-0.32186065265662867,0.33906967367168567,0.6695348368358428,-0.1652325815820786,-0.5826162907910393,-0.7913081453955196,0.10434592730224018,0.5521729636511201,-0.22391351817443994,0.38804324091278003,0.69402162045639,0.847010810228195,0.9235054051140975,0.9617527025570487,0.9808763512785243,0.9904381756392622,-0.0047809121803689125,0.49760954390981554,0.7488047719549078,-0.1255976140225461,0.43720119298872695,-0.2813994035056365,-0.6406997017528182,0.1796501491235909,-0.41017492543820455,-0.7050874627191023,0.14745626864044886,-0.4262718656797756,0.2868640671601122,0.6434320335800561,-0.17828398320997196,0.410858008395014,0.705429004197507,0.8527145020987534,-0.07364274895062328,0.46317862552468836,0.7315893127623442,0.865794656381172,-0.06710267180941398,0.466448664095293,0.7332243320476465,0.8666121660238233,0.9333060830119116,-0.03334695849404418,0.4833265207529779,-0.25833673962351106,-0.6291683698117555,0.18541581509412225,0.5927079075470612,0.7963539537735306,0.8981769768867653,0.9490884884433827,-0.025455755778308664,-0.5127278778891543,0.24363606105542285,0.6218180305277115,-0.18909098473614427,0.40545450763192786,-0.2972727461840361,0.35136362690798195,0.675681813453991,0.8378409067269955,-0.08107954663650224,-0.5405397733182511,0.22973011334087445,0.6148650566704372,-0.1925674716647814,0.4037162641676093,-0.29814186791619535,0.3509290660419023,0.6754645330209512,-0.1622677334895244,-0.5811338667447622,-0.790566933372381,0.10471653331380948,0.5523582666569047,0.7761791333284523,-0.11191043333577383,-0.5559552166678869,-0.7779776083339435,0.11101119583302826,0.5555055979165141,-0.22224720104174295,0.38887639947912855,-0.3055618002604357,0.34721909986978217,-0.3263904500651089,0.33680477496744554,0.6684023874837228,0.8342011937418614,0.9171005968709307,0.9585502984354654,-0.020724850782267323,-0.5103624253911336,0.24481878730443318,0.6224093936522166,0.8112046968261083,-0.09439765158694585,0.4528011742065271,0.7264005871032635,-0.13679970644836825,0.4316001467758159,0.715800073387908,0.857900036693954,0.928950018346977,0.9644750091734885,-0.017762495413255752,0.4911187522933721,0.7455593761466861,0.872779688073343,0.9363898440366716,-0.03180507798166421,0.4840974610091679,0.742048730504584,0.871024365252292,0.935512182626146,-0.032243908686927,0.48387804565653647,-0.25806097717173176,0.37096951141413415,0.6854847557070671,0.8427423778535336,-0.07862881107323322,0.4606855944633834,0.7303427972316917,-0.13482860138415415,0.4325856993079229,0.7162928496539614,0.8581464248269808,-0.07092678758650961,0.4645366062067452,-0.2677316968966274,0.36613415155168627,0.6830670757758431,0.8415335378879216,0.9207667689439608,-0.039616615528019594,0.48019169223599023,0.7400958461179952,0.8700479230589976,-0.06497603847050121,-0.5324880192352506,0.2337559903823747,-0.38312200480881264,0.3084389975955937,-0.34578050120220316,-0.6728902506011016,0.16355487469944918,0.5817774373497246,-0.20911128132513768,-0.6045556406625688,0.19772217966871558,-0.4011389101656422,-0.7005694550828211,0.14971527245858945,0.5748576362292948,-0.21257118188535262,0.3937144090573237,-0.30314279547133816,0.3484286022643309,0.6742143011321655,-0.16289284943391724,-0.5814464247169586,0.2092767876415207,-0.39536160617923966,0.3023191969103802,0.6511595984551901,0.8255797992275951,0.9127898996137975,-0.043605050193101236,-0.5218025250965506,0.23909873745172472,0.6195493687258624,-0.1902253156370688,0.4048873421814656,0.7024436710907328,-0.1487781644546336,0.42561091777268323,0.7128054588863416,0.8564027294431709,-0.07179863527841457,-0.5358993176392073,-0.7679496588196036,0.11602517059019818,0.5580125852950991,0.7790062926475496,0.8895031463237748,-0.055248426838112596,0.4723757865809437,-0.26381210670952815,0.3680939466452359,0.684046973322618,0.842023486661309,-0.0789882566693455,0.46050587166532725,0.7302529358326636,0.8651264679163317,0.9325632339581659,0.9662816169790829,0.9831408084895414,-0.00842959575522928,0.49578520212238536,-0.2521073989388073,-0.6260536994694037,0.18697315026529815,0.593486575132649,0.7967432875663245,-0.10162835621683775,0.4491858218915811,0.7245929109457906,0.8622964554728954,0.9311482277364477,0.9655741138682239,0.982787056934112,0.991393528467056,0.9956967642335279,0.997848382116764,-0.0010758089416180172,0.49946209552919096,0.7497310477645955,0.8748655238822978,0.9374327619411489,-0.03128361902942556,0.4843581904852872,0.7421790952426436,0.8710895476213218,0.9355447738106609,0.9677723869053305,0.9838861934526653,0.9919430967263326,0.9959715483631664,0.9979857741815832,0.9989928870907916,0.9994964435453958,0.9997482217726978,-0.0001258891136510787,0.49993705544317446,0.7499685277215873,0.8749842638607936,0.9374921319303968,0.9687460659651984,0.9843730329825993,0.9921865164912996,-0.003906741754350185,0.49804662912282494,0.7490233145614125,-0.12548834271929377,-0.5627441713596468,0.2186279143201766,0.6093139571600883,-0.19534302141995585,0.4023284892900221,0.701164244645011,0.8505821223225055,-0.07470893883874724,0.4626455305806264,-0.2686772347096868,0.3656613826451566,-0.3171693086774217,-0.6585846543387108,0.17070767283064459,-0.4146461635846777,0.2926769182076612,0.6463384591038306,0.8231692295519153,-0.08841538522404235,-0.5442076926120212,0.2278961536939894,-0.3860519231530053,0.30697403842349735,-0.3465129807882513,0.32674350960587434,-0.3366282451970628,0.3316858774014686,-0.3341570612992657,-0.6670785306496329,0.16646073467518357,0.5832303673375918,-0.2083848163312041,0.39580759183439795,-0.302096204082801,0.3489518979585995,0.6744759489792997,0.8372379744896499,0.9186189872448249,0.9593094936224125,-0.020345253188793766,0.4898273734056031,0.7449136867028016,0.8724568433514008,-0.06377157832429958,0.4681142108378502,-0.2659428945810749,-0.6329714472905374,0.18351427635473128,0.5917571381773656,0.7958785690886828,0.8979392845443415,-0.05103035772782927,-0.5255151788639146,0.23724241056804268,0.6186212052840213,0.8093106026420107,-0.09534469867899464,0.4523276506605027,0.7261638253302514,0.8630819126651257,0.9315409563325628,0.9657704781662815,0.9828852390831407,-0.008557380458429631,-0.5042786902292148,0.2478606548853926,0.6239303274426963,0.8119651637213481,0.905982581860674,-0.04700870906966298,0.47649564546516854,0.7382478227325843,0.8691239113662921,0.934561955683146,0.967280977841573,-0.016359511079213518,0.49182024446039324,0.7459101222301966,0.8729550611150982,0.9364775305575491,0.9682387652787745,-0.015880617360612748,-0.5079403086803064,0.2460298456598468,0.6230149228299234,-0.18849253858503828,-0.5942462692925191,0.20287686535374044,-0.39856156732312975,0.3007192163384351,0.6503596081692176,0.8251798040846088,-0.08741009795769561,0.4562949510211522,0.7281474755105761,-0.13592626224471194,0.43203686887764403,-0.283981565561178,0.35800921721941104,0.6790046086097055,0.8395023043048527,0.9197511521524264,-0.04012442392378679,0.4799377880381066,0.7399688940190533,-0.13001555299047335,0.4349922235047633,0.7174961117523817,0.8587480558761909,0.9293740279380954,0.9646870139690478,-0.017656493015476116,-0.5088282465077381,0.24558587674613097,0.6227929383730655,-0.18860353081346726,-0.5943017654067336,0.20284911729663319,-0.39857544135168343,0.3007122793241583,0.6503561396620792,-0.17482193016896042,0.4125890349155198,0.70629451745776,-0.14685274127112002,0.42657362936444,-0.28671318531778,-0.64335659265889,0.178321703670555,-0.4108391481647225,-0.7054195740823612,0.1472902129588194,0.5736451064794097,-0.21317744676029515,0.3934112766198524,-0.3032943616900738,0.3483528191549631,0.6741764095774816,0.8370882047887408,0.9185441023943703,-0.04072794880281483,0.4796360255985926,0.7398180127992963,-0.13009099360035187,-0.5650454968001759,0.21747725159991205,-0.391261374200044,-0.695630687100022,0.15218465644998902,-0.4239076717750055,-0.7119538358875027,-0.8559769179437513,-0.9279884589718757,0.036005770514062174,0.5180028852570311,-0.24099855737148446,0.37950072131425777,-0.3102496393428711,0.34487518032856446,-0.32756240983571777,0.33621879508214114,0.6681093975410706,0.8340546987705353,-0.08297265061473236,0.4585136746926338,0.7292568373463169,-0.13537158132684157,0.4323142093365792,0.7161571046682896,-0.14192144766585518,0.4290392761670724,0.7145196380835361,-0.14274018095823193,0.42862990952088403,-0.28568504523955796,-0.6428425226197789,-0.8214212613098895,0.08928936934505527,0.5446446846725277,-0.22767765766373615,-0.6138388288318681,-0.8069194144159341,0.09654029279203297,0.5482701463960165,0.7741350731980082,-0.11293246340099589,0.4435337682995021,0.7217668841497511,-0.13911655792512445,0.4304417210374378,-0.2847791394812811,-0.6423895697406405,0.17880521512967973,-0.41059739243516014,0.29470130378241993,0.64735065189121,-0.176324674054395,-0.5881623370271976,-0.7940811685135988,0.10295941574320061,0.5514797078716003,0.7757398539358001,0.8878699269679,-0.05606503651604999,-0.528032518258025,0.2359837408709875,-0.38200812956450625,0.3089959352177469,0.6544979676088735,-0.17275101619556327,0.4136244919022184,-0.2931877540488908,-0.6465938770244454,0.1767030614877773,0.5883515307438887,-0.20582423462805566,-0.6029121173140278,-0.8014560586570139,0.09927197067149307,0.5496359853357465,-0.22518200733212673,0.38740899633393666,-0.30629550183303167,0.34685224908348417,-0.3265738754582579,0.33671306227087106,-0.3316434688645645,0.3341782655677178,0.6670891327838588,0.8335445663919294,0.9167722831959647,0.9583861415979824,-0.020806929201008795,0.4895965353994956,-0.2552017323002522,0.3723991338498739,-0.31380043307506306,-0.6569002165375315,0.17154989173123425,-0.4142250541343829,-0.7071125270671914,0.1464437364664043,0.5732218682332022,0.7866109341166011,-0.10669453294169945,-0.5533472664708498,0.22332636676457512,0.6116631833822875,0.8058315916911438,0.9029157958455719,0.9514578979227859,0.975728948961393,-0.012135525519303525,0.49393223724034824,0.7469661186201741,-0.12651694068991293,-0.5632584703449565,-0.7816292351724783,0.10918538241376086,0.5545926912068804,-0.2227036543965598,-0.6113518271982799,0.19432408640086007,-0.40283795679956996,0.29858102160021505,0.6492905108001075,-0.17535474459994627,-0.5876773722999731,-0.7938386861499865,0.10308065692500673,-0.44845967153749666,0.27577016423125167,0.6378850821156259,0.818942541057813,-0.09052872947109353,0.45473563526445326,0.7273678176322267,0.8636839088161133,-0.06815804559194333,0.46592097720402836,0.7329604886020142,-0.13351975569899288,-0.5667598778494964,0.21662006107525178,0.6083100305376259,0.804155015268813,0.9020775076344065,0.9510387538172033,0.9755193769086017,0.9877596884543008,-0.006120155772849578,-0.5030600778864248,0.2484699610567876,-0.37576501947160623,0.3121174902641969,0.6560587451320985,0.8280293725660492,-0.08598531371697538,0.4570073431415123,0.7285036715707561,0.8642518357853781,-0.06787408210731094,0.46606295894634453,-0.26696852052682774,0.36651573973658613,-0.31674213013170693,-0.6583710650658534,-0.8291855325329267,0.08540723373353665,0.5427036168667683,-0.22864819156661587,-0.6143240957833079,-0.8071620478916539,-0.903581023945827,-0.9517905119729135,0.024104744013543233,0.5120523720067716,-0.24397381399661422,0.3780130930016929,0.6890065465008465,0.8445032732504232,-0.07774836337478841,0.4611258183126058,-0.2694370908436971,0.3652814545781514,0.6826407272890758,-0.15867963635546212,-0.5793398181777311,-0.7896699090888655,0.10516504545556726,-0.44741747727221637,-0.7237087386361082,0.1381456306819459,0.569072815340973,0.7845364076704865,-0.10773179616475675,0.4461341019176216,0.7230670509588109,-0.13846647452059457,0.4307667627397027,0.7153833813698514,0.8576916906849257,0.9288458453424628,-0.03557707732876858,-0.5177885386643843,0.24110573066780783,0.6205528653339039,-0.18972356733304807,-0.594861783666524,-0.797430891833262,0.101284554083369,0.5506422770416846,0.7753211385208423,-0.11233943073957886,-0.5561697153697894,0.22191514231510528,-0.38904242884244733,0.30547878557877634,0.6527393927893882,0.826369696394694,-0.08681515180265298,-0.5434075759013265,0.22829621204933676,-0.3858518939753316,0.3070740530123342,-0.3464629734938329,-0.6732314867469165,-0.8366157433734582,-0.9183078716867291,-0.9591539358433645,0.02042303207831775,0.5102115160391589,0.7551057580195795,0.8775528790097897,-0.061223560495105134,0.46938821975244743,0.7346941098762237,-0.13265294506188813,-0.566326472530944,0.21683676373452798,-0.391581618132736,0.30420919093363197,-0.347895404533184,0.326052297733408,0.663026148866704,0.831513074433352,-0.08424346278332401,-0.542121731391662,0.228939134304169,-0.3855304328479155,-0.6927652164239577,0.15361739178802114,0.5768086958940106,0.7884043479470053,0.8942021739735027,0.9471010869867513,0.9735505434933757,0.9867752717466878,-0.006612364126656112,0.49669381793667194,0.748346908968336,-0.125826545515832,0.43708672724208397,-0.281456636378958,0.359271681810521,0.6796358409052605,-0.16018207954736974,0.41990896022631513,-0.29004551988684246,0.35497724005657877,-0.32251137997171064,-0.6612556899858553,0.16937215500707237,0.5846860775035362,0.792343038751768,0.896171519375884,0.948085759687942,-0.025957120156029023,-0.5129785600780146,-0.7564892800390073,0.12175535998049636,0.5608776799902482,0.7804388399951241,-0.10978058000243796,0.445109709998781,0.7225548549993905,0.8612774274996953,0.9306387137498476,0.9653193568749239,0.9826596784374619,-0.008670160781269032,0.4956649196093655,-0.2521675401953173,0.37391622990234136,-0.31304188504882935,-0.6565209425244147,0.17173952873779263,-0.4141302356311037,0.2929348821844482,-0.3535325589077759,0.32323372054611205,0.661616860273056,0.8308084301365279,0.915404215068264,0.957702107534132,0.978851053767066,0.989425526883533,0.9947127634417665,0.9973563817208833,0.9986781908604416,0.9993390954302208,0.9996695477151104,0.9998347738575553,0.9999173869287776,0.9999586934643888,0.9999793467321945,0.9999896733660972,0.9999948366830487,-2.5816584756643834e-06,0.49999870917076217,0.7499993545853811,0.8749996772926906,0.9374998386463453,-0.03125008067682733,0.48437495966158634,0.7421874798307931,0.8710937399153966,0.9355468699576983,0.9677734349788492,0.9838867174894246,0.9919433587447123,0.9959716793723561,-0.0020141603138219555,0.498992919843089,0.7494964599215446,0.8747482299607723,0.9373741149803861,0.9686870574901931,0.9843435287450966,0.9921717643725483,0.9960858821862741,0.9980429410931371,0.9990214705465685,0.9995107352732843,-0.0002446323633578662,0.4998776838183211,0.7499388419091606,0.8749694209545803,-0.06251528952270985,0.46874235523864505,0.7343711776193225,0.8671855888096612,0.9335927944048306,0.9667963972024153,-0.01660180139879236,0.49169909930060385,-0.2541504503496981,0.37292477482515096,0.6864623874125755,-0.15676880629371226,0.42161559685314387,0.7108077984265719,0.855403899213286,0.927701949606643,-0.03614902519667851,0.48192548740166075,0.7409627437008304,0.8704813718504152,0.9352406859252076,-0.0323796570373962,0.4838101714813019,0.741905085740651,-0.12904745712967453,-0.5645237285648372,0.21773813571758138,0.6088690678587907,-0.19556546607060465,0.4022172669646977,-0.29889136651765114,0.35055431674117443,0.6752771583705872,0.8376385791852936,-0.0811807104073532,-0.5405903552036766,0.2297048223981617,-0.38514758880091915,0.3074262055995404,0.6537131027997702,-0.17314344860011488,0.41342827569994256,-0.2932858621500287,0.35335706892498564,-0.3233214655375072,0.3383392672312464,-0.3308303663843768,0.3345848168078116,-0.3327075915960942,-0.6663537957980471,-0.8331768978990235,-0.9165884489495117,0.041705775525244126,-0.47914711223737794,0.26042644388131103,-0.36978677805934446,0.31510661097032777,-0.3424466945148361,0.32877665274258194,-0.33561167362870903,0.3321941631856455,0.6660970815928228,0.8330485407964114,-0.08347572960179428,-0.5417378648008971,-0.7708689324004485,0.11456553379977574,0.5572827668998879,0.7786413834499439,0.889320691724972,0.944660345862486,0.972330172931243,0.9861650864656215,0.9930825432328108,0.9965412716164054,-0.0017293641917973113,0.49913531790410137,-0.2504323410479493,0.37478382947602534,0.6873919147380126,-0.15630404263099368,0.4218479786845032,0.7109239893422516,-0.14453800532887418,0.4277309973355629,-0.2861345013322185,0.35693274933389074,-0.32153362533305463,-0.6607668126665274,0.16961659366673631,0.5848082968333681,0.792404148416684,-0.10379792579165797,0.44810103710417104,0.7240505185520856,0.8620252592760428,0.9310126296380214,-0.034493685180989275,0.48275315740950536,0.7413765787047527,0.8706882893523764,0.9353441446761882,0.967672072338094,0.983836036169047,-0.008081981915476488,0.49595900904226176,0.7479795045211308,0.8739897522605654,0.9369948761302827,0.9684974380651413,-0.015751280967429337,0.4921243595162853,0.7460621797581426,0.8730310898790713,-0.06348445506046435,-0.5317422275302321,0.23412888623488393,0.6170644431174419,0.808532221558721,-0.09573388922063952,0.45213305538968024,0.7260665276948401,-0.13696673615257993,-0.56848336807629,0.21575831596185502,-0.3921208420190725,0.30393957899046375,0.6519697894952319,-0.17401510525238406,-0.587007552626192,-0.793503776313096,0.103248111843452,0.551624055921726,-0.22418797203913698,0.3879060139804315,-0.3060469930097842,0.3469765034951079,0.673488251747554,0.836744125873777,0.9183720629368886,0.9591860314684443,0.9795930157342221,0.989796507867111,-0.005101746066444479,-0.5025508730332222,-0.7512754365166111,0.12436228174169445,0.5621811408708473,-0.21890942956457637,-0.6094547147822882,0.1952726426088559,-0.40236367869557205,0.298818160652214,0.649409080326107,0.8247045401630535,-0.08764772991847325,0.4561761350407634,-0.2719119324796183,0.36404403376019084,0.6820220168800954,-0.15898899155995228,-0.5794944957799761,-0.7897472478899881,0.10512637605500597,0.552563188027503,0.7762815940137515,-0.11185920299312424,0.4440703985034379,-0.27796480074828106,-0.6389824003741406,-0.8194912001870702,0.09025439990646489,0.5451271999532324,-0.22743640002338378,0.38628179998830814,-0.30685910000584593,0.34657044999707703,0.6732852249985385,0.8366426124992692,-0.0816786937503654,-0.5408393468751826,0.22958032656240868,-0.38520983671879566,-0.6926049183593979,-0.8463024591796989,-0.9231512295898494,0.038424385205075295,0.5192121926025377,0.7596060963012689,0.8798030481506345,-0.06009847592468276,-0.5300492379623414,-0.7650246189811707,0.11748769050941466,0.5587438452547073,0.7793719226273537,-0.11031403868632317,0.4448429806568384,-0.2775785096715808,-0.6387892548357904,0.1806053725821048,0.5903026862910524,-0.2048486568544738,-0.6024243284272369,-0.8012121642136185,-0.9006060821068093,-0.9503030410534046,0.024848479473297713,-0.48757576026335114,-0.7437878801316755,-0.8718939400658378,0.06405302996708112,-0.4679734850164594,0.2660132574917703,0.6330066287458851,0.8165033143729425,-0.09174834281352873,0.45412582859323564,-0.27293708570338215,0.3635314571483089,0.6817657285741545,-0.15911713571292274,0.42044143214353863,-0.2897792839282307,0.35511035803588464,0.6775551790179424,0.8387775895089712,0.9193887947544856,-0.040305602622757175,0.4798471986886214,0.7399235993443107,0.8699617996721554,0.9349808998360777,-0.03250955008196116,-0.5162547750409806,0.2418726124795097,-0.3790636937602452,-0.6895318468801226,-0.8447659234400613,0.07761703827996935,0.5388085191399847,-0.23059574043000763,-0.6152978702150038,0.1923510648924981,-0.40382446755375095,0.2980877662231245,-0.35095611688843775,0.3245219415557811,0.6622609707778906,0.8311304853889453,-0.08443475730552735,0.45778262134723635,-0.2711086893263818,-0.6355543446631909,0.18222282766840453,-0.4088885861657977,0.29555570691710115,0.6477778534585505,0.8238889267292753,0.9119444633646376,0.9559722316823188,0.9779861158411594,0.9889930579205797,-0.005503471039710162,-0.5027517355198551,0.24862413224007246,-0.3756879338799638,0.3121560330600181,-0.3439219834699909,0.32803900826500454,0.6640195041325023,-0.16799024793374884,-0.5839951239668744,-0.7919975619834372,0.10400121900828141,-0.4479993904958593,0.2760003047520704,0.6380001523760352,-0.18099992381198238,0.4095000380940088,0.7047500190470044,0.8523750095235022,0.9261875047617512,0.9630937523808756,-0.01845312380956221,0.4907734380952189,0.7453867190476094,0.8726933595238047,0.9363466797619023,-0.03182666011904883,0.48408666994047556,-0.2579566650297622,0.3710216674851189,-0.31448916625744056,0.34275541687127975,-0.3286222915643601,-0.6643111457821801,0.16784442710890995,0.583922213554455,-0.20803889322277253,-0.6040194466113863,0.19799027669430685,-0.40100486165284654,0.2994975691735767,0.6497487845867884,0.8248743922933942,-0.0875628038533029,0.4562185980733485,0.7281092990366742,0.8640546495183371,0.9320273247591686,-0.033986337620415696,-0.5169931688102078,-0.7584965844051039,-0.879248292202552,0.06037585389872402,0.530187926949362,0.765093963474681,0.8825469817373405,0.9412734908686702,0.9706367454343351,-0.014681627282832455,0.49265918635858374,0.7463295931792919,-0.12683520341035404,-0.5634176017051771,-0.7817088008525885,-0.8908544004262943,0.054572799786852866,-0.4727136001065736,0.2636431999467132,0.6318215999733566,0.8159107999866784,-0.09204460000666081,0.4539776999966696,0.7269888499983348,0.8634944249991674,-0.0682527875004163,-0.5341263937502081,-0.767063196875104,0.11646840156244798,0.558234200781224,-0.220882899609388,-0.610441449804694,-0.805220724902347,0.09738963754882651,0.5486948187744133,-0.22565259061279336,-0.6128262953063967,-0.8064131476531984,0.09679342617340081,0.5483967130867005,0.7741983565433502,0.8870991782716751,0.9435495891358375,-0.028225205432081235,0.48588739728395935,-0.2570563013580203,-0.6285281506790101,0.18573592466049493,-0.40713203766975253,-0.7035660188348762,0.14821699058256188,0.5741084952912809,-0.21294575235435953,-0.6064728761771798,-0.8032364380885899,0.09838178095570504,0.5491908904778525,-0.22540455476107374,0.38729772261946316,-0.3063511386902684,0.3468244306548658,0.6734122153274329,0.8367061076637164,0.9183530538318583,-0.04082347308407086,0.47958826345796457,-0.2602058682710177,0.3698970658644911,-0.31505146706775444,0.3424742664661228,-0.3287628667669386,0.33561856661653067,0.6678092833082654,-0.1660953583458673,0.41695232082706635,-0.2915238395864668,-0.6457619197932334,-0.8228809598966167,0.08855952005169165,-0.4557202399741542,0.2721398800129229,0.6360699400064614,0.8180349700032308,0.9090174850016154,-0.045491257499192306,0.4772543712504038,0.7386271856252019,0.869313592812601,-0.0653432035936995,0.46732839820315025,-0.2663358008984249,0.36683209955078755,0.6834160497753938,-0.15829197511230308,0.42085401244384846,0.7104270062219242,0.8552135031109621,-0.07239324844451894,0.46380337577774056,0.7319016878888702,-0.1340491560555649,0.43297542197221756,0.7164877109861088,-0.14175614450694562,-0.5708780722534728,0.21456096387326362,-0.3927195180633682,0.3036402409683159,0.6518201204841579,-0.17408993975792103,-0.5870449698789605,-0.7935224849394802,-0.8967612424697401,0.05161937876512995,0.525809689382565,0.7629048446912825,0.8814524223456413,-0.059273788827179374,-0.5296368944135896,0.23518155279320518,0.6175907763966026,-0.19120461180169868,0.40439769409915066,0.7021988470495754,0.8510994235247877,0.9255497117623939,0.9627748558811969,0.9813874279405985,0.9906937139702993,-0.004653143014850369,-0.5023265715074252,0.2488367142462874,0.6244183571231436,0.8122091785615718,0.906104589280786,-0.04694770535960702,-0.5234738526798035,-0.7617369263399018,0.11913153683004912,-0.4404342315849754,0.2797828842075123,0.6398914421037561,0.8199457210518781,0.9099728605259391,0.9549864302629696,0.9774932151314848,0.9887466075657424,0.9943733037828713,0.9971866518914356,0.9985933259457178,0.9992966629728589,-0.0003516685135705466,0.49982416574321475,-0.2500879171283926,0.3749560414358037,0.6874780207179019,-0.15626098964104906,0.42186950517947547,0.7109347525897377,-0.14453262370513115,0.4277336881474344,0.7138668440737173,0.8569334220368586,0.9284667110184293,0.9642333555092146,0.9821166777546073,0.9910583388773037,0.9955291694386519,0.9977645847193259,0.998882292359663,0.9994411461798315,0.9997205730899157,0.9998602865449578,0.999930143272479,0.9999650716362395,0.9999825358181198,0.9999912679090599,-4.3660454700500395e-06,0.499997816977265,0.7499989084886325,0.8749994542443162,-0.06250027287784188,-0.5312501364389209,0.23437493178053953,-0.38281253410973026,0.30859373294513487,0.6542968664725675,0.8271484332362837,-0.08642578338185813,0.45678710830907093,0.7283935541545354,0.8641967770772677,0.9320983885386338,-0.0339508057306831,0.48302459713465845,0.7415122985673293,-0.12924385071633537,0.4353780746418323,-0.28231096267908384,-0.6411554813395419,0.17942225933022904,0.5897111296651145,-0.20514443516744274,0.39742778241627863,-0.3012861087918607,0.34935694560406966,-0.32532152719796514,-0.6626607635989825,0.16866961820050874,0.5843348091002544,0.7921674045501272,0.8960837022750636,0.9480418511375318,0.974020925568766,-0.01298953721561702,0.4935052313921915,0.7467526156960957,0.8733763078480479,-0.06331184607597606,0.46834407696201197,-0.265827961518994,0.367086019240503,-0.3164569903797485,0.34177150481012575,0.6708857524050629,0.8354428762025314,0.9177214381012657,0.9588607190506329,-0.02056964047468357,-0.5102848202373418,0.2448575898813291,0.6224287949406646,0.8112143974703323,0.9056071987351662,0.9528035993675831,0.9764017996837915,-0.011799100158104259,0.49410044992094787,0.7470502249604739,-0.12647488751976305,0.4367625562401185,-0.28161872187994075,0.3591906390600296,-0.32040468046998516,-0.6602023402349926,0.1698988298825037,0.5849494149412519,0.792474707470626,0.896237353735313,-0.051881323132343504,0.47405933843382825,0.7370296692169142,-0.13148516539154292,0.4342574173042285,-0.28287129134788574,0.35856435432605716,-0.3207178228369714,0.3396410885815143,0.6698205442907572,-0.1650897278546214,0.4174551360726893,0.7087275680363446,-0.1456362159818277,0.4271818920090862,0.7135909460045431,0.8567954730022715,0.9283977365011358,-0.035801131749432114,0.48209943412528394,0.741049717062642,-0.129475141468679,-0.5647375707343395,-0.7823687853671697,-0.8911843926835848,-0.9455921963417924,-0.9727960981708962,-0.986398049085448,0.006800975457275982,0.503400487728638,-0.248299756135681,-0.6241498780678405,-0.8120749390339203,-0.9060374695169602,0.04698126524151991,0.52349063262076,-0.23825468368962,-0.61912734184481,-0.809563670922405,0.0952181645387975,0.5476090822693988,-0.22619545886530062,-0.6130977294326503,0.19345113528367486,-0.40327443235816257,-0.7016372161790813,0.14918139191045937,-0.4254093040447703,0.28729534797761486,0.6436476739888074,0.8218238369944038,-0.08908808150279812,0.45545595924860094,-0.27227202037569953,0.36386398981215023,0.6819319949060751,-0.15903400254696243,0.4204829987265188,0.7102414993632594,0.8551207496816298,0.9275603748408149,-0.03621981257959256,0.48189009371020375,-0.2590549531448981,0.37047252342755094,0.6852362617137755,0.8426181308568877,0.9213090654284439,0.960654532714222,0.980327266357111,0.9901636331785555,0.9950818165892777,-0.002459091705361127,-0.5012295458526805,0.24938522707365973,0.6246926135368298,-0.1876536932315851,0.40617315338420745,0.7030865766921037,0.8515432883460519,0.9257716441730259,0.962885822086513,0.9814429110432565,0.9907214555216283,0.9953607277608141,-0.0023196361195929605,0.4988401819402035,-0.25057990902989824,0.3747100454850509,0.6873550227425255,-0.15632248862873727,0.42183875568563134,-0.28908062215718433,-0.6445403110785921,0.17772984446070395,0.5888649222303519,0.794432461115176,-0.10278376944241202,0.44860811527879396,0.724304057639397,-0.1378479711803015,-0.5689239855901508,-0.7844619927950753,0.10776900360246233,0.5538845018012312,0.7769422509006156,-0.11152887454969218,0.4442355627251539,-0.277882218637423,-0.6389411093187115,0.18052944534064425,0.5902647226703222,0.7951323613351611,-0.10243381933241946,-0.5512169096662097,-0.7756084548331048,-0.8878042274165524,0.0560978862917238,0.5280489431458619,0.764024471572931,0.8820122357864655,-0.05899388210676726,0.47050305894661637,0.7352515294733082,-0.1323742352633459,0.43381288236832705,-0.2830935588158365,0.35845322059208173,-0.32077338970395913,0.33961330514802046,-0.33019334742598977,-0.6650966737129949,0.16745166314350257,-0.4162741684282487,0.29186291578587564,0.6459314578929378,-0.1770342710535311,0.41148286447323446,-0.2942585677633828,-0.6471292838816913,0.17643535805915433,0.5882176790295772,-0.2058911604852114,-0.6029455802426057,0.19852720987869715,0.5992636049393486,-0.2003681975303257,0.3998159012348371,-0.30009204938258144,-0.6500460246912907,-0.8250230123456453,-0.9125115061728226,-0.9562557530864113,0.021872123456794346,-0.4890639382716028,-0.7445319691358014,-0.8722659845679007,0.06386700771604964,0.5319335038580248,-0.23403324807098758,-0.6170166240354937,-0.8085083120177469,-0.9042541560088735,0.047872921995563256,0.5239364609977817,-0.23803176950110916,0.3809841152494454,0.6904920576247227,-0.15475397118763867,0.42262301440618066,-0.28868849279690967,-0.6443442463984548,0.1778278768007726,0.5889139384003863,-0.20554303079980685,-0.6027715153999034,0.19861424230004832,0.5993071211500242,0.7996535605750121,0.8998267802875061,-0.050086609856246966,0.47495669507187654,0.7374783475359383,-0.13126082623203084,0.4343695868839846,0.7171847934419923,-0.14140760327900387,0.42929619836049804,-0.285351900819751,-0.6426759504098755,0.17866202479506227,0.5893310123975312,-0.20533449380123442,-0.6026672469006172,0.19866637654969138,0.5993331882748457,0.7996665941374228,-0.1001667029312886,0.4499166485343557,-0.2750416757328221,-0.637520837866411,0.1812395810667945,-0.40938020946660275,0.2953098952666986,0.6476549476333493,0.8238274738166746,0.9119137369083373,-0.04404313154583134,-0.5220215657729157,0.23898921711354215,0.6194946085567711,-0.19025269572161446,-0.5951263478608072,-0.7975631739304037,0.10121841303479817,0.5506092065173991,0.7753046032586995,-0.11234769837065023,0.4438261508146749,-0.27808692459266254,-0.6390434622963312,-0.8195217311481656,-0.9097608655740828,0.04511956721295862,-0.4774402163935207,0.26127989180323963,0.6306399459016199,0.8153199729508099,0.9076599864754049,-0.046170006762297544,0.47691499661885123,-0.26154250169057436,-0.6307712508452872,0.1846143745773564,0.5923071872886783,-0.20384640635566087,-0.6019232031778304,-0.8009616015889152,0.09951919920554242,-0.4502404003972288,0.2748797998013856,0.6374398999006928,0.8187199499503464,0.9093599749751732,0.9546799874875866,-0.022660006256206677,0.48866999687189666,0.7443349984359483,-0.12783250078202585,0.4360837496089871,0.7180418748044936,0.8590209374022468,0.9295104687011234,-0.03524476564943829,0.4823776171752808,-0.2588111914123596,0.3705944042938202,0.6852972021469101,0.8426486010734551,0.9213243005367275,0.9606621502683638,0.9803310751341818,-0.009834462432909086,0.49508276878354546,-0.25245861560822724,-0.6262293078041137,0.18688534609794316,-0.4065573269510284,-0.7032786634755142,0.14836066826224292,0.5741803341311215,-0.21290983293443927,0.3935450835327804,0.6967725417663901,0.8483862708831951,0.9241931354415975,0.9620965677207988,0.9810482838603993,0.9905241419301997,0.9952620709650999,0.9976310354825499,0.998815517741275,-0.000592241129362514,0.49970387943531874,-0.2501480602823406,0.3749259698588297,0.6874629849294148,0.8437314924647075,0.9218657462323537,0.9609328731161768,-0.019533563441911594,0.4902332182790442,0.745116609139522,0.872558304569761,0.9362791522848806,0.9681395761424403,0.9840697880712201,-0.007965105964389929,0.49601744701780504,0.7480087235089026,0.8740043617544513,0.9370021808772256,-0.03149890956138718,-0.5157494547806936,-0.7578747273903468,-0.8789373636951734,0.060531318152413305,0.5302656590762067,0.7651328295381034,0.8825664147690517,0.9412832073845259,0.9706416036922629,-0.014679198153868533,0.49266040092306573,0.7463302004615329,0.8731651002307664,0.9365825501153833,0.9682912750576916,-0.015854362471154182,0.4920728187644229,0.7460364093822114,-0.1269817953088943,0.43650910234555285,-0.2817454488272236,-0.6408727244136118,-0.8204363622068058,-0.9102181811034029,-0.9551090905517015,0.022445454724149272,-0.48877727263792536,-0.7443886363189627,-0.8721943181594813,0.06390284092025933,-0.46804857953987034,0.26597571023006483,-0.3670121448849676,-0.6835060724424837,-0.8417530362212419,-0.9208765181106209,-0.9604382590553104,-0.9802191295276552,0.00989043523617239,0.5049452176180862,0.7524726088090431,0.8762363044045216,0.9381181522022608,0.9690590761011304,0.9845295380505652,0.9922647690252826,-0.0038676154873587,0.49806619225632065,0.7490330961281604,-0.1254834519359198,-0.5627417259679599,-0.78137086298398,0.10931456850801002,0.554657284254005,0.7773286421270025,-0.11133567893649876,-0.5556678394682494,-0.7778339197341246,0.11108304013293768,0.5555415200664688,0.7777707600332344,0.8888853800166172,0.9444426900083086,-0.027778654995845697,-0.5138893274979228,0.2430553362510386,0.6215276681255193,-0.18923616593724035,0.4053819170313798,-0.2973090414843101,-0.648654520742155,-0.8243272603710775,0.08783636981446125,0.5439181849072307,-0.22804090754638467,0.38597954622680763,0.6929897731134038,-0.1535051134432981,-0.576752556721649,0.21162372163917548,0.6058118608195877,0.8029059304097939,0.9014529652048969,-0.049273517397551536,0.4753632413012242,0.737681620650612,0.868840810325306,0.934420405162653,-0.032789797418673494,0.48360510129066325,0.7418025506453316,-0.1290987246773342,0.4354506376613329,0.7177253188306665,0.8588626594153332,-0.07056867029233338,0.4647156648538333,-0.26764216757308334,0.3661789162134583,0.6830894581067292,-0.15845527094663542,-0.5792276354733177,0.21038618226334116,0.6051930911316705,-0.19740345443416474,0.40129827278291763,0.7006491363914589,0.8503245681957294,0.9251622840978647,0.9625811420489323,0.9812905710244662,0.9906452855122331,0.9953226427561166,0.9976613213780583,0.9988306606890291,0.9994153303445146,-0.0002923348277427129,0.49985383258612864,0.7499269162930643,0.8749634581465322,0.9374817290732661,0.9687408645366331,0.9843704322683166,0.9921852161341582,0.9960926080670791,0.9980463040335396,0.9990231520167698,0.9995115760083849,0.9997557880041925,0.9998778940020963,-6.105299895187155e-05,0.49996947350052406,0.749984736750262,0.8749923683751311,0.9374961841875655,0.9687480920937828,0.9843740460468914,0.9921870230234457,0.9960935115117229,0.9980467557558614,0.9990233778779307,0.9995116889389654,0.9997558444694827,0.9998779222347414,-6.103888262931623e-05,0.49996948055868534,0.7499847402793427,-0.12500762986032865,0.4374961850698357,0.7187480925349179,-0.14062595373254105,0.4296870231337295,0.7148435115668648,0.8574217557834324,0.9287108778917161,0.9643554389458581,0.9821777194729291,0.9910888597364645,-0.004455570131767728,0.49777221493411616,-0.2511138925329419,0.37444305373352904,0.6872215268667645,0.8436107634333823,0.9218053817166911,0.9609026908583456,0.9804513454291728,0.9902256727145864,0.9951128363572932,0.9975564181786466,0.9987782090893234,-0.0006108954553383228,0.49969455227233084,0.7498472761361654,0.8749236380680827,0.9374618190340414,0.9687309095170207,0.9843654547585103,-0.00781727262074483,0.4960913636896276,0.7480456818448138,0.8740228409224069,0.9370114204612034,0.9685057102306017,0.9842528551153009,-0.007873572442349541,0.49606321377882523,0.7480316068894126,0.8740158034447063,0.9370079017223532,-0.03149604913882342,0.4842519754305883,0.7421259877152941,-0.12893700614235293,0.43553149692882354,0.7177657484644118,-0.14111712576779412,0.42944143711610294,0.7147207185580515,-0.14263964072097424,0.4286801796395129,0.7143400898197565,-0.14282995509012175,0.4285850224549391,0.7142925112274696,0.8571462556137348,-0.0714268721931326,-0.5357134360965663,0.23214328195171685,0.6160716409758584,-0.1919641795120708,0.4040179102439646,0.7020089551219824,0.8510044775609912,-0.07449776121950441,-0.5372488806097522,0.2313755596951239,0.615687779847562,-0.19215611007621902,-0.5960780550381095,0.20196097248094524,-0.3990195137595274,0.3004902431202363,0.6502451215601182,0.8251225607800591,0.9125612803900296,-0.0437193598049852,-0.5218596799024926,0.2390701600487537,0.6195350800243768,-0.19023245998781158,-0.5951162299939058,0.2024418850030471,-0.3987790574984764,0.3006104712507618,-0.3496947643746191,-0.6748473821873096,0.16257630890634522,0.5812881544531726,-0.2093559227734137,-0.6046779613867068,0.1976610193066466,-0.4011694903466767,-0.7005847451733384,-0.8502923725866691,-0.9251461862933346,0.03742690685333272,0.5187134534266664,0.7593567267133332,0.8796783633566666,-0.0601608183216667,0.4699195908391667,0.7349597954195833,0.8674798977097917,0.9337399488548959,0.9668699744274479,0.983434987213724,0.991717493606862,-0.004141253196568995,-0.5020706265982845,-0.7510353132991423,0.12448234335042885,0.5622411716752145,-0.21887941416239276,-0.6094397070811963,-0.8047198535405982,0.09764007322970092,-0.45117996338514954,-0.7255899816925748,0.1372050091537126,0.5686025045768563,0.7843012522884282,0.892150626144214,-0.053924686927892984,0.4730376565360535,-0.2634811717319733,0.36825941413401336,0.6841297070670067,0.8420648535335034,0.9210324267667517,0.9605162133833758,-0.01974189330831211,-0.509870946654156,0.245064526672922,-0.377467736663539,-0.6887338683317695,0.15563306583411524,0.5778165329170576,-0.2110917335414712,-0.6055458667707356,0.19722706661463218,-0.4013864666926839,0.2993067666536581,0.649653383326829,0.8248266916634145,0.9124133458317072,0.9562066729158536,-0.021896663542073203,0.4890516682289634,0.7445258341144817,0.8722629170572409,0.9361314585286205,0.9680657292643102,0.9840328646321551,-0.007983567683922443,0.4960082161580388,-0.2519958919209806,0.3740020540395097,0.6870010270197549,0.8435005135098774,0.9217502567549387,0.9608751283774694,0.9804375641887346,0.9902187820943673,-0.004890608952816344,0.49755469552359183,0.7487773477617959,-0.12561132611910203,-0.562805663059551,-0.7814028315297755,0.10929858423511224,0.5546492921175561,-0.22267535394122195,0.388662323029389,0.6943311615146945,-0.15283441924265273,0.42358279037867363,0.7117913951893369,0.8558956975946684,0.9279478487973343,-0.03602607560133286,0.48198696219933357,-0.2590065189003332,0.3704967405498334,0.6852483702749167,0.8426241851374583,-0.07868790743127085,-0.5393439537156355,0.23032802314218226,0.6151640115710911,0.8075820057855456,0.9037910028927728,0.9518955014463863,0.9759477507231932,-0.012026124638403413,0.49398693768079827,-0.25300653115960087,-0.6265032655798004,0.1867483672100998,0.5933741836050499,-0.20331290819747505,0.3983435459012625,-0.30082822704936873,0.34958588647531563,-0.3252070567623422,-0.6626035283811711,0.16869823580941445,0.5843491179047072,-0.2078254410476464,0.39608727947617683,0.6980436397380885,-0.15097818013095576,0.4245109099345221,0.7122554549672611,0.8561277274836305,0.9280638637418153,0.9640319318709076,0.9820159659354538,0.991007982967727,0.9955039914838635,-0.002248004258068259,0.49887599787096587,-0.2505620010645171,-0.6252810005322585,0.18735949973387073,-0.4063202501330646,0.2968398749334677,0.6484199374667339,0.8242099687333669,0.9121049843666835,0.9560524921833418,0.9780262460916709,0.9890131230458354,0.9945065615229177,-0.00274671923854114,-0.5013733596192705,0.24931332019036473,0.6246566600951824,0.8123283300475912,-0.0938358349762044,0.4530820825118978,-0.27345895874405113,-0.6367294793720255,0.18163526031398725,0.5908176301569936,0.7954088150784968,-0.1022955924607516,0.4488522037696242,0.7244261018848122,-0.13778694905759392,-0.568893474528797,-0.7844467372643985,-0.8922233686321992,-0.9461116843160996,-0.9730558421580497,0.013472078920975128,0.5067360394604876,0.7533680197302438,0.8766840098651218,0.9383420049325609,-0.030828997533719538,-0.5154144987668597,-0.7577072493834298,-0.8788536246917149,0.060573187654142546,-0.4697134061729287,0.26514329691353566,0.6325716484567678,0.8162858242283839,-0.09185708788580804,0.454071456057096,-0.272964271971452,-0.636482135985726,-0.818241067992863,-0.9091205339964314,-0.9545602669982157,0.02271986650089214,-0.48864006674955396,0.255679966625223,-0.3721600166873885,-0.6860800083436942,-0.8430400041718471,-0.9215200020859236,0.039239998957038225,-0.4803800005214809,-0.7401900002607404,-0.8700950001303702,-0.9350475000651851,-0.9675237500325926,-0.9837618750162963,0.008119062491851847,0.504059531245926,0.752029765622963,0.8760148828114815,0.9380074414057408,0.9690037207028703,0.9845018603514352,0.9922509301757176,0.9961254650878588,0.9980627325439294,0.9990313662719648,0.9995156831359824,0.9997578415679912,0.9998789207839955,0.9999394603919978,-3.026980400111512e-05,-0.5000151349020006,0.24999243254899972,0.6249962162744999,0.81249810813725,0.906249054068625,-0.046875472965687504,0.47656226351715625,0.7382811317585781,0.869140565879289,0.9345702829396445,0.9672851414698223,-0.016357429265088874,0.49182128536745556,0.7459106426837278,0.8729553213418639,-0.06352233932906803,0.468238830335466,0.734119415167733,0.8670597075838665,0.9335298537919332,0.9667649268959666,-0.0166175365520167,0.49169123172399165,0.7458456158619958,0.8729228079309979,0.9364614039654989,0.9682307019827494,-0.015884649008625296,0.49205767549568735,0.7460288377478437,0.8730144188739218,0.9365072094369609,0.9682536047184804,0.9841268023592402,0.9920634011796201,-0.003968299410189946,0.498015850294905,0.7490079251474525,0.8745039625737263,-0.06274801871313684,0.4686259906434316,0.7343129953217158,0.8671564976608579,0.933578248830429,0.9667891244152145,-0.016605437792392763,-0.5083027188961964,0.2458486405519018,0.6229243202759509,0.8114621601379755,-0.09426891993101227,-0.5471344599655061,0.22643277001724693,-0.38678361499137653,0.3066081925043117,0.6533040962521559,-0.17334795187392205,0.413326024063039,0.7066630120315195,-0.14666849398424026,-0.5733342469921201,0.21333287650393995,-0.39333356174803,0.303333219125985,0.6516666095629925,-0.17416669521850375,-0.5870833476092518,0.20645832619537408,-0.39677083690231296,0.3016145815488435,-0.3491927092255782,0.3254036453872109,0.6627018226936054,0.8313509113468027,0.9156754556734014,0.9578377278367007,0.9789188639183504,0.9894594319591752,0.9947297159795876,0.9973648579897938,-0.001317571005103102,-0.5006587855025515,-0.7503293927512757,0.12483530362436213,0.5624176518121811,-0.21879117409390947,0.39060441295304527,0.6953022064765226,0.8476511032382613,-0.07617444838086934,-0.5380872241904346,-0.7690436120952173,-0.8845218060476087,0.05773909697619567,-0.47113045151190214,0.26443477424404893,-0.36778261287797553,0.31610869356101223,-0.3419456532194939,0.32902717339025306,0.6645135866951265,-0.16774320665243675,0.41612839667378165,0.7080641983368908,0.8540320991684454,-0.07298395041577732,-0.5364919752078887,0.23175401239605564,0.6158770061980279,-0.19206149690098606,0.40396925154950697,-0.2980153742252465,0.35099231288737676,0.6754961564436883,0.8377480782218442,0.918874039110922,0.959437019555461,0.9797185097777306,-0.010140745111134719,-0.5050703725555674,0.2474648137222163,0.6237324068611081,-0.18813379656944595,0.405933101715277,0.7029665508576385,0.8514832754288193,0.9257416377144096,0.9628708188572048,-0.018564590571397588,-0.5092822952856988,0.2453588523571506,-0.3773205738214247,0.31133971308928765,0.6556698565446438,0.8278349282723219,0.9139174641361609,-0.043041267931919536,-0.5215206339659597,0.23923968301702014,0.6196198415085101,-0.19019007924574494,-0.5950950396228725,0.20245248018856377,0.6012262400942818,0.8006131200471409,0.9003065600235705,0.9501532800117852,-0.024923359994107386,0.4875383200029463,0.7437691600014731,-0.12811541999926346,0.43594229000036827,-0.2820288549998159,0.35898557250009205,0.679492786250046,-0.16025360687497697,0.41987319656251154,-0.29006340171874423,0.3549682991406279,-0.32251585042968606,0.33874207478515694,0.6693710373925785,-0.16531448130371074,0.41734275934814463,0.7086713796740723,-0.14566431016296383,-0.5728321550814819,0.21358392245925906,0.6067919612296295,0.8033959806148148,-0.09830200969259262,-0.5491510048462963,-0.7745755024231482,0.1127122487884259,0.556356124394213,-0.2218219378028935,-0.6109109689014467,-0.8054554844507233,0.09727225777463833,0.5486361288873192,0.7743180644436596,-0.11284096777817021,0.4435795161109149,-0.2782102419445426,0.3608948790277287,0.6804474395138643,-0.15977628024306784,0.4201118598784661,0.710055929939233,-0.14497203503038347,-0.5724860175151918,0.2137569912424041,0.6068784956212021,0.803439247810601,0.9017196239053005,0.9508598119526502,0.9754299059763252,0.9877149529881626,-0.006142523505918707,0.49692873824704065,0.7484643691235203,-0.12576781543823984,-0.5628839077191199,0.21855804614044005,0.6092790230702201,-0.19536048846488996,0.402319755767555,0.7011598778837775,0.8505799389418888,0.9252899694709444,0.9626449847354722,-0.01867750763226389,0.4906612461838681,0.7453306230919341,0.872665311545967,0.9363326557729835,-0.03183367211350824,0.4840831639432459,-0.25795841802837705,0.3710207909858115,0.6855103954929057,-0.15724480225354714,0.42137759887322646,0.7106887994366132,-0.1446556002816934,0.4276721998591533,0.7138360999295766,0.8569180499647884,0.9284590249823942,0.964229512491197,-0.01788524375440148,0.49105737812279926,0.7455286890613997,0.8727643445306998,0.9363821722653499,0.968191086132675,0.9840955430663375,0.9920477715331688,-0.003976114233415595,-0.5019880571167078,0.2490059714416461,0.6245029857208231,0.8122514928604115,0.9061257464302057,-0.04693712678489714,0.47653143660755143,0.7382657183037757,0.8691328591518879,0.9345664295759439,0.967283214787972,0.983641607393986,0.991820803696993,0.9959104018484966,0.9979552009242483,0.9989776004621241,-0.0005111997689379311,0.499744400115531,0.7498722000577656,0.8749361000288828,-0.06253194998555861,0.4687340250072207,0.7343670125036104,-0.13281649374819482,0.4335917531259026,-0.2832041234370487,0.35839793828147565,-0.32080103085926215,0.3395994845703689,0.6697997422851845,0.8348998711425922,-0.08255006442870388,0.4587249677856481,-0.27063751610717596,-0.635318758053588,0.18234062097320602,-0.408829689513397,-0.7044148447566985,0.14779257762165077,-0.4261037111891746,-0.7130518555945873,-0.8565259277972936,-0.9282629638986468,-0.9641314819493234,0.017934259025338295,0.5089671295126692,0.7544835647563346,-0.1227582176218327,0.43862089118908365,0.7193104455945418,0.8596552227972709,0.9298276113986355,-0.03508619430068227,0.48245690284965886,0.7412284514248294,0.8706142257124148,-0.06469288714379262,0.4676535564281037,0.7338267782140518,0.866913389107026,0.933456694553513,-0.033271652723243506,0.48336417363837825,0.7416820868191891,0.8708410434095946,-0.06457947829520272,0.46771026085239864,0.7338551304261993,0.8669275652130997,0.9334637826065498,0.966731891303275,-0.016634054348362515,0.49168297282581874,0.7458414864129094,0.8729207432064547,-0.06353962839677263,-0.5317698141983863,0.23411509290080684,0.6170575464504034,0.8085287732252018,0.9042643866126009,-0.047867806693699555,-0.5239339033468497,-0.7619669516734249,0.11901652416328756,0.5595082620816438,0.7797541310408219,-0.11012293447958904,0.44493853276020545,-0.2775307336198973,-0.6387653668099487,0.18061731659502567,-0.40969134170248717,0.2951543291487564,0.6475771645743782,-0.1762114177128109,-0.5881057088564055,0.20594714557179727,0.6029735727858987,-0.19851321360705065,-0.5992566068035253,-0.7996283034017626,-0.8998141517008813,0.05009292414955935,0.5250464620747797,-0.23747676896261016,-0.618738384481305,-0.8093691922406525,0.09531540387967374,-0.45234229806016313,-0.7261711490300815,0.13691442548495925,-0.4315427872575204,0.2842286063712398,0.6421143031856199,0.82105715159281,0.910528575796405,-0.0447357121017975,-0.5223678560508987,0.23881607197455063,-0.38059196401272466,0.30970401799363767,0.6548520089968188,0.8274260044984094,-0.08628699775079529,-0.5431434988753976,0.2284282505623012,-0.3857858747188494,-0.6928929373594247,-0.8464464686797124,0.0767767656601438,0.538388382830072,0.769194191415036,0.884597095707518,-0.057701452146241006,0.4711492739268795,0.7355746369634397,-0.13221268151828014,-0.56610634075914,0.21694682962043,0.608473414810215,0.8042367074051076,0.9021183537025538,0.9510591768512768,-0.024470411574361584,0.4877647942128192,0.7438823971064096,0.8719411985532048,-0.06402940072339758,0.4679852996383012,0.7339926498191506,0.8669963249095753,0.9334981624547877,-0.033250918772606164,-0.5166254593863031,0.24168727030684845,0.6208436351534242,0.8104218175767122,-0.09478909121164392,-0.547394545605822,-0.773697272802911,-0.8868486364014555,-0.9434243182007278,-0.9717121591003639,0.014143920449818048,0.507071960224909,-0.24646401988754552,-0.6232320099437727,-0.8116160049718864,0.09419199751405682,0.5470959987570284,0.7735479993785142,-0.11322600031074292,-0.5566130001553715,0.22169349992231424,0.6108467499611572,0.8054233749805786,0.9027116874902893,-0.04864415625485535,0.4756779218725723,0.7378389609362861,-0.13108051953185695,-0.5655402597659285,0.21722987011703576,0.6086149350585179,0.804307467529259,0.9021537337646295,-0.04892313311768526,0.47553843344115737,0.7377692167205787,0.8688846083602894,-0.06555769581985532,-0.5327788479099277,-0.7663894239549638,0.1168052880225181,0.558402644011259,0.7792013220056295,-0.11039933899718524,0.4448003305014074,0.7224001652507037,0.8612000826253519,-0.06939995868732407,0.46530002065633796,0.732650010328169,0.8663250051640845,-0.06683749741795775,-0.5334187487089789,0.23329062564551056,0.6166453128227553,0.8083226564113777,0.9041613282056888,0.9520806641028444,0.9760403320514222,0.9880201660257111,0.9940100830128555,0.9970050415064278,0.9985025207532139,0.9992512603766069,0.9996256301883035,0.9998128150941518,0.9999064075470758,0.9999532037735379,0.999976601886769,0.9999883009433845,-5.8495283077331095e-06,-0.5000029247641539,0.24999853761792307,0.6249992688089615,-0.18750036559551925,0.4062498172022404,0.7031249086011202,0.8515624543005601,0.9257812271502801,-0.03710938642485995,-0.51855469321243,0.240722653393785,0.6203613266968925,0.8101806633484463,0.9050903316742231,0.9525451658371116,0.9762725829185558,0.988136291459278,0.994068145729639,0.9970340728648195,-0.0014829635675902564,-0.5007414817837952,0.2496292591081024,-0.3751853704459488,0.3124073147770256,0.6562036573885128,0.8281018286942564,0.9140509143471283,-0.04297454282643587,-0.5214872714132179,-0.760743635706609,0.11962818214669552,0.5598140910733478,-0.2200929544633261,0.38995352276833695,0.6949767613841684,-0.1525116193079158,-0.5762558096539578,0.21187209517302108,0.6059360475865105,0.8029680237932553,-0.09851598810337237,-0.5492579940516862,-0.7746289970258431,0.11268550148707845,-0.4436572492564608,-0.7218286246282304,0.1390856876858848,0.5695428438429424,-0.2152285780785288,0.3923857109607356,0.6961928554803678,0.8480964277401839,0.924048213870092,0.9620241069350459,0.981012053467523,0.9905060267337615,0.9952530133668808,0.9976265066834404,-0.0011867466582797803,0.4994066266708601,0.74970331333543,0.874851656667715,-0.06257417166614249,0.46871291416692873,0.7343564570834644,0.8671782285417322,0.9335891142708661,0.966794557135433,-0.016602721432283474,0.49169863928385826,0.7458493196419291,-0.12707534017903543,0.4364623299104823,0.7182311649552411,0.8591155824776205,-0.07044220876118973,-0.5352211043805949,-0.7676105521902974,0.1161947239048513,0.5580973619524257,0.7790486809762128,-0.11047565951189359,0.4447621702440532,-0.2776189148779734,0.3611905425610133,-0.3194047287194933,0.34029763564025334,0.6701488178201267,0.8350744089100633,0.9175372044550316,0.9587686022275158,0.979384301113758,0.989692150556879,0.9948460752784395,0.9974230376392197,0.9987115188196098,0.9993557594098049,0.9996778797049024,0.9998389398524512,0.9999194699262256,0.9999597349631129,-2.013251844357189e-05,0.4999899337407782,0.7499949668703891,0.8749974834351946,0.9374987417175973,0.9687493708587986,0.9843746854293993,0.9921873427146997,0.9960936713573498,0.9980468356786749,0.9990234178393375,0.9995117089196688,-0.00024414554016560785,-0.5001220727700828,0.2499389636149586,0.6249694818074794,0.8124847409037397,0.9062423704518698,0.9531211852259349,0.9765605926129675,0.9882802963064837,0.9941401481532419,-0.00292992592337904,-0.5014649629616895,0.24926751851915524,0.6246337592595776,0.8123168796297888,0.9061584398148944,0.9530792199074472,0.9765396099537236,0.9882698049768618,0.994134902488431,-0.0029325487557845253,0.49853372562210774,0.7492668628110539,-0.12536656859447304,-0.5626832842972365,-0.7813416421486182,0.10932917892569088,0.5546645894628455,0.7773322947314227,0.8886661473657114,0.9443330736828557,-0.027833463158572158,0.4860832684207139,0.743041634210357,-0.12847918289482152,-0.5642395914474108,0.21788020427629462,0.6089401021381473,0.8044700510690737,0.9022350255345368,0.9511175127672684,0.9755587563836342,0.9877793781918172,-0.0061103109040914205,0.4969448445479543,0.7484724222739771,0.8742362111369886,0.9371181055684943,-0.03144094721575286,0.48427952639212357,-0.2578602368039382,0.3710698815980309,0.6855349407990154,-0.15723252960049228,0.42138373519975386,-0.2893081324001231,0.35534593379993845,0.6776729668999693,0.8388364834499846,0.9194182417249923,0.9597091208624962,0.9798545604312481,0.989927280215624,0.994963640107812,0.997481820053906,-0.0012590899730470229,-0.5006295449865235,0.24968522750673827,0.6248426137533691,-0.18757869312331543,0.4062106534383423,0.7031053267191711,0.8515526633595856,-0.07422366832020721,0.4628881658398964,0.7314440829199482,0.8657220414599741,0.932861020729987,0.9664305103649935,0.9832152551824968,0.9916076275912484,0.9958038137956242,0.9979019068978121,-0.0010490465510939462,-0.500524523275547,0.2497377383622265,0.6248688691811133,0.8124344345905566,0.9062172172952783,0.9531086086476391,0.9765543043238196,0.9882771521619098,0.9941385760809549,-0.0029307119595225473,0.4985346440202387,0.7492673220101194,0.8746336610050597,0.9373168305025299,0.968658415251265,-0.015670792374367526,-0.5078353961871838,-0.7539176980935919,0.12304115095320406,0.5615205754766021,0.7807602877383011,-0.10961985613084946,0.44519007193457527,0.7225950359672877,0.8612975179836438,0.930648758991822,0.965324379495911,-0.017337810252044505,0.49133109487397775,0.7456655474369889,0.8728327737184944,0.9364163868592472,0.9682081934296236,0.9841040967148118,0.9920520483574059,0.9960260241787029,0.9980130120893514,0.9990065060446758,0.9995032530223379,-0.00024837348883105514,0.4998758132555845,0.7499379066277923,-0.12503104668610387,0.43748447665694806,0.7187422383284741,0.859371119164237,0.9296855595821185,0.9648427797910593,-0.01757861010447037,-0.5087893050522352,0.2456053474738824,0.6228026737369412,0.8114013368684706,0.9057006684342352,0.9528503342171176,0.9764251671085589,0.9882125835542794,0.9941062917771397,0.9970531458885699,0.9985265729442849,0.9992632864721425,-0.0003683567639287677,0.4998158216180356,0.7499079108090179,0.8749539554045089,0.9374769777022545,0.9687384888511272,0.9843692444255636,0.9921846222127818,-0.003907688893609096,0.4980461555531954,0.7490230777765977,-0.12548846111170114,0.43725576944414946,0.7186278847220747,0.8593139423610374,0.9296569711805187,-0.035171514409740645,0.4824142427951297,0.7412071213975648,0.8706035606987824,0.9353017803493913,0.9676508901746956,0.9838254450873478,-0.008087277456326092,0.49595636127183695,0.7479781806359185,-0.12601090968204076,0.4369945451589796,0.7184972725794898,0.8592486362897449,0.9296243181448725,0.9648121590724362,0.9824060795362182,0.9912030397681091,0.9956015198840545,0.9978007599420273,0.9989003799710137,0.9994501899855068,0.9997250949927534,0.9998625474963767,0.9999312737481884,-3.436312590582302e-05,0.49998281843704706,0.7499914092185236,0.8749957046092618,-0.0625021476953691,0.46874892615231545,0.7343744630761577,0.8671872315380789,0.9335936157690394,-0.033203192115480284,-0.5166015960577401,0.24169920197112993,-0.37915039901443504,0.3104248004927825,0.6552124002463913,0.8276062001231956,0.9138031000615978,0.9569015500307989,0.9784507750153995,0.9892253875076997,0.9946126937538499,0.997306346876925,0.9986531734384625,0.9993265867192312,0.9996632933596157,0.9998316466798078,-8.417666009608027e-05,0.49995791166995196,0.749978955834976,0.874989477917488,-0.06250526104125598,0.468747369479372,0.734373684739686,0.867186842369843,0.9335934211849215,0.9667967105924608,0.9833983552962304,0.9916991776481152,0.9958495888240576,0.9979247944120289,0.9989623972060144,-0.0005188013969927852,0.4997405993015036,0.7498702996507518,0.8749351498253759,0.937467574912688,-0.031266212543656025,-0.515633106271828,0.242183446864086,0.621091723432043,0.8105458617160215,0.9052729308580107,0.9526364654290054,0.9763182327145027,0.9881591163572514,0.9940795581786257,0.9970397790893128,-0.001480110455343575,0.4992599447723282,0.7496299723861641,-0.12518501380691793,-0.562592506903459,-0.7812962534517295,-0.8906481267258648,0.0546759366370676,0.5273379683185337,0.7636689841592669,-0.11816550792036656,0.44091724603981675,0.7204586230199084,0.8602293115099542,-0.0698853442450229,-0.5349426721225115,0.23252866393874427,0.6162643319693721,0.8081321659846861,-0.09593391700765697,0.4520330414961715,-0.27398347925191424,0.3630082603740429,-0.31849586981297856,-0.6592479349064893,0.17037603254675537,0.5851880162733777,-0.20740599186331116,-0.6037029959316556,0.19814850203417222,0.5990742510170861,0.7995371255085431,-0.10023143724572847,-0.5501157186228642,-0.7750578593114321,0.11247107034428394,-0.44376446482785803,-0.721882232413929,0.1390588837930355,-0.4304705581034822,0.2847647209482589,0.6423823604741294,-0.17880881976293528,0.41059559011853236,-0.29470220494073385,0.3526488975296331,-0.32367555123518343,-0.6618377756175917,-0.8309188878087959,0.08454055609560207,-0.45772972195219896,-0.7288648609760995,0.13556756951195026,0.5677837847559751,0.7838918923779876,-0.10805405381100619,-0.5540270269055031,-0.7770135134527516,0.1114932432736242,0.5557466216368121,0.777873310818406,-0.11106334459079698,0.44446832770460154,0.7222341638523008,0.8611170819261504,-0.06944145903692478,-0.5347207295184624,0.2326396352407688,-0.3836801823796156,-0.6918400911898078,-0.8459200455949039,-0.9229600227974519,-0.961480011398726,-0.9807400056993629,-0.9903700028496815,-0.9951850014248407,0.002407499287579662,0.5012037496437898,0.7506018748218949,-0.12469906258905256,-0.5623495312945263,-0.7811747656472632,-0.8905873828236316,-0.9452936914118157,0.02735315429409213,-0.48632342285295393,-0.743161711426477,-0.8715808557132385,-0.9357904278566193,-0.9678952139283097,-0.9839476069641548,0.00802619651792258,0.5040130982589612,0.7520065491294806,0.8760032745647404,0.9380016372823702,0.9690008186411851,-0.015499590679407427,-0.5077497953397037,-0.7538748976698518,-0.876937448834926,-0.938468724417463,-0.9692343622087315,-0.9846171811043658,0.007691409447817099,-0.49615429527609145,0.2519228523619543,0.6259614261809772,-0.18701928690951142,-0.5935096434547558,-0.7967548217273779,-0.8983774108636889,-0.9491887054318444,0.025405647284077792,-0.4872971763579611,0.25635141182101945,-0.37182429408949025,-0.6859121470447451,0.15704392647762744,-0.4214780367611863,-0.7107390183805932,0.14463049080970342,-0.4276847545951483,0.28615762270242584,-0.3569211886487871,0.32153940567560646,-0.33923029716219677,0.3303848514189016,-0.3348075742905492,0.3325962128547254,-0.3337018935726373,-0.6668509467863186,0.1665745266068407,-0.41671273669657966,-0.7083563683482899,-0.8541781841741449,-0.9270890920870725,0.03645545395646377,-0.4817722730217681,-0.7408861365108841,0.12955693174455796,-0.435221534127721,-0.7176107670638605,0.14119461646806974,0.5705973082340349,0.7852986541170175,0.8926493270585087,0.9463246635292544,-0.026837668235372814,-0.5134188341176864,-0.7567094170588432,0.1216452914705784,-0.43917735426471083,0.2804113228676446,-0.3597943385661777,0.32010283071691115,-0.3399485846415444,-0.6699742923207722,-0.8349871461603862,-0.9174935730801931,-0.9587467865400965,0.020626606729951757,-0.4896866966350241,0.2551566516824879,-0.37242167415875604,-0.686210837079378,-0.843105418539689,0.0784472907301555,-0.4607763546349223,-0.7303881773174612,0.1348059113412694,-0.4325970443293653,0.28370147783531735,-0.35814926108234135,0.3209253694588293,0.6604626847294146,-0.1697686576352927,0.41511567118235365,-0.2924421644088232,0.3537789177955884,0.6768894588977942,-0.16155527055110291,-0.5807776352755515,0.20961118236222426,0.6048055911811121,-0.19759720440944395,-0.598798602204722,0.20060069889763898,0.6003003494488195,-0.19984982527559025,0.4000750873622049,-0.29996245631889756,0.3500187718405512,0.6750093859202756,0.8375046929601377,-0.08124765351993113,-0.5406238267599656,-0.7703119133799827,0.11484404331000864,0.5574220216550043,0.7787110108275022,0.8893555054137511,0.9446777527068755,0.9723388763534377,-0.013830561823281129,-0.5069152809116406,-0.7534576404558203,-0.8767288202279102,-0.9383644101139551,0.030817794943022447,-0.4845911025284888,-0.7422955512642444,0.1288522243678778,-0.4355738878160611,-0.7177869439080306,-0.8588934719540153,-0.9294467359770077,-0.9647233679885039,0.017638316005748056,-0.49118084199712597,0.254409579001437,-0.3727952104992815,-0.6863976052496408,0.1568011973751796,-0.4215994013124102,-0.7107997006562051,-0.8553998503281026,-0.9276999251640513,-0.9638499625820256,-0.9819249812910128,0.0090375093544936,-0.49548124532275317,-0.7477406226613765,-0.8738703113306883,-0.9369351556653441,-0.9684675778326721,-0.9842337889163361,-0.992116894458168,0.0039415527709160125,-0.498029223614542,-0.749014611807271,0.1254926940963645,-0.43725365295181773,0.28137317352409114,-0.3593134132379544,0.3203432933810228,-0.3398283533094886,-0.6699141766547443,-0.8349570883273721,0.08252145583631393,-0.45873927208184306,0.27063036395907847,-0.36468481802046077,0.31765759098976964,0.6588287954948848,-0.1705856022525576,0.4147071988737212,-0.2926464005631394,0.3536767997184303,-0.3231616001407849,-0.6615808000703924,0.16920959996480378,0.5846047999824019,-0.20769760000879905,-0.6038488000043996,-0.8019244000021998,0.09903779999890011,-0.45048110000054997,-0.725240550000275,0.1373797249998625,0.5686898624999313,-0.21565506875003437,-0.6078275343750172,-0.8039137671875086,0.09804311640624569,-0.4509784417968772,-0.7254892208984386,0.1372553895507807,-0.4313723052246097,-0.7156861526123048,-0.8578430763061524,0.07107846184692379,-0.4644607690765381,-0.732230384538269,0.13388480773086547,-0.4330575961345673,-0.7165287980672836,-0.8582643990336418,-0.9291321995168209,-0.9645660997584105,-0.9822830498792052,-0.9911415249396026,0.004429237530198693,-0.4977853812349007,-0.7488926906174503,0.12555365469127483,-0.4372231726543626,-0.7186115863271814,-0.8593057931635907,-0.9296528965817954,-0.9648264482908977,0.01758677585455115,-0.4912066120727244,-0.7456033060363623,-0.8728016530181811,-0.9364008265090906,-0.9682004132545453,0.015899793372727344,0.5079498966863637,-0.24602505165681815,0.37698747417159095,-0.3115062629142045,0.34424686854289777,-0.3278765657285511,-0.6639382828642756,0.1680308585678622,-0.41598457071606887,0.29200771464196557,-0.35399614267901724,0.3230019286604914,-0.3384990356697543,-0.6692495178348772,0.1653752410825614,0.5826876205412808,0.7913438102706404,-0.10432809486467981,-0.5521640474323399,-0.77608202371617,0.11195898814191502,-0.4440205059290425,-0.7220102529645213,-0.8610051264822607,-0.9305025632411303,-0.9652512816205652,-0.9826256408102826,-0.9913128204051413,-0.9956564102025707,-0.9978282051012853,0.0010858974493573315,-0.49945705127532136,-0.7497285256376607,0.12513573718116966,-0.43743213140941517,-0.7187160657047076,0.1406419671476462,0.5703209835738231,-0.21483950821308845,0.39258024589345575,-0.3037098770532721,0.34814506147336394,0.6740725307366819,-0.16296373463165903,-0.5814818673158295,-0.7907409336579148,0.10462953317104262,-0.4476852334144787,-0.7238426167072394,-0.8619213083536197,-0.9309606541768098,-0.9654803270884049,0.01725983645579754,0.5086299182278988,0.7543149591139494,-0.1228425204430253,-0.5614212602215126,0.2192893698892437,0.6096446849446219,-0.19517765752768906,0.40241117123615544,-0.2987944143819223,0.35060279280903883,-0.3246986035954806,0.3376506982022597,0.6688253491011298,0.8344126745505649,-0.08279366272471755,0.4586031686376412,-0.27069841568117936,-0.6353492078405897,-0.8176746039202949,-0.9088373019601474,-0.9544186509800737,-0.9772093254900369,0.011395337254981541,-0.49430233137250923,-0.7471511656862546,0.1264244171568727,0.5632122085784363,-0.21839389571078183,-0.6091969478553909,-0.8045984739276955,0.09770076303615227,-0.45114961848192386,-0.725574809240962,-0.862787404620481,-0.9313937023102405,0.03430314884487973,0.5171515744224399,-0.24142421278878007,0.37928789360561,-0.310356053197195,0.3448219734014025,-0.32758901329929874,0.33620549335035066,0.6681027466751753,0.8340513733375876,-0.0829743133312062,0.4585128433343969,-0.27074357833280155,0.3646282108335992,-0.3176858945832004,0.3411570527083998,-0.3294214736458001,-0.6647107368229,-0.83235536841145,0.08382231579427502,0.5419111578971375,-0.22904442105143125,-0.6145222105257157,-0.8072611052628578,-0.9036305526314289,-0.9518152763157144,-0.9759076381578572,-0.9879538190789285,-0.9939769095394643,-0.9969884547697321,-0.998494227384866,-0.999247113692433,-0.9996235568462165,-0.9998117784231082,9.411078844590026e-05,-0.49995294460577705,0.25002352769711145,-0.3749882361514443,0.31250588192427786,0.6562529409621389,0.8281264704810695,-0.08593676475946527,0.45703161762026734,-0.27148419118986633,-0.6357420955949331,0.18212895220253345,-0.4089355238987333,-0.7044677619493667,-0.8522338809746833,0.07388305951265833,-0.46305847024367086,0.26847076487816457,-0.3657646175609177,-0.6828823087804589,0.15855884560977057,-0.4207205771951147,-0.7103602885975573,-0.8551801442987786,0.07240992785061068,-0.46379503607469463,-0.7318975180373473,-0.8659487590186736,-0.9329743795093368,0.03351281024533159,-0.4832435948773342,-0.7416217974386671,0.12918910128066646,-0.43540544935966674,-0.7177027246798333,0.14114863766008334,-0.42942568116995833,-0.7147128405849792,-0.8573564202924896,-0.9286782101462447,-0.9643391050731224,-0.9821695525365612,0.00891522373171938,-0.4955423881341403,-0.7477711940670702,-0.8738855970335351,0.06305720148323246,-0.46847139925838377,-0.7342356996291919,-0.8671178498145959,-0.933558924907298,-0.966779462453649,0.016610268773175507,-0.49169486561341225,-0.7458474328067062,0.1270762835966469,-0.43646185820167654,-0.7182309291008383,0.14088453544958085,-0.42955773227520955,-0.7147788661376048,-0.8573894330688023,0.07130528346559883,-0.4643473582672006,0.2678263208663997,-0.36608683956680016,-0.6830434197834001,-0.8415217098917,-0.92076085494585,-0.9603804274729251,-0.9801902137364625,0.009904893131768733,-0.49504755343411566,-0.7475237767170578,0.12623811164147108,0.5631190558207355,-0.21844047208963224,0.3907797639551839,0.6953898819775919,-0.15230505901120406,0.42384747049439797,-0.288076264752801,0.3559618676235995,0.6779809338117997,0.8389904669058998,-0.08050476654705008,-0.5402523832735251,0.22987380836323745,0.6149369041816187,0.8074684520908093,-0.09626577395459535,-0.5481328869772977,-0.7740664434886488,-0.8870332217443244,-0.9435166108721622,0.028241694563918895,-0.48587915271804055,0.2570604236409797,-0.37146978817951015,0.3142651059102449,-0.34286744704487754,-0.6714337235224388,0.1642831382387806,-0.4178584308806097,0.29107078455969515,0.6455353922798476,-0.1772323038600762,-0.5886161519300381,-0.7943080759650191,0.10284596201749047,-0.4485770189912548,0.2757114905043726,0.6378557452521862,0.8189278726260931,0.9094639363130466,-0.04526803184347672,0.47736598407826164,-0.2613170079608692,-0.6306585039804347,-0.8153292519902173,0.09233537400489134,0.5461676870024457,0.7730838435012228,-0.11345807824938858,-0.5567290391246943,0.22163548043765285,0.6108177402188264,-0.1945911298905868,0.4027044350547066,0.7013522175273533,-0.14932389123632334,-0.5746619456181616,0.21266902719091918,-0.3936654864045404,-0.6968327432022702,-0.848416371601135,-0.9242081858005675,-0.9621040929002838,0.01894795354985812,-0.49052602322507094,-0.7452630116125355,-0.8726315058062677,-0.9363157529031338,0.03184212354843308,-0.48407893822578346,-0.7420394691128918,0.12898026544355412,-0.43550986727822294,0.28224506636088853,-0.35887746681955573,-0.6794387334097779,-0.839719366704889,0.0801403166475555,-0.45992984167622225,0.27003507916188885,-0.3649824604190556,-0.6824912302095278,0.15875438489523608,-0.42062280755238196,-0.710311403776191,0.14484429811190452,-0.42757785094404777,0.2862110745279761,-0.35689446273601194,-0.678447231368006,-0.8392236156840029,0.08038819215799853,0.5401940960789993,-0.22990295196050037,-0.6149514759802501,0.19252426200987494,0.5962621310049374,-0.2018689344975313,-0.6009344672487656,-0.8004672336243828,-0.9002336168121914,-0.9501168084060957,0.024941595796952154,-0.48752920210152395,-0.7437646010507619,-0.871882300525381,0.06405884973730952,-0.4679705751313452,-0.7339852875656726,-0.8669926437828364,0.06650367810858182,-0.4667481609457091,-0.7333740804728546,-0.8666870402364273,0.06665647988178636,-0.4666717600591068,-0.7333358800295534,0.1333320599852233,0.5666660299926116,0.7833330149963058,0.8916665074981529,-0.05416674625092355,-0.5270833731254618,-0.7635416865627309,0.11822915671863454,0.5591145783593172,-0.2204427108203414,-0.6102213554101708,-0.8051106777050854,0.09744466114745731,0.5487223305737287,-0.22563883471313567,-0.6128194173565679,0.19359029132171607,0.596795145660858,-0.201602427169571,-0.6008012135847856,-0.8004006067923928,0.09979969660380361,0.5498998483019018,-0.22505007584904912,-0.6125250379245246,-0.8062625189622623,-0.9031312594811312,-0.9515656297405656,-0.9757828148702827,-0.9878914074351414,-0.9939457037175707,-0.9969728518587854,0.0015135740706073153,-0.4992432129646963,-0.7496216064823482,0.1251891967588259,-0.43740540162058705,0.2812972991897065,-0.35935135040514676,-0.6796756752025734,0.16016216239871328,-0.41991891880064336,-0.7099594594003217,-0.8549797297001609,-0.9274898648500804,-0.9637449324250402,0.018127533787479888,0.5090637668937399,-0.24546811655313006,-0.622734058276565,-0.8113670291382825,-0.9056835145691413,0.047158242715429344,0.5235791213577147,0.7617895606788574,0.8808947803394287,-0.05955260983028565,-0.5297763049151428,0.2351118475424286,-0.38244407622878573,-0.6912220381143929,-0.8456110190571964,0.07719449047140181,-0.4614027547642991,0.2692986226178504,0.6346493113089252,-0.1826753443455374,0.40866232782723133,-0.29566883608638433,-0.6478344180431922,-0.823917209021596,-0.911958604510798,-0.9559793022553991,0.022010348872300467,-0.48899482556384977,-0.7444974127819248,-0.8722487063909624,-0.9361243531954813,-0.9680621765977406,-0.9840310882988703,-0.9920155441494352,0.003992227925282421,-0.4980038860373588,0.2509980569813206,0.6254990284906603,0.8127495142453302,-0.09362524287733492,0.4531873785613325,-0.27340631071933374,0.3632968446403331,0.6816484223201665,-0.15917578883991673,-0.5795878944199584,-0.7897939472099792,0.1051030263950104,-0.4474484868024948,-0.7237242434012474,0.1381378782993763,0.5690689391496881,0.7845344695748441,-0.10773276521257796,-0.553866382606289,-0.7769331913031445,0.11153340434842773,-0.44423329782578613,-0.7221166489128931,0.13894167554355347,0.5694708377717768,-0.21526458111411162,-0.6076322905570558,0.1961838547214721,-0.401908072639264,-0.700954036319632,-0.850477018159816,0.07476149092009199,-0.462619254539954,-0.7313096272699771,0.13434518636501147,-0.43282740681749426,-0.7164137034087471,-0.8582068517043735,-0.9291034258521867,-0.9645517129260934,-0.9822758564630467,-0.9911379282315234,-0.9955689641157617,-0.9977844820578808,0.0011077589710595803,0.5005538794855298,-0.24972306025723512,0.37513846987138244,0.6875692349356912,-0.1562153825321544,-0.5781076912660772,-0.7890538456330386,0.1054730771834807,-0.4472634614082597,-0.7236317307041298,0.1381841346479351,-0.43090793267603245,-0.7154539663380162,0.14227301683099192,-0.42886349158450404,-0.714431745792252,-0.857215872896126,-0.928607936448063,-0.9643039682240315,-0.9821519841120158,-0.9910759920560079,0.004462003971996031,-0.497768998014002,-0.7488844990070009,-0.8744422495035005,0.06277887524824977,0.5313894376241248,0.7656947188120624,-0.1171526405939688,-0.5585763202969845,0.22071183985150777,-0.3896440800742461,-0.694822040037123,-0.8474110200185615,-0.9237055100092808,-0.9618527550046404,-0.9809263775023203,0.009536811248839872,-0.49523159437558006,0.25238420281220997,0.6261921014061049,0.8130960507030525,-0.09345197464847377,0.4532740126757631,0.7266370063378815,-0.13668149683105923,-0.5683407484155296,-0.7841703742077648,-0.8920851871038824,-0.9460425935519412,-0.9730212967759706,-0.9865106483879853,0.00674467580600735,-0.4966276620969963,-0.7483138310484981,-0.874156915524249,0.0629215422378755,-0.46853922888106225,0.2657303855594689,-0.3671348072202656,-0.6835674036101328,0.1582162981949336,-0.4208918509025332,-0.7104459254512666,0.1447770372743667,0.5723885186371833,0.7861942593185917,0.8930971296592958,-0.05345143517035211,0.47327428241482394,-0.26336285879258803,-0.631681429396294,0.184159285301853,0.5920796426509265,0.7960398213254632,-0.10198008933726838,-0.5509900446686342,0.2245049776656829,0.6122524888328414,0.8061262444164208,-0.09693687779178961,-0.5484684388958948,0.2257657805520526,-0.38711710972397373,-0.6935585548619869,0.15322072256900654,-0.42338963871549673,-0.7116948193577484,0.14415259032112582,-0.4279237048394371,-0.7139618524197185,-0.8569809262098593,0.07150953689507034,0.5357547684475352,-0.2321226157762324,0.3839386921118838,-0.3080306539440581,0.345984673027971,0.6729923365139855,-0.16350383174300726,-0.5817519158715037,0.20912404206424817,0.6045620210321241,-0.19771898948393796,-0.598859494741969,0.2005702526290155,0.6002851263145077,0.8001425631572538,-0.09992871842137308,-0.5499643592106865,0.22501782039465673,-0.38749108980267166,-0.6937455449013359,-0.8468727724506679,0.07656361377466603,-0.461718193112667,0.2691409034436665,-0.36542954827816676,0.3172852258609166,-0.34135738706954166,-0.6706786935347708,0.16466065323261458,-0.4176696733836927,-0.7088348366918463,0.14558258165407684,0.5727912908270384,0.7863956454135193,0.8931978227067596,-0.05340108864662019,-0.5267005443233101,0.23664972783834493,-0.38167513608082754,0.30916243195958626,-0.34541878402020687,-0.6727093920101035,0.16364530399494825,-0.4181773480025259,-0.709088674001263,-0.8545443370006315,-0.9272721685003158,-0.9636360842501579,-0.981818042125079,0.009090978937460525,0.5045454894687302,-0.24772725526563488,-0.6238636276328174,0.18806818618359128,0.5940340930917957,0.7970170465458979,-0.10149147672705106,0.4492542616364745,-0.27537286918176274,-0.6376864345908814,0.18115678270455932,-0.40942160864772037,-0.7047108043238601,0.14764459783806994,-0.42617770108096503,-0.7130888505404825,-0.8565444252702412,0.07172778736487939,-0.4641361063175603,-0.7320680531587802,-0.8660340265793901,-0.9330170132896951,0.033491493355152446,-0.4832542533224238,0.2583728733387881,-0.37081356333060594,0.314593218334697,0.6572966091673484,0.8286483045836742,-0.08567584770816289,0.45716207614591853,0.7285810380729593,0.8642905190364796,-0.06785474048176021,-0.5339273702408801,-0.76696368512044,0.11651815743978,-0.44174092128011,-0.720870460640055,0.1395647696799725,0.5697823848399862,-0.2151088075800069,-0.6075544037900035,-0.8037772018950018,-0.9018886009475009,0.04905569952624955,0.5245278497631247,0.7622639248815624,-0.11886803755921882,0.4405659812203906,0.7202829906101953,-0.13985850469490235,0.4300707476525488,0.7150353738262745,0.8575176869131372,-0.07124115654343138,0.4643794217282843,0.7321897108641422,-0.1339051445679289,-0.5669525722839645,-0.7834762861419822,0.10826185692900891,-0.44586907153549554,-0.7229345357677478,-0.861467267883874,0.06926636605806302,-0.4653668169709685,0.26731659151451576,0.6336582957572579,-0.18317085212137107,0.40841457393931446,0.7042072869696572,0.8521036434848286,0.9260518217424143,0.9630259108712071,0.9815129554356036,-0.009243522282198213,0.49537823885890087,0.7476891194294504,-0.1261554402852748,-0.5630777201426374,0.21846113992868132,0.6092305699643407,0.8046152849821704,-0.0976923575089148,-0.5488461787544574,0.2255769106227713,0.6127884553113856,-0.1936057723443072,0.4031971138278464,0.7015985569139231,-0.14920072154303843,0.4253996392284808,-0.2873001803857596,-0.6436500901928798,0.1781749549035601,-0.41091252254821997,-0.70545626127411,-0.852728130637055,0.0736359346814725,-0.4631820326592637,0.26840898367036814,-0.36579550816481593,-0.6828977540824079,0.15855112295879603,0.5792755614793981,-0.21036221926030096,0.3948188903698495,0.6974094451849248,-0.15129527740753762,0.4243523612962312,-0.2878238193518844,-0.6439119096759423,0.17804404516202887,-0.41097797741898556,0.2945110112905072,0.6472555056452536,-0.1763722471773732,-0.5881861235886866,-0.7940930617943434,0.10295346910282832,0.5514767345514142,0.7757383672757071,-0.11213081636214645,-0.5560654081810732,-0.7780327040905366,0.1109836479547317,-0.44450817602263415,0.2777459119886829,-0.36112704400565854,-0.6805635220028292,-0.8402817610014146,0.0798591194992927,-0.46007044025035365,0.26996477987482315,-0.3650176100625884,-0.6825088050312942,0.1587455974843529,-0.42062720125782355,-0.7103136006289118,0.1448431996855441,-0.4275784001572279,-0.7137892000786139,0.14310539996069305,-0.4284473000196535,0.28577634999017326,0.6428881749950867,0.8214440874975433,-0.08927795625122836,0.4553610218743858,-0.2723194890628071,0.36384025546859644,0.6819201277342982,-0.1590399361328509,-0.5795199680664255,-0.7897599840332128,-0.8948799920166064,0.0525600039916968,0.5262800019958485,0.7631400009979242,0.8815700004989622,-0.059214999750518915,-0.5296074998752595,0.23519625006237027,0.6175981250311852,-0.19120093748440742,0.40439953125779626,-0.29780023437110187,0.35109988281444904,0.6755499414072246,-0.1622250292963877,0.41888748535180614,0.709443742675903,-0.14527812866204848,0.42736093566897576,0.7136804678344879,-0.14315976608275605,-0.5715798830413781,0.21421005847931096,-0.3928949707603445,-0.6964474853801723,0.15177625730991384,-0.4241118713450431,0.28794406432747843,-0.3560279678362608,-0.6780139839181304,0.1609930080409348,0.5804965040204674,-0.2097517479897663,0.3951241260051168,-0.3024379369974416,0.3487810315012792,-0.3256094842493604,-0.6628047421246802,0.1685976289376599,0.5842988144688299,-0.20785059276558504,0.3960747036172075,0.6980373518086037,-0.15098132409569814,-0.575490662047849,-0.7877453310239245,0.10612733448803774,0.5530636672440189,-0.22346816637799055,-0.6117340831889952,0.19413295840550238,-0.4029335207972488,-0.7014667603986244,0.14926661980068778,-0.4253666900996561,0.28731665495017195,0.643658327475086,0.821829163737543,0.9109145818687715,0.9554572909343857,0.9777286454671928,0.9888643227335965,0.9944321613667982,0.9972160806833992,0.9986080403416996,0.9993040201708498,0.9996520100854249,-0.00017399495728753767,-0.5000869974786437,0.24995650126067814,0.6249782506303391,0.8124891253151696,-0.0937554373424152,0.4531222813287924,0.7265611406643961,0.8632805703321981,-0.06835971483390096,0.4658201425830495,-0.26708992870847525,-0.6335449643542377,0.18322751782288116,-0.4083862410885594,-0.7041931205442797,-0.8520965602721399,0.07395171986393007,-0.46302414006803494,-0.7315120700340174,0.1342439649829913,-0.43287801750850435,0.28356099124574785,-0.3582195043771261,0.32089024781143693,0.6604451239057185,0.8302225619528593,-0.08488871902357037,0.45755564048821484,0.7287778202441074,0.8643889101220537,-0.06780554493897317,-0.5339027724694866,0.2330486137652567,-0.3834756931173716,-0.6917378465586859,0.15413107672065707,0.5770655383603285,0.7885327691801642,0.8942663845900821,-0.05286680770495894,-0.5264334038524795,0.23678329807376025,0.6183916490368802,0.8091958245184401,0.90459791225922,0.95229895612961,-0.02385052193519499,0.4880747390324025,-0.25596263048379875,0.3720186847581006,0.6860093423790503,0.8430046711895252,-0.07849766440523742,0.4607511677973813,0.7303755838986906,0.8651877919493454,0.9325938959746727,-0.03370305201266366,0.48314847399366817,-0.2584257630031659,0.37078711849841706,-0.31460644075079147,0.34269677962460426,-0.32865161018769784,0.3356741949061511,-0.3321629025469245,0.33391854872653776,0.6669592743632689,0.8334796371816344,0.9167398185908172,-0.041630090704591394,0.4791849546477043,-0.26040752267614786,0.36979623866192607,0.684898119330963,-0.1575509403345185,0.4212245298327407,-0.28938773508362964,-0.6446938675418148,-0.8223469337709074,-0.9111734668854536,0.04441326655727318,0.5222066332786366,0.7611033166393183,-0.11944834168034085,0.44027582915982955,0.7201379145799147,0.8600689572899574,0.9300344786449787,0.9650172393224894,-0.017491380338755302,-0.5087456901693777,0.24562715491531117,0.6228135774576555,-0.18859321127117223,-0.5942966056355861,-0.797148302817793,-0.8985741514088965,-0.9492870757044483,-0.9746435378522241,0.012678231073887936,-0.493660884463056,-0.746830442231528,0.12658477888423603,0.563292389442118,-0.218353805278941,0.3908230973605295,0.6954115486802648,-0.1522942256598676,0.4238528871700662,0.7119264435850331,0.8559632217925166,-0.0720183891037417,0.46399080544812915,0.7319954027240646,0.8659977013620324,0.9329988506810162,0.9664994253405081,-0.016750287329745928,0.49162485633512704,0.7458124281675635,0.8729062140837818,-0.06354689295810911,0.46822655352094544,0.7341132767604728,-0.1329433616197636,-0.5664716808098818,-0.7832358404049409,0.10838207979752956,-0.4458089601012352,0.2770955199493824,-0.3614522400253088,0.3192738799873456,-0.3403630600063272,0.3298184699968364,0.6649092349984183,-0.16754538250079087,0.41622730874960456,0.7081136543748023,0.8540568271874012,0.9270284135937006,-0.03648579320314971,-0.5182428966015749,0.24087855169921257,-0.3795607241503937,-0.6897803620751969,-0.8448901810375984,0.0775549094812008,-0.4612225452593996,-0.7306112726296998,0.1346943636851501,0.567347181842575,-0.21632640907871248,0.39183679546064376,-0.3040816022696781,-0.6520408011348391,0.17397959943258046,0.5869897997162903,-0.20650510014185486,-0.6032525500709274,-0.8016262750354637,0.09918686248226816,-0.4504065687588659,-0.7252032843794329,-0.8626016421897165,0.06869917890514177,-0.4656504105474291,0.26717479472628547,-0.36641260263685727,0.31679369868157137,0.6583968493407857,0.8291984246703928,-0.08540078766480358,-0.5427003938324018,0.22864980308379912,0.6143249015418996,-0.19283754922905022,0.4035812253854749,0.7017906126927375,0.8508953063463687,0.9254476531731843,-0.03727617341340783,-0.518638086706704,0.24068095664664801,0.620340478323324,0.810170239161662,0.9050851195808309,0.9525425597904155,0.9762712798952078,0.9881356399476039,-0.005932180026198053,0.497033909986901,-0.2514830450065495,0.37425847749672525,0.6871292387483626,-0.1564353806258187,-0.5782176903129094,0.21089115484354531,0.6054455774217726,-0.19727721128911369,-0.5986386056445568,-0.7993193028222785,0.10034034858886076,0.5501701742944304,0.7750850871472152,-0.11245745642639238,0.4437712717868038,0.7218856358934019,-0.13905718205329903,0.43047140897335046,0.7152357044866753,-0.14238214775666236,0.4288089261216688,0.7144044630608344,0.8572022315304172,0.9286011157652085,0.9643005578826043,-0.017849721058697865,0.49107513947065107,0.7455375697353255,-0.12723121513233726,0.43638439243383137,-0.28180780378308434,-0.6409039018915421,-0.8204519509457711,0.08977402452711447,-0.45511298773644276,-0.7275564938682214,0.1362217530658893,-0.4318891234670553,0.28405543826647234,0.6420277191332362,-0.1789861404333819,-0.589493070216691,0.20525346489165452,-0.39737326755417274,0.3013133662229136,0.6506566831114569,-0.17467165844427157,0.4126641707778642,0.7063320853889321,0.853166042694466,0.926583021347233,-0.03670848932638349,0.48164575533680826,0.7408228776684042,0.8704114388342021,-0.06479428058289893,-0.5323971402914495,0.23380142985427527,-0.3830992850728624,0.3084503574635688,0.6542251787317844,-0.17288741063410779,0.4135562946829461,0.706778147341473,-0.14661092632926348,0.4266945368353683,0.7133472684176841,0.8566736342088421,0.9283368171044211,0.9641684085522105,-0.017915795723894734,0.49104210213805266,0.7455210510690263,-0.12723947446548683,-0.5636197372327434,0.2181901313836283,0.6090950656918142,-0.19545246715409292,-0.5977262335770465,-0.7988631167885232,0.10056844160573841,-0.4497157791971308,-0.7248578895985653,0.13757105520071733,0.5687855276003586,0.7843927638001793,-0.10780361809991035,-0.5539018090499552,0.22304909547502239,0.6115245477375112,0.8057622738687555,0.9028811369343778,0.9514405684671889,-0.02427971576640553,-0.5121398578832028,0.2439300710583986,0.6219650355291992,0.8109825177645996,-0.09450874111770019,0.45274562944114993,-0.27362718527942503,-0.6368135926397125,0.18159320368014376,-0.4092033981599281,0.29539830092003594,0.647699150460018,0.823849575230009,0.9119247876150045,0.9559623938075023,0.9779811969037511,-0.011009401548124464,-0.5055047007740623,0.24724764961296886,-0.37637617519351557,0.31181191240324224,-0.3440940437983789,0.3279529781008106,0.6639764890504053,0.8319882445252027,-0.08400587773739865,0.4579970611313007,0.7289985305656503,0.8644992652828252,-0.06775036735858742,-0.5338751836792937,0.23306240816035317,0.6165312040801766,-0.1917343979599117,0.4041328010200441,0.7020664005100221,0.8510332002550111,0.9255166001275055,0.9627583000637527,-0.01862084996812363,0.4906895750159382,-0.25465521249203094,0.37267239375398453,-0.31366380312300773,-0.6568319015615038,0.17158404921924808,0.585792024609624,0.792896012304812,-0.103551993847594,0.448224003076203,-0.2758879984618985,0.36205600076905076,0.6810280003845254,-0.1594859998077373,0.4202570000961313,-0.28987149995193434,-0.6449357499759671,0.17753212501201643,0.5887660625060083,0.7943830312530041,-0.10280848437349793,-0.551404242186749,0.2242978789066255,-0.3878510605466873,0.30607446972665636,0.6530372348633282,0.8265186174316641,0.913259308715832,-0.043370345642083974,0.478314827178958,0.739157413589479,0.8695787067947395,0.9347893533973697,-0.03260532330131516,-0.5163026616506576,0.24184866917467118,-0.3790756654126644,-0.6895378327063322,-0.8447689163531661,0.07761554182341696,0.5388077709117085,0.7694038854558543,0.8847019427279271,0.9423509713639635,-0.028824514318018246,0.4855877428409909,0.7427938714204955,0.8713969357102478,-0.0643015321448761,-0.532150766072438,0.23392461696378097,0.6169623084818905,-0.19151884575905476,-0.5957594228795273,0.20212028856023634,-0.39893985571988183,0.3005300721400591,0.6502650360700295,0.8251325180350148,0.9125662590175074,0.9562831295087537,0.9781415647543769,0.9890707823771885,-0.005464608811405758,-0.5027323044057028,0.2486338477971486,0.6243169238985743,-0.18784153805071285,-0.5939207690253564,0.2030396154873218,0.6015198077436609,0.8007599038718305,0.9003799519359152,0.9501899759679576,0.9750949879839788,0.9875474939919894,0.9937737469959946,0.9968868734979973,0.9984434367489987,0.9992217183744994,0.9996108591872497,-0.00019457040637516076,0.4999027147968124,-0.25004864260159376,0.3749756786992031,0.6874878393496016,0.8437439196748008,-0.07812804016259961,0.46093597991870017,-0.2695320100406499,-0.634766005020325,0.1826169974898375,0.5913084987449188,0.7956542493724594,0.8978271246862297,-0.05108643765688514,0.47445678117155743,0.7372283905857787,0.8686141952928894,0.9343070976464447,-0.03284645117677765,0.4835767744116112,0.7417883872058055,-0.12910580639709723,0.4354470968014514,0.7177235484007257,-0.14113822579963714,0.4294308871001814,0.7147154435500906,0.8573577217750453,0.9286788608875227,0.9643394304437614,0.9821697152218807,0.9910848576109403,-0.00445757119452983,0.4977712144027351,0.7488856072013675,-0.12555719639931623,0.43722140180034186,0.718610700900171,-0.1406946495499145,0.42965267522504275,0.7148263376125213,0.8574131688062607,0.9287065844031304,-0.03564670779843482,-0.5178233538992174,0.2410883230503913,-0.37945583847480435,0.3102720807625978,-0.3448639596187011,0.32756802019064946,0.6637840100953247,0.8318920050476624,0.9159460025238312,0.9579730012619156,-0.021013499369042177,0.4894932503154789,-0.2552533748422605,-0.6276266874211303,0.18618665628943487,0.5930933281447175,-0.20345333592764125,-0.6017266679638207,-0.8008633339819103,0.09956833300904483,0.5497841665045224,-0.22510791674773878,0.3874460416261306,0.6937230208130654,0.8468615104065327,0.9234307552032663,0.9617153776016332,0.9808576888008166,0.9904288444004083,-0.004785577799795826,-0.5023927888998979,0.24880360555005104,-0.37559819722497445,0.3122009013875128,-0.3438995493062436,0.3280502253468782,0.6640251126734391,-0.16798744366328044,-0.5839937218316402,0.2080031390841799,0.6040015695420899,0.802000784771045,-0.09899960761447751,-0.5494998038072387,0.22525009809638064,0.6126250490481904,-0.1936874754759048,0.4031562622620476,0.7015781311310239,-0.14921093443448807,0.42539453278275596,0.712697266391378,-0.143651366804311,-0.5718256834021556,0.21408715829892222,-0.3929564208505389,0.3035217895747305,0.6517608947873652,0.8258804473936826,0.9129402236968414,0.9564701118484207,0.9782350559242103,0.9891175279621052,0.9945587639810526,0.9972793819905263,0.9986396909952632,-0.000680154502368413,0.49965992274881577,0.7498299613744079,0.874914980687204,0.9374574903436019,-0.031271254828199035,-0.5156356274140995,0.24218218629295024,0.6210910931464751,0.8105455465732376,-0.09472722671338119,0.4526363866433094,0.7263181933216547,0.8631590966608274,-0.06842045166958632,0.46578977416520684,-0.2671051129173966,0.3664474435413017,-0.3167762782293492,0.3416118608853254,0.6708059304426627,-0.16459703477866866,0.41770148261066564,0.7088507413053329,0.8544253706526664,0.9272126853263332,-0.03639365733683342,0.4818031713315833,0.7409015856657917,0.8704507928328958,0.9352253964164479,0.9676126982082239,0.983806349104112,0.991903174552056,0.9959515872760281,0.997975793638014,0.998987896819007,0.9994939484095036,0.9997469742047518,0.9998734871023759,-6.325644881205461e-05,-0.500031628224406,0.24998418588779697,0.6249920929438985,-0.18750395352805077,0.40624802323597464,0.7031240116179873,0.8515620058089937,0.9257810029044968,0.9628905014522484,0.9814452507261242,0.9907226253630621,-0.004638687318468948,-0.5023193436592345,0.24884032817038276,-0.3755798359148086,0.3122100820425957,0.6561050410212979,-0.17194747948935107,-0.5859737397446756,0.2070131301276622,0.6035065650638312,-0.19824671746808442,-0.5991233587340422,0.2004383206329789,-0.3997808396835105,-0.6998904198417553,0.15005479007912237,0.5750273950395612,-0.21248630248021938,0.3937568487598903,0.6968784243799452,0.8484392121899726,0.9242196060949863,-0.03789019695250684,0.4810549015237466,0.7405274507618733,0.8702637253809367,0.9351318626904683,-0.032434068654765835,0.4837829656726171,0.7418914828363086,0.8709457414181543,-0.06452712929092286,0.46773643535453857,0.7338682176772693,-0.13306589116136536,0.4334670544193173,0.7167335272096587,0.8583667636048293,0.9291833818024147,0.9645916909012073,0.9822958454506037,0.9911479227253018,-0.004426038637349083,0.49778698068132543,0.7488934903406628,0.8744467451703314,0.9372233725851657,-0.031388313707417126,0.48430584314629144,0.7421529215731457,-0.12892353921342714,0.43553823039328643,0.7177691151966432,-0.1411154424016784,-0.5705577212008393,0.21472113939958037,0.6073605696997901,0.8036802848498951,0.9018401424249476,-0.049079928787526206,0.4754600356062369,0.7377300178031184,-0.1311349910984408,0.43443250445077963,0.7172162522253898,-0.14139187388730512,0.42930406305634744,0.7146520315281737,0.8573260157640868,0.9286630078820435,-0.03566849605897826,-0.5178342480294891,-0.7589171240147445,0.12054143799262773,0.5602707189963139,-0.21986464050184307,0.39006767974907847,0.6950338398745393,0.8475169199372696,0.9237584599686348,-0.03812077001568259,-0.5190603850078412,0.24046980749607938,0.6202349037480397,0.8101174518740198,-0.09494127406299008,-0.547470637031495,-0.7737353185157475,0.11313234074212625,-0.44343382962893685,0.2782830851855316,0.6391415425927658,0.8195707712963829,0.9097853856481914,-0.045107307175904277,0.47744634641204786,0.738723173206024,-0.130638413396988,0.434680793301506,-0.282659603349247,-0.6413298016746235,0.17933509916268825,-0.41033245041865585,-0.7051662252093279,0.14741688739533604,0.573708443697668,0.786854221848834,0.893427110924417,0.9467135554622085,0.9733567777311043,-0.013321611134447853,0.4933391944327761,0.746669597216388,-0.12666520139180598,0.43666739930409704,0.7183336996520485,0.8591668498260243,0.9295834249130122,0.9647917124565061,-0.01760414377174696,0.49119792811412655,-0.2544010359429367,0.37279948202853164,0.6863997410142658,0.8431998705071329,-0.07840006474643357,0.4607999676267832,0.7303999838133917,-0.13480000809330417,-0.567400004046652,0.21629999797667399,-0.391850001011663,-0.6959250005058315,-0.8479625002529158,0.07601874987354212,-0.46199062506322897,0.2690046874683855,0.6345023437341928,0.8172511718670964,-0.0913744140664518,0.45431279296677407,-0.27284360351661296,0.3635781982416935,-0.31821090087915327,-0.6591054504395766,0.1704472747802117,0.5852236373901059,0.7926118186950529,0.8963059093475265,0.9481529546737633,-0.02592352266311837,0.4870382386684408,0.7435191193342204,-0.12824044033288978,0.4358797798335551,-0.28206011008322246,0.35896994495838874,0.6794849724791944,0.8397424862395972,-0.08012875688020138,-0.5400643784401007,0.22996781077994966,-0.3850160946100252,0.3074919526949874,0.6537459763474938,-0.17312701182625312,0.41343649408687344,-0.2932817529565633,-0.6466408764782816,0.1766795617608592,0.5883397808804296,0.7941698904402148,-0.1029150547798926,0.4485424726100537,0.7242712363050269,-0.13786438184748656,0.43106780907625675,0.7155339045381284,-0.1422330477309358,0.4288834761345321,-0.2855582619327339,0.35722086903363304,0.6786104345168165,-0.16069478274159177,-0.5803473913707959,0.20982630431460203,0.604913152157301,-0.1975434239213495,0.40122828803932525,-0.2993858559803374,0.3503070720098313,0.6751535360049157,-0.16242323199754216,-0.581211615998771,0.2093941920006145,0.6046970960003073,-0.19765145199984635,0.4011742740000768,-0.2994128629999616,0.3502935685000192,0.6751467842500096,-0.1624266078749952,0.4187866960625024,-0.2906066519687488,0.3546966740156256,0.6773483370078128,0.8386741685039064,0.9193370842519533,0.9596685421259766,0.9798342710629884,-0.010082864468505814,-0.5050414322342529,0.24747928388287355,-0.3762603580585632,0.31186982097071836,-0.3440650895146408,0.32796745524267956,-0.3360162723786602,-0.6680081361893301,-0.834004068094665,-0.9170020340473325,0.041498982976333754,-0.47925050851183315,0.2603747457440834,0.6301873728720417,0.8150936864360209,-0.09245315678198956,0.45377342160900525,-0.2731132891954974,-0.6365566445977486,0.18172167770112568,-0.40913916114943716,-0.7045695805747185,-0.8522847902873593,0.07385760485632037,0.5369288024281602,-0.2315355987859199,-0.61576779939296,-0.80788389969648,0.09605805015176,0.54802902507588,-0.22598548746206,0.38700725626897003,-0.306496371865515,0.34675181406724254,-0.32662409296637873,-0.6633120464831894,0.1683439767584053,-0.41582801162079736,-0.7079140058103986,0.14604299709480068,-0.42697850145259963,-0.7134892507262998,-0.8567446253631499,0.07162768731842506,-0.46418615634078747,0.2679069218296063,0.6339534609148032,0.8169767304574016,0.9084883652287008,-0.0457558173856496,-0.5228779086928248,-0.7614389543464124,-0.8807194771732062,0.0596402614133969,0.5298201307066984,0.7649100653533492,-0.11754496732332542,0.4412275163383373,-0.2793862418308314,-0.6396931209154157,-0.8198465604577079,0.09007671977114606,0.545038359885573,-0.22748082005721348,0.38625958997139326,-0.3068702050143034,0.3465648974928483,0.6732824487464242,-0.1633587756267879,0.41832061218660604,0.709160306093303,-0.14541984695334847,0.42729007652332573,0.7136450382616628,-0.1431774808691686,-0.5715887404345843,0.21420562978270785,-0.3928971851086461,-0.696448592554323,0.1517757037228385,-0.4241121481385808,0.2879439259307096,-0.3560280370346452,-0.6780140185173226,0.16099299074133872,-0.4195035046293306,0.2902482476853347,0.6451241238426674,-0.1774379380786663,-0.5887189690393332,-0.7943594845196666,0.10282025774016668,0.5514101288700833,-0.22429493556495833,0.3878525322175208,0.6939262661087604,-0.1530368669456198,0.4234815665271901,-0.288259216736405,0.3558703916317975,0.6779351958158988,0.8389675979079494,0.9194837989539747,0.9597418994769873,-0.020129050261506354,0.4899354748692468,0.7449677374346234,0.8724838687173118,-0.06375806564134412,-0.5318790328206721,0.23406048358966397,0.617030241794832,0.808515120897416,0.904257560448708,0.952128780224354,-0.023935609887823006,-0.5119678049439115,0.24401609752804426,0.6220080487640222,-0.18899597561798892,-0.5944979878089944,-0.7972489939044972,0.10137550304775139,0.5506877515238757,0.7753438757619379,-0.11232806211903107,-0.5561640310595155,0.22191798447024225,0.6109589922351211,0.8054794961175605,0.9027397480587802,-0.048630125970609894,-0.524315062985305,0.23784246850734753,-0.38107876574632626,0.30946061712683687,0.6547303085634184,-0.1726348457182908,0.4136825771408546,-0.2931587114295727,-0.6465793557147863,0.17671032214260685,0.5883551610713034,-0.20582241946434832,-0.6029112097321742,-0.801455604866087,0.09927219756695649,0.5496360987834783,0.7748180493917391,0.8874090246958696,-0.05629548765206521,0.4718522561739674,0.7359261280869838,0.8679630640434919,0.9339815320217459,-0.03300923398912703,-0.5165046169945635,0.24174769150271824,0.6208738457513592,0.8104369228756796,0.9052184614378398,0.9526092307189199,0.9763046153594599,0.98815230767973,0.994076153839865,-0.0029619230800674856,-0.5014809615400337,-0.7507404807700169,-0.8753702403850084,0.06231487980749578,0.5311574399037479,-0.23442128004812607,0.382789359975937,-0.3086053200120315,-0.6543026600060158,0.1728486699969921,0.5864243349984961,-0.20678783250075194,0.396606083749624,-0.301696958125188,0.349151520937406,0.674575760468703,-0.16271211976564848,-0.5813560598828242,-0.7906780299414121,0.10466098502929394,-0.44766950748535306,0.27616524625732347,0.6380826231286617,0.8190413115643309,-0.09047934421783455,0.4547603278910827,-0.2726198360544586,0.3636900819727707,-0.3181549590136147,0.34092252049319266,0.6704612602465964,-0.16476936987670182,0.41761531506164906,-0.29119234246917547,-0.6455961712345877,0.17720191438270616,0.5886009571913531,0.7943004785956765,0.8971502392978383,0.9485751196489192,-0.02571244017554042,0.4871437799122298,0.7435718899561149,0.8717859449780574,0.9358929724890287,-0.03205351375548565,-0.5160267568777428,0.2419866215611286,0.6209933107805643,0.8104966553902822,0.9052483276951411,0.9526241638475705,0.9763120819237853,0.9881560409618926,0.9940780204809463,0.9970390102404731,-0.0014804948797634276,0.4992597525601183,-0.25037012371994083,0.3748149381400296,0.6874074690700148,0.8437037345350074,-0.07814813273249632,0.46092593363375184,-0.26953703318312405,-0.634768516591562,0.18261574170421901,0.5913078708521096,-0.20434606457394522,0.3978269677130274,0.6989134838565136,0.8494567419282568,0.9247283709641284,-0.037635814517935795,-0.5188179072589679,-0.7594089536294839,0.12029552318525805,-0.439852238407371,-0.7199261192036854,0.14003694039815728,-0.42998152980092136,0.28500923509953935,-0.3574953824502303,-0.6787476912251151,0.16062615438744243,-0.4196869228062788,0.29015653859686064,0.6450782692984303,-0.17746086535078487,0.41126956732460757,-0.2943652163376962,-0.6471826081688481,0.17640869591557595,0.588204347957788,0.794102173978894,-0.10294891301055298,0.4485255434947235,-0.27573722825263824,0.3621313858736809,-0.31893430706315956,-0.6594671535315798,0.1702664232342101,-0.4148667883828949,0.29256660580855254,-0.35371669709572373,-0.6768583485478619,0.16157082572606907,-0.41921458713696547,0.29039270643151727,0.6451963532157586,-0.17740182339212068,0.4112990883039397,0.7056495441519699,-0.14717522792401505,0.4264123860379925,-0.28679380698100376,-0.6433969034905018,0.1783015482547491,0.5891507741273745,-0.20542461293631276,-0.6027123064681563,0.19864384676592184,-0.4006780766170391,-0.7003390383085195,0.14983048084574024,0.5749152404228701,0.7874576202114351,-0.10627118989428247,0.44686440505285874,-0.27656779747357063,0.3617161012632147,-0.3191419493683927,0.34042902531580366,-0.32978548734209817,-0.6648927436710491,-0.8324463718355246,0.0837768140822377,-0.45811159295888115,0.2709442035205594,0.6354721017602797,-0.18226394911986016,0.40886802544006995,-0.295565987279965,0.3522170063600175,0.6761085031800087,-0.16194574840999565,-0.5809728742049978,-0.7904864371024989,0.10475678144875056,-0.4476216092756247,0.27618919536218767,0.6380945976810939,0.819047298840547,-0.09047635057972653,-0.5452381752898633,0.22738091235506835,-0.38630954382246585,-0.693154771911233,0.1534226140443835,0.5767113070221918,-0.21164434648890412,0.3941778267555479,0.697088913377774,-0.151455543311113,0.4242722283444435,0.7121361141722218,-0.1439319429138891,-0.5719659714569445,0.21401701427152775,-0.3929914928642361,0.3035042535678819,0.651752126783941,-0.1741239366080295,0.41293803169598525,0.7064690158479926,-0.1467654920760037,-0.5733827460380019,0.21330862698099906,-0.39334568650950047,0.3033271567452498,0.6516635783726249,-0.17416821081368755,0.41291589459315625,0.7064579472965782,-0.1467710263517109,0.42661448682414455,0.7133072434120723,0.8566536217060361,0.928326810853018,0.964163405426509,0.9820817027132545,0.9910408513566272,0.9955204256783137,0.9977602128391568,-0.0011198935804215826,0.49944005320978924,-0.2502799733951054,0.37486001330244734,-0.31256999334877633,0.34371500332561183,0.6718575016628059,0.835928750831403,0.9179643754157014,0.9589821877078507,0.9794910938539254,-0.010254453073037295,0.49487277346348135,0.7474363867317406,-0.1262818066341297,-0.5631409033170649,0.21842954834146755,0.6092147741707338,0.8046073870853669,0.9023036935426835,0.9511518467713418,0.9755759233856709,0.9877879616928354,-0.006106019153582276,0.4969469904232089,0.7484734952116044,0.8742367476058022,0.9371183738029011,0.9685591869014505,0.9842795934507252,0.9921397967253627,-0.0039301016373186615,-0.5019650508186593,-0.7509825254093296,-0.8754912627046648,-0.9377456313523325,-0.9688728156761662,0.015563592161916884,0.5077817960809584,-0.2461091019595208,-0.6230545509797604,-0.8115272754898801,-0.9057636377449401,-0.95288181887247,0.023559090563764984,-0.4882204547181175,0.25588977264094126,-0.37205511367952937,0.3139724431602353,0.6569862215801177,-0.17150688920994117,0.4142465553950294,0.7071232776975147,-0.14643836115124265,-0.5732191805756213,-0.7866095902878106,-0.8933047951439053,0.05334760242804737,-0.4733261987859763,0.26333690060701187,0.6316684503035059,0.815834225151753,-0.09208288742412352,0.45395855628793824,-0.2730207218560309,0.36348963907198456,-0.3182551804640077,-0.6591275902320038,0.17043620488399808,0.585218102441999,0.7926090512209996,0.8963045256104998,0.9481522628052499,0.974076131402625,0.9870380657013125,-0.006480967149343764,0.4967595164253281,0.7483797582126641,0.8741898791063321,0.937094939553166,0.968547469776583,0.9842737348882915,-0.007863132555854246,-0.5039315662779271,0.24803421686103644,-0.3759828915694818,-0.6879914457847409,0.15600427710762954,-0.42199786144618523,0.2890010692769074,-0.3554994653615463,0.32225026731922685,-0.33887486634038655,0.3305625668298067,0.6652812834149033,0.8326406417074517,-0.08367967914627417,-0.5418398395731371,0.22908008021343146,0.6145400401067157,0.8072700200533578,-0.0963649899733211,0.45181750501333945,0.7259087525066698,0.8629543762533349,0.9314771881266675,0.9657385940633337,0.9828692970316668,0.9914346485158334,0.9957173242579167,-0.0021413378710416486,-0.5010706689355209,-0.7505353344677604,-0.8752676672338802,0.06236616638305992,-0.46881691680847004,-0.734408458404235,-0.8672042292021175,0.06639788539894126,0.5331989426994707,0.7665994713497353,0.8832997356748676,0.9416498678374339,-0.029175066081283063,0.48541246695935847,-0.25729376652032077,-0.6286468832601604,-0.8143234416300802,0.0928382791849599,0.54641913959248,0.77320956979624,-0.11339521510188,-0.55669760755094,0.22165119622453,-0.389174401887735,0.3054127990561325,0.6527063995280662,0.8263531997640331,-0.08682340011798345,-0.5434117000589918,0.22829414997050412,-0.38585292501474794,0.307073537492626,-0.346463231253687,0.3267683843731565,0.6633841921865782,-0.1683079039067109,0.41584604804664455,0.7079230240233223,-0.14603848798833885,0.4269807560058306,-0.28650962199708474,-0.6432548109985423,-0.8216274054992712,0.08918629725036442,-0.4554068513748178,0.27229657431259113,-0.36385171284370443,0.3180741435781478,0.6590370717890739,-0.17048146410546305,0.4147592679472685,0.7073796339736342,0.8536898169868171,-0.07315509150659144,0.46342245424670425,-0.2682887728766479,-0.6341443864383239,0.18292780678083803,0.591463903390419,-0.2042680483047905,-0.6021340241523953,-0.8010670120761976,-0.9005335060380988,0.04973324698095061,-0.4751333765095247,0.26243331174523765,0.6312166558726189,-0.18439167206369056,0.4078041639681547,0.7039020819840773,0.8519510409920387,0.9259755204960194,0.9629877602480097,-0.018506119875995153,-0.5092530599379976,-0.7546265299689988,-0.8773132649844995,0.06134336750775027,0.5306716837538752,-0.2346641581230624,0.3826679209384688,0.6913339604692343,0.8456669802346172,-0.07716650988269141,0.46141674505865427,-0.26929162747067287,0.36535418626466354,0.6826770931323318,-0.1586614534338341,-0.579330726716917,0.2103346366415415,-0.39483268167922925,-0.6974163408396146,0.15129182958019272,-0.42435408520990364,0.28782295739504815,-0.3560885213024759,-0.678044260651238,0.160977869674381,-0.4195110651628095,-0.7097555325814048,0.1451222337092976,0.5725611168546488,0.7862805584273245,0.8931402792136622,0.9465701396068311,-0.02671493019658444,-0.5133574650982922,-0.7566787325491461,0.12166063372542696,0.5608303168627135,-0.21958484156864327,0.3902075792156784,0.6951037896078391,0.8475518948039196,-0.07622405259804022,0.4618879737009799,-0.26905601314951005,0.36547199342524495,-0.3172640032873775,0.34136799835631126,0.6706839991781557,-0.16465800041092216,-0.5823290002054611,0.20883549989726946,-0.39558225005136527,0.30220887497431737,0.6511044374871586,-0.1744477812564207,0.41277610937178966,-0.29361194531410517,-0.6468059726570525,0.17659701367147373,0.5882985068357369,-0.20585074658213154,-0.6029253732910658,0.19853731335446712,0.5992686566772336,0.7996343283386168,-0.1001828358306916,0.44990858208465423,0.7249542910423271,-0.13752285447883644,0.43123857276058175,0.7156192863802908,0.8578096431901454,-0.0710951784049273,-0.5355475892024637,-0.7677737946012319,0.11611310269938407,0.558056551349692,-0.220971724325154,0.389514137837423,0.6947570689187115,-0.15262146554064426,0.42368926722967787,0.711844633614839,0.8559223168074195,0.9279611584037097,-0.03601942079814513,0.48199028960092744,0.7409951448004637,-0.12950242759976816,0.4352487862001159,-0.282375606899942,0.358812196550029,0.6794060982750145,-0.16029695086249274,-0.5801484754312464,-0.7900742377156231,0.10496288114218844,0.5524814405710943,-0.22375927971445286,0.38812036014277357,0.6940601800713868,0.8470300900356934,0.9235150450178466,-0.038242477491076676,0.48087876125446166,0.7404393806272308,-0.1297803096863846,-0.5648901548431923,0.21755492257840386,-0.39122253871079804,0.304388730644601,-0.34780563467769954,0.32609718266115023,-0.33695140866942486,0.33152429566528757,-0.33423785216735624,0.3328810739163219,0.666440536958161,-0.16677973152091952,0.41661013423954024,0.7083050671197701,0.8541525335598851,-0.07292373322005746,-0.5364618666100287,-0.7682309333050144,-0.8841154666525072,0.05794226667374641,0.5289711333368732,0.7644855666684366,0.8822427833342184,-0.058878608332890825,0.4705606958335546,0.7352803479167773,-0.13235982604161134,-0.5661799130208056,0.2169100434895972,0.6084550217447986,0.8042275108723993,0.9021137554361996,-0.048943122281900175,-0.5244715611409501,0.23776421942952497,0.6188821097147625,0.8094410548573813,-0.09527947257130936,0.45236026371434535,0.7261801318571727,-0.13690993407141366,-0.5684549670357069,-0.7842274835178534,-0.8921137417589267,0.05394312912053667,0.5269715645602684,-0.2365142177198658,-0.6182571088599329,-0.8091285544299665,0.09543572278501677,0.5477178613925084,0.7738589306962542,0.8869294653481271,0.9434647326740635,0.9717323663370317,-0.014133816831484125,0.4929330915842579,0.7464665457921289,-0.12676672710393555,-0.5633833635519678,0.21830831822401608,0.609154159112008,-0.195422920443996,-0.597711460221998,-0.798855730110999,-0.8994278650554994,0.050286067472250284,-0.47485696626387486,0.26257151686806257,-0.3687142415659687,-0.6843571207829844,0.1578214396085078,0.5789107198042539,-0.21054464009787305,0.3947276799510635,-0.30263616002446825,-0.6513180800122341,0.17434095999388294,0.5871704799969415,0.7935852399984707,0.8967926199992353,0.9483963099996177,0.9741981549998089,-0.012900922500095557,0.4935495387499522,-0.2532252306250239,-0.626612615312512,0.186693692343744,-0.406653153828128,0.296673423085936,-0.351663288457032,0.324168355771484,0.662084177885742,0.831042088942871,0.9155210444714355,-0.042239477764282274,0.47888026111785886,0.7394401305589294,0.8697200652794648,0.9348600326397324,0.9674300163198661,0.9837150081599331,-0.008142495920033466,-0.5040712479600167,-0.7520356239800083,0.12398218800999583,0.5619910940049979,0.780995547002499,0.8904977735012495,-0.05475111324937526,0.4726244433753124,0.7363122216876562,-0.1318438891561719,-0.565921944578086,0.217039027710957,-0.39148048614452147,0.30425975692773927,0.6521298784638696,-0.1739350607680652,0.4130324696159674,0.7065162348079836,0.8532581174039918,-0.07337094129800409,-0.5366854706490021,0.23165726467549896,0.6158286323377495,-0.19208568383112523,0.4039571580844374,0.7019785790422187,0.8509892895211093,-0.07450535523944535,0.4627473223802773,-0.2686263388098613,-0.6343131694049307,0.18284341529753467,0.5914217076487673,0.7957108538243837,-0.10214457308780817,0.44892771345609594,0.7244638567280479,-0.13776807163597604,0.431115964182012,0.715557982091006,0.8577789910455029,-0.07111050447724854,0.46444474776137573,0.7322223738806879,-0.13388881305965605,-0.566944406529828,0.216527796735086,0.608263898367543,0.8041319491837715,-0.09793402540811424,-0.5489670127040571,-0.7744835063520286,0.11275824682398572,-0.44362087658800714,0.2781895617059964,-0.3609052191470018,-0.6804526095735008,0.15977369521324958,0.5798868476066248,-0.2100565761966876,0.3949717119016562,0.6974858559508281,0.8487429279754141,0.924371463987707,0.9621857319938535,0.9810928659969267,0.9905464329984633,0.9952732164992317,0.9976366082496159,-0.001181695875192068,0.499409152062404,0.749704576031202,0.874852288015601,-0.0625738559921995,0.4687130720039002,0.7343565360019502,0.8671782680009751,0.9335891340004876,-0.0332054329997562,-0.5166027164998781,-0.758301358249939,0.12084932087503047,0.5604246604375153,0.7802123302187576,0.8901061651093788,-0.054946917445310606,0.4725265412773447,0.7362632706386724,0.8681316353193362,-0.06593418234033188,0.46703290882983406,0.7335164544149171,-0.13324177279254146,0.43337911360372927,0.7166895568018646,-0.14165522159906768,0.4291723892004662,-0.2854138053997669,0.35729309730011655,-0.32135345134994175,0.3393232743250291,0.6696616371625146,0.8348308185812573,0.9174154092906286,0.9587077046453143,0.9793538523226571,0.9896769261613285,0.9948384630806643,-0.0025807684596678704,0.49870961577016604,-0.250645192114917,0.3746774039425415,0.6873387019712708,-0.1563306490143646,-0.5781653245071823,0.21091733774640886,0.6054586688732044,-0.19727066556339778,0.4013646672183011,0.7006823336091506,0.8503411668045753,0.9251705834022876,0.9625852917011438,-0.01870735414942809,0.490646322925286,0.745323161462643,0.8726615807313215,0.9363307903656608,0.9681653951828304,0.9840826975914152,0.9920413487957076,0.9960206743978538,-0.0019896628010731,0.4990051685994634,-0.2504974157002683,0.37475129214986586,0.687375646074933,-0.15631217696253352,0.42184391151873324,-0.2890780442406334,0.35546097787968334,0.6777304889398417,0.8388652444699208,0.9194326222349605,-0.040283688882519764,0.4798581555587401,0.7399290777793701,0.8699645388896851,0.9349822694448425,0.9674911347224213,0.9837455673612107,0.9918727836806054,0.9959363918403027,0.9979681959201514,0.9989840979600757,-0.0005079510199621495,-0.5002539755099811,0.24987301224500946,0.6249365061225047,0.8124682530612524,-0.09376587346937382,0.4531170632653131,0.7265585316326566,-0.1367207341836717,0.43163963290816415,0.7158198164540821,0.857909908227041,-0.07104504588647947,0.46447747705676024,-0.2677612614716199,-0.6338806307358099,0.18305968463209504,0.5915298423160475,0.7957649211580238,-0.10211753942098811,0.44894123028950594,0.724470615144753,0.8622353075723765,0.9311176537861883,-0.034441173106905865,0.48277941344654707,-0.25861029327672647,0.37069485336163677,0.6853474266808184,-0.1573262866595908,-0.5786631433297954,0.2106684283351023,0.6053342141675512,0.8026671070837756,0.9013335535418878,0.9506667767709439,0.975333388385472,-0.012333305807263995,-0.5061666529036319,0.24691667354818403,0.623458336774092,0.811729168387046,0.905864584193523,-0.0470677079032385,0.4764661460483808,0.7382330730241904,-0.1308834634879048,0.4345582682560476,0.7172791341280238,0.8586395670640119,0.929319783532006,0.964659891766003,0.9823299458830015,-0.008835027058499256,-0.5044175135292497,0.24779124323537516,0.6238956216176876,0.8119478108088438,-0.09402609459557809,0.45298695270221095,-0.2735065236488945,0.36324673817555275,0.6816233690877764,0.8408116845438882,0.9204058422719441,0.960202921135972,0.9801014605679861,-0.009949269716006959,0.4950253651419965,0.7475126825709982,0.8737563412854992,0.9368781706427496,0.9684390853213748,-0.015780457339312604,0.4921097713303437,0.7460548856651719,0.8730274428325859,-0.06348627858370703,0.4682568607081465,0.7341284303540733,0.8670642151770367,0.9335321075885183,0.9667660537942592,0.9833830268971295,-0.008308486551435235,0.4958457567242824,0.7479228783621412,0.8739614391810706,0.9369807195905353,-0.03150964020473235,0.4842451798976338,0.7421225899488169,0.8710612949744084,0.9355306474872043,-0.032234676256397865,-0.5161173381281989,0.24194133093590053,-0.37902933453204973,-0.6895146672660248,0.15524266636698758,0.5776213331834938,0.7888106665917469,0.8944053332958735,0.9472026666479367,0.9736013333239684,0.9868006666619842,0.9934003333309921,0.996700166665496,0.998350083332748,-0.0008249583336260025,0.499587520833187,0.7497937604165935,-0.12510311979170324,0.4374484401041484,0.7187242200520743,0.8593621100260371,0.9296810550130186,0.9648405275065093,-0.01757973624674536,-0.5087898681233727,0.24560506593831366,-0.37719746703084317,0.31140126648457844,-0.3442993667577108,0.3278503166211446,-0.3360748416894277,0.33196257915528615,0.6659812895776431,-0.16700935521117843,0.4164953223944108,0.7082476611972054,0.8541238305986028,0.9270619152993014,0.9635309576496507,-0.018234521175174656,-0.5091172605875873,-0.7545586302937937,-0.8772793151468968,-0.9386396575734484,0.03068017121327582,0.5153400856066379,0.757670042803319,-0.12116497859834052,0.43941751070082974,0.7197087553504149,0.8598543776752074,-0.07007281116239628,-0.5350364055811981,0.23248179720940093,-0.38375910139529956,0.3081204493023502,0.6540602246511751,-0.17296988767441246,0.41351505616279377,-0.2932424719186031,-0.6466212359593015,0.17668938202034923,0.5883446910101746,0.7941723455050873,0.8970861727525437,0.9485430863762718,-0.025728456811864087,-0.512864228405932,0.24356788579703398,0.621783942898517,-0.1891080285507415,0.40544598572462925,0.7027229928623147,-0.14863850356884267,-0.5743192517844213,0.21284037410778933,0.6064201870538947,0.8032100935269473,0.9016050467634736,0.9508025233817368,0.9754012616908684,0.9877006308454341,0.9938503154227171,-0.003074842288641466,0.49846257885567924,0.7492312894278397,-0.12538435528608016,0.4373078223569599,-0.28134608882152,0.35932695558924,-0.32033652220538,0.33983173889731,0.669915869448655,-0.1650420652756725,-0.5825210326378363,0.20873948368108186,0.6043697418405409,0.8021848709202705,-0.09890756453986477,0.45054621773006764,-0.2747268911349662,-0.637363445567483,-0.8186817227837415,0.09065913860812924,0.5453295693040646,-0.2273352153479677,-0.6136676076739839,0.19316619616300806,0.596583098081504,0.7982915490407521,0.899145774520376,0.9495728872601881,-0.025213556369905965,0.487393221815047,0.7436966109075235,-0.12815169454623826,0.4359241527268809,-0.28203792363655955,-0.6410189618182798,0.1794905190908601,0.58974525954543,0.794872629772715,0.8974363148863576,0.9487181574431788,-0.02564092127841061,-0.5128204606392053,0.24358976968039736,0.6217948848401986,0.8108974424200993,0.9054487212100497,0.9527243606050249,0.9763621803025124,0.9881810901512562,-0.005909454924371893,-0.502954727462186,0.24852263626890703,0.6242613181344535,0.8121306590672268,0.9060653295336134,0.9530326647668067,0.9765163323834034,0.9882581661917017,-0.005870916904149148,0.49706454154792545,0.7485322707739628,0.8742661353869814,0.9371330676934907,0.9685665338467453,0.9842832669233726,0.9921416334616864,0.9960708167308432,0.9980354083654216,0.9990177041827109,-0.0004911479086445736,-0.5002455739543223,0.24987721302283883,0.6249386065114194,0.8124693032557098,-0.09376534837214512,0.45311732581392744,0.7265586629069637,0.8632793314534819,0.931639665726741,0.9658198328633705,-0.017090083568314762,0.4914549582158426,0.7457274791079214,0.8728637395539607,-0.06356813022301966,-0.5317840651115098,0.2341079674442451,0.6170539837221225,-0.19147300813893875,-0.5957365040694693,0.20213174796526534,0.6010658739826327,0.8005329369913163,0.9002664684956582,0.950133234247829,-0.024933382876085486,0.48753330856195726,0.7437666542809787,-0.12811667285951067,0.43594166357024466,0.7179708317851223,0.8589854158925612,0.9294927079462806,0.9647463539731402,0.9823731769865701,0.9911865884932851,0.9955932942466426,-0.0022033528766787214,-0.5011016764383394,-0.7505508382191697,0.12472458089041516,0.5623622904452076,-0.2188188547773962,0.3905905726113019,0.695295286305651,0.8476476431528255,-0.07617617842358726,0.46191191078820637,0.7309559553941032,0.8654779776970516,0.9327389888485258,0.9663694944242629,-0.01681525278786855,0.4915923736060657,0.7457961868030328,-0.12710190659848358,0.43644904670075824,0.7182245233503791,-0.14088773832481044,0.4295561308375948,-0.2852219345812026,-0.6426109672906013,0.17869451635469935,0.5893472581773497,0.7946736290886749,-0.10266318545566255,0.4486684072721687,0.7243342036360844,0.8621671018180421,-0.06891644909097894,0.46554177545451053,-0.2672291122727447,0.36638544386362765,-0.3168072780681862,0.3415963609659069,-0.3292018195170465,0.33539909024147674,0.6676995451207384,0.8338497725603692,-0.08307511371981541,-0.5415375568599077,0.22923122157004616,0.6146156107850231,-0.19269219460748843,0.4036539026962558,-0.2981730486518721,-0.649086524325936,0.17545673783703197,0.587728368918516,-0.206135815540742,-0.603067907770371,-0.8015339538851856,0.09923302305740722,-0.4503834884712964,-0.7251917442356481,0.13740412788217593,-0.43129793605891203,0.284351031970544,-0.357824484014728,-0.678912242007364,0.160543878996318,-0.41972806050184097,0.2901359697490795,-0.35493201512546024,-0.6774660075627301,-0.8387330037813651,-0.9193665018906825,0.04031674905465876,-0.4798416254726706,-0.7399208127363353,0.13003959363183237,-0.4349802031840838,0.2825098984079581,-0.3587450507960209,-0.6793725253980105,0.16031373730099474,-0.41984313134950263,0.2900784343252487,0.6450392171626244,0.8225196085813122,0.9112598042906561,0.9556299021453281,-0.02218504892733597,-0.5110925244636679,-0.755546262231834,0.12222686888408302,0.5611134344420415,-0.21944328277897923,0.3902783586105104,0.6951391793052553,0.8475695896526276,-0.07621520517368618,-0.5381076025868431,-0.7690538012934216,0.1154730993532892,0.5577365496766447,0.7788682748383223,-0.11056586258083884,0.4447170687095806,-0.2776414656452097,-0.6388207328226049,-0.8194103664113024,0.09029481679434881,0.5451474083971743,0.7725737041985872,-0.11371314790070641,0.4431434260496468,-0.27842828697517663,-0.6392141434875883,0.18039292825620584,0.5901964641281029,0.7950982320640514,-0.1024508839679743,0.44877455801601285,-0.2756127209919936,-0.6378063604959968,0.1810968197520016,0.5905484098760008,0.7952742049380004,0.8976371024690002,-0.051181448765499904,0.47440927561725005,0.737204637808625,-0.1313976810956875,-0.5656988405478438,-0.7828494202739219,0.10857528986303905,0.5542876449315195,0.7771438224657597,0.8885719112328798,-0.05571404438356009,-0.52785702219178,0.23607148890411,0.618035744452055,-0.1909821277739725,-0.5954910638869862,0.20225446805650688,0.6011272340282534,0.8005636170141267,0.9002818085070634,0.9501409042535317,-0.024929547873234148,0.48753522606338295,0.7437676130316915,0.8718838065158457,-0.06405809674207713,-0.5320290483710386,0.2339854758144807,-0.38300726209275965,0.3084963689536202,-0.3457518155231899,-0.6728759077615949,0.16356204611920255,-0.4182189769403987,-0.7091094884701994,0.1454452557649003,-0.42727737211754985,0.2863613139412251,0.6431806569706126,0.8215903284853063,-0.08920483575734683,-0.5446024178786735,-0.7723012089393367,0.11384939553033163,0.5569246977651658,0.7784623488825829,-0.11076882555870854,0.44461558722064576,0.7223077936103228,0.8611538968051614,0.9305769484025808,0.9652884742012904,0.9826442371006452,0.9913221185503226,0.9956610592751614,-0.0021694703624193235,0.49891526481879034,-0.25054236759060483,0.37472881620469756,-0.3126355918976512,0.3436822040511744,0.6718411020255872,0.8359205510127936,0.9179602755063968,0.9589801377531983,-0.020509931123400826,0.4897450344382996,-0.2551274827808502,-0.6275637413904251,0.18621812930478743,0.5931090646523938,0.7965545323261969,0.8982772661630984,0.9491386330815492,-0.02543068345922539,0.4872846582703873,0.7436423291351937,0.8718211645675968,-0.06408941771620158,0.4679552911418992,0.7339776455709496,0.8669888227854747,0.9334944113927374,0.9667472056963686,0.9833736028481843,-0.008313198575907843,0.4958434007120461,-0.252078299643977,0.3739608501780115,0.6869804250890057,-0.15650978745549715,0.4217451062722514,-0.28912744686387426,0.35543627656806287,0.6777181382840314,-0.1611409308579843,0.41942953457100784,0.709714767285504,0.854857383642752,0.927428691821376,0.963714345910688,0.981857172955344,0.990928586477672,0.995464293238836,0.997732146619418,-0.0011339266902909984,0.4994330366548545,0.7497165183274273,0.8748582591637136,-0.06257087041814319,-0.5312854352090716,0.23435728239546422,-0.38282135880226786,-0.6914106794011339,0.15429466029943306,-0.42285266985028347,0.28857366507485827,0.6442868325374291,-0.17785658373128543,0.4110717081343573,-0.29446414593282133,0.35276792703358933,-0.32361603648320536,0.3381919817583973,0.6690959908791987,0.8345479954395993,0.9172739977197997,0.9586369988598998,-0.020681500570050082,0.489659249714975,0.7448296248574875,0.8724148124287437,0.9362074062143719,0.968103703107186,0.984051851553593,0.9920259257767965,0.9960129628883982,-0.0019935185558008772,0.49900324072209956,0.7495016203610498,-0.12524918981947508,0.43737540509026246,-0.28131229745486874,-0.6406561487274344,-0.8203280743637171,0.08983596281814143,-0.4550820185909293,-0.7275410092954646,0.1362294953522677,0.5681147476761339,0.784057373838067,-0.10797131308096652,0.44601434345951674,0.7230071717297584,-0.13849641413512082,0.4307517929324396,0.7153758964662198,-0.1423120517668901,-0.571156025883445,0.21442198705827747,0.6072109935291388,0.8036054967645694,0.9018027483822847,-0.049098625808857654,0.47545068709557115,0.7377253435477855,-0.13113732822610724,-0.5655686641130536,-0.7827843320565269,0.10860783397173657,0.5543039169858683,-0.22284804150706583,0.3885759792464671,0.6942879896232336,0.8471439948116168,0.9235719974058084,0.9617859987029043,-0.019107000648547867,-0.5095535003242739,-0.754776750162137,-0.8773883750810685,0.06130581245946576,0.5306529062297329,0.7653264531148665,-0.11733677344256677,0.4413316132787166,0.7206658066393583,0.8603329033196792,0.9301664516598396,0.9650832258299198,-0.017458387085040106,0.49127080645747995,-0.25436459677126,0.37281770161437,-0.313591149192815,0.34320442540359253,0.6716022127017962,0.8358011063508981,0.917900553175449,-0.041049723412275474,0.47947513829386224,0.7397375691469311,0.8698687845734656,0.9349343922867328,-0.032532803856633596,0.4837335980716832,0.7418667990358416,0.8709333995179208,0.9354666997589605,0.9677333498794802,0.9838666749397401,-0.008066662530129942,0.495966668734935,-0.2520166656325325,0.3739916671837338,0.6869958335918669,-0.15650208320406656,0.4217489583979667,0.7108744791989834,-0.1445627604005083,0.42771861979974585,-0.2861406901001271,0.35692965494993645,0.6784648274749683,-0.16076758626251586,0.41961620686874207,0.7098081034343711,0.8549040517171855,-0.07254797414140723,-0.5362739870707036,0.2318630064646482,0.615931503232324,-0.19203424838383798,-0.596017124191919,-0.7980085620959595,0.10099571895202025,0.5504978594760102,0.7752489297380051,0.8876244648690026,-0.0561877675654987,0.47190611621725065,0.7359530581086253,-0.13202347094568734,0.43398826452715633,0.7169941322635782,-0.1415029338682109,0.42924853306589456,-0.2853757334670527,0.35731213326647365,0.6786560666332369,-0.16067196668338157,0.4196640166583092,0.7098320083291546,0.8549160041645774,-0.07254199791771132,-0.5362709989588557,0.23186450052057217,0.6159322502602861,-0.19203387486985696,0.40398306256507155,0.7019915312825358,0.8509957656412679,0.9254978828206339,-0.03725105858968303,0.4813744707051585,-0.25931276464742076,0.37034361767628965,0.6851718088381449,-0.15741409558092756,0.4212929522095362,0.7106464761047682,-0.14467676194761592,-0.572338380973808,-0.7861691904869039,0.10691540475654804,-0.446542297621726,0.27672885118913704,0.6383644255945685,-0.18081778720271574,0.40959110639864216,-0.2952044468006789,0.35239777659966054,-0.32380111170016973,0.3380994441499151,0.6690497220749576,0.8345248610374788,-0.0827375694812606,-0.5413687847406303,0.22931560762968484,0.6146578038148425,-0.19267109809257876,-0.5963355490462894,0.2018322254768553,0.6009161127384277,0.8004580563692139,0.9002290281846069,0.9501145140923035,0.9750572570461518,0.9875286285230759,0.993764314261538,0.996882157130769,-0.0015589214346155011,0.4992205392826923,-0.25038973035865386,0.37480513482067307,-0.31259743258966344,0.3437012837051683,0.6718506418525841,-0.16407467907370793,0.417962660463146,0.7089813302315731,0.8544906651157865,0.9272453325578933,-0.03637733372105334,0.48181133313947333,0.7409056665697367,-0.12954716671513167,-0.5647735833575658,0.2176132083212171,-0.39119339583939144,0.3044033020803043,0.6522016510401522,0.8261008255200761,0.9130504127600381,-0.04347479361998097,0.4782626031900095,0.7391313015950047,0.8695656507975024,-0.06521717460124882,0.46739141269937556,-0.2663042936503122,0.3668478531748439,0.683423926587422,0.841711963293711,-0.0791440183531445,0.4604279908234278,0.730213995411714,-0.13489300229414303,-0.5674465011470715,0.21627674942646424,-0.3918616252867679,0.30406918735661603,-0.347965406321692,0.32601729683915404,0.663008648419577,-0.16849567579021152,0.41575216210489424,-0.29212391894755285,-0.6460619594737764,-0.8230309797368882,0.0884845101315559,0.544242255065778,0.772121127532889,-0.11393943623355551,0.44303028188322224,-0.2784848590583889,0.3607575704708056,0.6803787852354028,-0.15981060738229858,0.4200946963088507,0.7100473481544254,0.8550236740772127,0.9275118370386064,0.9637559185193032,0.9818779592596516,-0.0090610203701742,0.4954694898149129,0.7477347449074565,-0.12613262754627175,-0.5630663137731359,0.21846684311343206,0.609233421556716,-0.195383289221642,-0.597691644610821,0.2011541776945895,-0.39942291115270523,0.3002885444236474,0.6501442722118237,0.8250721361059119,0.912536068052956,0.956268034026478,0.978134017013239,0.9890670085066195,0.9945335042533098,0.9972667521266549,0.9986333760633275,0.9993166880316637,0.9996583440158319,0.999829172007916,-8.541399604200528e-05,-0.500042706998021,0.2499786465009895,-0.3750106767495053,0.31249466162524736,-0.34375266918737635,-0.6718763345936882,-0.8359381672968441,0.08203091635157794,-0.458984541824211,0.2705077290878945,0.6352538645439473,0.8176269322719736,-0.09118653386401321,-0.5455932669320066,-0.7727966334660032,0.11360168326699838,0.5568008416334992,0.7784004208167496,0.8892002104083748,-0.05539989479581259,0.47230005260209373,0.7361500263010469,0.8680750131505235,0.9340375065752617,-0.03298124671236913,-0.5164906233561846,0.24175468832190772,0.6208773441609539,0.8104386720804769,-0.09478066395976154,-0.5473903319798807,0.22630483401005963,0.6131524170050298,0.8065762085025149,-0.09671189574874256,0.45164405212562875,-0.2741779739371856,0.36291101303140716,0.6814555065157035,0.8407277532578518,0.9203638766289259,0.960181938314463,-0.019909030842768516,-0.5099545154213843,0.24502274228930787,-0.37748862885534606,-0.688744314427673,0.15562784278616348,0.5778139213930817,0.7889069606965409,0.8944534803482704,-0.05277325982586478,0.4736133700870676,0.7368066850435337,0.8684033425217669,0.9342016712608834,-0.03289916436955831,0.48355041781522085,0.7417752089076104,0.8708876044538052,-0.0645561977730974,0.4677219011134513,-0.2661390494432744,0.3669304752783628,-0.31653476236081857,0.3417326188195907,0.6708663094097953,0.8354331547048977,-0.08228342264755117,-0.5411417113237755,-0.7705708556618878,0.11471457216905612,0.5573572860845281,0.7786786430422641,-0.11066067847886796,0.444669660760566,0.722334830380283,-0.1388325848098585,0.43058370759507075,0.7152918537975353,0.8576459268987677,-0.07117703655061614,0.46441148172469193,0.7322057408623459,-0.13389712956882704,-0.5669485647844135,0.21652571760779327,0.6082628588038966,0.8041314294019484,0.9020657147009742,0.9510328573504871,-0.024483571324756426,0.4877582143376218,-0.2561208928311891,0.37193955358440545,0.6859697767922027,-0.15701511160389864,0.42149244419805065,-0.2892537779009747,0.35537311104951264,-0.3223134444752437,0.33884327776237816,-0.3305783611188109,0.33471081944059455,0.6673554097202973,0.8336777048601487,0.9168388524300743,-0.041580573784962827,-0.5207902868924814,0.2396048565537593,-0.38019757172312035,0.30990121413843985,-0.3450493929307801,0.32747530353460996,0.663737651767305,-0.16813117411634748,-0.5840655870581737,0.20796720647091316,-0.3960163967645434,-0.6980081983822717,0.15099590080886416,-0.4245020495955679,0.28774897520221604,0.643874487601108,0.821937243800554,-0.089031378099723,0.4554843109501385,0.7277421554750693,0.8638710777375347,0.9319355388687673,-0.03403223056561633,0.48298388471719184,-0.25850805764140405,-0.629254028820702,0.185372985589649,-0.4073135072051755,-0.7036567536025877,-0.8518283768012939,-0.925914188400647,-0.9629570942003235,0.018521452899838253,0.5092607264499192,-0.24536963677504042,-0.6226848183875202,-0.8113424091937601,-0.90567120459688,0.04716439770156,0.5235821988507801,-0.23820890057460997,-0.619104450287305,0.1904477748563475,0.5952238874281738,0.797611943714087,0.8988059718570435,-0.05059701407147826,-0.5252985070357391,-0.7626492535178695,0.11867537324106525,0.5593376866205326,-0.2203311566897337,-0.6101655783448668,0.19491721082756658,-0.40254139458621674,-0.7012706972931084,0.1493646513534458,0.5746823256767228,0.7873411628383614,0.8936705814191808,-0.05316470929040962,0.4734176453547952,-0.26329117732260243,0.3683544113386988,-0.31582279433065064,-0.6579113971653253,0.17104430141733734,0.5855221507086686,0.7927610753543344,-0.10361946232283281,0.4481902688385836,0.7240951344192919,0.8620475672096459,0.931023783604823,0.9655118918024115,-0.01724405409879426,-0.5086220270493971,0.24568898647530146,-0.37715550676234927,-0.6885777533811747,0.15571112330941267,0.5778555616547063,0.7889277808273532,-0.10553610958632342,0.4472319452068383,0.7236159726034191,0.8618079863017096,0.9309039931508548,-0.03454800342457259,-0.5172740017122863,-0.7586370008561432,0.12068149957192842,0.5603407497859643,0.7801703748929821,-0.10991481255350893,0.4450425937232455,0.7225212968616228,-0.1387393515691886,-0.5693696757845943,classic
