1_104152901_104155653,(-1+1j),(1+1j),(1+1j),(-1-1j),(-1-1j),(1-1j),(-1+1j),(-1-1j),(-1+1j),(-1-1j),(1-1j),(1+1j),(-1+1j),(-1+1j),(-1-1j),(1-1j),(1-1j),(1-1j),(-1-1j),(-1-1j),(-1+1j),(-1+1j),(1-1j),(1+1j),(1-1j),(-1-1j),(-1+1j),(-1+1j),(1+1j),(-1+1j),(-1-1j),(1+1j),(1+1j),(-1+1j),(-1+1j),(-1-1j),(1-1j),(-1+1j),(1-1j),(-1-1j),(-1+1j),(1+1j),(1-1j),(1-1j),(-1+1j),(-1+1j),(-1+1j),(1+1j),(-1+1j),(1+1j),(1+1j),(1+1j),(-1-1j),(1+1j),(-1-1j),(-1+1j),(1-1j),(-1+1j),(-1+1j),(-1-1j),(-1+1j),(-1+1j),(1+1j),(1-1j),(-1-1j),(-1-1j),(1+1j),(-1+1j),(-1+1j),(1+1j),(1-1j),(-1+1j),(1-1j),(1+1j),(-1+1j),(1+1j),(-1-1j),(-1+1j),(1+1j),(1+1j),(-1-1j),(-1-1j),(-1+1j),(-1+1j),(1+1j),(-1-1j),(1-1j),(-1-1j),(-1+1j),(1+1j),(1+1j),(-1+1j),(1+1j),(1-1j),(-1-1j),(1-1j),(1+1j),(-1+1j),(1+1j),(1-1j),(1-1j),(1+1j),(-1+1j),(-1-1j),(1+1j),(-1-1j),(-1+1j),(-1+1j),(1-1j),(-1+1j),(1-1j),(1-1j),(1-1j),(-1-1j),(-1-1j),(-1+1j),(1-1j),(1-1j),(1-1j),(-1+1j),(1-1j),(-1+1j),(1+1j),(1-1j),(-1-1j),(1+1j),(1-1j),(-1-1j),(1+1j),(1+1j),(1-1j),(-1-1j),(-1+1j),(1+1j),(1-1j),(-1+1j),(1+1j),(1+1j),(1+1j),(-1-1j),(1-1j),(-1-1j),(-1-1j),(-1-1j),(1-1j),(-1+1j),(-1+1j),(1+1j),(1-1j),(-1-1j),(-1+1j),(1-1j),(1-1j),(-1+1j),(1+1j),(-1+1j),(-1+1j),(1+1j),(-1+1j),(1+1j),(1+1j),(-1-1j),(1+1j),(1-1j),(-1-1j),(-1+1j),(1+1j),(1-1j),(-1-1j),(1-1j),(1+1j),(-1-1j),(-1+1j),(1+1j),(1-1j),(-1+1j),(1-1j),(1-1j),(-1-1j),(1-1j),(1-1j),(1+1j),(-1-1j),(1+1j),(1+1j),(1-1j),(1-1j),(1+1j),(1-1j),(1+1j),(1-1j),(-1+1j),(1+1j),(1-1j),(1-1j),(1-1j),(-1-1j),(-1+1j),(-1+1j),(1+1j),(1-1j),(1-1j),(1-1j),(1-1j),(1-1j),(-1-1j),(1-1j),(-1-1j),(-1+1j),(-1-1j),(1+1j),(1-1j),(-1-1j),(1-1j),(-1+1j),(1+1j),(1-1j),(-1+1j),(1-1j),(-1-1j),(1-1j),(1-1j),(1-1j),(-1+1j),(-1-1j),(-1+1j),(1+1j),(-1-1j),(1+1j),(1-1j),(1-1j),(-1+1j),(-1+1j),(1-1j),(-1+1j),(1+1j),(1+1j),(1-1j),(-1+1j),(1+1j),(1-1j),(-1-1j),(1-1j),(1+1j),(1-1j),(1+1j),(-1-1j),(-1+1j),(-1+1j),(-1-1j),(-1+1j),(1-1j),(-1-1j),(1+1j),(1+1j),(1-1j),(-1+1j),(-1+1j),(1-1j),(-1+1j),(-1-1j),(-1-1j),(1-1j),(1+1j),(1-1j),(-1-1j),(1+1j),(1+1j),(-1+1j),(-1-1j),(-1-1j),(1+1j),(1+1j),(-1-1j),(-1-1j),(1-1j),(-1-1j),(1+1j),(-1+1j),(1+1j),(1-1j),(1+1j),(-1-1j),(-1-1j),(1+1j),(1-1j),(1-1j),(-1-1j),(1-1j),(-1+1j),(1+1j),(-1+1j),(-1-1j),(-1-1j),(-1-1j),(-1-1j),(1+1j),(1-1j),(-1-1j),(1-1j),(-1+1j),(1+1j),(1+1j),(-1-1j),(-1+1j),(1-1j),(-1+1j),(-1+1j),(1+1j),(1-1j),(-1+1j),(-1+1j),(1-1j),(1-1j),(1-1j),(-1-1j),(1-1j),(-1+1j),(-1+1j),(1+1j),(-1+1j),(-1+1j),(1+1j),(-1+1j),(-1+1j),(1+1j),(-1+1j),(1+1j),(-1-1j),(1-1j),(-1+1j),(1-1j),(1+1j),(-1+1j),(-1+1j),(1-1j),(-1+1j),(-1+1j),(1+1j),(1-1j),(-1-1j),(1+1j),(1+1j),(-1+1j),(-1+1j),(1-1j),(1+1j),(-1-1j),(1+1j),(-1+1j),(1+1j),(1+1j),(1-1j),(1-1j),(1-1j),(1+1j),(-1+1j),(1+1j),(-1+1j),(1-1j),(1-1j),(1-1j),(-1-1j),(-1-1j),(1+1j),(1+1j),(1+1j),(-1-1j),(1-1j),(1+1j),(-1+1j),(1-1j),(1-1j),(1-1j),(-1-1j),(-1+1j),(1-1j),(1-1j),(-1+1j),(-1-1j),(1+1j),(-1+1j),(1+1j),(1-1j),(1+1j),(1-1j),(1-1j),(-1+1j),(1-1j),(1+1j),(1-1j),(-1+1j),(-1+1j),(1-1j),(1+1j),(1+1j),(1+1j),(1-1j),(1+1j),(-1-1j),(-1-1j),(1+1j),(-1+1j),(-1-1j),(-1+1j),(1+1j),(-1+1j),(-1+1j),(-1+1j),(-1+1j),(1-1j),(1-1j),(-1+1j),(-1-1j),(-1-1j),(1+1j),(-1+1j),(1+1j),(1+1j),(-1-1j),(-1+1j),(1+1j),(1-1j),(-1-1j),(1-1j),(1+1j),(1-1j),(-1+1j),(1-1j),(1+1j),(-1+1j),(1-1j),(-1+1j),(1+1j),(1-1j),(1+1j),(-1+1j),(1+1j),(1-1j),(-1+1j),(1+1j),(1-1j),(-1+1j),(1-1j),(1-1j),(-1-1j),(1+1j),(-1-1j),(1-1j),(1-1j),(-1+1j),(1+1j),(-1+1j),(-1-1j),(1+1j),(1+1j),(-1-1j),(-1-1j),(1+1j),(-1-1j),(1-1j),(1-1j),(1-1j),(1-1j),(1-1j),(-1-1j),(1-1j),(-1-1j),(-1+1j),(-1+1j),(1-1j),(-1+1j),(-1-1j),(1-1j),(1+1j),(-1+1j),(1+1j),(1-1j),(-1-1j),(-1+1j),(1-1j),(-1+1j),(1+1j),(1-1j),(1-1j),(-1-1j),(-1-1j),(1-1j),(1+1j),(-1-1j),(1+1j),(1+1j),(1-1j),(-1-1j),(1-1j),(-1-1j),(1+1j),(1-1j),(-1+1j),(1+1j),(1-1j),(-1+1j),(-1+1j),(-1-1j),(1+1j),(1+1j),(1+1j),(-1-1j),(1-1j),(1+1j),(-1-1j),(1+1j),(-1+1j),(1-1j),(-1-1j),(1-1j),(1-1j),(1+1j),(1+1j),(1-1j),(1+1j),(1+1j),(-1+1j),(1-1j),(-1-1j),(1-1j),(-1+1j),(1+1j),(1+1j),(1+1j),(1+1j),(1+1j),(1+1j),(-1+1j),(-1+1j),(-1-1j),(1-1j),(1-1j),(-1-1j),(1+1j),(1+1j),(-1-1j),(-1-1j),(1-1j),(-1-1j),(-1+1j),(-1+1j),(1-1j),(-1+1j),(-1-1j),(1+1j),(-1+1j),(1-1j),(1-1j),(1+1j),(-1-1j),(-1-1j),(-1+1j),(1-1j),(1+1j),(1-1j),(1+1j),(-1+1j),(1-1j),(-1-1j),(-1+1j),(1+1j),(1+1j),(-1+1j),(1-1j),(1-1j),(1-1j),(1+1j),(1+1j),(-1+1j),(1+1j),(1-1j),(-1+1j),(1+1j),(1-1j),(1-1j),(1+1j),(1-1j),(1+1j),(-1+1j),(-1-1j),(1-1j),(-1+1j),(-1+1j),(1+1j),(1+1j),(1-1j),(-1-1j),(-1-1j),(-1+1j),(1+1j),(1-1j),(-1+1j),(1+1j),(-1-1j),(-1-1j),(1-1j),(1-1j),(-1-1j),(1+1j),(1+1j),(1+1j),(1+1j),(1+1j),(-1+1j),(1-1j),(1-1j),(-1-1j),(1-1j),(-1+1j),(1-1j),(1-1j),(-1-1j),(1-1j),(1-1j),(1+1j),(1-1j),(-1-1j),(1+1j),(1+1j),(-1-1j),(1-1j),(-1-1j),(-1-1j),(1-1j),(1-1j),(1-1j),(1-1j),(1-1j),(-1-1j),(1-1j),(-1-1j),(-1+1j),(-1+1j),(-1-1j),(1-1j),(-1-1j),(1-1j),(-1+1j),(1+1j),(1+1j),(1+1j),(-1+1j),(-1-1j),(1-1j),(-1-1j),(1-1j),(-1+1j),(-1-1j),(1-1j),(1+1j),(-1-1j),(1+1j),(1+1j),(1-1j),(-1-1j),(-1+1j),(-1+1j),(1-1j),(1-1j),(1-1j),(-1-1j),(1-1j),(-1-1j),(-1-1j),(1-1j),(1-1j),(1-1j),(-1+1j),(-1+1j),(1-1j),(-1+1j),(1-1j),(-1-1j),(-1-1j),(1+1j),(1-1j),(-1+1j),(1+1j),(1-1j),(-1+1j),(-1+1j),(1-1j),(1-1j),(-1+1j),(-1-1j),(1-1j),(1+1j),(-1+1j),(1+1j),(1-1j),(-1+1j),(1-1j),(1-1j),(1-1j),(-1+1j),(1+1j),(1+1j),(1-1j),(-1-1j),(1+1j),(1+1j),(1-1j),(1-1j),(-1-1j),(1-1j),(-1-1j),(-1+1j),(-1+1j),(1-1j),(-1+1j),(1+1j),(1-1j),(-1-1j),(1+1j),(1-1j),(1+1j),(-1-1j),(1-1j),(-1+1j),(1+1j),(1-1j),(1-1j),(1-1j),(1+1j),(1+1j),(-1+1j),(1+1j),(1-1j),(-1-1j),(1-1j),(1-1j),(1-1j),(-1-1j),(-1+1j),(1-1j),(1+1j),(-1+1j),(-1+1j),(-1+1j),(-1+1j),(-1+1j),(1+1j),(-1+1j),(-1+1j),(1+1j),(-1-1j),(-1+1j),(1+1j),(1-1j),(-1+1j),(1+1j),(1+1j),(1+1j),(1+1j),(1-1j),(-1+1j),(-1+1j),(1-1j),(-1+1j),(-1-1j),(1+1j),(-1+1j),(1+1j),(1-1j),(1+1j),(1-1j),(1-1j),(-1-1j),(1-1j),(1+1j),(1+1j),(-1+1j),(1+1j),(-1+1j),(-1+1j),(1+1j),(-1+1j),(-1+1j),(1-1j),(-1+1j),(-1+1j),(1-1j),(-1+1j),(1-1j),(-1+1j),(1-1j),(1-1j),(-1-1j),(1-1j),(1+1j),(-1+1j),(1+1j),(1+1j),(1-1j),(-1-1j),(1-1j),(-1-1j),(-1+1j),(1-1j),(1-1j),(-1+1j),(1+1j),(-1+1j),(-1+1j),(1+1j),(1-1j),(1+1j),(-1-1j),(1+1j),(1+1j),(1-1j),(1+1j),(1-1j),(-1+1j),(-1+1j),(1+1j),(-1+1j),(-1+1j),(1-1j),(-1-1j),(-1-1j),(1-1j),(1+1j),(1-1j),(1+1j),(-1-1j),(1-1j),(-1+1j),(1-1j),(-1-1j),(1-1j),(-1+1j),(-1-1j),(1-1j),(1+1j),(1-1j),(1+1j),(1-1j),(-1+1j),(-1+1j),(1+1j),(1-1j),(1-1j),(-1+1j),(1-1j),(1-1j),(-1+1j),(-1+1j),(1+1j),(1+1j),(1+1j),(1-1j),(1+1j),(1-1j),(-1-1j),(1-1j),(1-1j),(-1+1j),(1-1j),(-1+1j),(-1+1j),(-1+1j),(1+1j),(1-1j),(-1-1j),(1+1j),(-1+1j),(-1+1j),(-1+1j),(1-1j),(-1+1j),(1-1j),(1-1j),(1-1j),(-1-1j),(-1-1j),(1-1j),(1-1j),(-1-1j),(-1+1j),(-1+1j),(1-1j),(1-1j),(1-1j),(1-1j),(-1+1j),(-1+1j),(1-1j),(1+1j),(1-1j),(1-1j),(1-1j),(-1-1j),(-1+1j),(1+1j),(-1+1j),(1+1j),(1-1j),(1-1j),(1-1j),(-1-1j),(1-1j),(1-1j),(1+1j),(1-1j),(1+1j),(1-1j),(-1-1j),(1+1j),(1+1j),(-1+1j),(1+1j),(1-1j),(-1-1j),(-1-1j),(-1-1j),(1+1j),(-1+1j),(1-1j),(1-1j),(-1-1j),(1+1j),(-1+1j),(1-1j),(-1+1j),(1+1j),(-1+1j),(1-1j),(-1+1j),(-1+1j),(1-1j),(1-1j),(1-1j),(1+1j),(1+1j),(1-1j),(1+1j),(-1-1j),(-1+1j),(1-1j),(1-1j),(1-1j),(1+1j),(-1-1j),(-1+1j),(1+1j),(1+1j),(1+1j),(1-1j),(-1-1j),(-1+1j),(1-1j),(-1+1j),(-1-1j),(1-1j),(1-1j),(-1+1j),(-1+1j),(1+1j),(1+1j),(-1-1j),(1+1j),(1+1j),(1+1j),(-1-1j),(-1+1j),(1+1j),(1-1j),(-1+1j),(-1-1j),(-1-1j),(1-1j),(-1+1j),(1-1j),(1-1j),(-1-1j),(1-1j),(1+1j),(-1-1j),(1+1j),(1-1j),(-1+1j),(-1+1j),(1+1j),(1-1j),(1-1j),(-1+1j),(1+1j),(1-1j),(1-1j),(-1-1j),(-1-1j),(1-1j),(-1-1j),(1+1j),(-1+1j),(1+1j),(1-1j),(-1+1j),(1+1j),(-1-1j),(-1+1j),(1+1j),(-1+1j),(1-1j),(1-1j),(-1+1j),(1-1j),(1-1j),(1+1j),(-1+1j),(-1-1j),(1-1j),(-1-1j),(-1-1j),(-1+1j),(1+1j),(1-1j),(-1-1j),(1-1j),(-1-1j),(1-1j),(1+1j),(-1+1j),(1+1j),(1-1j),(-1+1j),(-1+1j),(1+1j),(-1+1j),(1-1j),(-1+1j),(1+1j),(-1-1j),(-1-1j),(-1-1j),(1-1j),(-1+1j),(-1+1j),(1-1j),(-1+1j),(-1+1j),(1+1j),(1-1j),(-1+1j),(-1+1j),(1-1j),(-1+1j),(1-1j),(1+1j),(1+1j),(-1+1j),(1+1j),(1-1j),(1+1j),(1-1j),(1+1j),(1-1j),(1+1j),(-1-1j),(-1+1j),(1+1j),(1-1j),(1+1j),(-1-1j),(1+1j),(-1-1j),(1-1j),(1+1j),(1+1j),(1-1j),(1+1j),(1-1j),(1+1j),(1+1j),(1+1j),(1+1j),(-1+1j),(1-1j),(-1+1j),(1-1j),(1-1j),(1-1j),(-1+1j),(1+1j),(-1+1j),(1+1j),(1-1j),(-1+1j),(1-1j),(1+1j),(-1+1j),(1+1j),(-1+1j),(1-1j),(1+1j),(1-1j),(-1-1j),(1-1j),(1-1j),(-1+1j),(-1+1j),(1-1j),(1+1j),(-1+1j),(1-1j),(1-1j),(1-1j),(-1+1j),(1-1j),(1+1j),(1+1j),(1-1j),(1+1j),(-1-1j),(-1-1j),(1-1j),(-1-1j),(1+1j),(-1-1j),(-1-1j),(1+1j),(1-1j),(1+1j),(1-1j),(-1-1j),(1-1j),(-1+1j),(-1+1j),(1-1j),(1+1j),(1+1j),(1-1j),(1-1j),(-1+1j),(-1+1j),(1+1j),(-1+1j),(-1+1j),(-1+1j),(1+1j),(1+1j),(-1-1j),(-1-1j),(1-1j),(1-1j),(-1-1j),(-1+1j),(1+1j),(1-1j),(1+1j),(-1-1j),(1+1j),(1-1j),(-1-1j),(-1-1j),(-1-1j),(-1-1j),(1-1j),(1-1j),(1+1j),(-1-1j),(1-1j),(1-1j),(1-1j),(-1+1j),(1-1j),(1+1j),(1-1j),(-1-1j),(-1+1j),(1-1j),(-1+1j),(1-1j),(1+1j),(-1+1j),(1-1j),(-1+1j),(1-1j),(-1-1j),(1+1j),(1-1j),(-1+1j),(-1+1j),(-1-1j),(1+1j),(-1-1j),(1+1j),(-1+1j),(1+1j),(-1-1j),(1+1j),(-1-1j),(1-1j),(1-1j),(1-1j),(1-1j),(-1-1j),(1+1j),(-1+1j),(1+1j),(-1-1j),(-1+1j),(1+1j),(-1+1j),(1+1j),(1-1j),(-1+1j),(-1+1j),(-1+1j),(-1+1j),(1+1j),(-1+1j),(1-1j),(1+1j),(1-1j),(1-1j),(-1+1j),(1-1j),(-1+1j),(1-1j),(1+1j),(1+1j),(1+1j),(1-1j),(1+1j),(-1+1j),(1+1j),(-1+1j),(1+1j),(1-1j),(-1+1j),(-1+1j),(1-1j),(-1-1j),(-1-1j),(-1+1j),(1+1j),(-1-1j),(-1-1j),(-1-1j),(1+1j),(-1-1j),(1+1j),(-1-1j),(1-1j),(-1-1j),(1-1j),(-1-1j),(1-1j),(1-1j),(1-1j),(-1+1j),(-1+1j),(-1-1j),(-1-1j),(1+1j),(-1-1j),(1+1j),(1+1j),(-1+1j),(1+1j),(1+1j),(1-1j),(1+1j),(-1-1j),(1-1j),(-1-1j),(1+1j),(-1-1j),(-1-1j),(1-1j),(-1-1j),(1+1j),(1-1j),(-1-1j),(1-1j),(-1+1j),(-1-1j),(1-1j),(1+1j),(1+1j),(-1+1j),(1-1j),(1-1j),(1-1j),(-1-1j),(1-1j),(-1-1j),(1-1j),(-1+1j),(-1-1j),(-1-1j),(1-1j),(1-1j),(-1+1j),(-1-1j),(-1-1j),(1+1j),(-1-1j),(-1+1j),(1+1j),(1+1j),(1+1j),(-1+1j),(-1+1j),(1+1j),(1-1j),(-1-1j),(-1-1j),(1+1j),(1+1j),(1-1j),(-1+1j),(1-1j),(1+1j),(1+1j),(-1+1j),(-1+1j),(-1+1j),(-1+1j),(1-1j),(1-1j),(-1+1j),(1-1j),(1+1j),(-1+1j),(-1-1j),(-1+1j),(1+1j),(1-1j),(1-1j),(-1+1j),(-1-1j),(-1+1j),(-1-1j),(-1-1j),(1+1j),(-1+1j),(1-1j),(1+1j),(1-1j),(-1+1j),(-1+1j),(1+1j),(1+1j),(1+1j),(1+1j),(1+1j),(1+1j),(-1+1j),(-1-1j),(1-1j),(-1-1j),(-1-1j),(1+1j),(-1+1j),(1+1j),(1+1j),(1-1j),(1-1j),(1-1j),(-1-1j),(-1-1j),(1+1j),(1+1j),(-1+1j),(1+1j),(1-1j),(1+1j),(1-1j),(1+1j),(1+1j),(1+1j),(1+1j),(1-1j),(1-1j),(1+1j),(1-1j),(1+1j),(1-1j),(1+1j),(1-1j),(-1-1j),(1-1j),(-1-1j),(-1+1j),(1+1j),(1+1j),(1+1j),(-1-1j),(1+1j),(1-1j),(-1+1j),(1-1j),(1+1j),(-1+1j),(1+1j),(1-1j),(1+1j),(1-1j),(1-1j),(1-1j),(-1-1j),(-1+1j),(1+1j),(1+1j),(1-1j),(1-1j),(-1-1j),(1-1j),(1+1j),(1-1j),(-1+1j),(1-1j),(1-1j),(1-1j),(1-1j),(1-1j),(-1+1j),(-1-1j),(1+1j),(1+1j),(-1+1j),(1+1j),(1+1j),(-1-1j),(1+1j),(-1-1j),(1+1j),(1-1j),(-1-1j),(-1+1j),(1-1j),(1-1j),(1+1j),(1-1j),(-1+1j),(1-1j),(-1-1j),(-1-1j),(-1-1j),(1-1j),(1-1j),(1+1j),(-1+1j),(1+1j),(1-1j),(1+1j),(-1-1j),(-1+1j),(1+1j),(1-1j),(1+1j),(-1+1j),(-1-1j),(1+1j),(-1+1j),(-1+1j),(1+1j),(1-1j),(-1-1j),(1+1j),(1-1j),(1+1j),(-1+1j),(1+1j),(-1-1j),(1+1j),(1-1j),(1+1j),(1-1j),(1+1j),(-1-1j),(1+1j),(-1-1j),(-1-1j),(1-1j),(1-1j),(1+1j),(-1+1j),(1+1j),(-1+1j),(-1+1j),(1-1j),(1+1j),(1+1j),(-1-1j),(1+1j),(1-1j),(-1-1j),(-1-1j),(-1+1j),(-1-1j),(-1-1j),(1-1j),(-1-1j),(-1-1j),(1+1j),(-1-1j),(1-1j),(-1+1j),(1+1j),(-1-1j),(-1-1j),(-1+1j),(1-1j),(1+1j),(-1-1j),(-1+1j),(-1-1j),(-1-1j),(1-1j),(-1-1j),(1-1j),(1-1j),(-1-1j),(1-1j),(-1-1j),(-1-1j),(-1+1j),(-1-1j),(1+1j),(1-1j),(-1-1j),(-1+1j),(-1-1j),(1+1j),(1-1j),(1+1j),(-1-1j),(-1-1j),(1+1j),(1-1j),(-1-1j),(-1+1j),(1+1j),(-1-1j),(-1-1j),(-1+1j),(1+1j),(1-1j),(1+1j),(1+1j),(1+1j),(-1+1j),(1+1j),(-1+1j),(1+1j),(1+1j),(1-1j),(-1-1j),(-1-1j),(-1+1j),(1-1j),(1+1j),(-1-1j),(-1-1j),(1+1j),(-1-1j),(1+1j),(-1+1j),(1+1j),(1+1j),(-1-1j),(1-1j),(1+1j),(1-1j),(-1+1j),(1-1j),(1-1j),(-1+1j),(1-1j),(-1+1j),(1-1j),(1+1j),(-1+1j),(1+1j),(1+1j),(1+1j),(1+1j),(1+1j),(1+1j),(-1-1j),(-1-1j),(1+1j),(1+1j),(-1+1j),(1+1j),(-1+1j),(1+1j),(1+1j),(-1-1j),(-1-1j),(-1+1j),(1-1j),(-1-1j),(1-1j),(-1+1j),(1+1j),(1+1j),(-1+1j),(1-1j),(1-1j),(1+1j),(1+1j),(1+1j),(1+1j),(1-1j),(1-1j),(1-1j),(-1+1j),(-1-1j),(1+1j),(-1-1j),(1+1j),(-1-1j),(-1+1j),(1+1j),(1+1j),(-1+1j),(1-1j),(1-1j),(-1+1j),(1+1j),(1-1j),(1-1j),(-1-1j),(-1+1j),(1+1j),(-1+1j),(1+1j),(1+1j),(1-1j),(-1-1j),(1+1j),(-1-1j),(-1-1j),(1-1j),(1-1j),(1-1j),(-1+1j),(-1+1j),(1+1j),(1+1j),(1+1j),(1+1j),(-1+1j),(-1+1j),(1-1j),(1+1j),(-1+1j),(1+1j),(1+1j),(1+1j),(1-1j),(-1-1j),(1+1j),(1+1j),(1+1j),(-1-1j),(1-1j),(1+1j),(1+1j),(-1+1j),(1+1j),(-1+1j),(-1+1j),(1+1j),(-1+1j),(1+1j),(1+1j),(1-1j),(-1-1j),(1+1j),(1-1j),(1-1j),(-1-1j),(1+1j),(-1+1j),(1+1j),(1-1j),(-1-1j),(-1+1j),(1+1j),(-1+1j),(1+1j),(1-1j),(1-1j),(1-1j),(1+1j),(1-1j),(1+1j),(1-1j),(-1+1j),(1+1j),(1+1j),(-1+1j),(1+1j),(1+1j),(-1+1j),(1+1j),(1-1j),(-1-1j),(1+1j),(1-1j),(-1-1j),(-1-1j),(-1+1j),(1-1j),(1+1j),(1+1j),(1-1j),(1+1j),(1+1j),(-1+1j),(-1+1j),(1+1j),(-1+1j),(1+1j),(1+1j),(1+1j),(1-1j),(1+1j),(1-1j),(1+1j),(-1+1j),(1+1j),(1-1j),(-1+1j),(1-1j),(-1+1j),(1+1j),(-1-1j),(1-1j),(-1+1j),(1+1j),(1+1j),(1+1j),(1-1j),(1+1j),(1-1j),(1+1j),(1-1j),(1-1j),(1-1j),(1-1j),(-1-1j),(1+1j),(1-1j),(-1-1j),(-1+1j),(-1+1j),(1+1j),(1+1j),(-1-1j),(1+1j),(1-1j),(-1-1j),(-1-1j),(-1-1j),(1-1j),(1+1j),(-1-1j),(1+1j),(1+1j),(1+1j),(1+1j),(1+1j),(1+1j),(1+1j),(-1+1j),(1+1j),(1-1j),(-1-1j),(1+1j),(-1+1j),(-1-1j),(1-1j),(1-1j),(-1-1j),(1-1j),(1-1j),(1-1j),(-1+1j),(1-1j),(1-1j),(1+1j),(1-1j),(-1+1j),(1+1j),(1+1j),(1-1j),(1-1j),(-1-1j),(1+1j),(-1+1j),(1-1j),(-1+1j),(1+1j),(1+1j),(-1-1j),(1-1j),(1-1j),(-1+1j),(1-1j),(1-1j),(1+1j),(-1-1j),(1+1j),(1+1j),(1-1j),(1+1j),(1-1j),(-1-1j),(1-1j),(-1-1j),(-1-1j),(-1-1j),(1-1j),(1-1j),(-1+1j),(-1+1j),(1-1j),(-1+1j),(-1+1j),(1-1j),(1-1j),(-1-1j),(1-1j),(-1-1j),(-1-1j),(-1-1j),(-1-1j),(-1-1j),(1+1j),(-1+1j),(1+1j),(-1-1j),(1+1j),(1-1j),(1+1j),(1-1j),(-1+1j),(-1+1j),(-1+1j),(-1+1j),(-1+1j),(-1-1j),(-1-1j),(-1-1j),(1-1j),(-1+1j),(-1+1j),(1+1j),(-1+1j),(1-1j),(1+1j),(-1-1j),(1+1j),(1+1j),(-1-1j),(-1-1j),(-1+1j),(1+1j),(1+1j),(1+1j),(1+1j),(-1-1j),(-1-1j),(-1-1j),(-1+1j),(-1+1j),(1+1j),(-1+1j),(1-1j),(-1-1j),(1+1j),(-1+1j),(-1+1j),(1+1j),(-1-1j),(1-1j),(1-1j),(1+1j),(-1+1j),(-1+1j),(-1+1j),(-1+1j),(1+1j),(-1+1j),(1+1j),(1+1j),(-1-1j),(-1-1j),(-1+1j),(-1+1j),(-1-1j),(1-1j),(-1+1j),(1-1j),(-1+1j),(-1-1j),(1-1j),(-1+1j),(-1-1j),(1-1j),(-1-1j),(-1-1j),(-1-1j),(-1+1j),(-1+1j),(-1-1j),(1+1j),(-1-1j),(-1+1j),(1+1j),(1+1j),(1+1j),(-1-1j),(1+1j),(-1+1j),(1-1j),(1+1j),(-1+1j),(1+1j),(1+1j),(-1-1j),(1-1j),(-1-1j),(1+1j),(1+1j),(1+1j),(1-1j),(-1-1j),(-1-1j),(-1-1j),(-1+1j),(-1-1j),(-1-1j),(-1-1j),(-1+1j),(-1+1j),(-1+1j),(1+1j),(1+1j),(-1-1j),(1+1j),(1+1j),(-1-1j),(-1-1j),(-1+1j),(1+1j),(1+1j),(1-1j),(-1-1j),(-1-1j),(-1-1j),(-1+1j),(-1+1j),(-1+1j),(-1-1j),(1-1j),(1+1j),(-1+1j),(-1+1j),(-1+1j),(1+1j),(-1-1j),(1+1j),(1-1j),(-1+1j),(-1-1j),(1+1j),(1-1j),(1-1j),(-1-1j),(1+1j),(-1-1j),(-1-1j),(-1-1j),(1-1j),(1-1j),(1+1j),(1-1j),(-1-1j),(-1+1j),(-1-1j),(-1+1j),(1+1j),(1+1j),(1-1j),(-1+1j),(1-1j),(-1+1j),(1+1j),(1+1j),(-1-1j),(-1-1j),(1+1j),(1+1j),(-1+1j),(-1+1j),(1+1j),(1-1j),(-1+1j),(1-1j),(-1-1j),(1+1j),(-1+1j),(1-1j),(1-1j),(1-1j),(-1+1j),(-1+1j),(-1+1j),(-1-1j),(-1+1j),(-1-1j),(-1+1j),(-1+1j),(1-1j),(-1-1j),(-1-1j),(-1+1j),(-1-1j),(-1+1j),(-1+1j),(-1+1j),(1-1j),(-1+1j),(1+1j),(1+1j),(1+1j),(-1+1j),(1+1j),(1-1j),(-1+1j),(-1-1j),(-1-1j),(1+1j),(-1-1j),(1+1j),(1-1j),(1+1j),(-1-1j),(1+1j),(-1+1j),(-1+1j),(1+1j),(-1-1j),(-1-1j),(1+1j),(-1-1j),(-1-1j),(1+1j),(1+1j),(-1-1j),(1-1j),(1-1j),(-1-1j),(-1-1j),(-1+1j),(-1-1j),(1+1j),(-1-1j),(1-1j),(1-1j),(1-1j),(1-1j),(-1+1j),(-1+1j),(-1+1j),(1-1j),(1+1j),(-1-1j),(-1-1j),(1+1j),(1-1j),(1+1j),(1+1j),(-1-1j),(-1+1j),(1-1j),(1+1j),(1-1j),(-1-1j),(1-1j),(-1+1j),(-1-1j),(-1-1j),(1-1j),(1-1j),(-1+1j),(-1-1j),(-1+1j),(1-1j),(1+1j),(1-1j),(1-1j),(1+1j),(-1-1j),(1-1j),(1-1j),(1+1j),(-1-1j),(-1-1j),(1+1j),(-1-1j),(1+1j),(1-1j),(1+1j),(1-1j),(1+1j),(-1+1j),(1-1j),(-1-1j),(1+1j),(1+1j),(1+1j),(-1-1j),(1+1j),(1+1j),(1-1j),(-1-1j),(1-1j),(-1-1j),(1+1j),(1-1j),(-1+1j),(1+1j),(1-1j),(-1+1j),(1+1j),(1-1j),(-1-1j),(1-1j),(1+1j),(1-1j),(-1-1j),(1-1j),(1+1j),(-1-1j),(-1-1j),(-1-1j),(1+1j),(-1-1j),(1-1j),(1+1j),(1-1j),(-1+1j),(-1+1j),(-1+1j),(1+1j),(1-1j),(-1-1j),(1+1j),(1-1j),(-1+1j),(-1-1j),(1-1j),(-1-1j),(1-1j),(1+1j),(1-1j),(1+1j),(1-1j),(1+1j),(1+1j),(-1-1j),(-1-1j),(-1+1j),(-1+1j),(-1+1j),(1+1j),(-1-1j),(-1-1j),(-1-1j),(1+1j),(-1-1j),(1+1j),(1+1j),(-1+1j),(-1+1j),(-1+1j),(-1+1j),(1+1j),(1-1j),(-1+1j),(1+1j),(-1-1j),(1-1j),(1-1j),(1-1j),(-1+1j),(1+1j),(1-1j),(-1+1j),(-1-1j),(1+1j),(1+1j),(1-1j),(1-1j),(1+1j),(-1-1j),(-1+1j),(-1+1j),(1-1j),(1-1j),(1-1j),(-1+1j),(1-1j),(-1+1j),(-1+1j),(1+1j),(1-1j),(1-1j),(1-1j),(1+1j),(-1-1j),(-1-1j),(1+1j),(-1-1j),(1+1j),(-1+1j),(-1-1j),(-1+1j),(-1+1j),(1+1j),(-1+1j),(1-1j),(1-1j),(-1-1j),(1-1j),(1+1j),(1+1j),(-1+1j),(1+1j),(-1+1j),(1+1j),(-1+1j),(-1+1j),(1+1j),(-1+1j),(1+1j),(-1+1j),(1+1j),(1-1j),(1+1j),(-1+1j),(1+1j),(-1-1j),(1+1j),(-1+1j),(-1+1j),(-1+1j),(1+1j),(1-1j),(-1+1j),(-1+1j),(-1+1j),(1+1j),(-1-1j),(-1-1j),(1+1j),(1+1j),(-1-1j),(1-1j),(1+1j),(-1-1j),(-1-1j),(-1-1j),(1-1j),(1+1j),(1-1j),(1-1j),(1+1j),(-1+1j),(-1-1j),(1+1j),(-1+1j),(1-1j),(-1+1j),(1-1j),(-1+1j),(1+1j),(1+1j),(1+1j),(-1-1j),(-1+1j),(-1-1j),(-1-1j),(-1+1j),(-1+1j),(1-1j),(-1-1j),(1+1j),(1+1j),(-1+1j),(-1+1j),(1-1j),(-1-1j),(-1+1j),(1+1j),(-1-1j),(1+1j),(1+1j),(1+1j),(1+1j),(1-1j),(-1+1j),(1+1j),(-1+1j),(-1+1j),(1-1j),(-1+1j),(1-1j),(-1+1j),(1-1j),(-1+1j),(1-1j),(-1+1j),(1-1j),(-1+1j),(1-1j),(-1+1j),(-1-1j),(1-1j),(-1-1j),(-1+1j),(1-1j),(-1+1j),(-1+1j),(1-1j),(1+1j),(-1-1j),(-1+1j),(1+1j),(1-1j),(-1-1j),(1+1j),(1+1j),(-1+1j),(-1+1j),(1+1j),(1-1j),(-1+1j),(-1-1j),(1+1j),(-1-1j),(-1+1j),(1-1j),(1+1j),(-1+1j),(1+1j),(1+1j),(1-1j),(-1+1j),(1+1j),(1+1j),(-1+1j),(1+1j),(1+1j),(-1+1j),(1+1j),(-1+1j),(-1+1j),(-1-1j),(1-1j),(-1+1j),(-1+1j),(1-1j),(1+1j),(-1+1j),(-1+1j),(-1+1j),(1+1j),(1+1j),(1+1j),(1+1j),(-1-1j),(-1+1j),(1+1j),(-1+1j),(-1+1j),(-1-1j),(-1+1j),(1+1j),(1+1j),(-1-1j),(-1-1j),(-1-1j),(1-1j),(1+1j),(1-1j),(-1+1j),(-1+1j),(-1+1j),(1-1j),(1+1j),(-1-1j),(-1-1j),(1-1j),(-1-1j),(1-1j),(-1-1j),(-1+1j),(-1-1j),(-1-1j),(1-1j),(-1+1j),(-1-1j),(-1-1j),(1+1j),(-1+1j),(1-1j),(-1+1j),(-1+1j),(1+1j),(1+1j),(1+1j),(-1+1j),(1+1j),(-1+1j),(-1+1j),(1+1j),(1+1j),(-1+1j),(1+1j),(-1-1j),(-1+1j),(1-1j),(-1-1j),(-1-1j),(-1+1j),(-1-1j),(-1+1j),(-1-1j),(-1+1j),(-1+1j),(1+1j),(-1-1j),(-1+1j),(1-1j),(1+1j),(-1-1j),(-1-1j),(-1-1j),(-1-1j),(-1-1j),(1-1j),(-1-1j),(1-1j),(-1-1j),(1-1j),(-1+1j),(-1-1j),(1-1j),(1-1j),(-1-1j),(1+1j),(1-1j),(-1+1j),(1+1j),(-1-1j),(1+1j),(-1-1j),(-1+1j),(1-1j),(1+1j),(-1-1j),(-1+1j),(1-1j),(-1+1j),(1+1j),(1+1j),(1-1j),(-1-1j),(-1-1j),(-1+1j),(-1+1j),(1-1j),(1-1j),(-1+1j),(1+1j),(-1+1j),(-1+1j),(1-1j),(1-1j),(-1+1j),(1+1j),(1+1j),(-1-1j),(1+1j),(-1-1j),(-1+1j),(1+1j),(1+1j),(-1-1j),(1+1j),(1-1j),(-1+1j),(1+1j),(-1+1j),(1-1j),(-1+1j),(1-1j),(1-1j),(-1+1j),(-1-1j),(-1+1j),(-1+1j),(-1+1j),(-1-1j),(-1-1j),(-1-1j),(1+1j),(-1-1j),(-1+1j),(1-1j),(1+1j),(1-1j),(-1-1j),(1-1j),(1-1j),(-1+1j),(1-1j),(1+1j),(1-1j),(1-1j),(1-1j),(1-1j),(-1-1j),(-1-1j),(1+1j),(1+1j),(-1+1j),(-1+1j),(1+1j),(1-1j),(-1+1j),(1-1j),(-1+1j),(1+1j),(1-1j),(-1-1j),(-1+1j),(1+1j),(1-1j),(1+1j),(1+1j),(-1+1j),(1+1j),(-1-1j),(1+1j),(-1+1j),(-1-1j),(1+1j),(1+1j),(-1-1j),(1+1j),(-1-1j),(-1-1j),(-1-1j),(-1-1j),(1+1j),(-1+1j),(1-1j),(-1+1j),(1-1j),(1+1j),(-1+1j),(1+1j),(-1+1j),(-1+1j),(-1-1j),(-1+1j),(-1-1j),(1-1j),(1+1j),(-1-1j),(1-1j),(-1-1j),(-1-1j),(1+1j),(1-1j),(-1+1j),(-1+1j),(1+1j),(-1+1j),(-1+1j),(-1+1j),(-1-1j),(1+1j),(-1-1j),(1+1j),(1+1j),(1+1j),(1+1j),(1+1j),(-1-1j),(-1+1j),(-1+1j),(1-1j),(1-1j),(-1+1j),(-1+1j),(1-1j),(-1+1j),(-1-1j),(-1-1j),(-1-1j),(1+1j),(1+1j),(1-1j),(-1+1j),(-1+1j),(1+1j),(-1-1j),(1+1j),(-1-1j),(-1+1j),(1+1j),(1+1j),(-1-1j),(1+1j),(-1+1j),(1-1j),(-1-1j),(1-1j),(-1-1j),(-1-1j),(-1-1j),(-1+1j),(1+1j),(1+1j),(1-1j),(-1-1j),(-1+1j),(-1+1j),(1+1j),(-1+1j),(-1+1j),(1+1j),(-1+1j),(-1+1j),(-1+1j),(1+1j),(-1+1j),(1+1j),(1+1j),(-1+1j),(1-1j),(-1+1j),(-1-1j),(1+1j),(-1-1j),(-1-1j),(-1-1j),(1+1j),(1+1j),(-1-1j),(1+1j),(1-1j),(-1-1j),(1+1j),(1-1j),(-1+1j),(-1+1j),(-1+1j),(1-1j),(-1+1j),(1+1j),(-1+1j),(1+1j),(-1-1j),(1+1j),(-1+1j),(-1+1j),(1+1j),(1+1j),(1-1j),(-1-1j),(1+1j),(1-1j),(-1+1j),(-1-1j),(-1-1j),(-1-1j),(1+1j),(1+1j),(-1+1j),(-1+1j),(-1+1j),(1-1j),(-1+1j),(-1-1j),(-1-1j),(-1-1j),(1+1j),(-1-1j),(1+1j),(1+1j),(-1-1j),(1+1j),(1+1j),(1+1j),(-1-1j),(1+1j),(1-1j),(-1+1j),(1+1j),(1+1j),(1-1j),(-1+1j),(-1-1j),(-1-1j),(1-1j),(-1+1j),(1+1j),(-1+1j),(1+1j),(-1-1j),(1-1j),(-1+1j),(1-1j),(-1+1j),(-1-1j),(-1+1j),(1-1j),(1-1j),(1+1j),(-1+1j),(-1+1j),(-1+1j),(-1-1j),(1+1j),(1+1j),(-1-1j),(1+1j),(1+1j),(-1+1j),(1-1j),(-1+1j),(-1+1j),(1+1j),(1-1j),complex_number
