4_208634348_208634505,(-1+1j),(-1-1j),(-1-1j),(-1+1j),(-1-1j),(-1+1j),(-1-1j),(-1+1j),(1+1j),(1+1j),(-1+1j),(1+1j),(1-1j),(1+1j),(-1-1j),(1+1j),(-1-1j),(-1+1j),(-1-1j),(-1-1j),(-1-1j),(1+1j),(-1+1j),(1-1j),(1-1j),(-1+1j),(-1-1j),(1-1j),(-1-1j),(-1+1j),(-1+1j),(1-1j),(-1-1j),(-1-1j),(1-1j),(-1+1j),(1+1j),(-1-1j),(1+1j),(-1-1j),(-1-1j),(1+1j),(1+1j),(-1+1j),(-1-1j),(1-1j),(1+1j),(-1+1j),(1+1j),(-1+1j),(1-1j),(-1-1j),(-1+1j),(-1+1j),(1-1j),(-1+1j),(1-1j),(-1+1j),(-1-1j),(1+1j),(-1+1j),(-1+1j),(-1+1j),(1+1j),(-1-1j),(-1+1j),(-1-1j),(-1+1j),(-1-1j),(1+1j),(-1-1j),(-1-1j),(1-1j),(-1+1j),(-1+1j),(-1+1j),(-1+1j),(-1-1j),(-1+1j),(-1-1j),(-1+1j),(-1+1j),(-1+1j),(-1-1j),(-1+1j),(-1+1j),(1+1j),(-1-1j),(-1+1j),(-1+1j),(-1+1j),(1+1j),(1+1j),(-1+1j),(-1+1j),(-1-1j),(1+1j),(-1+1j),(1+1j),(1+1j),(-1-1j),(-1+1j),(1+1j),(-1-1j),(-1+1j),(1+1j),(-1+1j),(-1-1j),(1+1j),(-1-1j),(1+1j),(1+1j),(-1-1j),(-1-1j),(-1+1j),(1+1j),(-1+1j),(1+1j),(-1-1j),(1-1j),(1-1j),(-1-1j),(-1+1j),(1+1j),(-1-1j),(1+1j),(-1-1j),(-1+1j),(-1+1j),(1+1j),(1+1j),(-1-1j),(1+1j),(-1+1j),(1-1j),(-1-1j),(1+1j),(1+1j),(-1+1j),(-1+1j),(1+1j),(1+1j),(-1-1j),(1+1j),(-1+1j),(1-1j),(-1-1j),(1-1j),(1-1j),(-1+1j),(-1+1j),(-1+1j),(-1+1j),(1-1j),(1-1j),(-1-1j),(1+1j),(1-1j),complex_number
