4_235996321_236005896,(-1-1j),(-1+1j),(-1-1j),(1-1j),(-1+1j),(1-1j),(-1+1j),(1-1j),(1+1j),(-1+1j),(1+1j),(-1+1j),(-1-1j),(1+1j),(-1-1j),(-1+1j),(1+1j),(-1+1j),(1-1j),(1-1j),(1-1j),(-1+1j),(1+1j),(-1-1j),(1-1j),(-1+1j),(1-1j),(-1-1j),(-1-1j),(1-1j),(-1+1j),(1+1j),(1-1j),(-1+1j),(-1-1j),(-1+1j),(1+1j),(1+1j),(-1-1j),(-1+1j),(-1+1j),(1-1j),(-1+1j),(1+1j),(1+1j),(1+1j),(1-1j),(1-1j),(-1+1j),(1-1j),(-1-1j),(1-1j),(1-1j),(-1-1j),(-1+1j),(1+1j),(-1+1j),(-1+1j),(1+1j),(-1-1j),(-1-1j),(-1-1j),(-1-1j),(1+1j),(-1-1j),(1-1j),(-1+1j),(-1+1j),(1-1j),(-1+1j),(1+1j),(-1-1j),(1-1j),(-1-1j),(-1-1j),(1+1j),(-1-1j),(-1-1j),(-1+1j),(1+1j),(-1+1j),(-1+1j),(1+1j),(1-1j),(1-1j),(-1-1j),(-1+1j),(-1+1j),(-1-1j),(-1-1j),(1+1j),(-1-1j),(1+1j),(1+1j),(-1-1j),(-1-1j),(1-1j),(1+1j),(-1-1j),(-1+1j),(1-1j),(1-1j),(-1+1j),(1-1j),(1-1j),(1-1j),(-1-1j),(-1-1j),(1+1j),(1+1j),(1+1j),(-1-1j),(1+1j),(1-1j),(-1+1j),(-1+1j),(1-1j),(-1+1j),(-1-1j),(-1-1j),(1-1j),(1-1j),(1+1j),(-1+1j),(-1-1j),(-1+1j),(-1+1j),(-1-1j),(-1-1j),(1-1j),(1-1j),(-1-1j),(-1-1j),(1-1j),(1+1j),(1+1j),(1+1j),(1-1j),(-1-1j),(1-1j),(-1-1j),(1-1j),(-1+1j),(-1+1j),(-1-1j),(-1-1j),(-1+1j),(-1+1j),(1+1j),(1-1j),(-1-1j),(-1-1j),(1+1j),(1+1j),(-1+1j),(-1-1j),(-1-1j),(-1+1j),(-1+1j),(-1+1j),(1+1j),(1-1j),(1-1j),(-1-1j),(-1+1j),(-1+1j),(1+1j),(1+1j),(1+1j),(-1-1j),(-1+1j),(-1+1j),(1-1j),(-1+1j),(-1-1j),(1+1j),(1+1j),(-1-1j),(-1-1j),(1-1j),(-1+1j),(1-1j),(-1+1j),(-1+1j),(1-1j),(1+1j),(1+1j),(-1-1j),(-1+1j),(1-1j),(1+1j),(1+1j),(-1+1j),(-1+1j),(-1+1j),(1-1j),(1-1j),(-1-1j),(-1-1j),(-1-1j),(-1-1j),(1+1j),(1-1j),(-1-1j),(-1+1j),(-1+1j),(1-1j),(1-1j),(-1-1j),(1-1j),(1-1j),(1+1j),(1+1j),(1-1j),(-1-1j),(-1-1j),(-1+1j),(-1+1j),(1+1j),(1+1j),(-1-1j),(-1-1j),(-1+1j),(-1-1j),(-1-1j),(-1-1j),(-1+1j),(1+1j),(1+1j),(1+1j),(1-1j),(1-1j),(-1+1j),(-1+1j),(1+1j),(1-1j),(-1-1j),(-1-1j),(-1+1j),(-1-1j),(-1-1j),(-1+1j),(-1+1j),(-1-1j),(-1-1j),(1+1j),(1+1j),(-1-1j),(1+1j),(-1-1j),(1+1j),(1+1j),(-1+1j),(-1+1j),(1+1j),(-1+1j),(-1-1j),(-1-1j),(-1+1j),(-1-1j),(1+1j),(-1+1j),(-1-1j),(1+1j),(-1-1j),(1+1j),(1-1j),(-1+1j),(1-1j),(-1-1j),(-1-1j),(1-1j),(-1+1j),(-1+1j),(1+1j),(1-1j),(-1+1j),(-1-1j),(-1-1j),(1+1j),(-1-1j),(1+1j),(-1+1j),(-1+1j),(1+1j),(1-1j),(-1-1j),(1+1j),(-1-1j),(-1-1j),(-1+1j),(-1-1j),(-1-1j),(-1+1j),(1+1j),(-1+1j),(-1+1j),(-1+1j),(1-1j),(-1+1j),(-1+1j),(-1-1j),(1-1j),(1-1j),(-1-1j),(1+1j),(-1-1j),(-1+1j),(1+1j),(-1-1j),(-1+1j),(-1+1j),(-1+1j),(-1-1j),(1+1j),(-1-1j),(1+1j),(1+1j),(1-1j),(-1-1j),(-1-1j),(1+1j),(-1-1j),(1+1j),(1+1j),(1-1j),(1+1j),(-1+1j),(-1-1j),(1+1j),(-1-1j),(-1-1j),(-1+1j),(-1-1j),(1-1j),(-1-1j),(-1-1j),(-1-1j),(1+1j),(-1-1j),(1+1j),(-1+1j),(-1-1j),(1+1j),(1+1j),(-1+1j),(-1-1j),(-1-1j),(1+1j),(1+1j),(-1+1j),(-1-1j),(1+1j),(1-1j),(-1+1j),(-1+1j),(1+1j),(1+1j),(-1+1j),(-1-1j),(-1+1j),(1+1j),(1-1j),(-1+1j),(-1-1j),(1-1j),(-1+1j),(1-1j),(1-1j),(-1+1j),(1-1j),(1-1j),(-1+1j),(1+1j),(1-1j),(-1+1j),(-1-1j),(1+1j),(1+1j),(1+1j),(-1+1j),(1+1j),(-1-1j),(-1-1j),(-1+1j),(1-1j),(-1-1j),(-1+1j),(1-1j),(-1-1j),(-1+1j),(1+1j),(-1-1j),(-1+1j),(1+1j),(-1-1j),(-1+1j),(1+1j),(1-1j),(-1-1j),(-1+1j),(1+1j),(1-1j),(1+1j),(-1-1j),(-1-1j),(1-1j),(-1-1j),(-1-1j),(-1-1j),(-1+1j),(-1+1j),(1-1j),(-1-1j),(-1-1j),(-1+1j),(-1+1j),(1-1j),(-1-1j),(1+1j),(-1-1j),(1+1j),(-1-1j),(1+1j),(1+1j),(1+1j),(-1-1j),(1-1j),(1+1j),(1+1j),(1-1j),(-1-1j),(-1+1j),(-1-1j),(1-1j),(-1+1j),(-1-1j),(-1-1j),(1-1j),(-1-1j),(-1-1j),(-1-1j),(-1+1j),(-1+1j),(1+1j),(-1-1j),(1+1j),(-1-1j),(1-1j),(-1-1j),(-1-1j),(1+1j),(-1-1j),(1+1j),(-1+1j),(-1-1j),(1-1j),(-1-1j),(-1+1j),(1-1j),(-1-1j),(1-1j),(-1-1j),(-1-1j),(-1+1j),(-1-1j),(1-1j),(1-1j),(-1-1j),(1-1j),(-1-1j),(-1+1j),(1+1j),(-1-1j),(1-1j),(-1+1j),(-1+1j),(1+1j),(-1-1j),(1+1j),(1+1j),(-1+1j),(-1-1j),(1+1j),(1+1j),(-1+1j),(-1+1j),(1+1j),(1-1j),(1+1j),(-1+1j),(1+1j),(1+1j),(-1-1j),(-1+1j),(-1+1j),(-1-1j),(-1+1j),(-1+1j),(-1+1j),(-1-1j),(1-1j),(-1+1j),(-1-1j),(-1-1j),(1-1j),(-1+1j),(1-1j),(1-1j),(-1-1j),(1-1j),(-1-1j),(-1-1j),(1-1j),(1-1j),(-1+1j),(1-1j),(1-1j),(1-1j),(1-1j),(1-1j),(-1-1j),(1+1j),(-1+1j),(1+1j),(-1-1j),(1+1j),(1+1j),(-1+1j),(1+1j),(-1+1j),(1+1j),(-1+1j),(-1-1j),(-1+1j),(-1-1j),(1-1j),(-1+1j),(-1-1j),(-1+1j),(1-1j),(1-1j),(-1+1j),(-1+1j),(1-1j),(-1+1j),(1-1j),(-1+1j),(1-1j),(1+1j),(-1+1j),(-1+1j),(1+1j),(-1+1j),(-1+1j),(-1-1j),(1+1j),(-1-1j),(-1+1j),(-1-1j),(-1+1j),(-1+1j),(1+1j),(1+1j),(1+1j),(-1-1j),(1+1j),(-1+1j),(-1-1j),(1+1j),(1+1j),(1+1j),(-1+1j),(-1-1j),(1-1j),(-1+1j),(1-1j),(-1-1j),(-1-1j),(-1+1j),(1-1j),(1-1j),(1-1j),(1+1j),(-1-1j),(-1-1j),(-1-1j),(1-1j),(-1+1j),(-1+1j),(-1+1j),(1+1j),(1+1j),(1-1j),(-1+1j),(-1+1j),(1-1j),(1+1j),(-1+1j),(-1-1j),(-1+1j),(-1-1j),(-1-1j),(1+1j),(-1+1j),(1-1j),(-1+1j),(1+1j),(1+1j),(-1+1j),(-1+1j),(1+1j),(1+1j),(-1-1j),(-1-1j),(1-1j),(-1-1j),(-1+1j),(-1+1j),(-1-1j),(-1+1j),(-1+1j),(-1-1j),(1+1j),(-1+1j),(-1-1j),(-1+1j),(1-1j),(1+1j),(-1+1j),(-1+1j),(-1+1j),(1+1j),(1-1j),(-1-1j),(-1-1j),(1+1j),(-1-1j),(1+1j),(1+1j),(-1+1j),(-1+1j),(-1-1j),(-1+1j),(-1-1j),(-1-1j),(-1-1j),(-1-1j),(1+1j),(-1+1j),(1-1j),(-1+1j),(-1+1j),(-1+1j),(1+1j),(-1-1j),(-1+1j),(1+1j),(1+1j),(-1-1j),(-1-1j),(1+1j),(-1-1j),(1-1j),(-1-1j),(-1+1j),(1+1j),(-1-1j),(-1-1j),(-1-1j),(1+1j),(-1-1j),(-1-1j),(-1-1j),(-1+1j),(-1-1j),(1+1j),(-1+1j),(-1+1j),(1-1j),(-1-1j),(1-1j),(-1+1j),(-1-1j),(1+1j),(-1-1j),(-1+1j),(-1+1j),(1-1j),(-1-1j),(-1-1j),(-1+1j),(-1-1j),(-1+1j),(1+1j),(-1-1j),(-1-1j),(-1-1j),(1+1j),(-1-1j),(-1-1j),(-1-1j),(-1+1j),(1-1j),(-1-1j),(-1+1j),(1+1j),(-1+1j),(-1+1j),(-1-1j),(1+1j),(-1-1j),(-1-1j),(-1+1j),(1+1j),(-1-1j),(-1-1j),(-1-1j),(1+1j),(1-1j),(1-1j),(-1+1j),(-1+1j),(1+1j),(-1-1j),(1-1j),(1+1j),(-1+1j),(1+1j),(1+1j),(-1+1j),(-1-1j),(-1-1j),(-1+1j),(1-1j),(-1+1j),(1+1j),(-1-1j),(-1-1j),(1-1j),(-1+1j),(1+1j),(1+1j),(1-1j),(1-1j),(-1+1j),(-1+1j),(-1-1j),(1-1j),(-1+1j),(-1+1j),(1+1j),(-1-1j),(-1-1j),(1+1j),(1-1j),(1+1j),(-1+1j),(-1-1j),(-1-1j),(1-1j),(-1-1j),(-1-1j),(-1+1j),(-1-1j),(-1-1j),(1-1j),(-1+1j),(-1-1j),(1-1j),(-1-1j),(-1-1j),(-1+1j),(1-1j),(1+1j),(-1+1j),(-1-1j),(-1+1j),(-1+1j),(-1+1j),(1+1j),(-1-1j),(1+1j),(1+1j),(-1+1j),(-1+1j),(-1-1j),(-1-1j),(-1-1j),(-1-1j),(-1-1j),(1+1j),(-1-1j),(-1-1j),(1+1j),(-1+1j),(-1+1j),(1-1j),(-1-1j),(-1-1j),(1-1j),(-1+1j),(-1-1j),(-1+1j),(-1-1j),(-1-1j),(-1-1j),(-1+1j),(1+1j),(-1-1j),(-1-1j),(1+1j),(-1+1j),(1+1j),(-1+1j),(-1-1j),(-1-1j),(-1-1j),(-1+1j),(-1-1j),(-1+1j),(-1-1j),(-1-1j),(1+1j),(1+1j),(1-1j),(-1-1j),(-1+1j),(1+1j),(-1+1j),(-1-1j),(-1-1j),(-1+1j),(-1+1j),(-1+1j),(-1-1j),(-1-1j),(1-1j),(1-1j),(-1-1j),(-1-1j),(1+1j),(-1-1j),(-1-1j),(-1+1j),(-1+1j),(-1-1j),(1-1j),(-1-1j),(-1-1j),(-1+1j),(-1-1j),(-1+1j),(-1-1j),(-1-1j),(-1+1j),(-1-1j),(1+1j),(-1-1j),(1+1j),(-1+1j),(-1+1j),(-1+1j),(1+1j),(1+1j),(-1+1j),(-1+1j),(-1+1j),(1+1j),(-1-1j),(-1+1j),(1-1j),(-1-1j),(-1-1j),(-1+1j),(-1+1j),(-1+1j),(1-1j),(-1-1j),(-1-1j),(-1+1j),(1+1j),(-1+1j),(-1-1j),(1+1j),(1-1j),(-1-1j),(1+1j),(-1+1j),(1-1j),(-1+1j),(-1+1j),(-1-1j),(-1-1j),(-1+1j),(1+1j),(1-1j),(-1+1j),(-1-1j),(-1-1j),(-1-1j),(-1+1j),(1+1j),(1-1j),(-1-1j),(-1-1j),(1+1j),(1-1j),(-1-1j),(-1-1j),(-1+1j),(1+1j),(-1+1j),(1+1j),(1+1j),(-1+1j),(-1-1j),(-1-1j),(-1-1j),(-1-1j),(1+1j),(-1+1j),(1-1j),(-1-1j),(-1-1j),(1-1j),(-1+1j),(-1+1j),(-1-1j),(-1-1j),(1-1j),(1-1j),(-1-1j),(-1+1j),(1+1j),(-1-1j),(-1-1j),(1-1j),(-1-1j),(-1-1j),(1+1j),(1+1j),(-1-1j),(1-1j),(1+1j),(1-1j),(1-1j),(-1-1j),(-1-1j),(-1+1j),(1+1j),(-1+1j),(1+1j),(-1-1j),(-1+1j),(1-1j),(-1-1j),(-1-1j),(-1-1j),(-1-1j),(1+1j),(1-1j),(-1+1j),(1+1j),(-1-1j),(-1-1j),(-1+1j),(1+1j),(-1-1j),(-1-1j),(1+1j),(1+1j),(1-1j),(-1-1j),(-1-1j),(-1+1j),(1+1j),(-1-1j),(-1+1j),(-1-1j),(-1-1j),(1-1j),(-1-1j),(1-1j),(1-1j),(-1-1j),(-1+1j),(1-1j),(1+1j),(-1+1j),(1+1j),(-1-1j),(-1+1j),(1+1j),(1+1j),(-1-1j),(-1+1j),(1+1j),(-1+1j),(1-1j),(-1+1j),(1-1j),(-1+1j),(1+1j),(-1-1j),(-1+1j),(1-1j),(-1+1j),(1-1j),(-1+1j),(-1+1j),(1+1j),(-1-1j),(-1-1j),(-1-1j),(1-1j),(1+1j),(1-1j),(-1-1j),(1+1j),(1+1j),(1-1j),(-1-1j),(-1+1j),(-1+1j),(-1-1j),(1+1j),(-1+1j),(1+1j),(1+1j),(-1-1j),(-1-1j),(-1-1j),(1+1j),(-1-1j),(-1-1j),(-1-1j),(-1-1j),(-1-1j),(1-1j),(-1-1j),(-1+1j),(1-1j),(-1-1j),(-1+1j),(1-1j),(-1+1j),(1+1j),(1+1j),(-1+1j),(-1+1j),(1-1j),(1-1j),(-1+1j),(1-1j),(-1-1j),(-1+1j),(1-1j),(-1-1j),(-1+1j),(1-1j),(-1+1j),(1+1j),(1+1j),(-1+1j),(1+1j),(1+1j),(-1+1j),(-1+1j),(1-1j),(-1-1j),(1-1j),(-1-1j),(1+1j),(1-1j),(-1-1j),(-1+1j),(-1+1j),(-1-1j),(-1-1j),(1-1j),(1+1j),(-1+1j),(-1+1j),(1-1j),(1+1j),(-1-1j),(1-1j),(-1-1j),(1+1j),(1-1j),(-1-1j),(-1-1j),(-1-1j),(1+1j),(1+1j),(-1-1j),(1+1j),(1+1j),(-1-1j),(-1-1j),(1-1j),(1+1j),(-1+1j),(1+1j),(-1+1j),(-1+1j),(-1+1j),(-1-1j),(1+1j),(1+1j),(1+1j),(-1+1j),(-1+1j),(1-1j),(-1-1j),(-1+1j),(1-1j),(-1-1j),(1-1j),(1-1j),(-1-1j),(1-1j),(-1-1j),(-1-1j),(1+1j),(1+1j),(-1-1j),(1+1j),(-1-1j),(1+1j),(1+1j),(-1-1j),(1+1j),(1+1j),(1+1j),(1+1j),(1+1j),(-1-1j),(1-1j),(-1+1j),(-1+1j),(-1-1j),(1+1j),(1-1j),(-1+1j),(1+1j),(1+1j),(-1-1j),(1+1j),(-1-1j),(1+1j),(1+1j),(-1-1j),(-1-1j),(1+1j),(-1-1j),(-1-1j),(-1-1j),(1-1j),(1-1j),(1-1j),(1-1j),(-1-1j),(1-1j),(-1-1j),(-1-1j),(1+1j),(1-1j),(-1-1j),(-1+1j),(-1-1j),(-1+1j),(-1+1j),(1-1j),(1+1j),(1+1j),(-1-1j),(1+1j),(1+1j),(-1+1j),(1+1j),(1+1j),(-1+1j),(1+1j),(1+1j),(-1-1j),(1+1j),(-1-1j),(-1+1j),(1-1j),(1+1j),(-1+1j),(1-1j),(-1-1j),(-1+1j),(-1+1j),(1+1j),(1-1j),(1+1j),(-1-1j),(-1-1j),(1-1j),(-1-1j),(-1+1j),(1-1j),(1+1j),(-1+1j),(-1-1j),(-1-1j),(-1+1j),(1+1j),(1+1j),(-1-1j),(-1-1j),(-1-1j),(1+1j),(-1+1j),(1+1j),(1-1j),(-1-1j),(1-1j),(-1+1j),(1+1j),(1-1j),(-1-1j),(1+1j),(-1-1j),(1-1j),(-1-1j),(1+1j),(-1-1j),(1-1j),(-1-1j),(1-1j),(1-1j),(-1+1j),(-1-1j),(1+1j),(-1+1j),(-1-1j),(-1-1j),(-1+1j),(-1-1j),(-1+1j),(1-1j),(-1-1j),(1-1j),(1-1j),(1-1j),(1-1j),(-1-1j),(1-1j),(-1-1j),(1+1j),(1+1j),(-1-1j),(1-1j),(1+1j),(1-1j),(-1-1j),(1-1j),(-1-1j),(-1-1j),(-1+1j),(1+1j),(-1+1j),(1-1j),(-1-1j),(1+1j),(1-1j),(1+1j),(-1+1j),(-1-1j),(-1+1j),(1+1j),(-1+1j),(1+1j),(1-1j),(1+1j),(1+1j),(1+1j),(-1-1j),(-1+1j),(1+1j),(-1+1j),(1+1j),(1+1j),(1+1j),(1-1j),(-1-1j),(-1+1j),(-1+1j),(-1+1j),(-1-1j),(-1-1j),(1-1j),(-1-1j),(1-1j),(1-1j),(-1+1j),(1+1j),(1+1j),(-1+1j),(-1-1j),(-1+1j),(1-1j),(-1+1j),(-1+1j),(-1-1j),(1+1j),(1+1j),(-1-1j),(-1-1j),(1-1j),(1-1j),(1-1j),(1+1j),(1-1j),(-1-1j),(-1+1j),(-1-1j),(-1-1j),(1-1j),(1-1j),(-1+1j),(-1+1j),(-1-1j),(-1-1j),(-1+1j),(-1+1j),(-1-1j),(-1-1j),(-1+1j),(1-1j),(1-1j),(1-1j),(-1-1j),(-1-1j),(-1+1j),(1+1j),(1-1j),(-1+1j),(1+1j),(1+1j),(-1+1j),(1+1j),(1+1j),(-1-1j),(-1-1j),(-1-1j),(-1+1j),(-1-1j),(-1-1j),(-1+1j),(1-1j),(1-1j),(-1+1j),(1-1j),(1-1j),(-1+1j),(-1+1j),(1+1j),(-1+1j),(1+1j),(1-1j),(1-1j),(-1+1j),(-1+1j),(-1+1j),(1-1j),(-1+1j),(-1-1j),(1+1j),(1+1j),(-1+1j),(1+1j),(1+1j),(-1-1j),(1+1j),(1+1j),(-1-1j),(-1+1j),(1-1j),(-1-1j),(-1-1j),(1-1j),(-1-1j),(1+1j),(1+1j),(-1-1j),(1+1j),(-1+1j),(-1-1j),(1+1j),(1+1j),(-1-1j),(-1+1j),(1+1j),(1+1j),(-1-1j),(1+1j),(1-1j),(-1-1j),(-1+1j),(1-1j),(1+1j),(-1-1j),(-1-1j),(1+1j),(-1+1j),(1+1j),(-1-1j),(-1+1j),(1+1j),(1+1j),(1-1j),(-1-1j),(1+1j),(1-1j),(1+1j),(-1+1j),(1+1j),(-1-1j),(-1-1j),(1-1j),(-1-1j),(1-1j),(-1+1j),(-1-1j),(-1-1j),(1+1j),(-1-1j),(-1-1j),(-1-1j),(1+1j),(-1+1j),(1+1j),(-1-1j),(1+1j),(1-1j),(-1+1j),(1+1j),(-1-1j),(-1+1j),(1-1j),(1-1j),(-1-1j),(-1-1j),(1+1j),(-1-1j),(1+1j),(1+1j),(1-1j),(-1-1j),(1-1j),(1-1j),(1+1j),(1+1j),(-1+1j),(-1+1j),(-1-1j),(1-1j),(-1-1j),(1+1j),(-1-1j),(-1+1j),(1-1j),(-1-1j),(-1-1j),(1+1j),(-1+1j),(-1+1j),(-1-1j),(-1+1j),(1-1j),(1-1j),(-1-1j),(-1+1j),(1-1j),(1-1j),(-1+1j),(-1+1j),(-1+1j),(-1-1j),(-1-1j),(-1-1j),(1-1j),(-1+1j),(1-1j),(-1-1j),(-1+1j),(1-1j),(-1+1j),(-1+1j),(1-1j),(1-1j),(-1-1j),(-1-1j),(1+1j),(1+1j),(-1-1j),(-1-1j),(1-1j),(-1-1j),(-1-1j),(1+1j),(1+1j),(-1+1j),(1+1j),(1+1j),(-1-1j),(1-1j),(1-1j),(1-1j),(-1+1j),(-1-1j),(-1-1j),(-1+1j),(1-1j),(1+1j),(-1-1j),(1-1j),(1-1j),(-1+1j),(-1+1j),(1-1j),(1+1j),(-1+1j),(1+1j),(-1-1j),(1+1j),(1+1j),(-1+1j),(1-1j),(1+1j),(-1+1j),(-1+1j),(1-1j),(1-1j),(1-1j),(-1+1j),(-1+1j),(1+1j),(1-1j),(-1+1j),(1+1j),(-1-1j),(-1+1j),(-1+1j),(1-1j),(-1+1j),(-1-1j),(-1-1j),(1+1j),(1+1j),(-1+1j),(1-1j),(-1-1j),(-1+1j),(1+1j),(-1-1j),(-1+1j),(-1-1j),(1-1j),(1+1j),(1-1j),(-1-1j),(-1-1j),(1-1j),(-1-1j),(-1-1j),(1+1j),(-1-1j),(1-1j),(-1-1j),(-1-1j),(-1-1j),(-1-1j),(-1-1j),(-1+1j),(-1+1j),(-1-1j),(-1-1j),(1-1j),(1-1j),(-1+1j),(-1-1j),(1-1j),(-1-1j),(-1+1j),(1-1j),(1+1j),(1+1j),(1+1j),(1-1j),(-1+1j),(1+1j),(-1+1j),(1+1j),(-1-1j),(1+1j),(1+1j),(-1-1j),(-1-1j),(-1+1j),(1+1j),(-1-1j),(1-1j),(-1-1j),(-1+1j),(1-1j),(-1-1j),(-1-1j),(1+1j),(1+1j),(1-1j),(1-1j),(-1+1j),(1+1j),(1-1j),(1+1j),(-1-1j),(-1+1j),(1-1j),(1+1j),(-1-1j),(-1+1j),(1+1j),(-1+1j),(1-1j),(1+1j),(-1-1j),(-1+1j),(1+1j),(1-1j),(-1-1j),(-1-1j),(-1+1j),(1-1j),(-1-1j),(1+1j),(1+1j),(-1-1j),(-1-1j),(1+1j),(-1+1j),(-1-1j),(-1-1j),(-1-1j),(1-1j),(-1+1j),(1+1j),(1+1j),(-1-1j),(-1-1j),(-1+1j),(1+1j),(1+1j),(-1-1j),(-1-1j),(-1+1j),(1-1j),(-1-1j),(1+1j),(-1+1j),(-1-1j),(-1-1j),(1+1j),(1-1j),(-1-1j),(1-1j),(-1-1j),(1-1j),(-1-1j),(-1-1j),(-1-1j),(1-1j),(-1-1j),(-1+1j),(1+1j),(-1-1j),(1-1j),(1-1j),(1-1j),(-1-1j),(1+1j),(1-1j),(-1-1j),(-1-1j),(1+1j),(-1+1j),(1-1j),(-1-1j),(-1+1j),(-1+1j),(-1-1j),(-1-1j),(-1+1j),(1-1j),(-1+1j),(1+1j),(-1-1j),(-1+1j),(1-1j),(1-1j),(1-1j),(-1-1j),(-1+1j),(1+1j),(-1+1j),(1-1j),(1-1j),(1+1j),(-1+1j),(-1+1j),(1+1j),(1+1j),(-1+1j),(1+1j),(-1+1j),(1+1j),(1-1j),(1-1j),(1-1j),(-1-1j),(-1-1j),(-1-1j),(-1-1j),(1+1j),(-1-1j),(1-1j),(-1-1j),(-1-1j),(-1-1j),(1-1j),(1-1j),(-1+1j),(-1-1j),(1+1j),(-1+1j),(1+1j),(-1+1j),(1-1j),(1-1j),(-1-1j),(-1-1j),(-1-1j),(-1-1j),(1-1j),(-1+1j),(1+1j),(-1+1j),(-1-1j),(-1-1j),(1-1j),(1-1j),(-1-1j),(1+1j),(1+1j),(-1-1j),(1-1j),(-1-1j),(-1-1j),(1+1j),(-1+1j),(1+1j),(1-1j),(-1-1j),(-1+1j),(-1+1j),(1-1j),(1-1j),(1-1j),(1-1j),(1-1j),(1-1j),(-1+1j),(-1+1j),(-1-1j),(-1+1j),(1+1j),(1+1j),(-1-1j),(-1+1j),(1+1j),(1-1j),(-1-1j),(-1-1j),(-1-1j),(1+1j),(1-1j),(-1+1j),(1-1j),(-1-1j),(1-1j),(1+1j),(-1-1j),(1+1j),(1+1j),(1-1j),(-1-1j),(1-1j),(1-1j),(-1-1j),(-1-1j),(1-1j),(-1-1j),(-1-1j),(-1+1j),(1-1j),(-1-1j),(1-1j),(-1+1j),(1+1j),(1-1j),(1-1j),(-1-1j),(1+1j),(1-1j),(-1+1j),(-1+1j),(1+1j),(-1-1j),(1+1j),(-1-1j),(-1-1j),(-1+1j),(1+1j),(1+1j),(1-1j),(1-1j),(-1+1j),(-1+1j),(1+1j),(1-1j),(1-1j),(-1+1j),(-1-1j),(-1+1j),(1+1j),(-1-1j),(-1-1j),(1-1j),(-1-1j),(1+1j),(1-1j),(-1-1j),(1-1j),(-1-1j),(-1-1j),(1+1j),(1+1j),(1+1j),(1-1j),(1-1j),(1+1j),(1+1j),(-1+1j),(1+1j),(1+1j),(-1-1j),(1+1j),(1-1j),(1+1j),(1+1j),(1-1j),(1-1j),(1-1j),(1+1j),(-1+1j),(-1-1j),(1+1j),(-1-1j),(-1-1j),(1-1j),(-1-1j),(-1+1j),(1+1j),(-1+1j),(1-1j),(1+1j),(1-1j),(1-1j),(-1-1j),(-1-1j),(-1-1j),(1-1j),(-1-1j),(-1-1j),(1+1j),(1+1j),(-1+1j),(1+1j),(1+1j),(-1-1j),(-1-1j),(-1+1j),(-1+1j),(-1+1j),(1-1j),(-1+1j),(1-1j),(-1-1j),(-1-1j),(1+1j),(1-1j),(-1-1j),(1+1j),(1-1j),(-1-1j),(1+1j),(1+1j),(-1+1j),(-1+1j),(1+1j),(1+1j),(-1+1j),(1+1j),(-1+1j),(-1+1j),(1-1j),(1+1j),(1-1j),(-1-1j),(-1-1j),(1-1j),(-1+1j),(1-1j),(-1+1j),(1-1j),(-1-1j),(1+1j),(1-1j),(-1+1j),(1-1j),(1-1j),(-1-1j),(-1-1j),(-1+1j),(-1-1j),(-1-1j),(1-1j),(-1-1j),(1+1j),(1-1j),(-1-1j),(1+1j),(-1+1j),(-1+1j),(1+1j),(-1-1j),(-1-1j),(-1-1j),(1-1j),(1+1j),(1+1j),(-1+1j),(-1-1j),(-1-1j),(1-1j),(-1-1j),(1+1j),(-1+1j),(1+1j),(1+1j),(-1+1j),(1+1j),(-1-1j),(-1+1j),(1+1j),(1+1j),(-1-1j),(-1+1j),(1+1j),(1+1j),(1+1j),(1+1j),(1-1j),(1+1j),(1+1j),(1-1j),(-1-1j),(-1+1j),(-1+1j),(1+1j),(1+1j),(-1-1j),(-1-1j),(1+1j),(1+1j),(-1-1j),(-1-1j),(-1-1j),(1+1j),(1+1j),(1-1j),(-1-1j),(1+1j),(-1-1j),(-1+1j),(1+1j),(1+1j),(1-1j),(1-1j),(-1+1j),(1+1j),(1+1j),(1+1j),(1+1j),(1-1j),(-1-1j),(-1+1j),(-1+1j),(-1-1j),(-1-1j),(-1-1j),(1-1j),(-1-1j),(1+1j),(-1-1j),(-1-1j),(1+1j),(1+1j),(-1-1j),(-1-1j),(-1-1j),(1+1j),(-1-1j),(1+1j),(-1-1j),(1+1j),(1-1j),(-1-1j),(-1-1j),(1+1j),(-1-1j),(1+1j),(-1-1j),(-1-1j),(1+1j),(-1-1j),(1+1j),(1+1j),(-1-1j),(1+1j),(1+1j),(1+1j),(-1-1j),(-1-1j),(-1+1j),(1+1j),(-1-1j),(1-1j),(1+1j),(1+1j),(1-1j),(-1-1j),(1+1j),(1-1j),(-1-1j),(1-1j),(-1+1j),(-1-1j),(-1-1j),(-1-1j),(-1-1j),(1+1j),(-1-1j),(-1+1j),(1+1j),(1-1j),(1+1j),(1+1j),(-1-1j),(-1+1j),(1+1j),(1+1j),(-1-1j),(1-1j),(-1-1j),(1+1j),(1-1j),(-1-1j),(-1-1j),(1+1j),(1-1j),(-1-1j),(-1+1j),(1-1j),(-1-1j),(-1+1j),(1-1j),(-1+1j),(-1+1j),(-1-1j),(-1-1j),(1-1j),(-1-1j),(-1-1j),(1+1j),(1-1j),(-1-1j),(1+1j),(1-1j),(-1-1j),(-1-1j),(1-1j),(-1+1j),(1+1j),(1+1j),(-1-1j),(-1+1j),(-1+1j),(1-1j),(1-1j),(-1-1j),(-1+1j),(1+1j),(1+1j),(1-1j),(-1-1j),(1-1j),(-1-1j),(1+1j),(1-1j),(-1-1j),(1+1j),(-1-1j),(-1-1j),(1+1j),(-1-1j),(1+1j),(1+1j),(1-1j),(1+1j),(-1-1j),(-1-1j),(-1+1j),(1-1j),(-1-1j),(-1-1j),(-1+1j),(1-1j),(-1-1j),(1-1j),(1-1j),(1-1j),(1-1j),(1-1j),(-1-1j),(1+1j),(1+1j),(-1-1j),(1+1j),(-1-1j),(1+1j),(1+1j),(-1-1j),(-1-1j),(-1+1j),(1+1j),(-1-1j),(-1+1j),(-1-1j),(1+1j),(1-1j),(-1-1j),(-1-1j),(-1+1j),(1+1j),(1+1j),(-1+1j),(1+1j),(1+1j),(-1-1j),(-1+1j),(1-1j),(-1+1j),(1-1j),(-1-1j),(1+1j),(1+1j),(1-1j),(-1+1j),(1+1j),(-1+1j),(1+1j),(-1-1j),(-1-1j),(-1-1j),(-1-1j),(1+1j),(-1+1j),(1-1j),(1+1j),(1+1j),(-1-1j),(-1-1j),(-1+1j),(1+1j),(-1-1j),(-1+1j),(-1+1j),(1+1j),(-1+1j),(-1-1j),(-1-1j),(1-1j),(-1+1j),(-1+1j),(1+1j),(-1-1j),(-1+1j),(1+1j),(-1-1j),(-1+1j),(1-1j),(1+1j),(-1-1j),(-1+1j),(-1-1j),(-1-1j),(-1+1j),(-1-1j),(1+1j),(1-1j),(1-1j),(1-1j),(-1+1j),(-1-1j),(-1-1j),(1+1j),(-1-1j),(1-1j),(-1-1j),(1-1j),(-1-1j),(1-1j),(-1+1j),(-1+1j),(1+1j),(-1-1j),(1+1j),(-1+1j),(-1+1j),(1-1j),(1-1j),(-1-1j),(-1-1j),(-1+1j),(1-1j),(-1-1j),(-1+1j),(1+1j),(-1-1j),(-1-1j),(-1-1j),(-1+1j),(-1-1j),(-1+1j),(1+1j),(1+1j),(-1-1j),(1+1j),(-1-1j),(-1-1j),(1+1j),(-1-1j),(-1-1j),(-1+1j),(-1+1j),(1+1j),(1+1j),(-1-1j),(-1+1j),(1+1j),(-1+1j),(-1-1j),(1-1j),(-1+1j),(-1-1j),(-1-1j),(1+1j),(-1+1j),(-1-1j),(1+1j),(-1-1j),(-1+1j),(1+1j),(-1+1j),(-1-1j),(-1+1j),(-1-1j),(1-1j),(1-1j),(-1-1j),(-1-1j),(-1+1j),(1+1j),(1+1j),(-1-1j),(-1-1j),(-1-1j),(-1+1j),(-1+1j),(-1-1j),(1+1j),(1+1j),(-1+1j),(-1-1j),(-1+1j),(1-1j),(1-1j),(-1-1j),(1+1j),(1+1j),(-1-1j),(-1-1j),(-1+1j),(1+1j),(-1-1j),(1+1j),(1+1j),(-1+1j),(-1-1j),(-1+1j),(1+1j),(1+1j),(-1+1j),(-1-1j),(-1-1j),(1+1j),(-1-1j),(-1-1j),(1-1j),(1+1j),(-1+1j),(-1-1j),(-1+1j),(1+1j),(1+1j),(1+1j),(-1-1j),(-1+1j),(1+1j),(1-1j),(-1-1j),(1-1j),(1-1j),(-1-1j),(-1-1j),(-1+1j),(1-1j),(-1-1j),(1+1j),(1-1j),(1+1j),(1-1j),(1-1j),(1+1j),(1+1j),(1-1j),(1-1j),(1-1j),(1+1j),(1-1j),(1+1j),(1-1j),(1+1j),(-1-1j),(1-1j),(1+1j),(1-1j),(-1+1j),(1-1j),(1-1j),(1-1j),(1+1j),(1+1j),(-1+1j),(1+1j),(1-1j),(1-1j),(-1+1j),(-1+1j),(-1+1j),(-1-1j),(1-1j),(1-1j),(1-1j),(-1+1j),(1-1j),(-1-1j),(1+1j),(-1-1j),(-1-1j),(-1+1j),(1-1j),(-1-1j),(1-1j),(1-1j),(1-1j),(1-1j),(1+1j),(1+1j),(1+1j),(1-1j),(-1+1j),(1-1j),(1-1j),(1+1j),(-1-1j),(-1+1j),(1+1j),(1+1j),(-1+1j),(1+1j),(1-1j),(1-1j),(-1-1j),(-1-1j),(1-1j),(1+1j),(1-1j),(1-1j),(-1-1j),(-1-1j),(1-1j),(1-1j),(1-1j),(1+1j),(-1-1j),(-1-1j),(-1+1j),(1+1j),(1+1j),(1+1j),(1+1j),(1+1j),(1-1j),(-1-1j),(1+1j),(1-1j),(1+1j),(-1-1j),(-1-1j),(-1-1j),(1+1j),(-1-1j),(-1-1j),(1-1j),(1+1j),(1-1j),(-1+1j),(1-1j),(-1-1j),(1+1j),(1-1j),(1-1j),(-1+1j),(-1-1j),(-1-1j),(1-1j),(1+1j),(-1-1j),(1-1j),(1-1j),(1-1j),(1-1j),(-1-1j),(1-1j),(1-1j),(1+1j),(-1-1j),(1+1j),(-1+1j),(1+1j),(1+1j),(-1-1j),(-1-1j),(1+1j),(1+1j),(-1+1j),(1+1j),(-1-1j),(1+1j),(1+1j),(1-1j),(1-1j),(-1+1j),(1-1j),(1+1j),(-1-1j),(1+1j),(-1+1j),(-1+1j),(1+1j),(-1-1j),(-1+1j),(1-1j),(-1-1j),(-1+1j),(1+1j),(1+1j),(1+1j),(1+1j),(1+1j),(1+1j),(-1-1j),(-1-1j),(1-1j),(1-1j),(-1-1j),(1+1j),(-1-1j),(-1-1j),(-1-1j),(1-1j),(-1-1j),(1-1j),(1+1j),(1+1j),(-1+1j),(-1-1j),(-1-1j),(1+1j),(1-1j),(-1-1j),(1-1j),(1+1j),(1-1j),(-1+1j),(-1-1j),(-1-1j),(1+1j),(1-1j),(1+1j),(-1-1j),(1-1j),(-1-1j),(1+1j),(1+1j),(1-1j),(-1+1j),(1-1j),(1-1j),(1-1j),(-1-1j),(-1-1j),(1+1j),(-1+1j),(1-1j),(-1+1j),(1-1j),(1+1j),(-1-1j),(1-1j),(1+1j),(-1-1j),(1+1j),(-1-1j),(1+1j),(-1-1j),(-1-1j),(1+1j),(1-1j),(-1-1j),(1+1j),(1-1j),(1+1j),(1-1j),(1-1j),(-1-1j),(1+1j),(1-1j),(1+1j),(1+1j),(-1-1j),(1-1j),(1-1j),(-1+1j),(1+1j),(1-1j),(1-1j),(-1+1j),(1-1j),(1-1j),(-1+1j),(1+1j),(1-1j),(1+1j),(1+1j),(-1+1j),(-1+1j),(1-1j),(1+1j),(1-1j),(-1-1j),(1-1j),(-1-1j),(-1-1j),(1+1j),(-1-1j),(1+1j),(1+1j),(1+1j),(1-1j),(1+1j),(1+1j),(-1+1j),(-1-1j),(-1-1j),(1+1j),(1-1j),(-1-1j),(1+1j),(1+1j),(-1-1j),(1-1j),(-1-1j),(1+1j),(1-1j),(-1-1j),(-1-1j),(1+1j),(1-1j),(-1-1j),(1-1j),(1+1j),(-1-1j),(1+1j),(-1+1j),(-1+1j),(1-1j),(1-1j),(-1-1j),(1-1j),(1-1j),(1+1j),(1+1j),(1-1j),(1+1j),(1+1j),(-1+1j),(-1+1j),(-1+1j),(1+1j),(1-1j),(1+1j),(1-1j),(1-1j),(-1-1j),(-1-1j),(-1+1j),(1+1j),(1+1j),(-1-1j),(1+1j),(-1-1j),(1-1j),(-1+1j),(1+1j),(-1-1j),(-1-1j),(1-1j),(1-1j),(-1-1j),(1-1j),(-1+1j),(-1+1j),(1+1j),(1-1j),(-1+1j),(1+1j),(1-1j),(-1+1j),(-1+1j),(1-1j),(-1+1j),(1-1j),(-1-1j),(1-1j),(1-1j),(1+1j),(1+1j),(1+1j),(1+1j),(-1+1j),(1-1j),(-1-1j),(-1+1j),(1+1j),(1-1j),(1+1j),(1-1j),(-1-1j),(-1-1j),(1-1j),(1+1j),(-1-1j),(1+1j),(-1-1j),(-1-1j),(1+1j),(1+1j),(1-1j),(-1-1j),(1+1j),(1+1j),(-1-1j),(1+1j),(1-1j),(-1-1j),(-1-1j),(-1-1j),(1+1j),(1+1j),(1+1j),(-1-1j),(1+1j),(-1-1j),(1-1j),(1+1j),(-1-1j),(-1-1j),(1+1j),(1+1j),(1+1j),(-1-1j),(1-1j),(-1-1j),(1+1j),(-1-1j),(-1-1j),(1+1j),(1+1j),(1+1j),(1+1j),(1+1j),(1-1j),(1+1j),(1+1j),(1+1j),(1+1j),(-1-1j),(1+1j),(1+1j),(-1-1j),(-1-1j),(1-1j),(-1+1j),(1+1j),(1-1j),(1+1j),(1+1j),(1-1j),(-1-1j),(1+1j),(1+1j),(-1-1j),(-1-1j),(-1-1j),(1+1j),(-1-1j),(1-1j),(-1+1j),(1-1j),(1-1j),(1-1j),(1-1j),(-1-1j),(-1-1j),(1+1j),(1+1j),(1-1j),(1-1j),(-1-1j),(1-1j),(-1-1j),(1+1j),(1-1j),(-1-1j),(-1-1j),(1-1j),(1-1j),(1-1j),(1-1j),(1+1j),(1+1j),(1+1j),(-1-1j),(1+1j),(-1+1j),(-1+1j),(-1+1j),(-1-1j),(1+1j),(1+1j),(1+1j),(1+1j),(1+1j),(1+1j),(-1+1j),(1+1j),(1-1j),(-1+1j),(-1-1j),(-1+1j),(1-1j),(1-1j),(1-1j),(-1-1j),(1-1j),(-1-1j),(-1-1j),(-1+1j),(1-1j),(-1-1j),(1+1j),(1-1j),(-1+1j),(1-1j),(1+1j),(1+1j),(-1+1j),(1-1j),(1+1j),(1+1j),(-1-1j),(-1-1j),(1+1j),(1+1j),(1-1j),(1-1j),(-1+1j),(1+1j),(1+1j),(-1+1j),(-1+1j),(1-1j),(1-1j),(1+1j),(-1-1j),(1-1j),(1-1j),(1-1j),(-1+1j),(1+1j),(1-1j),(1-1j),(-1-1j),(-1+1j),(-1-1j),(-1+1j),(1-1j),(1-1j),(1-1j),(-1+1j),(-1-1j),(-1-1j),(1+1j),(1+1j),(1+1j),(-1+1j),(-1+1j),(-1-1j),(-1-1j),(-1+1j),(1+1j),(1+1j),(-1-1j),(1+1j),(1+1j),(1-1j),(-1-1j),(1-1j),(1-1j),(1-1j),(1-1j),(1-1j),(1-1j),(-1+1j),(-1-1j),(-1-1j),(1+1j),(1-1j),(1+1j),(-1+1j),(-1-1j),(1-1j),(1-1j),(-1+1j),(-1+1j),(1-1j),(1-1j),(1+1j),(1+1j),(1+1j),(1+1j),(1+1j),(-1+1j),(-1+1j),(1-1j),(1-1j),(1-1j),(-1-1j),(1-1j),(-1-1j),(-1+1j),(1-1j),(-1-1j),(-1-1j),(1-1j),(1+1j),(-1-1j),(1+1j),(-1-1j),(1+1j),(-1-1j),(1-1j),(1-1j),(-1+1j),(1+1j),(1-1j),(-1+1j),(1-1j),(-1-1j),(-1-1j),(-1+1j),(1+1j),(1-1j),(1-1j),(-1-1j),(-1+1j),(1+1j),(1+1j),(-1-1j),(-1-1j),(1+1j),(1+1j),(-1+1j),(-1+1j),(1+1j),(1+1j),(-1-1j),(-1-1j),(-1-1j),(-1-1j),(-1-1j),(-1+1j),(-1-1j),(-1-1j),(1-1j),(-1+1j),(1+1j),(-1-1j),(-1-1j),(1+1j),(-1-1j),(-1-1j),(1-1j),(1+1j),(1-1j),(1+1j),(-1+1j),(1-1j),(1-1j),(1+1j),(1-1j),(-1-1j),(-1-1j),(-1-1j),(1-1j),(1+1j),(1-1j),(1-1j),(-1-1j),(1+1j),(1-1j),(-1+1j),(1-1j),(-1+1j),(1+1j),(1+1j),(1-1j),(-1-1j),(1-1j),(-1-1j),(1-1j),(1+1j),(1-1j),(-1-1j),(1+1j),(1-1j),(1+1j),(1-1j),(1+1j),(-1-1j),(-1-1j),(1-1j),(1-1j),(-1+1j),(1+1j),(1+1j),(1-1j),(1+1j),(-1-1j),(1+1j),(1-1j),(-1-1j),(1+1j),(-1-1j),(-1-1j),(-1-1j),(1+1j),(-1-1j),(1+1j),(-1+1j),(1-1j),(1-1j),(1-1j),(1-1j),(1+1j),(1-1j),(-1-1j),(1-1j),(-1+1j),(1+1j),(1+1j),(1+1j),(1-1j),(1-1j),(1-1j),(-1+1j),(1-1j),(1-1j),(-1+1j),(1-1j),(1-1j),(-1+1j),(-1-1j),(1-1j),(1+1j),(1+1j),(-1+1j),(1+1j),(1+1j),(1+1j),(-1-1j),(1+1j),(1-1j),(-1-1j),(1+1j),(1-1j),(-1-1j),(-1-1j),(-1-1j),(1-1j),(1-1j),(-1+1j),(1+1j),(1+1j),(1+1j),(1-1j),(-1-1j),(-1-1j),(1-1j),(-1+1j),(1-1j),(-1+1j),(1-1j),(1-1j),(-1-1j),(1-1j),(-1-1j),(1-1j),(-1-1j),(-1+1j),(-1-1j),(1-1j),(1+1j),(1-1j),(1+1j),(1-1j),(-1-1j),(-1-1j),(1-1j),(-1+1j),(-1+1j),(-1-1j),(-1-1j),(-1+1j),(1+1j),(-1+1j),(1+1j),(-1-1j),(-1-1j),(1+1j),(1-1j),(1+1j),(1+1j),(-1+1j),(-1+1j),(1-1j),(1-1j),(1+1j),(1+1j),(-1-1j),(-1-1j),(1+1j),(-1-1j),(1+1j),(1+1j),(1-1j),(1-1j),(1-1j),(1-1j),(1-1j),(1-1j),(1+1j),(-1-1j),(-1+1j),(-1+1j),(-1-1j),(1+1j),(1+1j),(-1+1j),(1-1j),(-1-1j),(-1-1j),(1-1j),(1-1j),(1+1j),(1+1j),(1-1j),(1+1j),(1-1j),(-1-1j),(-1-1j),(1-1j),(-1-1j),(1+1j),(-1-1j),(-1+1j),(-1+1j),(1+1j),(1-1j),(-1-1j),(1-1j),(1-1j),(1+1j),(-1+1j),(-1+1j),(1+1j),(1+1j),(-1+1j),(-1+1j),(-1+1j),(1+1j),(1+1j),(1-1j),(-1+1j),(-1+1j),(1-1j),(-1+1j),(1+1j),(1-1j),(1-1j),(-1-1j),(-1-1j),(-1-1j),(-1-1j),(-1-1j),(1+1j),(-1-1j),(1+1j),(-1+1j),(1-1j),(1-1j),(1-1j),(1+1j),(1+1j),(1-1j),(1+1j),(1-1j),(1-1j),(-1+1j),(1-1j),(-1+1j),(1+1j),(-1-1j),(-1-1j),(1+1j),(1+1j),(-1+1j),(1-1j),(-1+1j),(1+1j),(1-1j),(-1+1j),(1+1j),(-1-1j),(1+1j),(-1-1j),(1+1j),(1+1j),(-1-1j),(1+1j),(1+1j),(1-1j),(1+1j),(1+1j),(-1+1j),(-1-1j),(1+1j),(-1+1j),(1+1j),(1+1j),(1-1j),(1-1j),(1-1j),(1-1j),(1+1j),(1+1j),(1-1j),(-1-1j),(-1+1j),(-1-1j),(1+1j),(-1-1j),(1+1j),(1-1j),(-1-1j),(-1-1j),(-1+1j),(-1+1j),(1-1j),(1-1j),(1-1j),(1-1j),(-1+1j),(1-1j),(1+1j),(1-1j),(1-1j),(-1+1j),(1+1j),(1+1j),(1-1j),(-1-1j),(-1+1j),(-1-1j),(-1-1j),(1-1j),(1+1j),(1+1j),(1-1j),(1+1j),(-1-1j),(1+1j),(1-1j),(-1-1j),(-1-1j),(-1+1j),(1-1j),(1-1j),(-1-1j),(1+1j),(-1+1j),(1-1j),(1-1j),(1-1j),(-1-1j),(1+1j),(-1-1j),(1+1j),(-1-1j),(1+1j),(-1-1j),(-1+1j),(1-1j),(-1+1j),(-1-1j),(1+1j),(1+1j),(-1+1j),(1-1j),(-1-1j),(1-1j),(-1+1j),(-1+1j),(-1-1j),(-1-1j),(1+1j),(1+1j),(-1-1j),(1+1j),(-1+1j),(1+1j),(-1-1j),(1-1j),(1-1j),(-1+1j),(1+1j),(-1+1j),(1-1j),(1-1j),(-1-1j),(-1-1j),(-1-1j),(-1+1j),(1-1j),(1+1j),(1+1j),(1-1j),(1-1j),(-1+1j),(1+1j),(1+1j),(-1-1j),(1+1j),(1-1j),(-1+1j),(1-1j),(1+1j),(1-1j),(1-1j),(-1+1j),(-1+1j),(-1+1j),(1+1j),(-1+1j),(1+1j),(1-1j),(1+1j),(1-1j),(-1-1j),(1+1j),(1+1j),(1+1j),(1+1j),(-1-1j),(-1+1j),(1-1j),(1+1j),(-1-1j),(1+1j),(1-1j),(-1+1j),(-1-1j),(1-1j),(1+1j),(1-1j),(1-1j),(-1+1j),(1-1j),(1-1j),(-1-1j),(1-1j),(-1+1j),(1-1j),(-1+1j),(-1+1j),(1+1j),(-1+1j),(1+1j),(-1-1j),(1+1j),(1+1j),(1-1j),(-1-1j),(-1-1j),(-1-1j),(1+1j),(1+1j),(1-1j),(1-1j),(1+1j),(1+1j),(1+1j),(-1-1j),(1-1j),(1-1j),(1-1j),(-1+1j),(-1+1j),(1-1j),(1+1j),(-1-1j),(-1-1j),(1-1j),(-1+1j),(-1+1j),(1+1j),(-1+1j),(1+1j),(-1-1j),(1-1j),(1+1j),(-1-1j),(1-1j),(1-1j),(-1-1j),(-1+1j),(1-1j),(-1+1j),(1+1j),(-1+1j),(1-1j),(-1+1j),(1-1j),(1+1j),(-1-1j),(1+1j),(-1-1j),(1+1j),(1-1j),(1+1j),(1-1j),(-1+1j),(1-1j),(-1+1j),(1+1j),(-1-1j),(1+1j),(-1+1j),(-1+1j),(1+1j),(1-1j),(1+1j),(-1+1j),(-1+1j),(-1+1j),(-1+1j),(1-1j),(1-1j),(1-1j),(1+1j),(1+1j),(1-1j),(1-1j),(1-1j),(1-1j),(1+1j),(1+1j),(1+1j),(1-1j),(1+1j),(-1-1j),(1-1j),(-1-1j),(-1-1j),(-1+1j),(-1-1j),(1+1j),(-1+1j),(1+1j),(1+1j),(-1+1j),(-1+1j),(1-1j),(1-1j),(-1-1j),(-1+1j),(1-1j),(1-1j),(-1+1j),(-1+1j),(1-1j),(-1+1j),(-1+1j),(-1-1j),(-1+1j),(1+1j),(-1+1j),(1+1j),(-1-1j),(-1+1j),(-1+1j),(1-1j),(-1-1j),(1+1j),(1+1j),(1-1j),(1-1j),(-1+1j),(1+1j),(1+1j),(-1-1j),(1-1j),(1-1j),(-1+1j),(-1-1j),(1+1j),(1+1j),(-1+1j),(1-1j),(1-1j),(-1-1j),(-1-1j),(1+1j),(1-1j),(-1-1j),(-1-1j),(-1+1j),(1-1j),(-1-1j),(1-1j),(1-1j),(-1-1j),(-1+1j),(-1-1j),(-1-1j),(-1-1j),(1+1j),(-1-1j),(-1-1j),(-1-1j),(1+1j),(1-1j),(1-1j),(-1+1j),(1-1j),(-1-1j),(-1-1j),(-1-1j),(1+1j),(-1-1j),(1+1j),(1-1j),(-1-1j),(-1-1j),(1-1j),(-1+1j),(1+1j),(-1+1j),(1-1j),(-1+1j),(1+1j),(1+1j),(1+1j),(1-1j),(1-1j),(1-1j),(-1-1j),(-1-1j),(1-1j),(-1+1j),(1+1j),(1+1j),(1+1j),(-1-1j),(-1-1j),(1+1j),(-1-1j),(1-1j),(1+1j),(1-1j),(-1-1j),(-1-1j),(1-1j),(-1-1j),(-1-1j),(1+1j),(-1-1j),(1+1j),(1-1j),(1+1j),(-1+1j),(1-1j),(-1-1j),(-1+1j),(-1+1j),(1+1j),(1-1j),(1-1j),(-1-1j),(1+1j),(-1-1j),(1+1j),(-1-1j),(1+1j),(1-1j),(-1-1j),(-1-1j),(-1+1j),(1+1j),(-1-1j),(-1+1j),(-1-1j),(1+1j),(1+1j),(1+1j),(1+1j),(1+1j),(1-1j),(1+1j),(1+1j),(-1-1j),(-1-1j),(1+1j),(1+1j),(-1-1j),(1-1j),(1-1j),(1+1j),(1+1j),(-1-1j),(1+1j),(-1+1j),(1+1j),(1+1j),(1-1j),(1+1j),(-1+1j),(1-1j),(1-1j),(-1-1j),(1+1j),(-1-1j),(1+1j),(-1-1j),(-1-1j),(1-1j),(1-1j),(-1-1j),(-1-1j),(-1-1j),(-1+1j),(1+1j),(1+1j),(1+1j),(1+1j),(1+1j),(1+1j),(-1+1j),(1+1j),(-1+1j),(-1-1j),(1+1j),(-1-1j),(1-1j),(-1-1j),(-1-1j),(1+1j),(1-1j),(-1+1j),(1+1j),(1+1j),(1+1j),(1-1j),(1+1j),(1+1j),(-1-1j),(1+1j),(1+1j),(-1-1j),(-1-1j),(1+1j),(1+1j),(1+1j),(1+1j),(-1-1j),(1+1j),(1+1j),(1+1j),(-1-1j),(1+1j),(1+1j),(1+1j),(1-1j),(1-1j),(-1+1j),(1-1j),(-1+1j),(-1+1j),(1+1j),(1+1j),(1+1j),(1+1j),(1+1j),(-1+1j),(1-1j),(1-1j),(-1-1j),(1+1j),(-1+1j),(1+1j),(-1+1j),(-1+1j),(-1+1j),(1-1j),(1-1j),(-1-1j),(1+1j),(1-1j),(1+1j),(1+1j),(-1-1j),(1+1j),(1+1j),(1+1j),(-1-1j),(-1+1j),(1-1j),(-1-1j),(1+1j),(1+1j),(1+1j),(-1+1j),(1+1j),(1-1j),(-1-1j),(1-1j),(-1+1j),(1-1j),(1-1j),(-1+1j),(1-1j),(1-1j),(1-1j),(-1+1j),(1-1j),(1+1j),(-1+1j),(1+1j),(-1+1j),(1+1j),(1+1j),(-1-1j),(1+1j),(1+1j),(-1-1j),(1-1j),(1+1j),(-1-1j),(1+1j),(-1+1j),(1+1j),(1-1j),(-1-1j),(-1+1j),(-1-1j),(-1+1j),(1+1j),(-1-1j),(1-1j),(1-1j),(1-1j),(1-1j),(-1+1j),(1-1j),(1-1j),(-1+1j),(-1-1j),(1-1j),(1+1j),(1+1j),(1-1j),(1+1j),(-1-1j),(-1-1j),(-1+1j),(1-1j),(-1+1j),(-1-1j),(-1+1j),(-1-1j),(-1-1j),(-1+1j),(-1+1j),(1+1j),(1-1j),(-1-1j),(1-1j),(1-1j),(1+1j),(-1+1j),(-1-1j),(1+1j),(-1-1j),(1+1j),(1+1j),(-1-1j),(1+1j),(1+1j),(-1-1j),(1+1j),(-1-1j),(-1-1j),(1-1j),(1-1j),(1+1j),(1+1j),(-1-1j),(1-1j),(-1-1j),(-1-1j),(1-1j),(1+1j),(-1+1j),(-1+1j),(1+1j),(-1-1j),(1+1j),(-1-1j),(1+1j),(-1-1j),(-1+1j),(1+1j),(1+1j),(1+1j),(1+1j),(1+1j),(-1+1j),(1-1j),(1+1j),(1+1j),(1+1j),(-1-1j),(-1-1j),(1-1j),(1-1j),(1-1j),(-1-1j),(-1+1j),(1-1j),(-1-1j),(-1-1j),(1+1j),(1+1j),(-1-1j),(-1-1j),(-1-1j),(-1-1j),(1+1j),(1-1j),(-1-1j),(-1+1j),(-1-1j),(1+1j),(1+1j),(-1+1j),(1+1j),(-1+1j),(1-1j),(1+1j),(1+1j),(1+1j),(1-1j),(1+1j),(1-1j),(1-1j),(1-1j),(-1+1j),(-1+1j),(1+1j),(1-1j),(-1+1j),(1-1j),(-1-1j),(-1-1j),(1-1j),(-1+1j),(-1-1j),(-1+1j),(-1-1j),(1+1j),(1+1j),(1-1j),(-1-1j),(-1-1j),(1-1j),(1+1j),(1+1j),(1+1j),(-1+1j),(1+1j),(1-1j),(1+1j),(-1-1j),(-1-1j),(1+1j),(1+1j),(-1-1j),(1+1j),(-1+1j),(1-1j),(1+1j),(-1-1j),(-1-1j),(1+1j),(1-1j),(1-1j),(1-1j),(1+1j),(1-1j),(1+1j),(1+1j),(1+1j),(-1+1j),(1-1j),(1+1j),(-1+1j),(1+1j),(1+1j),(-1-1j),(1+1j),(1-1j),(-1-1j),(-1-1j),(1+1j),(-1-1j),(1-1j),(1-1j),(-1+1j),(-1-1j),(-1-1j),(1+1j),(1-1j),(1+1j),(1+1j),(1-1j),(1-1j),(1+1j),(-1-1j),(1-1j),(-1-1j),(-1-1j),(1+1j),(-1-1j),(1+1j),(1-1j),(-1-1j),(1+1j),(1-1j),(-1-1j),(1+1j),(-1-1j),(-1+1j),(1-1j),(1-1j),(1+1j),(1+1j),(1+1j),(1+1j),(1+1j),(-1-1j),(-1+1j),(1+1j),(1-1j),(1+1j),(1-1j),(-1+1j),(1+1j),(-1+1j),(1+1j),(1-1j),(-1+1j),(1-1j),(1-1j),(1+1j),(-1+1j),(1-1j),(1+1j),(1-1j),(1+1j),(1+1j),(1+1j),(1-1j),(-1+1j),(-1+1j),(-1+1j),(1-1j),(-1+1j),(1-1j),(1-1j),(1-1j),(-1-1j),(-1-1j),(1-1j),(-1+1j),(-1+1j),(1-1j),(-1-1j),(-1+1j),(1+1j),(-1-1j),(1+1j),(1-1j),(-1-1j),(1+1j),(1+1j),(1-1j),(-1+1j),(-1+1j),(1+1j),(1+1j),(1-1j),(-1-1j),(1-1j),(-1+1j),(-1+1j),(1+1j),(-1+1j),(1-1j),(1-1j),(-1-1j),(-1-1j),(1+1j),(1-1j),(-1-1j),(1+1j),(1-1j),(1+1j),(-1-1j),(1+1j),(-1+1j),(-1-1j),(-1-1j),(1+1j),(1-1j),(1+1j),(-1-1j),(1+1j),(-1-1j),(-1-1j),(1+1j),(1-1j),(1+1j),(1-1j),(1+1j),(-1+1j),(-1+1j),(-1-1j),(-1+1j),(1+1j),(1+1j),(1+1j),(1-1j),(-1+1j),(1+1j),(-1+1j),(1-1j),(-1-1j),(1+1j),(-1-1j),(-1-1j),(1+1j),(-1-1j),(-1-1j),(1+1j),(1+1j),(1+1j),(1+1j),(1-1j),(1+1j),(-1+1j),(1-1j),(1+1j),(-1-1j),(1-1j),(-1+1j),(1-1j),(1-1j),(1+1j),(-1+1j),(-1+1j),(-1-1j),(-1+1j),(1+1j),(-1-1j),(1+1j),(-1+1j),(1-1j),(1-1j),(1-1j),(1+1j),(-1+1j),(-1+1j),(1+1j),(1-1j),(1-1j),(-1-1j),(1+1j),(-1+1j),(-1-1j),(1+1j),(1+1j),(-1-1j),(1-1j),(1-1j),(1+1j),(1+1j),(-1-1j),(1-1j),(1+1j),(1-1j),(-1-1j),(-1+1j),(-1-1j),(1+1j),(1-1j),(1+1j),(1-1j),(1-1j),(-1+1j),(-1+1j),(1+1j),(-1-1j),(1+1j),(1-1j),(-1-1j),(-1-1j),(1+1j),(1+1j),(-1+1j),(1+1j),(1-1j),(1+1j),(1+1j),(-1+1j),(1+1j),(1+1j),(1+1j),(-1-1j),(-1+1j),(-1-1j),(-1+1j),(-1+1j),(1-1j),(-1-1j),(-1-1j),(1-1j),(-1+1j),(-1+1j),(-1+1j),(-1-1j),(1+1j),(-1+1j),(-1-1j),(-1-1j),(-1+1j),(1-1j),(1-1j),(1-1j),(-1+1j),(-1+1j),(1+1j),(-1-1j),(-1+1j),(1+1j),(-1-1j),(1+1j),(1+1j),(1-1j),(1-1j),(1-1j),(1-1j),(1+1j),(1-1j),(-1+1j),(1+1j),(-1-1j),(-1-1j),(1-1j),(1+1j),(1-1j),(1-1j),(-1+1j),(1-1j),(-1-1j),(-1-1j),(-1-1j),(1+1j),(1+1j),(1+1j),(-1+1j),(-1-1j),(1+1j),(1-1j),(-1+1j),(1+1j),(1+1j),(-1-1j),(-1-1j),(1+1j),(-1-1j),(-1-1j),(1+1j),(1-1j),(1-1j),(1-1j),(-1-1j),(1+1j),(1-1j),(-1-1j),(-1-1j),(-1+1j),(1-1j),(-1+1j),(1-1j),(-1-1j),(1-1j),(1-1j),(-1+1j),(-1-1j),(1+1j),(-1-1j),(-1-1j),(1+1j),(-1+1j),(1-1j),(1-1j),(-1+1j),(1+1j),(1+1j),(1-1j),(1+1j),(-1-1j),(-1-1j),(-1-1j),(-1-1j),(-1+1j),(1-1j),(-1+1j),(1-1j),(-1+1j),(1-1j),(1+1j),(-1+1j),(-1+1j),(-1-1j),(-1+1j),(1-1j),(-1-1j),(-1+1j),(1+1j),(-1+1j),(1+1j),(-1-1j),(-1+1j),(-1+1j),(1-1j),(-1+1j),(1+1j),(1+1j),(1-1j),(1-1j),(1-1j),(1-1j),(-1-1j),(-1-1j),(-1-1j),(1+1j),(-1+1j),(-1-1j),(1+1j),(1-1j),(-1+1j),(1+1j),(1-1j),(1-1j),(-1+1j),(1-1j),(1+1j),(1+1j),(1-1j),(-1+1j),(-1+1j),(-1+1j),(1+1j),(1+1j),(1+1j),(-1-1j),(1-1j),(1-1j),(-1-1j),(-1-1j),(-1+1j),(1-1j),(-1-1j),(1+1j),(-1-1j),(-1-1j),(-1+1j),(1+1j),(1+1j),(1-1j),(1+1j),(1+1j),(-1-1j),(-1-1j),(1+1j),(1-1j),(1+1j),(-1-1j),(1+1j),(1+1j),(-1+1j),(1+1j),(-1-1j),(1-1j),(1+1j),(-1+1j),(1+1j),(-1-1j),(1+1j),(-1+1j),(-1+1j),(1-1j),(1+1j),(1-1j),(1+1j),(1-1j),(-1-1j),(-1+1j),(1-1j),(1-1j),(-1-1j),(1-1j),(1-1j),(-1-1j),(1+1j),(1+1j),(-1+1j),(-1-1j),(1-1j),(-1-1j),(1+1j),(-1-1j),(-1+1j),(1-1j),(1-1j),(-1+1j),(1+1j),(1+1j),(1+1j),(1+1j),(1-1j),(-1+1j),(1-1j),(1-1j),(-1+1j),(1+1j),(-1+1j),(-1-1j),(1+1j),(1+1j),(-1-1j),(1+1j),(-1+1j),(1-1j),(-1-1j),(-1+1j),(-1+1j),(1+1j),(1-1j),(-1-1j),(1+1j),(1+1j),(1-1j),(1+1j),(-1-1j),(1+1j),(-1+1j),(1-1j),(-1-1j),(1-1j),(1-1j),(1+1j),(1+1j),(1+1j),(1-1j),(1+1j),(1-1j),(1+1j),(-1-1j),(-1+1j),(1-1j),(-1+1j),(1+1j),(1-1j),(1+1j),(1+1j),(1+1j),(-1-1j),(1-1j),(-1+1j),(1+1j),(1-1j),(1-1j),(1+1j),(-1-1j),(1-1j),(-1+1j),(-1+1j),(1+1j),(1+1j),(-1+1j),(-1+1j),(-1+1j),(1+1j),(1+1j),(1+1j),(-1+1j),(1+1j),(-1-1j),(-1+1j),(-1-1j),(1-1j),(1-1j),(1-1j),(-1+1j),(1-1j),(1-1j),(-1+1j),(-1+1j),(1+1j),(-1-1j),(-1-1j),(1+1j),(-1+1j),(-1-1j),(-1+1j),(1+1j),(1+1j),(1-1j),(1+1j),(1-1j),(-1+1j),(1+1j),(1-1j),(-1-1j),(-1-1j),(1+1j),(1+1j),(-1-1j),(-1-1j),(-1-1j),(1+1j),(1-1j),(1+1j),(-1-1j),(1-1j),(-1-1j),(-1-1j),(1-1j),(1+1j),(-1+1j),(1-1j),(-1+1j),(-1+1j),(1+1j),(-1+1j),(-1-1j),(1+1j),(-1-1j),(1+1j),(-1+1j),(-1+1j),(1+1j),(1-1j),(1-1j),(-1+1j),(1+1j),(1-1j),(-1-1j),(1+1j),(-1-1j),(-1+1j),(1-1j),(-1-1j),(-1+1j),(1+1j),(1-1j),(1+1j),(-1-1j),(-1-1j),(1+1j),(1+1j),(1+1j),(1+1j),(1+1j),(1+1j),(-1+1j),(1-1j),(-1-1j),(1+1j),(-1-1j),(1-1j),(-1-1j),(-1-1j),(1-1j),(-1-1j),(1-1j),(1-1j),(-1-1j),(1-1j),(-1-1j),(1-1j),(1-1j),(1-1j),(1+1j),(1+1j),(1+1j),(1+1j),(1-1j),(1-1j),(-1-1j),(1+1j),(-1+1j),(1-1j),(1-1j),(1-1j),(-1-1j),(1+1j),(1+1j),(1+1j),(1+1j),(1+1j),(-1-1j),(-1+1j),(1-1j),(1-1j),(1+1j),(1-1j),(-1-1j),(1+1j),(1-1j),(1+1j),(1+1j),(-1-1j),(1+1j),(1-1j),(1-1j),(1+1j),(-1-1j),(1+1j),(1-1j),(-1-1j),(-1-1j),(1-1j),(-1+1j),(1+1j),(1-1j),(1-1j),(1-1j),(-1-1j),(1-1j),(-1-1j),(1+1j),(-1-1j),(1+1j),(-1+1j),(1+1j),(1+1j),(1-1j),(-1+1j),(1-1j),(1-1j),(1-1j),(1+1j),(-1+1j),(1+1j),(-1-1j),(1+1j),(1-1j),(-1-1j),(1+1j),(1+1j),(1+1j),(-1-1j),(-1-1j),(1+1j),(1-1j),(1-1j),(1-1j),(1-1j),(-1+1j),(1+1j),(-1-1j),(1+1j),(1+1j),(1+1j),(1+1j),(1+1j),(1-1j),(-1-1j),(-1-1j),(1-1j),(-1-1j),(1-1j),(-1-1j),(1+1j),(1-1j),(1-1j),(-1-1j),(-1-1j),(1+1j),(1-1j),(1-1j),(1+1j),(-1-1j),(1-1j),(1+1j),(-1-1j),(1-1j),(1-1j),(1-1j),(1-1j),(1+1j),(-1+1j),(1-1j),(-1+1j),(1+1j),(1+1j),(1+1j),(1+1j),(1+1j),(-1-1j),(-1-1j),(-1+1j),(-1+1j),(1+1j),(1-1j),(-1-1j),(1-1j),(1-1j),(1+1j),(1+1j),(-1+1j),(1+1j),(1-1j),(1-1j),(1+1j),(1+1j),(1+1j),(-1+1j),(1-1j),(-1-1j),(1+1j),(1+1j),(1-1j),(-1-1j),(-1-1j),(1+1j),(-1+1j),(1+1j),(-1-1j),(-1+1j),(1-1j),(1+1j),(-1-1j),(-1-1j),(-1+1j),(1+1j),(1+1j),(1-1j),(1+1j),(1+1j),(-1+1j),(1-1j),(1-1j),(-1+1j),(-1+1j),(1+1j),(1+1j),(1+1j),(-1+1j),(1-1j),(1+1j),(1+1j),(-1-1j),(1+1j),(1+1j),(-1-1j),(-1-1j),(-1-1j),(-1-1j),(-1+1j),(1-1j),(1+1j),(-1+1j),(-1-1j),(-1-1j),(-1+1j),(1+1j),(1+1j),(-1-1j),(-1-1j),(1-1j),(-1-1j),(1+1j),(-1+1j),(-1+1j),(-1+1j),(1-1j),(-1+1j),(1-1j),(-1+1j),(1-1j),(-1+1j),(-1-1j),(-1+1j),(-1+1j),(-1-1j),(-1-1j),(1-1j),(1-1j),(-1+1j),(1-1j),(1+1j),(1-1j),(1-1j),(1-1j),(1+1j),(1+1j),(1-1j),(1+1j),(1-1j),(1+1j),(-1-1j),(1-1j),(1+1j),(-1-1j),(1-1j),(-1-1j),(-1-1j),(1+1j),(1-1j),(1+1j),(1-1j),(-1-1j),(-1+1j),(1-1j),(1-1j),(-1-1j),(-1+1j),(1-1j),(1+1j),(1-1j),(1-1j),(1-1j),(1-1j),(1+1j),(1+1j),(1-1j),(-1+1j),(1+1j),(1+1j),(1-1j),(1+1j),(-1-1j),(-1-1j),(-1-1j),(-1+1j),(1+1j),(1+1j),(1+1j),(-1-1j),(1+1j),(-1-1j),(1+1j),(-1-1j),(1+1j),(-1-1j),(-1-1j),(-1-1j),(1-1j),(-1+1j),(1+1j),(-1-1j),(1+1j),(1-1j),(1-1j),(1+1j),(-1-1j),(1-1j),(-1-1j),(-1-1j),(1-1j),(-1-1j),(1-1j),(-1+1j),(-1-1j),(1-1j),(-1-1j),(1-1j),(-1+1j),(1-1j),(-1+1j),(1+1j),(1-1j),(-1+1j),(1-1j),(-1-1j),(-1-1j),(1-1j),(-1-1j),(-1-1j),(1+1j),(-1+1j),(-1-1j),(1+1j),(1-1j),(-1-1j),(-1-1j),(-1+1j),(-1+1j),(1-1j),(-1+1j),(1-1j),(-1+1j),(1-1j),(-1-1j),(1-1j),(-1+1j),(-1+1j),(1-1j),(1-1j),(-1+1j),(1+1j),(-1-1j),(1-1j),(1+1j),(1-1j),(-1-1j),(-1+1j),(1+1j),(-1-1j),(1+1j),(1-1j),(-1-1j),(1+1j),(1-1j),(1+1j),(-1+1j),(1-1j),(1+1j),(1-1j),(1-1j),(-1+1j),(1-1j),(1-1j),(1-1j),(1-1j),(1-1j),(1+1j),(1-1j),(-1-1j),(-1-1j),(1+1j),(1-1j),(-1+1j),(1+1j),(1-1j),(-1-1j),(1+1j),(1-1j),(1-1j),(1+1j),(1-1j),(-1-1j),(1+1j),(-1-1j),(1+1j),(1+1j),(1+1j),(-1-1j),(-1+1j),(-1+1j),(1-1j),(-1-1j),(1-1j),(1+1j),(1+1j),(1-1j),(-1+1j),(1-1j),(-1+1j),(1+1j),(1+1j),(-1-1j),(-1+1j),(1-1j),(-1+1j),(1+1j),(1-1j),(-1+1j),(1-1j),(1-1j),(1+1j),(1-1j),(-1-1j),(1-1j),(-1-1j),(-1+1j),(1-1j),(1-1j),(1-1j),(1-1j),(-1-1j),(1+1j),(-1-1j),(-1+1j),(1+1j),(1+1j),(1-1j),(1-1j),(-1-1j),(1-1j),(-1+1j),(1+1j),(-1-1j),(-1-1j),(-1+1j),(-1+1j),(1-1j),(1-1j),(1+1j),(1+1j),(1+1j),(1+1j),(1-1j),(1-1j),(1+1j),(1+1j),(-1+1j),(1-1j),(1-1j),(-1+1j),(-1+1j),(1+1j),(1-1j),(1+1j),(1+1j),(1+1j),(1+1j),(-1-1j),(1-1j),(-1-1j),(1+1j),(1+1j),(1+1j),(1-1j),(-1+1j),(1-1j),(1-1j),(-1+1j),(1-1j),(-1-1j),(-1+1j),(1-1j),(1-1j),(1-1j),(-1-1j),(-1-1j),(1-1j),(-1-1j),(-1+1j),(-1-1j),(-1-1j),(-1+1j),(1-1j),(1+1j),(1+1j),(1+1j),(-1-1j),(1+1j),(1+1j),(1+1j),(-1-1j),(1-1j),(-1-1j),(1+1j),(1+1j),(-1+1j),(1+1j),(1-1j),(1-1j),(1-1j),(1+1j),(1-1j),(1+1j),(-1+1j),(1-1j),(-1+1j),(-1+1j),(-1+1j),(1+1j),(1+1j),(-1+1j),(1-1j),(1-1j),(1-1j),(1-1j),(-1+1j),(-1-1j),(-1-1j),(1+1j),(1-1j),(-1-1j),(1-1j),(1+1j),(1+1j),(-1-1j),(1+1j),(-1+1j),(1+1j),(-1-1j),(-1-1j),(-1-1j),(1+1j),(-1+1j),(1-1j),(1-1j),(1+1j),(-1+1j),(-1+1j),(-1+1j),(-1-1j),(1-1j),(1-1j),(-1+1j),(1+1j),(-1-1j),(1+1j),(1-1j),(1+1j),(-1+1j),(-1+1j),(1-1j),(1+1j),(-1-1j),(-1-1j),(-1+1j),(1+1j),(1-1j),(1+1j),(-1+1j),(-1+1j),(1-1j),(1+1j),(1-1j),(-1-1j),(-1+1j),(1+1j),(-1+1j),(-1-1j),(1-1j),(1-1j),(1+1j),(-1-1j),(-1-1j),(1+1j),(1+1j),(-1-1j),(-1+1j),(1-1j),(1-1j),(1+1j),(-1-1j),(1-1j),(1+1j),(1+1j),(1-1j),(-1-1j),(-1+1j),(1-1j),(-1-1j),(1+1j),(1-1j),(1-1j),(-1-1j),(-1-1j),(-1-1j),(-1+1j),(-1+1j),(1+1j),(-1+1j),(-1+1j),(-1+1j),(1-1j),(-1-1j),(-1+1j),(1-1j),(-1+1j),(-1-1j),(1+1j),(1+1j),(-1+1j),(-1-1j),(1-1j),(1+1j),(1-1j),(1+1j),(-1-1j),(1+1j),(1+1j),(1+1j),(1+1j),(-1-1j),(1+1j),(1+1j),(1+1j),(1-1j),(1-1j),(-1-1j),(-1-1j),(-1-1j),(1-1j),(1+1j),(-1-1j),(-1+1j),(1-1j),(-1-1j),(-1-1j),(1+1j),(1+1j),(-1-1j),(-1-1j),(-1-1j),(-1+1j),(1+1j),(1+1j),(1+1j),(-1+1j),(1+1j),(1-1j),(1-1j),(1-1j),(-1-1j),(1-1j),(-1+1j),(1-1j),(1-1j),(1+1j),(1-1j),(-1-1j),(-1-1j),(1+1j),(-1-1j),(-1-1j),(1+1j),(-1+1j),(-1-1j),(-1-1j),(-1+1j),(1-1j),(-1-1j),(-1-1j),(1-1j),(-1+1j),(-1+1j),(1-1j),(1-1j),(1+1j),(1-1j),(1-1j),(1+1j),(1+1j),(1-1j),(1-1j),(-1+1j),(-1-1j),(-1-1j),(1-1j),(-1+1j),(-1+1j),(1-1j),(1-1j),(1+1j),(-1+1j),(-1-1j),(1+1j),(-1-1j),(1-1j),(-1+1j),(1-1j),(1-1j),(-1+1j),(-1+1j),(1+1j),(1-1j),(1-1j),(-1-1j),(1-1j),(1+1j),(1-1j),(1+1j),(1-1j),(-1-1j),(1-1j),(1-1j),(-1-1j),(1-1j),(-1+1j),(-1+1j),(1-1j),(1-1j),(-1+1j),(1-1j),(1-1j),(1-1j),(-1-1j),(1+1j),(1+1j),(1+1j),(1-1j),(1+1j),(-1+1j),(-1+1j),(1-1j),(1+1j),(-1-1j),(-1-1j),(-1-1j),(1+1j),(-1-1j),(-1-1j),(1-1j),(1-1j),(1-1j),(1-1j),(1+1j),(1+1j),(1+1j),(1+1j),(1+1j),(1+1j),(1+1j),(1-1j),(1-1j),(-1-1j),(-1-1j),(1+1j),(1-1j),(1-1j),(1+1j),(1-1j),(-1+1j),(1-1j),(-1-1j),(1+1j),(-1-1j),(-1-1j),(1-1j),(-1+1j),(1-1j),(1+1j),(-1-1j),(1+1j),(1-1j),(1-1j),(1-1j),(1-1j),(1-1j),(1-1j),(1-1j),(-1-1j),(-1-1j),(-1+1j),(1+1j),(1+1j),(1-1j),(-1+1j),(1-1j),(-1-1j),(1+1j),(1-1j),(-1+1j),(1+1j),(1+1j),(-1+1j),(1+1j),(1+1j),(1+1j),(1+1j),(-1-1j),(1+1j),(1+1j),(1+1j),(1+1j),(1+1j),(1+1j),(1-1j),(1+1j),(-1+1j),(1+1j),(-1-1j),(1+1j),(1-1j),(1-1j),(-1-1j),(-1-1j),(-1+1j),(1-1j),(1+1j),(1+1j),(-1-1j),(1-1j),(-1-1j),(-1-1j),(1+1j),(1+1j),(1-1j),(1+1j),(1-1j),(1-1j),(-1+1j),(1-1j),(1+1j),(1-1j),(-1-1j),(-1+1j),(-1+1j),(1+1j),(1+1j),(-1+1j),(-1+1j),(-1+1j),(1+1j),(1+1j),(-1-1j),(-1-1j),(1-1j),(1-1j),(1-1j),(1-1j),(1-1j),(-1-1j),(-1-1j),(1+1j),(-1-1j),(-1-1j),(1-1j),(1-1j),(1-1j),(-1-1j),(-1-1j),(-1-1j),(-1-1j),(1+1j),(1-1j),(1-1j),(1+1j),(1+1j),(-1-1j),(1+1j),(1+1j),(-1+1j),(1+1j),(1-1j),(-1+1j),(-1-1j),(1+1j),(1-1j),(1+1j),(1-1j),(1-1j),(-1+1j),(1+1j),(-1-1j),(1+1j),(1+1j),(1-1j),(1+1j),(1+1j),(-1-1j),(1-1j),(-1-1j),(1-1j),(1-1j),(1-1j),(1+1j),(-1+1j),(1-1j),(1+1j),(1+1j),(-1-1j),(1-1j),(1+1j),(1+1j),(1+1j),(1-1j),(-1-1j),(-1-1j),(1-1j),(1-1j),(-1-1j),(1-1j),(1-1j),(1-1j),(1+1j),(-1-1j),(-1-1j),(1-1j),(1-1j),(-1-1j),(1-1j),(1-1j),(1+1j),(1+1j),(1+1j),(1-1j),(-1-1j),(1+1j),(-1-1j),(-1-1j),(1+1j),(1-1j),(-1-1j),(-1-1j),(-1-1j),(1+1j),(1-1j),(-1-1j),(1-1j),(-1-1j),(-1-1j),(-1+1j),(1+1j),(1+1j),(-1+1j),(1+1j),(-1-1j),(1+1j),(1-1j),(1-1j),(1-1j),(1-1j),(1+1j),(1+1j),(-1-1j),(1+1j),(1+1j),(1+1j),(-1-1j),(1+1j),(1+1j),(1+1j),(1-1j),(1+1j),(-1+1j),(1-1j),(1-1j),(1+1j),(-1-1j),(-1-1j),(1-1j),(1+1j),(1+1j),(-1+1j),(1+1j),(1+1j),(1+1j),(1+1j),(-1+1j),(-1+1j),(1-1j),(1-1j),(1-1j),(-1-1j),(-1-1j),(-1-1j),(-1+1j),(1+1j),(-1-1j),(-1-1j),(1-1j),(1-1j),(-1-1j),(1-1j),(1-1j),(1+1j),(-1-1j),(-1-1j),(1+1j),(1+1j),(1+1j),(-1+1j),(-1+1j),(1+1j),(-1-1j),(-1-1j),(1+1j),(-1-1j),(1+1j),(1-1j),(1-1j),(-1+1j),(1+1j),(-1+1j),(1+1j),(1-1j),(1-1j),(1-1j),(1-1j),(1-1j),(-1-1j),(-1-1j),(1-1j),(-1+1j),(1-1j),(-1-1j),(-1-1j),(1+1j),(1-1j),(1-1j),(-1-1j),(1+1j),(1-1j),(-1-1j),(1+1j),(1+1j),(1+1j),(-1-1j),(1-1j),(-1+1j),(1+1j),(1+1j),(1+1j),(-1-1j),(1+1j),(-1+1j),(-1+1j),(1-1j),(1-1j),(1-1j),(1-1j),(1-1j),(-1+1j),(1-1j),(1+1j),(-1-1j),(-1+1j),(1-1j),(1+1j),(1+1j),(1-1j),(-1-1j),(-1-1j),(1-1j),(1+1j),(1-1j),(-1-1j),(1-1j),(1-1j),(-1+1j),(1+1j),(1+1j),(1+1j),(-1-1j),(1-1j),(1-1j),(1+1j),(1+1j),(-1+1j),(1+1j),(1+1j),(-1+1j),(-1-1j),(-1-1j),(-1-1j),(-1+1j),(1+1j),(1-1j),(-1-1j),(-1+1j),(1+1j),(1+1j),(-1+1j),(-1+1j),(1+1j),(-1-1j),(1+1j),(1-1j),(1-1j),(1-1j),(1-1j),(-1-1j),(-1-1j),(-1-1j),(1+1j),(1+1j),(-1-1j),(1+1j),(1-1j),(1+1j),(1+1j),(-1-1j),(1-1j),(-1-1j),(-1-1j),(1-1j),(1-1j),(-1-1j),(-1-1j),(-1-1j),(-1-1j),(1+1j),(1+1j),(-1+1j),(1-1j),(1-1j),(1-1j),(1+1j),(-1+1j),(1+1j),(-1+1j),(1-1j),(1-1j),(-1+1j),(1+1j),(1+1j),(1-1j),(1+1j),(-1+1j),(1+1j),(1+1j),(1+1j),(1-1j),(1+1j),(-1+1j),(-1+1j),(-1+1j),(1+1j),(1+1j),(-1-1j),(1-1j),(-1+1j),(1-1j),(-1-1j),(1-1j),(1+1j),(1-1j),(1+1j),(1+1j),(-1+1j),(1+1j),(1-1j),(1-1j),(-1-1j),(1-1j),(-1+1j),(-1+1j),(-1-1j),(-1-1j),(1-1j),(1+1j),(1-1j),(1+1j),(1+1j),(1+1j),(-1+1j),(1+1j),(1-1j),(1+1j),(-1+1j),(1-1j),(1+1j),(-1+1j),(1+1j),(-1-1j),(1-1j),(1-1j),(-1-1j),(-1+1j),(-1+1j),(1+1j),(-1+1j),(-1-1j),(-1-1j),(1-1j),(-1-1j),(-1+1j),(1-1j),(-1+1j),(-1-1j),(-1-1j),(-1-1j),(1-1j),(-1+1j),(1-1j),(-1-1j),(1-1j),(-1+1j),(-1+1j),(-1+1j),(-1-1j),(1-1j),(1-1j),(-1-1j),(1+1j),(1+1j),(1-1j),(-1-1j),(1-1j),(-1+1j),(1-1j),(-1+1j),(-1+1j),(1-1j),(1-1j),(1-1j),(-1+1j),(-1-1j),(-1+1j),(1+1j),(-1-1j),(-1-1j),(-1-1j),(-1-1j),(1-1j),(-1+1j),(1-1j),(1-1j),(-1+1j),(1+1j),(-1-1j),(-1-1j),(-1-1j),(-1-1j),(-1-1j),(1+1j),(-1-1j),(1+1j),(1+1j),(-1+1j),(1-1j),(1-1j),(-1-1j),(-1-1j),(-1-1j),(-1-1j),(1+1j),(-1-1j),(1-1j),(1-1j),(-1-1j),(-1-1j),(1-1j),(1+1j),(1-1j),(-1-1j),(-1+1j),(-1-1j),(-1+1j),(1-1j),(1+1j),(-1-1j),(1-1j),(1+1j),(1+1j),(1+1j),(1-1j),(-1+1j),(-1-1j),(-1-1j),(-1-1j),(1-1j),(1+1j),(-1-1j),(-1+1j),(-1-1j),(-1-1j),(-1-1j),(-1-1j),(-1+1j),(1-1j),(1-1j),(1-1j),(-1+1j),(1-1j),(1-1j),(1-1j),(1+1j),(1+1j),(1+1j),(-1+1j),(-1+1j),(-1+1j),(1-1j),(1-1j),(-1+1j),(-1-1j),(1+1j),(1+1j),(1+1j),(-1-1j),(1+1j),(1-1j),(1+1j),(-1+1j),(1-1j),(1-1j),(1-1j),(-1+1j),(1+1j),(-1-1j),(1+1j),(1-1j),(-1-1j),(-1-1j),(1+1j),(-1-1j),(-1+1j),(1-1j),(1-1j),(-1-1j),(-1+1j),(1+1j),(1-1j),(-1+1j),(1+1j),(1+1j),(1+1j),(1+1j),(1-1j),(-1-1j),(-1-1j),(-1-1j),(1+1j),(1+1j),(-1-1j),(1-1j),(1-1j),(1-1j),(1-1j),(-1+1j),(-1+1j),(1-1j),(-1+1j),(-1+1j),(-1+1j),(1+1j),(-1-1j),(1-1j),(-1+1j),(1-1j),(1+1j),(1-1j),(-1-1j),(1-1j),(1+1j),(1-1j),(1+1j),(-1+1j),(1-1j),(-1-1j),(-1+1j),(1+1j),(1-1j),(1-1j),(-1-1j),(1+1j),(1-1j),(1+1j),(-1-1j),(-1-1j),(-1-1j),(1+1j),(-1-1j),(-1-1j),(-1-1j),(1+1j),(1+1j),(1+1j),(1-1j),(1+1j),(-1+1j),(-1+1j),(1-1j),(-1+1j),(-1-1j),(-1-1j),(-1+1j),(1+1j),(-1-1j),(-1-1j),(1+1j),(1+1j),(1+1j),(-1+1j),(1-1j),(-1+1j),(1-1j),(-1+1j),(1+1j),(1-1j),(-1+1j),(1-1j),(-1-1j),(-1-1j),(1+1j),(1+1j),(1+1j),(-1+1j),(1-1j),(1-1j),(1+1j),(-1-1j),(-1-1j),(1+1j),(1-1j),(-1+1j),(-1+1j),(-1+1j),(1+1j),(1-1j),(1-1j),(-1-1j),(1+1j),(1+1j),(1+1j),(1+1j),(1-1j),(1-1j),(1+1j),(1+1j),(-1-1j),(1+1j),(1-1j),(-1+1j),(1-1j),(1-1j),(-1+1j),(1-1j),(-1-1j),(1-1j),(1-1j),(-1-1j),(-1-1j),(1-1j),(1-1j),(-1+1j),(1-1j),(1-1j),(1+1j),(1+1j),(-1+1j),(1+1j),(-1+1j),(-1-1j),(1+1j),(-1-1j),(-1-1j),(-1-1j),(-1-1j),(1-1j),(-1-1j),(1+1j),(1-1j),(1-1j),(1-1j),(1-1j),(-1-1j),(1+1j),(-1+1j),(1+1j),(1+1j),(1+1j),(-1-1j),(-1-1j),(1+1j),(1-1j),(1+1j),(1+1j),(-1+1j),(1-1j),(1-1j),(1+1j),(1+1j),(1-1j),(-1+1j),(1+1j),(1+1j),(1+1j),(1+1j),(-1-1j),(-1-1j),(1+1j),(1+1j),(1+1j),(1-1j),(-1-1j),(-1-1j),(1+1j),(1+1j),(1-1j),(-1-1j),(-1-1j),(-1-1j),(1-1j),(-1+1j),(1+1j),(1+1j),(1+1j),(1+1j),(1+1j),(1+1j),(-1-1j),(1-1j),(-1-1j),(1-1j),(-1-1j),(1-1j),(-1-1j),(1-1j),(1-1j),(-1+1j),(1-1j),(-1-1j),(1-1j),(1-1j),(-1+1j),(-1+1j),(-1+1j),(1+1j),(1-1j),(-1-1j),(1+1j),(1-1j),(-1-1j),(1+1j),(1+1j),(1+1j),(-1+1j),(-1+1j),(1+1j),(1-1j),(-1+1j),(-1+1j),(-1+1j),(1+1j),(-1+1j),(1+1j),(1-1j),(-1+1j),(1-1j),(1-1j),(1-1j),(1-1j),(1-1j),(1-1j),(1-1j),(-1+1j),(-1-1j),(1+1j),(-1+1j),(1-1j),(-1-1j),(-1+1j),(-1+1j),(1+1j),(-1+1j),(1-1j),(1+1j),(1-1j),(-1-1j),(-1+1j),(1-1j),(1+1j),(-1-1j),(1+1j),(1-1j),(1-1j),(1-1j),(-1+1j),(1-1j),(1-1j),(1-1j),(-1-1j),(-1-1j),(-1+1j),(-1-1j),(1+1j),(1-1j),(-1+1j),(-1-1j),(1+1j),(1-1j),(-1+1j),(1-1j),(1+1j),(-1+1j),(1-1j),(1-1j),(1-1j),(1+1j),(-1+1j),(-1+1j),(1-1j),(1-1j),(1-1j),(-1-1j),(-1-1j),(1-1j),(1+1j),(1-1j),(1-1j),(1+1j),(-1-1j),(1+1j),(-1-1j),(1+1j),(1+1j),(-1+1j),(-1+1j),(1+1j),(1+1j),(-1+1j),(1-1j),(1+1j),(-1-1j),(-1+1j),(1-1j),(1-1j),(-1-1j),(-1+1j),(1+1j),(-1-1j),(-1-1j),(1+1j),(1-1j),(1+1j),(1-1j),(-1-1j),(-1-1j),(-1-1j),(-1-1j),(1-1j),(-1+1j),(1-1j),(1-1j),(-1+1j),(1-1j),(1-1j),(-1-1j),(-1-1j),(1-1j),(1-1j),(-1-1j),(-1+1j),(1+1j),(-1-1j),(-1-1j),(-1-1j),(-1-1j),(1-1j),(1-1j),(-1+1j),(1+1j),(1+1j),(1-1j),(1+1j),(1+1j),(1+1j),(-1-1j),(1+1j),(-1+1j),(1+1j),(-1+1j),(1+1j),(1+1j),(1+1j),(-1-1j),(-1-1j),(-1+1j),(1+1j),(1+1j),(1+1j),(-1-1j),(1+1j),(1-1j),(1+1j),(1-1j),(1+1j),(1-1j),(-1-1j),(1-1j),(1-1j),(-1-1j),(-1-1j),(1+1j),(-1-1j),(-1+1j),(-1+1j),(1+1j),(1-1j),(1+1j),(-1-1j),(-1+1j),(1-1j),(1+1j),(1-1j),(-1+1j),(1-1j),(-1-1j),(1-1j),(1-1j),(-1-1j),(-1-1j),(-1-1j),(-1+1j),(1+1j),(-1+1j),(1-1j),(-1-1j),(1-1j),(-1-1j),(-1-1j),(-1+1j),(1-1j),(1-1j),(1+1j),(-1-1j),(1-1j),(-1+1j),(-1-1j),(1+1j),(1+1j),(1+1j),(1-1j),(-1-1j),(1+1j),(1-1j),(-1-1j),(1-1j),(-1-1j),(-1-1j),(1-1j),(1-1j),(1-1j),(1-1j),(1-1j),(-1-1j),(1+1j),(-1+1j),(1+1j),(1+1j),(-1-1j),(1+1j),(1+1j),(1-1j),(-1+1j),(-1+1j),(1-1j),(1+1j),(1-1j),(1-1j),(-1+1j),(1+1j),(1+1j),(1+1j),(-1+1j),(1-1j),(1-1j),(1+1j),(-1+1j),(1-1j),(1-1j),(-1-1j),(-1+1j),(1+1j),(-1-1j),(-1-1j),(1-1j),(1+1j),(-1+1j),(1-1j),(-1+1j),(1-1j),(1-1j),(1-1j),(-1+1j),(-1-1j),(1+1j),(-1-1j),(-1-1j),(1+1j),(1+1j),(-1+1j),(-1+1j),(1-1j),(1+1j),(-1+1j),(1-1j),(-1-1j),(-1-1j),(1-1j),(-1-1j),(1-1j),(-1+1j),(-1-1j),(1-1j),(1-1j),(1-1j),(-1+1j),(1-1j),(-1-1j),(-1-1j),(-1-1j),(-1-1j),(1+1j),(-1+1j),(1-1j),(1+1j),(-1+1j),(1-1j),(-1+1j),(-1+1j),(1+1j),(1+1j),(1+1j),(1+1j),(-1-1j),(-1+1j),(-1-1j),(1-1j),(-1-1j),(1+1j),(-1-1j),(-1-1j),(1+1j),(-1-1j),(-1-1j),(1+1j),(-1+1j),(1+1j),(-1+1j),(-1+1j),(1+1j),(1-1j),(1+1j),(1+1j),(-1-1j),(-1-1j),(1+1j),(1-1j),(1-1j),(1+1j),(1+1j),(1+1j),(-1-1j),(1+1j),(1-1j),(-1-1j),(-1+1j),(1-1j),(1-1j),(-1-1j),(-1+1j),(1+1j),(-1-1j),(-1-1j),(-1-1j),(1-1j),(-1-1j),(-1+1j),(1-1j),(-1-1j),(-1-1j),(1+1j),(1+1j),(-1-1j),(-1+1j),(-1+1j),(1+1j),(-1+1j),(-1+1j),(1+1j),(-1+1j),(-1-1j),(1+1j),(1-1j),(-1-1j),(-1+1j),(1+1j),(1+1j),(1+1j),(1-1j),(-1+1j),(1-1j),(1-1j),(-1+1j),(-1-1j),(-1+1j),(1+1j),(1+1j),(1-1j),(-1-1j),(-1+1j),(1+1j),(-1+1j),(-1-1j),(-1-1j),(1-1j),(1-1j),(-1-1j),(-1-1j),(1+1j),(-1-1j),(-1+1j),(1-1j),(1-1j),(1-1j),(1+1j),(-1-1j),(1+1j),(1+1j),(1+1j),(-1+1j),(1+1j),(-1-1j),(-1-1j),(-1+1j),(1-1j),(1+1j),(1+1j),(-1+1j),(1-1j),(1+1j),(1+1j),(1-1j),(1+1j),(-1-1j),(-1+1j),(1-1j),(1+1j),(-1-1j),(1-1j),(1-1j),(1-1j),(1-1j),(-1+1j),(-1+1j),(1+1j),(-1-1j),(-1-1j),(1-1j),(-1+1j),(-1+1j),(-1+1j),(1+1j),(1+1j),(-1+1j),(1-1j),(-1-1j),(-1+1j),(-1-1j),(-1+1j),(1-1j),(1-1j),(-1-1j),(-1-1j),(-1-1j),(1-1j),(1-1j),(1-1j),(-1-1j),(1-1j),(1-1j),(1-1j),(-1-1j),(-1+1j),(-1+1j),(-1-1j),(-1+1j),(1-1j),(1-1j),(-1-1j),(1-1j),(-1-1j),(-1-1j),(-1+1j),(1-1j),(1-1j),(-1+1j),(1-1j),(1-1j),(1-1j),(-1+1j),(-1-1j),(1-1j),(1-1j),(1-1j),(1-1j),(1-1j),(1-1j),(1+1j),(1-1j),(-1-1j),(1-1j),(-1+1j),(1+1j),(-1-1j),(1-1j),(1+1j),(-1+1j),(1-1j),(1-1j),(-1-1j),(1-1j),(-1-1j),(-1-1j),(1-1j),(1-1j),(-1-1j),(1-1j),(1-1j),(-1-1j),(-1-1j),(1+1j),(-1+1j),(-1-1j),(-1-1j),(-1+1j),(1-1j),(-1-1j),(1-1j),(-1+1j),(1+1j),(1-1j),(-1+1j),(1-1j),(1-1j),(1-1j),(-1-1j),(1+1j),(1-1j),(-1-1j),(1-1j),(1+1j),(-1-1j),(-1-1j),(-1+1j),(-1+1j),(-1-1j),(-1-1j),(-1-1j),(1+1j),(1+1j),(-1+1j),(-1+1j),(-1+1j),(1-1j),(1-1j),(1-1j),(1-1j),(1-1j),(-1+1j),(-1+1j),(-1+1j),(1+1j),(1-1j),(1-1j),(1+1j),(1-1j),(-1+1j),(1-1j),(1+1j),(1+1j),(1+1j),(1+1j),(1+1j),(1+1j),(1+1j),(-1+1j),(1-1j),(1+1j),(-1-1j),(1+1j),(1-1j),(1-1j),(-1-1j),(-1+1j),(1-1j),(1-1j),(1+1j),(1+1j),(1-1j),(-1-1j),(-1-1j),(1-1j),(1-1j),(1+1j),(-1-1j),(1+1j),(1+1j),(1+1j),(1-1j),(1-1j),(-1-1j),(1+1j),(-1+1j),(1+1j),(1+1j),(1+1j),(-1+1j),(-1+1j),(-1+1j),(1-1j),(-1-1j),(-1+1j),(-1-1j),(1+1j),(-1+1j),(-1+1j),(1+1j),(1+1j),(1+1j),(1+1j),(-1+1j),(-1-1j),(-1-1j),(-1+1j),(-1+1j),(1+1j),(1+1j),(-1-1j),(-1+1j),(1+1j),(-1-1j),(-1+1j),(1+1j),(-1-1j),(1+1j),(-1-1j),(1+1j),(1+1j),(-1+1j),(1+1j),(1+1j),(1+1j),(1+1j),(1-1j),(1-1j),(-1+1j),(1+1j),(1+1j),(-1-1j),(-1+1j),(-1+1j),(1+1j),(1-1j),(-1-1j),(1+1j),(-1+1j),(1+1j),(1-1j),(1+1j),(1+1j),(-1+1j),(1-1j),(-1+1j),(1-1j),(1+1j),(1+1j),(-1-1j),(1+1j),(1-1j),(-1-1j),(1-1j),(1-1j),(1-1j),(1-1j),(1-1j),(-1+1j),(1-1j),(1+1j),(-1+1j),(1-1j),(1+1j),(1+1j),(-1+1j),(1-1j),(1+1j),(1-1j),(1+1j),(1+1j),(-1+1j),(-1+1j),(1+1j),(-1-1j),(1+1j),(-1-1j),(-1-1j),(-1-1j),(1+1j),(1-1j),(-1-1j),(1+1j),(-1-1j),(1+1j),(-1+1j),(-1+1j),(1-1j),(1-1j),(1+1j),(1+1j),(1+1j),(1+1j),(1+1j),(1+1j),(1-1j),(-1-1j),(-1+1j),(1+1j),(1-1j),(-1-1j),(-1-1j),(1-1j),(1+1j),(-1-1j),(1+1j),(1-1j),(1+1j),(-1+1j),(1-1j),(-1+1j),(1-1j),(1+1j),(1+1j),(1-1j),(-1+1j),(-1+1j),(1+1j),(-1+1j),(1+1j),(-1-1j),(1+1j),(-1+1j),(1-1j),(1+1j),(-1-1j),(-1-1j),(1+1j),(-1-1j),(-1+1j),(-1+1j),(1+1j),(-1+1j),(1-1j),(1-1j),(1+1j),(1-1j),(1-1j),(1+1j),(1-1j),(1+1j),(-1-1j),(-1-1j),(1-1j),(-1+1j),(1+1j),(1+1j),(1+1j),(1+1j),(1-1j),(1+1j),(-1-1j),(1-1j),(-1+1j),(-1+1j),(1-1j),(-1+1j),(1+1j),(-1+1j),(-1+1j),(1+1j),(1-1j),(-1-1j),(1-1j),(1-1j),(1-1j),(-1-1j),(-1-1j),(1-1j),(-1+1j),(-1+1j),(1+1j),(1-1j),(1+1j),(1+1j),(1-1j),(1-1j),(1-1j),(-1-1j),(-1-1j),(-1-1j),(1+1j),(1-1j),(1-1j),(1+1j),(-1-1j),(1+1j),(1+1j),(-1+1j),(-1+1j),(1+1j),(1-1j),(-1+1j),(1+1j),(1+1j),(1+1j),(1+1j),(1-1j),(1-1j),(-1-1j),(-1-1j),(-1-1j),(1+1j),(1+1j),(1+1j),(1+1j),(1-1j),(1-1j),(-1+1j),(1+1j),(1+1j),(1-1j),(1-1j),(1-1j),(-1-1j),(-1-1j),(-1-1j),(1+1j),(1+1j),(-1-1j),(-1+1j),(1-1j),(-1-1j),(-1-1j),(-1+1j),(1-1j),(1+1j),(1+1j),(1+1j),(-1+1j),(-1-1j),(1+1j),(-1-1j),(1+1j),(-1-1j),(-1-1j),(1-1j),(1+1j),(1-1j),(-1-1j),(1+1j),(1+1j),(-1-1j),(1+1j),(-1+1j),(1-1j),(1+1j),(1+1j),(1+1j),(-1+1j),(-1+1j),(-1+1j),(-1-1j),(1+1j),(-1-1j),(-1-1j),(-1-1j),(1-1j),(-1-1j),(1+1j),(-1+1j),(-1+1j),(-1+1j),(-1+1j),(1-1j),(1+1j),(1+1j),(-1+1j),(1+1j),(-1-1j),(1+1j),(-1-1j),(1-1j),(-1-1j),(1+1j),(1-1j),(1+1j),(1+1j),(1-1j),(-1-1j),(1-1j),(1-1j),(-1+1j),(-1+1j),(-1-1j),(1+1j),(1-1j),(1-1j),(-1-1j),(-1+1j),(1-1j),(-1+1j),(1+1j),(1-1j),(-1-1j),(1-1j),(-1-1j),(1+1j),(1+1j),(1-1j),(-1+1j),(1+1j),(1+1j),(1+1j),(-1-1j),(1+1j),(1-1j),(1-1j),(1-1j),(1-1j),(-1+1j),(1-1j),(-1+1j),(1-1j),(1-1j),(-1-1j),(-1-1j),(1-1j),(1+1j),(1+1j),(1-1j),(-1+1j),(1+1j),(-1-1j),(1+1j),(1+1j),(-1+1j),(1+1j),(1+1j),(1-1j),(-1-1j),(-1+1j),(1+1j),(1+1j),(1-1j),(1-1j),(1-1j),(1+1j),(-1-1j),(-1-1j),(1+1j),(-1-1j),(-1-1j),(-1-1j),(1+1j),(-1-1j),(-1+1j),(1-1j),(-1+1j),(1+1j),(1-1j),(-1-1j),(-1+1j),(1+1j),(1-1j),(-1-1j),(1-1j),(-1-1j),(-1-1j),(-1-1j),(1-1j),(1+1j),(1-1j),(1+1j),(-1+1j),(1+1j),(-1+1j),(1+1j),(1+1j),(1+1j),(-1+1j),(-1+1j),(-1+1j),(1+1j),(1+1j),(1+1j),(1+1j),(-1-1j),(-1+1j),(1+1j),(-1-1j),(1+1j),(-1+1j),(1-1j),(-1+1j),(-1+1j),(1-1j),(-1-1j),(-1-1j),(1-1j),(-1-1j),(1+1j),(1-1j),(-1-1j),(-1+1j),(1-1j),(1-1j),(1-1j),(1-1j),(-1+1j),(1+1j),(1-1j),(-1+1j),(1+1j),(1-1j),(-1-1j),(-1-1j),(1-1j),(-1-1j),(-1+1j),(-1+1j),(-1+1j),(-1-1j),(1+1j),(1-1j),(-1+1j),(-1-1j),(-1-1j),(-1-1j),(-1+1j),(-1+1j),(1+1j),(1-1j),(-1+1j),(-1-1j),(1+1j),(1-1j),(-1+1j),(-1-1j),(1-1j),(-1-1j),(1+1j),(1-1j),(1+1j),(-1+1j),(-1+1j),(-1-1j),(1+1j),(-1+1j),(-1-1j),(-1-1j),(1+1j),(1-1j),(-1-1j),(-1-1j),(-1-1j),(-1-1j),(1+1j),(-1+1j),(-1-1j),(-1+1j),(1-1j),(-1-1j),(1+1j),(1+1j),(-1-1j),(1-1j),(-1+1j),(-1-1j),(1+1j),(-1+1j),(1+1j),(-1+1j),(-1-1j),(-1-1j),(-1-1j),(-1+1j),(1-1j),(1-1j),(-1-1j),(-1-1j),(1-1j),(-1-1j),(1+1j),(1+1j),(-1-1j),(1+1j),(1-1j),(-1-1j),(1-1j),(-1+1j),(1-1j),(-1-1j),(1-1j),(-1+1j),(1+1j),(-1+1j),(1+1j),(1-1j),(1+1j),(1-1j),(-1-1j),(-1-1j),(1+1j),(1-1j),(-1-1j),(1-1j),(-1-1j),(1+1j),(-1+1j),(-1-1j),(1+1j),(1+1j),(1-1j),(1-1j),(-1-1j),(1+1j),(-1-1j),(1+1j),(1+1j),(-1+1j),(-1+1j),(1+1j),(-1+1j),(1-1j),(-1+1j),(-1+1j),(1+1j),(1-1j),(1-1j),(-1+1j),(1+1j),(-1+1j),(-1+1j),(-1-1j),(1+1j),(-1+1j),(1-1j),(1-1j),(-1-1j),(-1+1j),(-1-1j),(1+1j),(1+1j),(-1-1j),(-1+1j),(1+1j),(-1+1j),(1+1j),(1+1j),(-1+1j),(1+1j),(1+1j),(-1+1j),(1-1j),(1-1j),(-1+1j),(-1+1j),(1-1j),(1+1j),(1-1j),(-1+1j),(-1-1j),(-1-1j),(1+1j),(-1-1j),(-1+1j),(1-1j),(-1+1j),(1-1j),(1-1j),(-1+1j),(-1+1j),(1+1j),(-1+1j),(-1-1j),(-1-1j),(1+1j),(1-1j),(-1-1j),(-1+1j),(-1+1j),(1-1j),(-1+1j),(-1-1j),(1+1j),(-1+1j),(-1-1j),(-1+1j),(1+1j),(-1-1j),(-1-1j),(-1-1j),(1-1j),(1-1j),(-1-1j),(-1+1j),(-1+1j),(1+1j),(1-1j),(1-1j),(-1+1j),(-1+1j),(-1+1j),(-1+1j),(-1-1j),(1+1j),(1+1j),(-1+1j),(1+1j),(1-1j),(-1+1j),(-1-1j),(1-1j),(-1+1j),(-1-1j),(-1+1j),(-1+1j),(1-1j),(1-1j),(1+1j),(-1-1j),(1+1j),(1-1j),(1-1j),(-1+1j),(-1+1j),(1+1j),(-1-1j),(-1-1j),(-1-1j),(1+1j),(1-1j),(1-1j),(-1-1j),(-1-1j),(1+1j),(1+1j),(-1+1j),(-1+1j),(1-1j),(-1+1j),(1-1j),(-1+1j),(-1+1j),(-1-1j),(-1+1j),(-1+1j),(1+1j),(1+1j),(-1-1j),(-1-1j),(1+1j),(1-1j),(1-1j),(1-1j),(-1+1j),(1-1j),(-1+1j),(-1-1j),(1+1j),(-1+1j),(1+1j),(-1+1j),(-1+1j),(-1+1j),(1-1j),(-1+1j),(-1+1j),(1+1j),(1-1j),(-1-1j),(-1+1j),(-1-1j),(-1+1j),(1-1j),(1+1j),(-1+1j),(1+1j),(1-1j),(-1-1j),(1+1j),(-1-1j),(1+1j),(-1-1j),(1+1j),(1+1j),(-1+1j),(-1+1j),(-1+1j),(1-1j),(-1-1j),(-1-1j),(1+1j),(-1-1j),(-1-1j),(1-1j),(1-1j),(-1-1j),(1-1j),(-1+1j),(-1-1j),(1+1j),(-1+1j),(1-1j),(-1-1j),(1+1j),(1+1j),(1-1j),(-1+1j),(1-1j),(-1+1j),(-1-1j),(-1+1j),(1+1j),(1-1j),(-1+1j),(-1-1j),(-1+1j),(-1+1j),(1-1j),(1-1j),(-1+1j),(1+1j),(1+1j),(-1+1j),(1-1j),(-1+1j),(1+1j),(1-1j),(-1+1j),(-1+1j),(1+1j),(-1-1j),(1+1j),(-1-1j),(1-1j),(-1-1j),(-1-1j),(-1+1j),(1-1j),(1-1j),(1-1j),(-1+1j),(1+1j),(1-1j),(-1-1j),(1-1j),(1-1j),(-1+1j),(-1-1j),(-1-1j),(1+1j),(1-1j),(-1+1j),(-1+1j),(1+1j),(1-1j),(-1+1j),(-1-1j),(-1+1j),(-1+1j),(-1+1j),(1-1j),(-1+1j),(1+1j),(1+1j),(-1+1j),(1-1j),(1-1j),(-1+1j),(1-1j),(-1-1j),(1+1j),(-1+1j),(1+1j),(-1-1j),(1+1j),(1+1j),(1-1j),(-1+1j),(1-1j),(-1-1j),(-1-1j),(1-1j),(-1-1j),(1+1j),(1-1j),(-1-1j),(1-1j),(-1-1j),(-1-1j),(-1-1j),(1+1j),(1+1j),(1-1j),(-1-1j),(-1-1j),(1-1j),(-1-1j),(1+1j),(1+1j),(1-1j),(-1+1j),(1-1j),(-1+1j),(-1-1j),(1-1j),(-1-1j),(1-1j),(-1-1j),(-1-1j),(-1+1j),(-1+1j),(-1+1j),(1-1j),(1+1j),(-1-1j),(-1-1j),(-1+1j),(-1+1j),(1-1j),(1+1j),(1+1j),(1-1j),(1-1j),(-1+1j),(1+1j),(-1+1j),(-1+1j),(1+1j),(-1+1j),(1+1j),(1+1j),(1+1j),(1-1j),(1-1j),(-1-1j),(1+1j),(1-1j),(-1+1j),(1+1j),(1+1j),(-1-1j),(-1+1j),(1-1j),(1-1j),(1-1j),(-1-1j),(1+1j),(-1+1j),(1+1j),(-1-1j),(-1-1j),(1+1j),(-1-1j),(1-1j),(1-1j),(1+1j),(1-1j),(1+1j),(-1-1j),(-1-1j),(1+1j),(-1+1j),(1+1j),(1-1j),(-1+1j),(1-1j),(1+1j),(-1-1j),(1+1j),(-1-1j),(-1-1j),(1+1j),(1+1j),(1-1j),(-1+1j),(1+1j),(1+1j),(-1+1j),(1+1j),(1-1j),(-1+1j),(1-1j),(-1+1j),(1+1j),(-1+1j),(1-1j),(-1-1j),(1+1j),(1-1j),(-1-1j),(-1+1j),(1+1j),(1+1j),(-1+1j),(-1+1j),(-1-1j),(1+1j),(-1-1j),(1+1j),(1-1j),(1-1j),(-1-1j),(1+1j),(1-1j),(-1+1j),(-1+1j),(-1+1j),(1-1j),(1+1j),(-1+1j),(-1+1j),(1+1j),(1+1j),(-1+1j),(-1+1j),(-1+1j),(-1-1j),(1-1j),(1-1j),(-1-1j),(-1+1j),(1-1j),(-1+1j),(1+1j),(-1-1j),(-1-1j),(1-1j),(-1+1j),(1+1j),(1+1j),(1-1j),(1+1j),(-1-1j),(1+1j),(1-1j),(-1-1j),(-1-1j),(1+1j),(-1+1j),(1-1j),(1+1j),(1+1j),(-1-1j),(-1-1j),(-1-1j),(1+1j),(1+1j),(1+1j),(1+1j),(-1-1j),(-1-1j),(-1+1j),(1+1j),(-1+1j),(1-1j),(-1-1j),(-1-1j),(1+1j),(1+1j),(1+1j),(-1-1j),(-1+1j),(1+1j),(-1-1j),(-1-1j),(1+1j),(1-1j),(-1+1j),(1+1j),(-1-1j),(1-1j),(-1-1j),(-1-1j),(1-1j),(1-1j),(-1+1j),(1-1j),(-1-1j),(1+1j),(1-1j),(1+1j),(-1+1j),(-1+1j),(1+1j),(1+1j),(1-1j),(1-1j),(1-1j),(-1-1j),(1-1j),(1-1j),(1+1j),(1+1j),(-1+1j),(1+1j),(1+1j),(-1+1j),(1+1j),(-1-1j),(-1+1j),(1+1j),(1+1j),(1-1j),(-1-1j),(-1-1j),(-1-1j),(1+1j),(1+1j),(1+1j),(-1+1j),(-1-1j),(-1-1j),(1+1j),(1+1j),(-1-1j),(-1-1j),(1+1j),(1+1j),(-1-1j),(1+1j),(-1-1j),(-1+1j),(1-1j),(-1-1j),(-1-1j),(1+1j),(1+1j),(1+1j),(1+1j),(1+1j),(-1-1j),(1+1j),(-1-1j),(1-1j),(1+1j),(-1-1j),(-1-1j),(1-1j),(1+1j),(-1-1j),(1-1j),(1+1j),(1+1j),(-1-1j),(1+1j),(1+1j),(1+1j),(1+1j),(-1-1j),(-1-1j),(-1-1j),(1+1j),(-1-1j),(-1-1j),(1+1j),(-1-1j),(-1-1j),(1+1j),(1-1j),(-1-1j),(1+1j),(-1-1j),(-1-1j),(-1-1j),(1+1j),(-1+1j),(-1-1j),(1+1j),(1-1j),(1-1j),(1+1j),(1+1j),(1-1j),(1+1j),(-1-1j),(1+1j),(1-1j),(1-1j),(-1+1j),(1+1j),(1+1j),(-1-1j),(1-1j),(-1-1j),(1-1j),(1-1j),(1-1j),(1+1j),(-1+1j),(1+1j),(1+1j),(-1-1j),(1-1j),(1-1j),(1-1j),(-1+1j),(1-1j),(1-1j),(-1+1j),(1+1j),(1-1j),(1+1j),(1+1j),(-1+1j),(-1+1j),(-1+1j),(1-1j),(-1+1j),(1-1j),(-1+1j),(-1+1j),(1-1j),(-1+1j),(1+1j),(-1+1j),(1-1j),(1-1j),(-1+1j),(1+1j),(1-1j),(-1-1j),(1-1j),(1-1j),(1-1j),(-1+1j),(1-1j),(1+1j),(-1+1j),(1-1j),(1+1j),(-1-1j),(-1-1j),(1-1j),(-1-1j),(1+1j),(1+1j),(1-1j),(-1-1j),(1-1j),(1-1j),(-1+1j),(-1-1j),(1-1j),(-1-1j),(-1+1j),(-1-1j),(1-1j),(1-1j),(-1-1j),(-1+1j),(1-1j),(1+1j),(-1+1j),(-1-1j),(-1-1j),(1+1j),(-1-1j),(1-1j),(-1-1j),(1+1j),(1+1j),(-1+1j),(1+1j),(1-1j),(-1+1j),(1-1j),(1-1j),(1-1j),(-1+1j),(1-1j),(-1+1j),(1-1j),(1-1j),(-1-1j),(-1+1j),(1+1j),(-1-1j),(1-1j),(1-1j),(-1-1j),(1-1j),(1+1j),(-1-1j),(-1+1j),(1+1j),(1-1j),(-1+1j),(1+1j),(-1+1j),(1+1j),(1+1j),(1+1j),(1+1j),(-1+1j),(1+1j),(1+1j),(1-1j),(-1+1j),(-1+1j),(1-1j),(1+1j),(1-1j),(-1+1j),(1-1j),(-1+1j),(1-1j),(-1+1j),(1-1j),(1-1j),(1+1j),(-1-1j),(-1+1j),(-1+1j),(1-1j),(-1+1j),(1-1j),(1-1j),(-1-1j),(1-1j),(1-1j),(-1-1j),(1-1j),(-1-1j),(1+1j),(-1+1j),(-1-1j),(-1-1j),(1-1j),(1-1j),(-1-1j),(1-1j),(-1+1j),(-1-1j),(-1+1j),(1-1j),(1+1j),(-1+1j),(1+1j),(1+1j),(1-1j),(1+1j),(-1-1j),(-1+1j),(1+1j),(1+1j),(1-1j),(1+1j),(-1-1j),(-1+1j),(-1+1j),(-1-1j),(1+1j),(-1+1j),(1+1j),(1+1j),(1+1j),(1+1j),(1-1j),(1+1j),(1+1j),(1+1j),(1-1j),(1-1j),(-1-1j),(-1-1j),(-1-1j),(-1+1j),(1+1j),(-1-1j),(-1+1j),(1+1j),(1+1j),(-1+1j),(1+1j),(1+1j),(-1-1j),(1+1j),(-1-1j),(1+1j),(-1-1j),(1+1j),(1+1j),(1+1j),(1+1j),(1-1j),(-1-1j),(1+1j),(-1+1j),(1+1j),(1+1j),(-1+1j),(1-1j),(-1+1j),(1-1j),(-1+1j),(-1+1j),(1+1j),(-1+1j),(1+1j),(1+1j),(-1+1j),(1-1j),(-1-1j),(1-1j),(1-1j),(1+1j),(1+1j),(-1-1j),(1-1j),(1+1j),(1-1j),(-1-1j),(1-1j),(1+1j),(1-1j),(1+1j),(-1-1j),(-1-1j),(1-1j),(1+1j),(1-1j),(-1-1j),(1-1j),(-1-1j),(-1+1j),(-1+1j),(1-1j),(-1-1j),(1-1j),(-1-1j),(-1+1j),(-1-1j),(1-1j),(1-1j),(-1-1j),(1+1j),(-1+1j),(1+1j),(-1+1j),(-1-1j),(1+1j),(-1-1j),(1+1j),(-1-1j),(1-1j),(1-1j),(1+1j),(1+1j),(1+1j),(1+1j),(1+1j),(1-1j),(1-1j),(1+1j),(-1-1j),(1-1j),(1+1j),(1-1j),(1+1j),(1+1j),(1+1j),(-1+1j),(-1+1j),(1+1j),(1-1j),(1+1j),(1-1j),(1+1j),(1-1j),(1+1j),(1-1j),(-1-1j),(1+1j),(1+1j),(1+1j),(-1+1j),(1+1j),(1+1j),(-1+1j),(1+1j),(1+1j),(1+1j),(-1+1j),(1+1j),(1-1j),(-1+1j),(1+1j),(-1+1j),(1-1j),(1+1j),(1-1j),(-1-1j),(1+1j),(-1+1j),(1+1j),(1-1j),(-1-1j),(-1+1j),(1+1j),(-1+1j),(1+1j),(1+1j),(1-1j),(-1+1j),(1-1j),(-1-1j),(1-1j),(1-1j),(1-1j),(1+1j),(-1-1j),(-1+1j),(1+1j),(1+1j),(1+1j),(1+1j),(-1+1j),(1+1j),(1-1j),(-1+1j),(1+1j),(-1+1j),(-1-1j),(-1-1j),(1-1j),(1+1j),(1+1j),(-1+1j),(1+1j),(-1+1j),(1-1j),(1+1j),(1+1j),(1-1j),(1-1j),(1-1j),(1-1j),(1+1j),(1-1j),(1+1j),(1-1j),(-1+1j),(-1+1j),(1+1j),(-1+1j),(1+1j),(-1+1j),(1-1j),(-1+1j),(1+1j),(1+1j),(1+1j),(1+1j),(-1-1j),(1-1j),(1-1j),(-1-1j),(-1+1j),(1+1j),(1+1j),(-1+1j),(1+1j),(-1+1j),(1+1j),(1+1j),(-1+1j),(-1+1j),(1+1j),(1+1j),(-1-1j),(-1-1j),(1-1j),(1-1j),(-1-1j),(-1-1j),(-1+1j),(1+1j),(1-1j),(1-1j),(1-1j),(1+1j),(1-1j),(-1-1j),(1+1j),(-1+1j),(1-1j),(1+1j),(1+1j),(1+1j),(-1+1j),(1-1j),(1+1j),(1+1j),(1-1j),(1-1j),(1+1j),(1-1j),(-1+1j),(-1+1j),(1+1j),(-1+1j),(1+1j),(1-1j),(1-1j),(-1+1j),(-1+1j),(1+1j),(-1-1j),(-1+1j),(1+1j),(1-1j),(-1+1j),(1+1j),(-1+1j),(1+1j),(-1+1j),(1-1j),(1-1j),(1+1j),(-1+1j),(1-1j),(-1+1j),(1-1j),(1-1j),(1+1j),(-1+1j),(-1+1j),(1+1j),(1+1j),(1-1j),(-1-1j),(1+1j),(-1-1j),(1+1j),(1+1j),(-1+1j),(1+1j),(1+1j),(1+1j),(1-1j),(1-1j),(-1-1j),(-1-1j),(1+1j),(1+1j),(1-1j),(1-1j),(1+1j),(-1+1j),(-1+1j),(1-1j),(1+1j),(1+1j),(1+1j),(1+1j),(1-1j),(-1+1j),(1-1j),(1+1j),(1+1j),(1+1j),(1-1j),(1-1j),(1+1j),(1-1j),(-1+1j),(1-1j),(1+1j),(1-1j),(-1+1j),(1+1j),(1+1j),(-1-1j),(1+1j),(-1+1j),(1-1j),(-1-1j),(1+1j),(1-1j),(1+1j),(-1+1j),(1+1j),(1-1j),(-1-1j),(1-1j),(1+1j),(1+1j),(-1+1j),(-1+1j),(1+1j),(1+1j),(1-1j),(-1+1j),(1+1j),(1+1j),(-1+1j),(1+1j),(1-1j),(-1-1j),(1-1j),(1-1j),(1+1j),(-1-1j),(-1-1j),(1+1j),(-1-1j),(-1-1j),(-1-1j),(1-1j),(-1-1j),(1+1j),(1+1j),(1+1j),(1+1j),(-1+1j),(1+1j),(-1+1j),(-1-1j),(1+1j),(1-1j),(1-1j),(-1+1j),(-1+1j),(-1+1j),(1-1j),(1-1j),(-1-1j),(-1-1j),(1-1j),(-1+1j),(1+1j),(-1-1j),(1-1j),(-1-1j),(-1+1j),(1+1j),(1+1j),(-1+1j),(1+1j),(-1+1j),(-1+1j),(-1+1j),(-1+1j),(-1-1j),(1+1j),(-1-1j),(1-1j),(1+1j),(-1+1j),(1+1j),(1+1j),(1+1j),(-1+1j),(-1+1j),(1-1j),(-1-1j),(-1-1j),(1+1j),(1+1j),(-1+1j),(1+1j),(-1+1j),(1-1j),(-1+1j),(1+1j),(-1-1j),(-1-1j),(-1+1j),(1-1j),(1-1j),(1-1j),(1+1j),(-1-1j),(1-1j),(1-1j),(1-1j),(1-1j),(1-1j),(-1-1j),(1-1j),(-1+1j),(-1+1j),(1+1j),(1+1j),(1+1j),(1+1j),(-1-1j),(-1-1j),(-1-1j),(-1+1j),(-1+1j),(1+1j),(-1-1j),(1-1j),(1+1j),(1+1j),(-1+1j),(1+1j),(-1-1j),(-1-1j),(1-1j),(1-1j),(1-1j),(1-1j),(1-1j),(-1+1j),(1+1j),(-1-1j),(-1+1j),(1+1j),(1+1j),(-1+1j),(1+1j),(1-1j),(-1-1j),(1+1j),(1-1j),(-1-1j),(1+1j),(-1+1j),(1-1j),(-1-1j),(1+1j),(1-1j),(-1-1j),(-1-1j),(1+1j),(1+1j),(-1+1j),(1-1j),(-1+1j),(1-1j),(1+1j),(1-1j),(-1-1j),(-1-1j),(1+1j),(1-1j),(1+1j),(1-1j),(-1-1j),(1-1j),(1-1j),(1-1j),(1-1j),(1-1j),(1+1j),(-1+1j),(1+1j),(1+1j),(1-1j),(1+1j),(-1-1j),(-1-1j),(-1+1j),(1+1j),(-1+1j),(-1+1j),(1-1j),(-1+1j),(1-1j),(1+1j),(-1+1j),(1-1j),(1+1j),(1-1j),(-1-1j),(1+1j),(1+1j),(1-1j),(1+1j),(1-1j),(-1-1j),(-1-1j),(1-1j),(1+1j),(-1+1j),(1-1j),(1-1j),(-1-1j),(1+1j),(-1-1j),(1+1j),(1+1j),(1+1j),(-1+1j),(1-1j),(-1+1j),(-1+1j),(1+1j),(1-1j),(1-1j),(1-1j),(1+1j),(-1+1j),(-1+1j),(1-1j),(-1-1j),(1-1j),(-1+1j),(-1+1j),(1+1j),(-1-1j),(-1-1j),(1+1j),(1-1j),(-1-1j),(-1-1j),(-1+1j),(-1+1j),(1+1j),(-1-1j),(1+1j),(1-1j),(-1-1j),(1-1j),(1-1j),(1-1j),(-1+1j),(-1-1j),(-1-1j),(1+1j),(1-1j),(1-1j),(-1+1j),(-1-1j),(1-1j),(-1-1j),(1-1j),(1+1j),(-1+1j),(-1+1j),(1-1j),(1-1j),(1-1j),(-1+1j),(-1+1j),(1-1j),(-1+1j),(1-1j),(-1-1j),(-1+1j),(1+1j),(-1-1j),(-1+1j),(-1-1j),(-1-1j),(1+1j),(-1-1j),(1+1j),(1+1j),(1-1j),(1+1j),(1+1j),(1-1j),(-1+1j),(1+1j),(-1-1j),(-1-1j),(1+1j),(1-1j),(1-1j),(1+1j),(1+1j),(1+1j),(-1+1j),(1-1j),(-1+1j),(1+1j),(1-1j),(-1+1j),(-1+1j),(1-1j),(1+1j),(1-1j),(1-1j),(-1+1j),(1-1j),(1-1j),(1+1j),(-1-1j),(1+1j),(1+1j),(1+1j),(-1-1j),(-1+1j),(1+1j),(1+1j),(1+1j),(-1-1j),(1+1j),(-1-1j),(1+1j),(1+1j),(1+1j),(1+1j),(1+1j),(-1-1j),(-1-1j),(1+1j),(1-1j),(1+1j),(1-1j),(1+1j),(-1+1j),(-1+1j),(1-1j),(-1+1j),(1-1j),(1+1j),(1-1j),(-1-1j),(-1+1j),(1-1j),(-1-1j),(-1+1j),(-1+1j),(1+1j),(1-1j),(-1+1j),(1+1j),(1+1j),(1-1j),(-1-1j),(1+1j),(-1-1j),(-1-1j),(1+1j),(1-1j),(-1-1j),(1+1j),(-1-1j),(1+1j),(-1-1j),(-1-1j),(1+1j),(1+1j),(1-1j),(-1+1j),(1-1j),(1+1j),(-1-1j),(1-1j),(-1+1j),(1-1j),(1+1j),(-1-1j),(-1-1j),(1+1j),(1+1j),(1+1j),(-1+1j),(1+1j),(1+1j),(1+1j),(1+1j),(-1+1j),(1+1j),(1+1j),(1+1j),(1-1j),(-1+1j),(1+1j),(1-1j),(-1+1j),(1-1j),(1+1j),(1+1j),(1-1j),(-1-1j),(-1+1j),(1-1j),(-1-1j),(-1-1j),(-1+1j),(-1-1j),(1-1j),(1+1j),(-1+1j),(1-1j),(1+1j),(1-1j),(-1-1j),(1+1j),(1-1j),(1-1j),(1+1j),(-1+1j),(-1+1j),(-1+1j),(1+1j),(1-1j),(1-1j),(1-1j),(1+1j),(-1+1j),(1+1j),(1+1j),(1+1j),(1-1j),(1-1j),(-1+1j),(-1+1j),(1+1j),(1-1j),(1+1j),(1-1j),(1-1j),(1+1j),(-1+1j),(-1-1j),(1+1j),(1-1j),(1-1j),(1+1j),(-1+1j),(1-1j),(1+1j),(1+1j),(1-1j),(1-1j),(1-1j),(1+1j),(-1+1j),(1+1j),(1+1j),(1-1j),(-1-1j),(-1-1j),(1+1j),(1-1j),(1+1j),(-1+1j),(1-1j),(1+1j),(1+1j),(1-1j),(1-1j),(1-1j),(1+1j),(-1+1j),(1+1j),(1+1j),(1+1j),(-1-1j),(1+1j),(-1+1j),(1+1j),(1-1j),(-1-1j),(1-1j),(-1-1j),(-1+1j),(1+1j),(-1-1j),(1-1j),(1+1j),(-1-1j),(1-1j),(-1+1j),(-1-1j),(1-1j),(1+1j),(-1-1j),(1-1j),(1+1j),(-1+1j),(1+1j),(1+1j),(1+1j),(-1+1j),(1-1j),(1-1j),(-1-1j),(1+1j),(1+1j),(-1+1j),(-1-1j),(1+1j),(1+1j),(1+1j),(1-1j),(1+1j),(-1+1j),(1+1j),(1-1j),(1-1j),(1+1j),(-1+1j),(1+1j),(-1+1j),(1+1j),(1-1j),(-1-1j),(1-1j),(1+1j),(1-1j),(-1-1j),(-1-1j),(1+1j),(1+1j),(1-1j),(1-1j),(-1-1j),(-1+1j),(-1+1j),(1+1j),(1-1j),(1-1j),(-1+1j),(1-1j),(1+1j),(1+1j),(1-1j),(1-1j),(1-1j),(1-1j),(1+1j),(1-1j),(-1-1j),(1-1j),(1+1j),(1+1j),(1+1j),(1-1j),(-1-1j),(1-1j),(1+1j),(1-1j),(-1-1j),(1-1j),(1-1j),(-1+1j),(-1+1j),(1+1j),(1+1j),(1-1j),(1+1j),(1+1j),(1+1j),(1+1j),(-1+1j),(1+1j),(1+1j),(1+1j),(-1+1j),(-1+1j),(1-1j),(1-1j),(-1-1j),(1+1j),(1+1j),(-1+1j),(-1+1j),(1+1j),(1+1j),(-1-1j),(-1-1j),(1+1j),(1+1j),(-1+1j),(-1+1j),(1+1j),(-1-1j),(1+1j),(1-1j),(1-1j),(1-1j),(1+1j),(-1+1j),(-1-1j),(1+1j),(-1-1j),(1+1j),(1+1j),(1+1j),(-1+1j),(1+1j),(1-1j),(1-1j),(1-1j),(1-1j),(1-1j),(1+1j),(-1-1j),(1+1j),(1+1j),(1-1j),(-1+1j),(1+1j),(1-1j),(1-1j),(1-1j),(1-1j),(1+1j),(-1-1j),(1+1j),(1+1j),(1-1j),(1-1j),(-1+1j),(1+1j),(1-1j),(-1-1j),(-1-1j),(1+1j),(1-1j),(1-1j),(1+1j),(1-1j),(1-1j),(1+1j),(-1-1j),(-1-1j),(-1-1j),(-1+1j),(-1-1j),(1+1j),(-1-1j),(-1-1j),(1+1j),(1-1j),(1+1j),(-1-1j),(1-1j),(1-1j),(1-1j),(-1-1j),(1+1j),(1+1j),(-1-1j),(1-1j),(1-1j),(1-1j),(-1-1j),(-1-1j),(1+1j),(1+1j),(-1-1j),(-1-1j),(1+1j),(1-1j),(1+1j),(1-1j),(1+1j),(-1+1j),(-1+1j),(1-1j),(1+1j),(-1-1j),(1-1j),(1-1j),(-1+1j),(1-1j),(1+1j),(-1-1j),(-1+1j),(1+1j),(1-1j),(1+1j),(1+1j),(1-1j),(-1-1j),(-1+1j),(1+1j),(1-1j),(-1-1j),(-1+1j),(-1+1j),(1+1j),(-1+1j),(1-1j),(-1-1j),(1+1j),(-1+1j),(1+1j),(1+1j),(-1-1j),(-1+1j),(-1+1j),(1+1j),(1+1j),(1-1j),(-1-1j),(1+1j),(1-1j),(1+1j),(1-1j),(1+1j),(-1+1j),(-1+1j),(1+1j),(-1+1j),(1+1j),(1+1j),(1+1j),(1-1j),(1+1j),(-1+1j),(1+1j),(1-1j),(-1+1j),(-1+1j),(1-1j),(-1+1j),(-1+1j),(1-1j),(-1-1j),(-1+1j),(1+1j),(-1-1j),(1-1j),(1+1j),(1+1j),(1-1j),(1+1j),(1-1j),(1+1j),(-1-1j),(1-1j),(-1+1j),(1+1j),(-1-1j),(1-1j),(1+1j),(-1+1j),(1+1j),(1+1j),(1-1j),(1+1j),(1-1j),(-1+1j),(1+1j),(1+1j),(-1+1j),(1+1j),(-1+1j),(1-1j),(-1+1j),(-1-1j),(-1+1j),(1+1j),(-1+1j),(-1-1j),(1-1j),(1-1j),(1+1j),(-1+1j),(1-1j),(1+1j),(-1-1j),(1+1j),(-1-1j),(1-1j),(1-1j),(1+1j),(-1-1j),(1-1j),(1+1j),(1+1j),(1+1j),(1-1j),(1+1j),(1-1j),(1+1j),(1+1j),(1+1j),(-1+1j),(1+1j),(1-1j),(1-1j),(1+1j),(1+1j),(-1+1j),(1+1j),(1+1j),(-1-1j),(1+1j),(-1-1j),(1-1j),(1+1j),(1-1j),(1-1j),(-1-1j),(1+1j),(1-1j),(-1+1j),(-1-1j),(1+1j),(1-1j),(1+1j),(-1-1j),(-1+1j),(-1+1j),(-1+1j),(1+1j),(1-1j),(-1+1j),(1+1j),(1+1j),(-1+1j),(-1+1j),(1+1j),(1+1j),(1-1j),(1+1j),(1-1j),(1-1j),(-1+1j),(1+1j),(1-1j),(1+1j),(1-1j),(1-1j),(1-1j),(1+1j),(1+1j),(1-1j),(-1-1j),(-1+1j),(1+1j),(1-1j),(1+1j),(1+1j),(-1-1j),(-1-1j),(-1-1j),(-1+1j),(1+1j),(-1-1j),(1-1j),(1-1j),(-1+1j),(1-1j),(-1+1j),(1+1j),(1+1j),(1+1j),(1+1j),(1+1j),(1+1j),(1+1j),(1+1j),(-1-1j),(1+1j),(1+1j),(1-1j),(-1-1j),(1+1j),(-1+1j),(1-1j),(-1-1j),(-1-1j),(1-1j),(1-1j),(1+1j),(1-1j),(1+1j),(-1+1j),(1+1j),(-1+1j),(1-1j),(1+1j),(-1+1j),(-1+1j),(1-1j),(-1-1j),(1+1j),(1+1j),(1+1j),(-1-1j),(1-1j),(1+1j),(1-1j),(1+1j),(-1-1j),(1+1j),(1+1j),(-1-1j),(1-1j),(1+1j),(-1-1j),(-1-1j),(1-1j),(1-1j),(1-1j),(-1-1j),(-1+1j),(1+1j),(-1-1j),(1+1j),(1-1j),(-1-1j),(-1-1j),(-1+1j),(1+1j),(1-1j),(1-1j),(-1-1j),(1-1j),(1-1j),(-1+1j),(-1+1j),(1-1j),(-1+1j),(-1+1j),(1+1j),(-1-1j),(1-1j),(-1-1j),(1+1j),(1+1j),(-1-1j),(1+1j),(1+1j),(-1-1j),(1-1j),(1+1j),(-1+1j),(-1+1j),(1-1j),(-1+1j),(-1-1j),(1-1j),(-1-1j),(1+1j),(1-1j),(-1+1j),(-1+1j),(1+1j),(-1-1j),(1-1j),(-1+1j),(1+1j),(1-1j),(-1+1j),(1+1j),(1-1j),(-1+1j),(-1-1j),(1-1j),(1-1j),(1-1j),(1-1j),(1-1j),(1+1j),(1-1j),(-1+1j),(-1+1j),(1-1j),(-1-1j),(1-1j),(-1+1j),(1+1j),(1+1j),(1+1j),(1-1j),(1-1j),(-1-1j),(1-1j),(-1-1j),(1+1j),(-1-1j),(-1-1j),(1-1j),(-1-1j),(-1-1j),(1-1j),(-1-1j),(1+1j),(1+1j),(-1-1j),(1+1j),(1-1j),(1-1j),(1+1j),(1+1j),(-1+1j),(1+1j),(1-1j),(1+1j),(1+1j),(-1+1j),(1-1j),(1+1j),(1+1j),(1-1j),(1+1j),(1+1j),(1-1j),(1+1j),(1-1j),(1-1j),(1-1j),(1-1j),(1+1j),(1+1j),(1-1j),(1+1j),(1+1j),(1+1j),(1+1j),(1+1j),(-1-1j),(1+1j),(1-1j),(1-1j),(1+1j),(1+1j),(-1+1j),(1-1j),(-1+1j),(1+1j),(1-1j),(1-1j),(1-1j),(1-1j),(1+1j),(1+1j),(-1-1j),(1-1j),(1-1j),(1-1j),(1+1j),(1+1j),(1+1j),(-1-1j),(1+1j),(1+1j),(-1-1j),(-1+1j),(-1-1j),(1+1j),(1+1j),(1+1j),(1+1j),(-1+1j),(-1+1j),(1-1j),(1+1j),(1+1j),(1+1j),(1-1j),(1+1j),(-1+1j),(1-1j),(1+1j),(-1+1j),(-1+1j),(-1+1j),(-1-1j),(1-1j),(-1-1j),(1-1j),(-1-1j),(-1+1j),(1-1j),(1+1j),(1+1j),(1+1j),(1+1j),(-1+1j),(1+1j),(-1+1j),(1-1j),(-1-1j),(-1-1j),(1-1j),(-1-1j),(1+1j),(1+1j),(-1-1j),(1+1j),(1-1j),(1-1j),(1+1j),(-1-1j),(1-1j),(1+1j),(1+1j),(1-1j),(1-1j),(1+1j),(1-1j),(-1-1j),(1+1j),(-1+1j),(1-1j),(1-1j),(1-1j),(-1+1j),(1+1j),(-1+1j),(1-1j),(-1-1j),(1-1j),(1-1j),(1-1j),(1+1j),(-1+1j),(1+1j),(1-1j),(-1+1j),(1+1j),(1+1j),(1+1j),(-1-1j),(1+1j),(1+1j),(-1+1j),(1-1j),(1+1j),(1-1j),(1+1j),(1+1j),(-1+1j),(1-1j),(1-1j),(1-1j),(-1+1j),(1+1j),(-1-1j),(1-1j),(1+1j),(1-1j),(-1-1j),(-1-1j),(1+1j),(1-1j),(-1+1j),(-1-1j),(-1-1j),(1+1j),(1-1j),(1+1j),(-1+1j),(1-1j),(-1-1j),(1+1j),(-1-1j),(1+1j),(-1-1j),(-1+1j),(-1+1j),(1-1j),(1+1j),(1+1j),(-1-1j),(1-1j),(1-1j),(-1+1j),(1-1j),(1-1j),(1-1j),(-1-1j),(1+1j),(-1-1j),(-1-1j),(1+1j),(-1+1j),(1+1j),(-1-1j),(-1-1j),(1+1j),(-1+1j),(1+1j),(1+1j),(-1+1j),(1-1j),(1-1j),(1-1j),(1+1j),(1+1j),(-1-1j),(-1-1j),(-1+1j),(-1+1j),(1+1j),(-1+1j),(1+1j),(1-1j),(-1-1j),(-1-1j),(1+1j),(1+1j),(1-1j),(-1-1j),(1-1j),(-1+1j),(1-1j),(1-1j),(1+1j),(-1-1j),(-1+1j),(1-1j),(1+1j),(1-1j),(1-1j),(1+1j),(1+1j),(1+1j),(1+1j),(1-1j),(-1+1j),(1+1j),(1+1j),(1+1j),(1+1j),(-1-1j),(1-1j),(1+1j),(1-1j),(-1-1j),(1+1j),(1-1j),(-1-1j),(1-1j),(-1-1j),(1-1j),(-1-1j),(-1+1j),(1+1j),(1-1j),(-1+1j),(1+1j),(1-1j),(-1+1j),(1-1j),(-1-1j),(1+1j),(-1+1j),(1+1j),(-1+1j),(1+1j),(-1-1j),(1+1j),(1-1j),(1-1j),(1+1j),(-1-1j),(-1+1j),(1-1j),(1+1j),(1-1j),(-1-1j),(1+1j),(-1+1j),(1-1j),(1-1j),(1-1j),(-1-1j),(1-1j),(-1-1j),(-1+1j),(1+1j),(-1+1j),(-1+1j),(1+1j),(-1-1j),(-1+1j),(-1+1j),(1+1j),(1+1j),(1+1j),(1-1j),(1+1j),(-1+1j),(1+1j),(1+1j),(1+1j),(1-1j),(1+1j),(-1+1j),(-1+1j),(-1-1j),(1+1j),(1-1j),(1+1j),(-1+1j),(1+1j),(1+1j),(-1-1j),(-1+1j),(1-1j),(-1-1j),(-1+1j),(1+1j),(-1-1j),(1-1j),(1-1j),(1+1j),(1+1j),(1+1j),(1-1j),(1+1j),(-1-1j),(-1-1j),(1-1j),(-1-1j),(-1-1j),(1-1j),(-1-1j),(-1-1j),(1+1j),(1+1j),(-1+1j),(-1-1j),(-1+1j),(1+1j),(-1+1j),(-1+1j),(1+1j),(1+1j),(1+1j),(1-1j),(-1-1j),(1+1j),(1+1j),(-1+1j),(1+1j),(-1-1j),(1-1j),(-1-1j),(-1-1j),(1+1j),(1+1j),(-1+1j),(1-1j),(-1-1j),(1+1j),(-1-1j),(-1-1j),(1+1j),(1-1j),(-1+1j),(-1-1j),(1-1j),(1-1j),(1+1j),(1+1j),(1-1j),(-1+1j),(1-1j),(-1-1j),(-1+1j),(1-1j),(1+1j),(-1+1j),(-1+1j),(1-1j),(-1+1j),(1+1j),(1+1j),(1+1j),(-1-1j),(1-1j),(-1-1j),(1+1j),(1-1j),(1+1j),(1-1j),(-1-1j),(-1-1j),(1+1j),(1+1j),(1+1j),(1-1j),(-1-1j),(-1+1j),(1-1j),(1-1j),complex_number
