6_119499452_119503652,-1,-2,-1,0,1,2,1,0,-1,-2,-3,-4,-5,-6,-7,-8,-9,-8,-9,-10,-11,-12,-13,-14,-13,-14,-15,-16,-17,-16,-17,-16,-17,-18,-19,-20,-21,-20,-21,-22,-23,-22,-21,-20,-19,-20,-21,-22,-23,-22,-21,-20,-19,-20,-21,-20,-19,-18,-19,-20,-21,-20,-19,-18,-19,-20,-19,-20,-19,-20,-21,-22,-23,-24,-23,-22,-21,-20,-19,-20,-19,-20,-21,-22,-23,-22,-23,-22,-21,-20,-19,-18,-17,-18,-19,-18,-19,-20,-19,-18,-19,-18,-17,-16,-15,-14,-13,-14,-13,-14,-13,-14,-15,-16,-17,-18,-19,-20,-21,-22,-23,-22,-23,-24,-25,-24,-25,-26,-27,-26,-27,-28,-27,-26,-27,-28,-27,-28,-29,-30,-29,-28,-29,-30,-29,-28,-29,-30,-31,-30,-29,-30,-29,-30,-31,-30,-31,-32,-31,-30,-31,-32,-31,-30,-31,-32,-31,-32,-31,-30,-29,-30,-29,-28,-27,-26,-25,-24,-23,-22,-23,-24,-25,-26,-25,-24,-25,-26,-25,-24,-25,-26,-27,-28,-29,-30,-29,-28,-27,-26,-27,-28,-29,-30,-29,-28,-29,-28,-27,-28,-29,-30,-29,-30,-29,-28,-27,-26,-27,-26,-27,-28,-27,-28,-29,-28,-29,-28,-27,-26,-27,-26,-27,-26,-27,-28,-29,-28,-29,-30,-31,-30,-31,-32,-33,-32,-33,-34,-35,-36,-35,-36,-35,-36,-35,-36,-37,-38,-39,-40,-41,-42,-41,-42,-43,-42,-41,-42,-43,-44,-45,-46,-45,-44,-43,-44,-45,-46,-47,-46,-47,-46,-45,-44,-45,-46,-47,-48,-47,-48,-49,-50,-51,-52,-53,-54,-53,-52,-51,-50,-51,-50,-49,-48,-49,-50,-51,-52,-51,-52,-53,-54,-55,-56,-55,-54,-53,-52,-53,-54,-53,-52,-53,-52,-51,-50,-49,-48,-47,-46,-45,-44,-43,-44,-43,-44,-43,-44,-45,-46,-47,-46,-45,-46,-47,-48,-49,-48,-49,-50,-51,-52,-51,-50,-49,-48,-49,-48,-49,-48,-49,-48,-49,-48,-49,-48,-49,-48,-49,-48,-47,-46,-45,-44,-43,-44,-45,-46,-45,-44,-45,-44,-45,-44,-43,-44,-43,-44,-43,-44,-43,-42,-43,-44,-45,-44,-45,-46,-45,-46,-47,-46,-45,-44,-43,-44,-43,-44,-43,-42,-41,-42,-43,-44,-43,-42,-41,-42,-41,-40,-39,-40,-41,-42,-43,-42,-43,-44,-43,-44,-45,-44,-45,-46,-47,-48,-49,-48,-47,-46,-45,-46,-45,-44,-45,-44,-43,-42,-41,-42,-41,-42,-43,-42,-41,-42,-43,-42,-43,-44,-43,-44,-45,-46,-45,-44,-43,-42,-43,-42,-43,-44,-43,-44,-45,-46,-45,-44,-43,-44,-45,-44,-45,-44,-45,-44,-43,-42,-43,-42,-43,-44,-43,-44,-45,-46,-47,-48,-49,-48,-49,-48,-49,-48,-49,-48,-49,-48,-49,-50,-49,-50,-51,-52,-53,-54,-55,-54,-55,-54,-55,-54,-55,-54,-55,-54,-55,-54,-55,-56,-57,-56,-57,-56,-57,-58,-59,-58,-59,-58,-59,-58,-59,-58,-59,-58,-59,-58,-59,-58,-59,-60,-61,-60,-61,-60,-61,-60,-61,-60,-61,-60,-61,-60,-61,-60,-61,-60,-61,-60,-61,-60,-61,-62,-63,-64,-63,-62,-63,-64,-65,-66,-65,-66,-67,-66,-67,-68,-69,-68,-69,-70,-69,-68,-69,-70,-71,-72,-73,-74,-75,-74,-75,-76,-77,-78,-79,-78,-77,-78,-79,-78,-77,-78,-77,-78,-79,-80,-81,-82,-83,-84,-85,-86,-87,-86,-87,-88,-89,-90,-91,-90,-89,-88,-89,-90,-91,-90,-91,-92,-91,-90,-89,-90,-91,-92,-91,-90,-91,-92,-93,-94,-95,-94,-95,-96,-97,-98,-99,-98,-99,-98,-99,-98,-97,-98,-99,-98,-97,-98,-99,-100,-99,-100,-101,-102,-103,-104,-103,-102,-103,-104,-103,-102,-103,-102,-101,-100,-101,-100,-99,-98,-97,-96,-97,-98,-97,-96,-97,-98,-99,-100,-101,-100,-101,-102,-103,-104,-105,-106,-105,-104,-103,-102,-103,-104,-105,-104,-103,-104,-105,-106,-107,-106,-107,-108,-109,-110,-109,-110,-111,-110,-109,-108,-107,-108,-109,-108,-107,-106,-105,-106,-105,-104,-105,-104,-105,-104,-103,-102,-103,-104,-103,-104,-105,-106,-107,-106,-107,-108,-107,-106,-105,-104,-105,-104,-103,-104,-103,-102,-103,-104,-103,-102,-103,-102,-103,-102,-101,-102,-101,-102,-103,-104,-103,-102,-103,-104,-105,-104,-103,-104,-105,-104,-105,-104,-105,-106,-107,-106,-105,-104,-103,-104,-103,-104,-103,-102,-103,-104,-105,-104,-105,-106,-107,-106,-107,-108,-107,-106,-107,-106,-107,-106,-107,-108,-107,-106,-105,-104,-103,-104,-105,-104,-105,-104,-103,-102,-103,-104,-105,-104,-103,-104,-105,-104,-103,-102,-101,-102,-101,-102,-103,-104,-103,-104,-105,-106,-105,-104,-103,-102,-101,-102,-101,-100,-99,-100,-99,-98,-97,-98,-99,-98,-97,-96,-97,-98,-99,-98,-99,-100,-99,-98,-97,-98,-99,-100,-99,-100,-101,-100,-101,-102,-103,-102,-101,-100,-99,-100,-101,-100,-101,-102,-101,-102,-101,-100,-99,-100,-99,-98,-97,-98,-97,-98,-97,-98,-99,-100,-101,-100,-99,-98,-97,-98,-97,-98,-97,-96,-97,-96,-97,-96,-95,-96,-95,-94,-93,-92,-91,-92,-91,-92,-91,-90,-89,-90,-91,-90,-91,-92,-93,-94,-95,-94,-93,-94,-95,-96,-95,-96,-97,-98,-99,-100,-99,-98,-99,-100,-99,-98,-99,-98,-97,-98,-99,-100,-101,-102,-103,-104,-105,-106,-107,-108,-109,-110,-111,-112,-113,-112,-111,-110,-111,-112,-113,-112,-111,-112,-113,-114,-115,-116,-117,-118,-117,-118,-119,-120,-121,-122,-123,-122,-121,-120,-119,-120,-119,-118,-119,-118,-117,-118,-119,-120,-121,-120,-121,-122,-121,-120,-119,-120,-119,-118,-119,-120,-121,-122,-123,-122,-121,-120,-119,-118,-117,-116,-117,-116,-115,-114,-113,-112,-113,-112,-113,-112,-113,-112,-113,-112,-111,-112,-111,-112,-113,-112,-111,-112,-113,-112,-111,-112,-111,-112,-113,-112,-113,-112,-111,-112,-111,-110,-111,-112,-113,-112,-111,-112,-113,-112,-111,-110,-111,-112,-113,-114,-115,-116,-115,-114,-113,-112,-111,-112,-111,-110,-111,-112,-113,-114,-115,-114,-115,-116,-117,-118,-119,-120,-121,-122,-123,-122,-123,-124,-123,-124,-125,-124,-125,-126,-125,-124,-125,-126,-127,-128,-127,-128,-129,-128,-127,-126,-125,-124,-125,-124,-125,-124,-125,-126,-125,-124,-123,-124,-125,-124,-123,-124,-125,-124,-123,-122,-123,-122,-121,-120,-121,-122,-123,-122,-123,-124,-125,-124,-125,-124,-125,-124,-125,-126,-127,-126,-127,-128,-129,-128,-129,-128,-127,-126,-127,-126,-127,-128,-129,-130,-131,-132,-133,-134,-135,-134,-135,-136,-137,-136,-135,-134,-133,-132,-131,-132,-131,-130,-129,-128,-127,-128,-129,-130,-131,-132,-133,-134,-135,-136,-137,-138,-137,-136,-137,-138,-137,-138,-139,-138,-139,-138,-137,-136,-135,-136,-137,-136,-135,-136,-135,-134,-133,-132,-131,-132,-131,-132,-131,-130,-131,-130,-129,-130,-131,-132,-133,-134,-133,-132,-131,-132,-133,-132,-131,-130,-131,-130,-129,-128,-127,-126,-125,-126,-127,-128,-129,-128,-129,-130,-131,-130,-129,-128,-129,-128,-127,-128,-127,-126,-127,-126,-127,-128,-127,-126,-127,-126,-125,-126,-125,-124,-125,-124,-125,-124,-123,-122,-123,-122,-121,-122,-121,-122,-121,-120,-121,-120,-121,-120,-121,-120,-121,-122,-123,-124,-123,-124,-125,-124,-123,-124,-125,-126,-125,-126,-125,-124,-125,-124,-123,-122,-121,-122,-123,-122,-121,-122,-121,-120,-119,-118,-119,-118,-117,-118,-119,-120,-119,-118,-119,-118,-119,-118,-119,-118,-117,-116,-115,-116,-115,-116,-117,-118,-119,-120,-121,-122,-123,-124,-125,-124,-125,-126,-125,-124,-123,-122,-123,-122,-123,-124,-123,-122,-121,-122,-123,-122,-123,-122,-123,-124,-123,-122,-121,-122,-121,-122,-123,-124,-125,-124,-125,-126,-127,-126,-127,-126,-125,-124,-125,-124,-125,-126,-125,-124,-125,-126,-125,-124,-125,-126,-125,-126,-127,-126,-125,-126,-127,-128,-127,-128,-127,-126,-127,-126,-125,-124,-125,-126,-127,-126,-125,-124,-123,-122,-121,-122,-123,-122,-121,-120,-119,-118,-117,-118,-117,-118,-117,-116,-115,-116,-115,-116,-117,-118,-119,-118,-119,-118,-117,-118,-119,-120,-119,-120,-119,-118,-117,-118,-119,-120,-121,-122,-121,-120,-121,-120,-121,-122,-123,-122,-123,-124,-125,-126,-127,-126,-125,-124,-125,-124,-123,-122,-121,-122,-123,-122,-121,-122,-121,-120,-121,-120,-119,-120,-119,-118,-117,-116,-115,-116,-115,-114,-115,-116,-115,-116,-117,-116,-117,-118,-117,-118,-119,-118,-119,-120,-119,-120,-121,-120,-121,-122,-121,-122,-121,-122,-123,-124,-123,-122,-123,-122,-123,-122,-123,-124,-125,-126,-127,-128,-127,-126,-127,-126,-127,-128,-129,-130,-131,-130,-131,-132,-133,-134,-133,-134,-135,-136,-137,-138,-139,-138,-139,-140,-139,-140,-139,-140,-141,-142,-143,-144,-145,-146,-147,-148,-147,-148,-149,-150,-151,-152,-151,-150,-151,-150,-151,-150,-151,-152,-153,-154,-155,-156,-155,-154,-155,-154,-155,-156,-157,-158,-159,-158,-159,-160,-159,-160,-159,-160,-161,-162,-161,-162,-161,-162,-163,-164,-163,-164,-163,-164,-165,-166,-167,-166,-165,-166,-167,-166,-167,-166,-165,-166,-165,-166,-167,-168,-167,-168,-169,-168,-169,-170,-169,-170,-171,-170,-171,-170,-171,-172,-171,-170,-171,-172,-171,-172,-171,-172,-173,-174,-173,-172,-171,-172,-171,-170,-171,-170,-169,-170,-169,-168,-169,-168,-167,-166,-165,-166,-167,-168,-167,-168,-169,-170,-171,-170,-169,-170,-171,-172,-171,-172,-171,-170,-169,-168,-167,-166,-167,-168,-167,-166,-167,-168,-169,-170,-171,-170,-169,-170,-171,-170,-171,-170,-169,-170,-171,-170,-169,-170,-171,-170,-169,-170,-169,-168,-169,-170,-171,-172,-173,-174,-175,-174,-175,-174,-173,-174,-173,-172,-173,-174,-173,-174,-175,-174,-173,-174,-173,-172,-171,-172,-171,-170,-169,-170,-171,-170,-169,-170,-169,-170,-171,-170,-171,-172,-173,-174,-175,-176,-177,-178,-179,-180,-181,-180,-179,-180,-179,-180,-181,-180,-179,-180,-181,-180,-181,-182,-183,-182,-181,-180,-181,-182,-181,-180,-179,-178,-177,-178,-177,-178,-177,-178,-177,-176,-177,-176,-175,-174,-173,-174,-173,-172,-173,-174,-175,-176,-175,-176,-175,-174,-173,-172,-171,-170,-169,-168,-169,-168,-167,-168,-169,-170,-169,-168,-169,-168,-167,-166,-167,-166,-165,-164,-163,-164,-163,-162,-161,-162,-161,-160,-159,-160,-161,-160,-159,-160,-159,-158,-159,-160,-159,-158,-159,-160,-159,-160,-159,-158,-157,-158,-159,-158,-157,-156,-155,-154,-153,-154,-155,-156,-157,-156,-155,-154,-155,-154,-153,-152,-151,-152,-153,-154,-155,-154,-153,-154,-155,-156,-155,-156,-157,-156,-157,-158,-159,-160,-159,-160,-159,-160,-161,-162,-161,-162,-161,-162,-163,-162,-161,-160,-159,-160,-159,-158,-159,-160,-159,-158,-157,-158,-159,-160,-159,-160,-159,-158,-157,-156,-157,-156,-155,-154,-155,-156,-157,-158,-159,-158,-157,-156,-155,-154,-155,-154,-153,-152,-151,-152,-151,-150,-149,-148,-149,-150,-151,-150,-151,-152,-151,-150,-149,-148,-147,-146,-145,-144,-143,-144,-143,-142,-141,-142,-141,-142,-141,-142,-141,-140,-141,-140,-141,-142,-141,-140,-141,-142,-141,-142,-141,-142,-143,-144,-145,-144,-143,-144,-143,-142,-141,-140,-139,-138,-137,-138,-137,-136,-137,-136,-137,-136,-135,-134,-135,-136,-135,-136,-137,-138,-137,-138,-139,-140,-139,-140,-141,-142,-143,-142,-143,-142,-141,-140,-141,-140,-141,-140,-141,-142,-143,-144,-143,-144,-143,-144,-143,-144,-145,-146,-145,-146,-145,-146,-145,-146,-145,-146,-145,-146,-145,-144,-143,-142,-141,-142,-141,-142,-141,-140,-141,-142,-141,-142,-141,-140,-139,-140,-139,-140,-141,-140,-141,-142,-143,-144,-143,-144,-143,-142,-143,-144,-145,-144,-145,-146,-145,-146,-145,-146,-147,-148,-147,-146,-147,-148,-147,-148,-147,-146,-145,-144,-145,-146,-145,-144,-143,-144,-145,-144,-143,-142,-143,-142,-141,-142,-143,-142,-143,-144,-143,-144,-143,-142,-141,-140,-139,-140,-139,-138,-137,-138,-137,-138,-139,-140,-139,-138,-137,-138,-137,-138,-137,-138,-137,-138,-139,-140,-139,-140,-141,-140,-139,-138,-137,-136,-137,-136,-135,-136,-137,-138,-139,-138,-137,-138,-139,-140,-139,-138,-139,-140,-141,-142,-143,-142,-141,-140,-139,-140,-141,-140,-139,-138,-139,-140,-141,-142,-143,-144,-143,-144,-145,-144,-145,-146,-145,-144,-143,-142,-141,-142,-143,-142,-143,-144,-145,-146,-145,-144,-143,-144,-143,-144,-143,-142,-141,-140,-141,-142,-143,-144,-143,-142,-141,-140,-141,-140,-141,-140,-139,-138,-137,-138,-139,-140,-139,-140,-139,-140,-141,-142,-141,-142,-143,-144,-145,-146,-145,-144,-143,-142,-141,-140,-139,-138,-137,-136,-135,-134,-133,-134,-133,-132,-131,-130,-129,-130,-129,-128,-129,-130,-129,-128,-127,-126,-127,-126,-125,-124,-123,-124,-123,-124,-125,-124,-123,-124,-123,-122,-121,-122,-121,-120,-119,-118,-117,-116,-117,-116,-115,-116,-117,-116,-115,-114,-113,-112,-111,-110,-109,-110,-111,-112,-111,-110,-109,-108,-107,-106,-105,-104,-105,-106,-105,-104,-103,-102,-103,-102,-101,-100,-99,-98,-99,-98,-97,-96,-97,-96,-95,-94,-95,-94,-93,-92,-91,-90,-91,-92,-91,-92,-93,-94,-93,-92,-93,-94,-95,-96,-95,-96,-97,-98,-97,-96,-95,-96,-97,-98,-99,-98,-99,-100,-101,-102,-101,-102,-101,-102,-103,-104,-103,-102,-103,-102,-103,-104,-105,-106,-107,-106,-107,-106,-105,-106,-105,-106,-107,-106,-107,-108,-109,-110,-111,-110,-111,-112,-111,-112,-111,-112,-113,-114,-113,-112,-111,-112,-113,-114,-115,-114,-113,-112,-111,-110,-111,-112,-113,-112,-111,-110,-109,-110,-111,-112,-111,-110,-109,-110,-109,-110,-109,-108,-107,-106,-107,-106,-105,-106,-107,-106,-107,-108,-107,-106,-105,-106,-105,-106,-105,-106,-107,-106,-105,-104,-103,-104,-105,-104,-103,-102,-103,-104,-105,-106,-105,-106,-105,-106,-105,-106,-105,-106,-105,-104,-105,-104,-103,-104,-105,-106,-105,-106,-105,-104,-105,-104,-105,-104,-103,-102,-101,-100,-101,-100,-99,-98,-99,-98,-99,-100,-99,-100,-99,-98,-99,-100,-101,-102,-101,-100,-101,-100,-101,-100,-101,-100,-99,-100,-99,-98,-97,-96,-97,-98,-99,-100,-99,-100,-99,-100,-99,-98,-97,-96,-97,-96,-95,-96,-97,-96,-95,-94,-95,-94,-93,-94,-95,-94,-95,-94,-95,-96,-95,-96,-95,-96,-95,-94,-93,-92,-91,-92,-91,-90,-91,-90,-89,-90,-91,-92,-91,-90,-91,-90,-89,-90,-91,-92,-91,-90,-89,-88,-89,-90,-89,-88,-89,-90,-89,-88,-87,-86,-85,-84,-85,-84,-83,-84,-83,-82,-83,-84,-85,-84,-83,-82,-83,-84,-83,-84,-85,-86,-85,-86,-85,-84,-83,-84,-85,-86,-85,-86,-87,-86,-87,-86,-85,-86,-85,-86,-87,-88,-87,-88,-89,-88,-89,-88,-89,-88,-89,-90,-89,-90,-91,-92,-93,-94,-95,-96,-95,-94,-95,-94,-95,-96,-97,-96,-97,-98,-99,-100,-101,-100,-99,-100,-101,-102,-101,-100,-99,-98,-97,-96,-95,-94,-95,-94,-95,-94,-93,-92,-93,-92,-93,-92,-91,-92,-91,-90,-89,-88,-87,-88,-87,-86,-85,-86,-87,-88,-87,-88,-87,-88,-87,-88,-87,-88,-89,-90,-89,-90,-91,-90,-91,-92,-93,-92,-91,-92,-91,-90,-89,-90,-91,-90,-91,-90,-89,-88,-87,-86,-85,-86,-85,-84,-85,-84,-85,-84,-85,-84,-85,-84,-83,-82,-83,-84,-85,-84,-85,-86,-85,-84,-83,-82,-81,-82,-81,-80,-79,-78,-77,-78,-79,-80,-79,-80,-79,-80,-79,-78,-77,-76,-77,-76,-77,-76,-75,-74,-73,-74,-75,-76,-75,-76,-77,-76,-75,-76,-75,-74,-73,-72,-71,-72,-71,-70,-71,-72,-71,-70,-69,-68,-69,-70,-69,-68,-67,-68,-67,-68,-69,-68,-69,-70,-71,-72,-73,-72,-71,-70,-69,-70,-71,-70,-69,-70,-71,-70,-69,-68,-67,-68,-69,-70,-71,-70,-71,-72,-71,-70,-71,-70,-69,-70,-71,-70,-71,-72,-71,-70,-69,-70,-69,-70,-69,-68,-67,-68,-67,-66,-65,-66,-65,-66,-67,-66,-65,-66,-67,-68,-67,-66,-67,-68,-67,-66,-65,-66,-65,-64,-63,-62,-61,-60,-61,-62,-61,-60,-59,-58,-59,-60,-59,-58,-59,-58,-57,-58,-57,-58,-59,-60,-59,-60,-59,-58,-59,-58,-59,-58,-57,-58,-57,-58,-57,-58,-57,-58,-57,-56,-57,-56,-55,-54,-55,-56,-57,-58,-57,-58,-57,-56,-57,-56,-55,-54,-53,-54,-55,-54,-55,-56,-57,-56,-55,-54,-55,-56,-55,-56,-57,-58,-59,-58,-57,-58,-59,-60,-59,-58,-57,-58,-57,-58,-59,-60,-59,-58,-57,-58,-59,-58,-59,-58,-59,-60,-61,-62,-61,-60,-59,-58,-57,-58,-57,-56,-57,-56,-55,-56,-55,-56,-55,-56,-57,-58,-57,-56,-55,-56,-57,-56,-55,-54,-53,-54,-53,-52,-53,-54,-55,-54,-55,-56,-55,-54,-55,-56,-57,-58,-59,-60,-59,-58,-57,-58,-59,-60,-59,-58,-59,-60,-61,-60,-59,-60,-59,-58,-57,-56,-57,-58,-57,-58,-59,-60,-59,-60,-59,-60,-59,-58,-57,-56,-57,-58,-57,-56,-55,-56,-55,-56,-57,-56,-57,-58,-57,-56,-57,-58,-59,-58,-59,-60,-61,-60,-59,-58,-57,-56,-57,-56,-55,-54,-53,-54,-53,-54,-53,-52,-51,-50,-49,-48,-47,-48,-47,-48,-47,-46,-47,-46,-45,-44,-43,-44,-43,-44,-43,-42,-43,-42,-43,-44,-43,-44,-43,-42,-41,-42,-43,-42,-41,-40,-39,-38,-37,-36,-37,-36,-37,-38,-37,-38,-39,-38,-37,-38,-37,-36,-37,-38,-37,-38,-37,-38,-39,-38,-39,-40,-39,-38,-37,-36,-37,-38,-39,-40,-39,-38,-37,-36,-35,-36,-35,-34,-35,-34,-33,-34,-35,-34,-35,-34,-33,-32,-33,-34,-35,-36,-35,-34,-35,-34,-35,-34,-33,-34,-33,-32,-31,-30,-29,-30,-29,-28,-29,-30,-29,-28,-29,-28,-27,-26,-25,-24,-23,-22,-21,-22,-23,-22,-21,-20,-21,-20,-19,-20,-19,-20,-19,-18,-19,-18,-17,-16,-15,-16,-17,-18,-17,-16,-17,-18,-17,-18,-17,-18,-19,-18,-19,-20,-21,-22,-23,-24,-25,-26,-25,-24,-25,-26,-27,-28,-29,-30,-31,-32,-33,-32,-33,-32,-31,-30,-29,-28,-29,-28,-27,-28,-27,-26,-27,-28,-29,-28,-29,-30,-31,-30,-29,-30,-31,-30,-31,-32,-33,-32,-33,-34,-35,-36,-35,-34,-35,-34,-33,-34,-33,-32,-31,-30,-29,-30,-29,-30,-29,-28,-27,-28,-29,-28,-27,-26,-27,-28,-27,-28,-27,-28,-29,-28,-29,-30,-29,-28,-29,-30,-29,-28,-27,-28,-29,-28,-27,-26,-25,-24,-23,-22,-23,-22,-23,-24,-25,-24,-25,-24,-23,-22,-21,-20,-21,-22,-21,-22,-21,-22,-23,-22,-23,-22,-21,-20,-21,-20,-19,-18,-17,-18,-19,-18,-17,-16,-17,-16,-17,-16,-17,-18,-17,-16,-17,-16,-17,-18,-19,-18,-17,-18,-19,-18,-17,-16,-17,-18,-19,-18,-19,-20,-21,-20,-19,-20,-19,-20,-19,-18,-17,-16,-15,-14,-15,-16,-17,-16,-17,-18,-19,-20,-21,-22,-23,-22,-23,-24,-25,-26,-27,-26,-25,-24,-25,-24,-25,-24,-25,-24,-23,-24,-25,-24,-25,-26,-27,-26,-25,-26,-27,-26,-25,-24,-23,-22,-21,-22,-23,-24,-23,-22,-23,-24,-25,-24,-25,-26,-25,-24,-23,-22,-21,-22,-21,-22,-23,-22,-21,-22,-23,-22,-21,-20,-21,-22,-23,-22,-21,-20,-19,-20,-21,-20,-19,-18,-19,-20,-21,-22,-21,-20,-21,-22,-23,-24,-25,-26,-27,-26,-25,-26,-27,-28,-29,-28,-27,-28,-27,-28,-27,-26,-27,-28,-29,-30,-31,-32,-33,-34,-33,-32,-31,-32,-33,-32,-31,-30,-31,-30,-31,-30,-29,-28,-29,-30,-29,-30,-29,-30,-29,-30,-29,-30,-29,-30,-29,-28,-29,-28,-29,-30,-29,-28,-27,-28,-27,-28,-29,-30,-31,-30,-31,-32,-31,-30,-31,-32,-31,-30,-31,-30,-31,-32,-33,-34,-35,-36,-35,-36,-37,-36,-35,-36,-37,-36,-37,-38,-39,-40,-39,-40,-41,-42,-43,-44,-43,-44,-45,-46,-45,-46,-47,-46,-47,-48,-49,-48,-47,-48,-47,-48,-47,-46,-47,-46,-47,-46,-45,-46,-45,-44,-43,-44,-45,-44,-43,-42,-43,-42,-41,-42,-43,-44,-45,-44,-45,-46,-45,-44,-45,-46,-45,-46,-45,-44,-43,-42,-41,-40,-41,-40,-39,-38,-39,-38,-37,-38,-39,-40,-39,-38,-37,-38,-39,-38,-37,-36,-37,-38,-39,-40,-41,-40,-41,-42,-43,-44,-45,-44,-45,-44,-43,-42,-41,-42,-41,-40,-39,-40,-41,-42,-41,-40,-39,-40,-39,-40,-39,-40,-39,-38,-39,-38,-39,-38,-37,-38,-37,-36,-35,-34,-35,-34,-35,-36,-37,-38,-37,-38,-39,-40,-41,-42,-41,-42,-41,-42,-41,-42,-41,-42,-43,-42,-41,-42,-43,-42,-43,-44,-45,-46,-47,-46,-47,-48,-47,-46,-47,-48,-49,-50,-51,-52,-51,-52,-53,-54,-53,-54,-53,-52,-53,-54,-53,-52,-51,-52,-53,-54,-55,-54,-55,-56,-55,-56,-57,-58,-59,-58,-57,-58,-57,-58,-57,-58,-59,-58,-59,-58,-59,-60,-61,-62,-61,-62,-63,-62,-61,-62,-63,-64,-65,-64,-63,-64,-65,-64,-65,-66,-65,-66,-67,-66,-67,-66,-67,-66,-65,-66,-65,-64,-65,-66,-65,-66,-65,-66,-67,-68,-67,-68,-67,-68,-69,-70,-69,-70,-71,-70,-71,-70,-71,-72,-73,-72,-71,-70,-69,-70,-69,-68,-67,-66,-65,-64,-65,-66,-67,-66,-65,-66,-67,-68,-69,-68,-67,-66,-67,-68,-67,-68,-67,-68,-67,-66,-65,-64,-63,-62,-63,-62,-61,-60,-59,-60,-61,-62,-61,-62,-61,-62,-63,-64,-63,-62,-63,-64,-65,-66,-65,-66,-67,-68,-67,-66,-65,-66,-65,-66,-67,-66,-65,-64,-65,-66,-67,-66,-67,-68,-67,-66,-67,-68,-67,-68,-69,-68,-69,-68,-69,-70,-71,-72,-73,-74,-73,-72,-73,-72,-73,-72,-73,-72,-73,-74,-75,-74,-73,-74,-73,-74,-73,-74,-75,-76,-75,-74,-73,-74,-73,-74,-75,-76,-75,-74,-75,-74,-75,-74,-73,-72,-73,-72,-73,-74,-75,-74,-75,-74,-75,-74,-75,-76,-75,-74,-75,-76,-77,-78,-79,-78,-79,-80,-81,-82,-81,-80,-81,-82,-83,-84,-83,-84,-85,-86,-87,-86,-87,-86,-85,-84,-85,-84,-83,-84,-83,-84,-83,-84,-85,-86,-87,-88,-87,-88,-87,-86,-85,-86,-87,-88,-87,-88,-87,-88,-89,-90,-89,-90,-89,-88,-87,-88,-89,-88,-89,-90,-89,-90,-91,-90,-91,-92,-93,-94,-93,-94,-95,-94,-95,-96,-95,-94,-93,-92,-93,-92,-91,-90,-91,-90,-91,-90,-89,-90,-91,-90,-89,-90,-91,-92,-93,-94,-93,-92,-93,-94,-95,-96,-95,-96,-95,-96,-95,-94,-93,-94,-93,-94,-95,-94,-93,-92,-91,-90,-89,-88,-89,-90,-89,-90,-91,-92,-91,-90,-91,-1,-2,-1,0,1,2,1,0,-1,0,1,0,-1,-2,-1,-2,-1,0,1,0,-1,-2,-1,-2,-1,-2,-3,-4,-5,-4,-5,-6,-7,-8,-9,-10,-11,-10,-11,-12,-13,-12,-11,-10,-9,-10,-11,-12,-13,-14,-13,-14,-15,-16,-15,-14,-13,-12,-13,-14,-15,-14,-13,-14,-15,-16,-15,-16,-15,-16,-17,-18,-19,-18,-17,-16,-15,-14,-13,-14,-15,-14,-13,-14,-13,-12,-11,-10,-11,-10,-9,-8,-7,-8,-9,-8,-9,-8,-7,-6,-5,-4,-3,-4,-5,-6,-7,-8,-9,-8,-7,-8,-7,-8,-9,-10,-11,-10,-11,-12,-13,-12,-13,-14,-15,-14,-15,-16,-17,-16,-15,-16,-17,-18,-19,-20,-21,-20,-21,-22,-21,-20,-19,-20,-19,-18,-19,-20,-21,-20,-19,-20,-19,-20,-21,-20,-21,-22,-21,-20,-21,-22,-23,-22,-23,-24,-23,-24,-25,-24,-23,-24,-23,-24,-25,-24,-23,-24,-25,-26,-27,-26,-25,-26,-25,-24,-25,-26,-25,-24,-25,-26,-27,-26,-25,-26,-25,-26,-27,-28,-29,-30,-31,-30,-29,-28,-29,-28,-27,-28,-29,-30,-31,-30,-29,-28,-27,-26,-25,-24,-23,-24,-23,-24,-23,-22,-23,-22,-21,-20,-21,-20,-21,-20,-21,-22,-23,-24,-25,-26,-27,-26,-27,-28,-29,-28,-29,-30,-31,-32,-31,-32,-31,-32,-31,-32,-33,-34,-35,-36,-35,-36,-35,-36,-35,-34,-33,-34,-35,-36,-37,-38,-39,-40,-41,-40,-41,-42,-43,-42,-43,-42,-41,-40,-41,-40,-39,-40,-39,-38,-37,-36,-35,-34,-35,-36,-35,-34,-33,-32,-33,-32,-31,-30,-31,-30,-31,-30,-31,-32,-31,-30,-31,-30,-31,-30,-31,-32,-33,-34,-33,-34,-35,-34,-33,-34,-33,-32,-31,-30,-31,-32,-31,-32,-33,-34,-35,-36,-35,-34,-33,-32,-31,-30,-29,-30,-31,-32,-33,-32,-33,-32,-31,-30,-29,-30,-29,-28,-29,-28,-29,-30,-29,-28,-27,-26,-25,-24,-23,-22,-21,-20,-19,-20,-19,-18,-19,-18,-17,-18,-19,-18,-19,-20,-19,-20,-21,-20,-19,-20,-19,-18,-17,-18,-19,-20,-21,-22,-21,-22,-23,-22,-21,-22,-21,-20,-19,-20,-19,-20,-21,-22,-23,-22,-21,-20,-19,-20,-19,-20,-19,-18,-19,-20,-21,-20,-21,-22,-21,-22,-21,-20,-21,-22,-21,-20,-21,-20,-19,-18,-17,-18,-17,-16,-17,-16,-15,-14,-13,-14,-13,-12,-13,-12,-13,-12,-13,-12,-11,-10,-9,-8,-7,-8,-7,-6,-7,-8,-9,-8,-9,-10,-9,-10,-11,-12,-11,-12,-13,-14,-15,-16,-17,-16,-15,-14,-13,-12,-13,-12,-11,-12,-11,-10,-11,-12,-11,-10,-11,-10,-11,-10,-11,-10,-11,-10,-11,-10,-9,-10,-9,-8,-9,-10,-9,-8,-9,-8,-9,-8,-9,-8,-9,-8,-9,-8,-9,-8,-9,-8,-9,-8,-9,-8,-9,-10,-11,-10,-11,-12,-13,-12,-13,-12,-13,-12,-13,-12,-13,-12,-13,-14,-15,-14,-15,-16,-17,-16,-17,-16,-17,-16,-17,-16,-17,-18,-19,-18,-19,-18,-19,-18,-17,-18,-17,-18,-17,-16,-15,-14,-15,-16,-17,-16,-17,-18,-17,-18,-17,-18,-19,-20,-21,-20,-19,-20,-21,-20,-21,-22,-21,-20,-19,-18,-19,-20,-19,-18,-17,-16,-15,-16,-15,-14,-13,-14,-13,-14,-13,-14,-15,-16,-17,-18,-19,-20,-21,-22,-23,-24,-23,-24,-23,-24,-25,-26,-25,-24,-23,-22,-21,-22,-23,-24,-25,-24,-23,-24,-23,-24,-25,-24,-25,-24,-23,-24,-25,-24,-23,-22,-21,-20,-21,-20,-21,-22,-23,-24,-23,-22,-21,-22,-23,-22,-21,-20,-21,-20,-21,-22,-23,-24,-25,-24,-23,-22,-21,-20,-21,-20,-19,-20,-21,-22,-21,-22,-23,-22,-21,-22,-21,-22,-23,-24,-23,-22,-23,-22,-21,-20,-21,-20,-21,-22,-21,-20,-21,-22,-21,-20,-19,-20,-21,-22,-21,-22,-23,-22,-21,-22,-21,-22,-23,-22,-23,-22,-23,-24,-25,-24,-25,-26,-27,-28,-29,-30,-31,-30,-29,-30,-29,-30,-31,-30,-31,-30,-31,-32,-33,-34,-35,-36,-37,-36,-35,-34,-35,-36,-35,-36,-37,-38,-37,-38,-37,-36,-37,-36,-35,-36,-37,-38,-37,-36,-35,-36,-35,-36,-37,-38,-37,-36,-35,-34,-33,-32,-31,-32,-33,-34,-33,-32,-33,-32,-31,-32,-33,-32,-31,-30,-31,-30,-31,-32,-33,-34,-35,-36,-37,-36,-37,-38,-39,-38,-39,-40,-39,-40,-41,-40,-41,-40,-39,-38,-37,-36,-37,-38,-39,-38,-37,-36,-37,-36,-37,-38,-39,-38,-39,-40,-41,-40,-39,-40,-41,-40,-41,-42,-43,-42,-43,-44,-43,-44,-45,-44,-45,-44,-43,-42,-41,-42,-43,-44,-45,-46,-47,-46,-47,-48,-49,-50,-51,-50,-51,-52,-53,-54,-55,-56,-57,-58,-57,-56,-55,-56,-55,-54,-53,-52,-53,-54,-53,-52,-51,-50,-51,-50,-51,-50,-49,-50,-51,-52,-53,-54,-53,-52,-53,-54,-55,-56,-55,-56,-57,-58,-59,-60,-59,-60,-61,-60,-61,-60,-59,-60,-61,-62,-63,-64,-63,-62,-61,-62,-63,-62,-61,-60,-61,-60,-59,-60,-61,-60,-59,-58,-59,-58,-59,-60,-61,-62,-61,-60,-59,-60,-61,-62,-63,-64,-65,-66,-67,-66,-67,-66,-67,-68,-69,-68,-67,-68,-67,-68,-69,-70,-71,-70,-71,-70,-69,-68,-67,-66,-65,-66,-65,-64,-65,-64,-63,-62,-63,-62,-63,-64,-65,-66,-67,-68,-69,-70,-69,-68,-69,-68,-69,-68,-67,-66,-67,-66,-67,-66,-67,-68,-69,-70,-71,-70,-69,-68,-69,-70,-69,-70,-71,-70,-71,-70,-71,-70,-71,-70,-71,-72,-73,-72,-73,-72,-73,-74,-73,-72,-73,-74,-75,-76,-77,-78,-79,-80,-79,-80,-79,-80,-79,-78,-77,-76,-77,-78,-77,-78,-77,-78,-79,-78,-79,-78,-79,-80,-81,-82,-81,-80,-79,-80,-79,-80,-79,-78,-77,-76,-75,-74,-75,-76,-75,-74,-73,-72,-73,-72,-71,-72,-71,-72,-71,-72,-71,-70,-71,-72,-71,-72,-73,-74,-75,-76,-75,-76,-75,-74,-75,-74,-73,-74,-73,-72,-73,-72,-73,-72,-71,-70,-71,-70,-69,-68,-67,-66,-67,-68,-67,-68,-67,-66,-67,-66,-67,-66,-67,-68,-69,-68,-69,-68,-67,-66,-67,-68,-69,-68,-69,-70,-69,-68,-67,-68,-69,-70,-71,-70,-69,-68,-69,-70,-71,-70,-71,-72,-71,-72,-71,-72,-73,-72,-71,-72,-73,-72,-71,-70,-71,-70,-69,-68,-69,-68,-67,-66,-67,-68,-69,-70,-71,-72,-71,-72,-73,-74,-73,-74,-73,-74,-73,-72,-71,-70,-71,-70,-69,-70,-71,-72,-73,-74,-75,-76,-75,-74,-75,-74,-73,-74,-73,-72,-73,-72,-71,-72,-71,-70,-69,-68,-69,-68,-67,-68,-69,-68,-67,-68,-67,-68,-69,-70,-71,-70,-69,-70,-71,-70,-69,-70,-71,-70,-69,-70,-71,-72,-71,-72,-73,-74,-75,-74,-75,-74,-73,-74,-75,-74,-75,-76,-75,-74,-73,-72,-73,-74,-75,-76,-75,-76,-77,-78,-79,-80,-81,-80,-81,-82,-81,-80,-81,-80,-79,-78,-77,-78,-79,-80,-79,-80,-79,-78,-79,-80,-81,-80,-79,-78,-79,-78,-79,-78,-77,-76,-77,-76,-75,-74,-73,-72,-71,-70,-69,-70,-69,-68,-69,-68,-67,-66,-65,-66,-67,-68,-69,-68,-67,-66,-67,-68,-67,-66,-67,-68,-67,-68,-67,-66,-65,-64,-65,-64,-65,-66,-65,-64,-65,-64,-65,-64,-65,-66,-65,-64,-65,-66,-67,-66,-67,-66,-65,-64,-65,-66,-67,-66,-67,-68,-67,-68,-67,-66,-65,-66,-67,-66,-67,-66,-67,-66,-67,-68,-69,-70,-71,-70,-71,-70,-69,-70,-69,-70,-71,-72,-73,-72,-71,-70,-71,-72,-73,-72,-71,-70,-71,-72,-71,-70,-69,-68,-67,-68,-69,-68,-67,-68,-67,-66,-67,-66,-67,-68,-69,-70,-71,-72,-73,-74,-75,-76,-77,-76,-75,-76,-75,-76,-77,-76,-77,-78,-79,-80,-81,-80,-81,-80,-79,-80,-81,-82,-83,-84,-85,-86,-87,-88,-87,-88,-89,-90,-91,-92,-91,-90,-91,-90,-89,-90,-89,-88,-87,-86,-87,-86,-85,-86,-87,-88,-89,-90,-89,-90,-91,-90,-91,-90,-89,-88,-89,-90,-91,-92,-93,-94,-95,-94,-95,-94,-95,-96,-97,-98,-99,-100,-101,-102,-103,-104,-105,-106,-105,-106,-107,-108,-109,-110,-111,-112,-113,-114,-115,-116,-117,-118,-119,-120,-121,-122,-123,-124,-123,-122,-123,-124,-123,-122,-123,-124,-123,-122,-123,-124,-125,-126,-125,-124,-123,-122,-123,-124,-125,-126,-127,-128,-129,-130,-129,-130,-131,-132,-131,-132,-133,-134,-133,-132,-133,-132,-131,-132,-133,-134,-133,-134,-135,-136,-137,-136,-137,-138,-137,-138,-139,-140,-139,-138,-139,-140,-139,-138,-139,-138,-139,-138,-137,-138,-137,-138,-137,-138,-137,-136,-137,-136,-137,-136,-135,-134,-135,-134,-133,-134,-135,-136,-135,-134,-135,-136,-137,-136,-137,-136,-135,-136,-137,-138,-139,-138,-139,-138,-139,-140,-141,-140,-139,-140,-141,-142,-141,-142,-141,-142,-141,-140,-141,-142,-143,-144,-145,-146,-147,-148,-149,-148,-147,-146,-147,-148,-149,-150,-151,-152,-151,-152,-151,-150,-149,-150,-149,-150,-151,-150,-149,-150,-149,-150,-151,-150,-151,-150,-151,-152,-153,-152,-153,-152,-151,-150,-149,-150,-149,-150,-149,-150,-151,-152,-153,-154,-155,-154,-153,-152,-151,-150,-149,-148,-149,-150,-151,-152,-151,-152,-153,-154,-155,-156,-157,-156,-157,-156,-157,-156,-157,-156,-157,-158,-159,-160,-161,-162,-163,-164,-165,-166,-167,-168,-169,-168,-167,-166,-165,-164,-165,-164,-163,-164,-163,-162,-163,-164,-163,-164,-163,-162,-163,-164,-165,-166,-167,-168,-169,-168,-169,-168,-167,-168,-169,-170,-169,-170,-169,-170,-169,-170,-169,-170,-169,-168,-167,-168,-167,-166,-167,-166,-165,-164,-163,-164,-163,-162,-163,-164,-165,-166,-167,-168,-169,-168,-167,-166,-165,-164,-165,-164,-165,-166,-167,-168,-169,-170,-169,-170,-171,-172,-171,-170,-169,-170,-169,-170,-171,-172,-173,-172,-171,-172,-171,-170,-169,-170,-171,-172,-173,-174,-175,-174,-173,-172,-173,-174,-175,-176,-175,-174,-175,-174,-173,-174,-173,-174,-173,-174,-173,-172,-173,-174,-173,-172,-173,-172,-171,-170,-169,-170,-169,-170,-169,-170,-169,-168,-169,-168,-169,-170,-169,-170,-169,-170,-171,-172,-173,-172,-171,-172,-171,-170,-169,-168,-169,-170,-169,-168,-169,-170,-169,-170,-169,-170,-171,-172,-173,-174,-173,-172,-173,-172,-173,-172,-173,-174,-175,-176,-175,-176,-175,-176,-175,-176,-177,-178,-179,-180,-181,-182,-181,-182,-181,-182,-183,-184,-183,-184,-183,-184,-185,-186,-187,-188,-187,-188,-187,-186,-185,-186,-185,-186,-185,-184,-185,-186,-185,-186,-185,-184,-185,-184,-185,-186,-185,-184,-185,-184,-185,-184,-183,-182,-181,-180,-181,-182,-183,-182,-181,-182,-181,-182,-181,-182,-181,-180,-181,-182,-183,-184,-183,-182,-181,-180,-181,-182,-181,-180,-179,-180,-179,-180,-179,-180,-179,-180,-179,-180,-181,-182,-183,-182,-183,-182,-181,-182,-181,-182,-181,-182,-181,-182,-183,-184,-185,-186,-187,-186,-185,-186,-187,-188,-187,-188,-187,-188,-187,-188,-187,-186,-187,-186,-187,-186,-187,-186,-185,-186,-187,-188,-187,-188,-187,-186,-187,-188,-187,-188,-189,-190,-191,-190,-191,-190,-189,-188,-187,-186,-187,-186,-187,-188,-189,-190,-189,-190,-189,-190,-191,-190,-189,-190,-189,-190,-189,-190,-191,-192,-193,-194,-193,-194,-195,-196,-195,-196,-195,-196,-197,-196,-195,-194,-195,-196,-197,-198,-199,-200,-199,-200,-199,-200,-201,-200,-199,-200,-199,-198,-197,-196,-195,-194,-193,-194,-193,-192,-193,-192,-191,-190,-189,-188,-189,-188,-187,-186,-187,-186,-185,-186,-185,-186,-185,-184,-183,-182,-183,-182,-181,-182,-183,-182,-181,-182,-181,-180,-181,-182,-183,-182,-183,-182,-181,-182,-181,-180,-181,-180,-179,-178,-177,-176,-175,-174,-173,-172,-173,-172,-171,-170,-171,-170,-169,-170,-169,-170,-169,-168,-167,-168,-167,-166,-167,-166,-165,-164,-163,-162,-163,-162,-163,-164,-165,-166,-167,-168,-167,-168,-169,-170,-171,-172,-173,-174,-173,-172,-173,-172,-171,-172,-171,-172,-173,-172,-173,-174,-175,-174,-175,-174,-173,-174,-173,-174,-175,-174,-173,-174,-173,-172,-171,-172,-173,-174,-173,-172,-171,-172,-173,-174,-173,-174,-175,-176,-175,-174,-173,-174,-175,-174,-175,-176,-177,-176,-175,-174,-173,-174,-175,-176,-177,-178,-177,-176,-175,-176,-175,-174,-173,-172,-171,-172,-173,-174,-175,-176,-175,-176,-177,-178,-177,-178,-177,-176,-175,-176,-175,-174,-173,-172,-173,-174,-175,-176,-175,-174,-175,-174,-175,-176,-175,-174,-175,-174,-173,-174,-173,-174,-175,-174,-173,-172,-173,-172,-171,-170,-169,-168,-167,-168,-167,-168,-167,-168,-169,-168,-169,-168,-167,-166,-167,-168,-167,-168,-169,-168,-167,-168,-167,-166,-165,-164,-165,-166,-167,-168,-167,-168,-167,-166,-165,-166,-165,-164,-165,-164,-163,-164,-163,-164,-165,-164,-163,-162,-163,-162,-163,-162,-161,-162,-163,-162,-163,-162,-163,-162,-161,-162,-163,-164,-165,-166,-165,-166,-165,-166,-165,-166,-167,-168,-167,-168,-167,-168,-167,-168,-167,-168,-169,-170,-171,-172,-171,-170,-171,-170,-169,-170,-169,-168,-167,-168,-169,-168,-167,-166,-165,-164,-165,-164,-163,-162,-163,-162,-163,-164,-163,-164,-163,-162,-161,-160,-159,-160,-161,-160,-161,-162,-163,-162,-161,-160,-159,-158,-157,-156,-157,-158,-157,-158,-159,-160,-161,-160,-161,-162,-163,-164,-165,-164,-163,-162,-161,-160,-159,-158,-157,-158,-159,-160,-161,-160,-161,-160,-161,-160,-159,-158,-159,-158,-157,-158,-157,-156,-155,-154,-153,-152,-153,-154,-155,-156,-157,-156,-157,-156,-157,-158,-157,-158,-157,-156,-155,-156,-157,-156,-157,-158,-157,-156,-155,-154,-153,-154,-153,-154,-155,-154,-155,-154,-153,-152,-153,-152,-151,-152,-153,-154,-155,-154,-155,-154,-155,-154,-153,-152,-151,-152,-151,-150,-151,-152,-153,-152,-151,-150,-149,-148,-147,-148,-149,-150,-149,-148,-149,-150,-151,-150,-151,-150,-149,-148,-147,-148,-147,-148,-149,-150,-149,-150,-151,-152,-151,-152,-151,-150,-149,-148,-149,-148,-147,-148,-149,-148,-147,-146,-147,-146,-145,-146,-147,-146,-145,-144,-145,-144,-143,-144,-143,-142,-143,-142,-141,-142,-141,-140,-139,-138,-137,-138,-137,-138,-137,-136,-135,-136,-137,-136,-135,-134,-133,-134,-133,-132,-133,-134,-135,-136,-137,-136,-135,-136,-137,-138,-139,-138,-139,-138,-137,-138,-137,-138,-139,-140,-139,-138,-139,-138,-139,-138,-137,-136,-135,-134,-135,-134,-133,-134,-135,-134,-133,-132,-133,-132,-131,-132,-131,-130,-129,-128,-127,-126,-125,-126,-125,-124,-125,-126,-125,-124,-125,-126,-125,-126,-125,-124,-123,-122,-121,-122,-121,-120,-121,-122,-123,-124,-125,-124,-123,-122,-123,-124,-125,-126,-125,-126,-127,-128,-127,-126,-125,-126,-125,-126,-127,-128,-129,-130,-131,-132,-131,-132,-133,-134,-133,-134,-135,-134,-133,-132,-133,-132,-131,-130,-131,-132,-133,-134,-135,-134,-135,-134,-135,-134,-133,-132,-131,-132,-131,-130,-131,-132,-133,-132,-131,-132,-131,-132,-133,-134,-133,-132,-131,-130,-129,-128,-129,-130,-131,-132,-133,-134,-135,-136,-135,-134,-133,-134,-133,-132,-133,-134,-135,-136,-135,-134,-135,-136,-135,-134,-133,-134,-133,-132,-131,-130,-129,-130,-129,-130,-131,-132,-133,-134,-135,-134,-135,-134,-135,-134,-133,-134,-135,-136,-135,-134,-135,-136,-137,-138,-139,-138,-137,-138,-139,-138,-139,-140,-139,-138,-137,-136,-135,-136,-137,-136,-137,-138,-137,-138,-139,-140,-141,-142,-141,-140,-139,-140,-139,-140,-141,-140,-141,-140,-139,-140,-141,-142,-141,-142,-143,-144,-145,-144,-143,-142,-143,-144,-145,-146,-147,-148,-147,-146,-145,-144,-143,-144,-145,-146,-147,-146,-147,-148,-147,-148,-147,-146,-147,-148,-149,-148,-147,-148,-147,-146,-147,-148,-149,-150,-149,-148,-149,-150,-149,-150,-149,-150,-149,-148,-147,-146,-145,-144,-143,-142,-141,-140,-141,-142,-141,-140,-139,-140,-139,-138,-139,-138,-139,-138,-139,-138,-137,-136,-135,-134,-135,-136,-135,-134,-133,-132,-131,-130,-129,-128,-127,-126,-127,-126,-127,-126,-127,-128,-127,-126,-125,-126,-127,-126,-125,-126,-125,-126,-127,-126,-127,-126,-127,-126,-127,-128,-129,-130,-131,-132,-133,-134,-133,-134,-135,-134,-133,-132,-131,-132,-131,-130,-129,-130,-129,-128,-129,-130,-129,-130,-131,-130,-129,-128,-129,-128,-129,-130,-129,-128,-129,-130,-131,-130,-129,-130,-129,-128,-129,-130,-129,-128,-127,-128,-127,-126,-127,-128,-127,-128,-127,-128,-129,-128,-127,-126,-125,-124,-123,-122,-121,-120,-119,-118,-119,-120,-119,-118,-117,-118,-117,-118,-119,-118,-117,-118,-117,-116,-117,-116,-115,-116,-117,-116,-115,-116,-117,-116,-115,-114,-115,-116,-117,-118,-117,-118,-117,-118,-117,-118,-119,-118,-117,-118,-117,-118,-117,-116,-115,-116,-115,-114,-113,-112,-113,-114,-113,-114,-115,-114,-113,-114,-115,-114,-115,-114,-115,-114,-113,-114,-113,-112,-111,-110,-109,-110,-109,-110,-109,-110,-109,-108,-107,-108,-107,-108,-107,-106,-107,-108,-109,-110,-109,-110,-111,-110,-109,-108,-107,-108,-107,-108,-107,-106,-105,-106,-105,-104,-103,-102,-103,-102,-101,-100,-101,-100,-99,-100,-99,-98,-99,-98,-97,-96,-95,-96,-95,-94,-93,-94,-95,-94,-93,-94,-93,-92,-91,-92,-93,-92,-93,-92,-91,-92,-93,-92,-93,-94,-95,-94,-95,-96,-95,-94,-93,-94,-95,-94,-95,-94,-93,-94,-93,-94,-95,-96,-97,-96,-95,-96,-95,-94,-93,-94,-93,-92,-93,-92,-93,-92,-91,-90,-91,-90,-89,-88,-89,-90,-91,-92,-91,-90,-91,-92,-91,-90,-91,-90,-91,-92,-91,-90,-89,-90,-89,-88,-87,-88,-87,-86,-85,-86,-87,-86,-87,-86,-85,-84,-83,-82,-81,-82,-81,-82,-83,-82,-81,-80,-79,-80,-81,-82,-81,-82,-81,-80,-81,-80,-79,-80,-81,-82,-81,-80,-79,-78,-79,-78,-79,-78,-77,-78,-77,-76,-77,-76,-75,-76,-77,-78,-79,-78,-77,-78,-77,-78,-77,-76,-77,-78,-77,-78,-79,-78,-77,-78,-77,-76,-77,-78,-77,-76,-75,-74,-73,-72,-71,-72,-71,-72,-71,-70,-69,-68,-69,-68,-69,-68,-69,-68,-67,-66,-67,-68,-69,-70,-71,-70,-69,-70,-71,-72,-71,-72,-73,-74,-73,-74,-75,-74,-73,-72,-71,-72,-73,-72,-71,-70,-69,-68,-67,-66,-67,-66,-65,-64,-63,-62,-61,-60,-59,-60,-59,-58,-57,-58,-59,-58,-59,-60,-61,-60,-59,-58,-59,-60,-59,-58,-57,-56,-55,-54,-55,-56,-55,-56,-57,-56,-55,-54,-53,-52,-51,-52,-51,-50,-49,-50,-51,-50,-51,-52,-51,-52,-53,-52,-53,-52,-51,-52,-51,-50,-51,-50,-49,-50,-49,-48,-49,-48,-49,-48,-49,-48,-47,-48,-49,-48,-47,-46,-45,-46,-47,-48,-49,-50,-51,-50,-51,-52,-51,-52,-53,-52,-53,-52,-51,-52,-51,-50,-51,-50,-51,-50,-49,-48,-49,-48,-49,-48,-49,-48,-47,-46,-47,-48,-47,-46,-47,-46,-47,-48,-49,-50,-51,-50,-51,-50,-51,-52,-51,-52,-53,-54,-55,-56,-57,-58,-59,-60,-61,-62,-63,-64,-63,-62,-61,-60,-59,-58,-59,-58,-57,-56,-57,-56,-57,-56,-57,-58,-57,-58,-59,-58,-59,-58,-57,-56,-55,-56,-55,-54,-53,-54,-55,-56,-57,-58,-57,-58,-57,-58,-59,-60,-61,-60,-59,-58,-59,-60,-61,-62,-63,-62,-61,-62,-61,-62,-63,-62,-63,-62,-61,-62,-63,-64,-65,-66,-65,-64,-63,-62,-63,-62,-63,-62,-63,-64,-65,-66,-65,-66,-65,-66,-65,-66,-67,-66,-65,-66,-65,-64,-63,-64,-65,-66,-67,-66,-67,-66,-65,-64,-63,-62,-61,-62,-63,-64,-65,-64,-65,-64,-63,-62,-63,-62,-61,-60,-59,-58,-59,-58,-59,-60,-61,-62,-63,-62,-61,-60,-61,-62,-61,-60,-59,-58,-59,-58,-57,-58,-59,-60,-59,-58,-57,-56,-57,-58,-57,-58,-59,-58,-57,-58,-57,-56,-55,-56,-57,-56,-55,-56,-57,-56,-55,-54,-53,-54,-55,-56,-55,-56,-55,-54,-53,-54,-53,-52,-53,-54,-53,-54,-53,-52,-53,-54,-53,-54,-53,-54,-55,-54,-55,-54,-55,-54,-53,-54,-53,-52,-53,-52,-51,-52,-51,-52,-53,-52,-53,-52,-51,-52,-51,-52,-51,-52,-53,-54,-55,-56,-57,-56,-57,-56,-55,-56,-57,-58,-57,-56,-55,-56,-57,-58,-57,-56,-55,-54,-53,-54,-53,-52,-51,-50,-49,-48,-47,-46,-47,-46,-45,-46,-47,-48,-49,-48,-49,-48,-49,-50,-49,-48,-47,-48,-47,-46,-47,-48,-47,-46,-45,-44,-43,-42,-41,-40,-39,-38,-37,-38,-37,-36,-35,-34,-33,-34,-35,-34,-33,-32,-31,-30,-31,-30,-31,-30,-31,-32,-31,-30,-29,-28,-29,-30,-31,-30,-31,-30,-31,-32,-31,-30,-29,-30,-31,-30,-29,-30,-29,-28,-27,-26,-27,-26,-25,-26,-27,-28,-29,-28,-27,-28,-27,-26,-27,-26,-27,-28,-27,-28,-27,-26,-25,-24,-25,-26,-25,-24,-23,-24,-23,-24,-25,-24,-23,-24,-23,-22,-23,-22,-23,-24,-25,-26,-27,-26,-27,-28,-29,-30,-29,-28,-29,-28,-27,-26,-27,-28,-29,-30,-29,-28,-27,-26,-25,-24,-23,-22,-23,-22,-23,-22,-23,-22,-23,-22,-21,-22,-23,-24,-25,-24,-25,-24,-23,-22,-21,-20,-21,-22,-21,-22,-21,-20,-21,-22,-23,-22,-23,-22,-23,-24,-25,-24,-25,-24,-25,-24,-25,-24,-23,-22,-23,-24,-23,-24,-25,-24,-23,-22,-21,-20,-21,-22,-21,-22,-23,-22,-21,-20,-21,-20,-19,-20,-21,-22,-21,-20,-21,-20,-21,-22,-23,-24,-25,-24,-23,-22,-23,-24,-25,-26,-25,-24,-23,-22,-23,-22,-23,-24,-25,-24,-23,-22,-23,-22,-21,-20,-21,-22,-23,-24,-25,-26,-27,-26,-27,-28,-27,-26,-25,-26,-27,-26,-25,-24,-23,-22,-23,-22,-23,-24,-25,-24,-23,-22,-21,-20,-21,-22,-23,-22,-23,-22,-21,-20,-19,-18,-17,-18,-19,-20,-19,-18,-19,-18,-17,-18,-19,-18,-19,-20,-19,-18,-17,-16,-17,-18,-19,-20,-21,-22,-21,-22,-21,-20,-21,-20,-21,-20,-19,-18,-17,-16,-17,-16,-15,-16,-15,-14,-13,-12,-11,-12,-13,-14,-13,-14,-13,-12,-13,-14,-15,-16,-15,-14,-13,-14,-13,-14,-13,-12,-11,-10,-11,-10,-9,-10,-9,-8,-9,-10,-9,-10,-11,-12,-13,-12,-13,-12,-11,-10,-9,-8,-9,-10,-11,-10,-11,-10,-9,-8,-7,-6,-5,-4,-3,-4,-5,-4,-3,-4,-5,-4,-3,-2,-3,-2,-3,-2,-3,-2,-3,-2,-3,-4,-5,-4,-5,-4,-5,-4,-3,-2,-1,0,-1,0,1,2,1,2,1,2,3,1,2,3,4,5,6,7,8,9,8,7,8,9,10,9,10,9,10,9,10,11,12,11,12,13,14,15,16,17,18,19,18,19,20,21,22,23,24,25,26,27,28,29,30,31,32,33,34,35,34,35,34,33,34,33,34,35,36,37,38,39,40,41,40,41,42,43,44,45,46,47,48,49,48,49,50,51,52,53,54,53,52,51,52,51,52,51,52,51,52,53,54,55,56,57,58,59,58,59,60,59,60,61,60,59,58,57,58,57,56,57,58,57,58,59,60,61,60,61,62,63,64,65,66,67,68,69,70,71,72,71,72,71,70,71,72,71,70,71,72,73,74,73,74,75,76,77,78,79,80,81,82,83,84,85,86,87,88,89,90,91,92,91,92,93,94,95,96,95,96,97,98,99,98,97,98,99,98,97,96,97,96,95,96,97,98,99,100,101,102,103,104,105,104,103,104,105,104,103,102,103,104,105,104,105,106,107,108,109,110,111,112,111,110,111,112,113,114,113,114,113,114,115,116,115,116,117,118,119,120,121,122,123,124,125,126,127,126,127,128,129,130,131,132,133,134,135,136,137,138,139,140,141,142,143,144,145,146,147,148,147,148,149,150,149,150,151,152,153,154,155,156,155,154,153,152,153,154,155,156,157,158,159,160,161,160,159,160,161,160,159,158,157,156,157,158,159,160,161,162,163,164,165,166,167,166,167,166,165,166,165,164,165,164,163,164,163,162,163,164,165,164,165,166,167,166,167,168,169,170,169,168,169,170,169,170,169,170,169,168,167,168,169,168,167,168,169,168,169,168,169,168,169,170,171,170,169,170,171,172,173,172,171,172,171,172,171,172,171,172,173,174,175,174,175,174,175,174,175,174,175,176,177,176,177,178,177,176,177,178,179,180,179,180,181,180,181,182,183,184,185,186,187,186,187,186,187,188,189,188,187,188,189,188,189,190,191,192,193,192,193,192,193,194,195,196,197,198,199,200,199,200,201,202,201,200,201,202,203,204,205,206,207,208,209,210,211,212,213,214,215,214,215,216,215,214,215,216,215,214,215,214,213,214,215,216,215,214,215,216,217,218,219,220,221,222,223,222,221,222,223,222,223,224,223,224,225,226,227,228,227,228,229,228,229,230,229,228,229,230,231,232,233,234,235,236,237,238,237,238,239,238,239,240,239,238,239,240,241,242,243,244,245,246,247,248,249,250,251,250,251,252,253,254,255,256,257,258,259,258,259,260,261,262,263,264,265,266,267,268,269,270,271,272,273,272,273,274,275,276,277,278,279,280,281,280,281,282,283,284,285,286,285,286,285,286,287,288,287,286,287,288,287,286,287,286,285,286,285,284,285,286,285,286,285,286,287,286,287,288,287,288,287,286,287,288,287,288,289,288,287,286,287,286,287,288,287,288,287,288,289,290,291,292,293,292,293,294,295,296,295,294,295,294,295,296,295,296,295,294,295,294,293,294,295,294,295,294,293,294,295,294,295,296,295,296,297,296,295,296,295,296,297,298,297,298,299,298,299,298,297,298,297,296,295,294,295,294,293,292,293,294,293,294,293,294,295,296,297,298,299,298,297,296,295,296,295,296,295,296,295,296,297,296,295,294,295,294,293,292,291,292,291,290,289,288,289,288,289,288,287,288,289,288,287,288,289,288,289,290,289,288,287,288,287,286,287,286,285,286,285,286,285,284,285,284,285,286,287,286,285,286,285,284,285,284,285,284,285,286,285,284,283,284,283,284,283,284,285,284,285,286,287,286,285,286,287,288,289,290,289,290,289,288,289,288,287,288,289,288,289,288,287,288,287,288,287,288,289,288,289,290,289,288,289,290,289,290,289,288,289,290,291,292,293,292,293,294,293,294,295,294,295,296,297,298,299,298,297,298,297,296,295,296,295,296,295,294,295,294,293,294,293,292,293,292,291,292,291,292,291,290,289,290,289,288,289,290,289,290,289,288,289,290,289,290,289,288,289,290,291,292,293,292,291,290,291,290,291,290,291,292,291,292,291,292,293,294,293,294,295,294,293,292,291,290,291,292,293,292,293,292,291,290,291,290,289,290,289,288,289,288,287,288,287,288,289,288,289,290,291,290,291,290,289,290,289,290,291,290,291,292,293,294,295,296,295,294,293,292,293,292,293,294,293,294,295,294,295,296,295,296,297,296,295,296,295,294,295,296,295,296,295,294,293,294,293,292,293,294,293,292,293,294,293,292,293,294,295,294,293,294,293,294,295,296,297,296,297,296,295,296,297,298,297,298,297,298,297,296,295,294,295,294,295,296,295,296,297,298,299,300,299,300,299,300,299,298,299,300,301,302,301,300,301,302,303,302,303,302,303,304,303,304,305,304,305,304,305,304,305,306,305,306,305,304,303,304,305,306,305,304,305,306,307,306,307,306,307,306,307,306,307,308,309,310,309,310,311,310,311,310,311,312,313,314,315,316,317,318,317,318,317,316,315,314,313,312,313,314,313,314,315,316,315,314,315,316,315,314,315,316,315,316,317,318,319,318,317,318,317,316,317,316,315,316,317,318,319,320,319,320,319,320,321,320,321,322,321,322,323,322,321,322,321,320,321,320,321,320,319,320,319,318,319,318,317,318,319,320,321,320,319,318,317,316,317,318,319,318,319,318,317,318,319,318,319,320,319,320,321,320,321,320,319,320,321,320,321,322,323,324,323,322,321,322,323,324,323,322,321,322,321,322,323,322,321,320,321,320,319,318,319,318,319,320,321,320,321,320,319,318,319,320,321,320,321,322,323,322,323,322,321,322,323,324,325,326,327,328,329,330,331,330,331,332,331,332,333,334,335,334,335,334,333,334,333,332,333,332,331,332,333,334,335,336,335,334,335,336,337,338,339,338,337,338,337,338,339,340,341,340,341,340,341,340,339,340,339,340,341,342,343,342,343,342,341,340,339,340,339,338,339,338,339,340,339,338,339,338,339,338,337,336,335,336,335,334,335,336,335,334,335,334,335,334,333,334,333,334,333,332,333,334,335,336,337,338,337,338,339,338,337,336,337,336,335,336,337,338,337,336,335,334,335,336,335,334,333,332,331,330,329,330,329,330,331,332,331,330,329,328,329,328,327,326,325,326,327,326,325,326,327,328,327,328,327,328,329,328,329,330,331,330,331,330,329,328,329,328,329,328,327,326,327,326,325,326,325,326,325,326,325,324,325,326,327,326,327,328,327,328,327,326,327,328,327,328,329,328,329,328,327,328,329,328,327,328,327,328,329,330,331,332,331,330,331,330,331,330,331,332,331,332,331,330,331,332,331,332,331,330,331,330,329,328,329,328,327,326,327,326,325,326,325,326,327,326,325,326,325,326,327,328,327,328,327,326,325,326,325,326,325,326,327,326,327,326,327,326,327,326,327,328,329,330,331,330,331,330,329,330,329,328,329,328,327,328,329,330,331,330,329,328,329,328,327,326,327,326,325,326,325,324,325,324,323,324,323,322,323,322,321,322,321,320,321,320,319,320,319,318,319,320,319,320,321,320,321,322,321,322,323,322,323,324,325,324,325,324,323,322,321,322,323,322,323,324,323,322,321,322,321,322,323,324,325,326,327,328,327,326,325,324,325,326,325,326,327,326,325,324,325,324,325,326,327,328,327,328,329,328,329,328,327,328,329,330,331,332,331,330,331,332,331,330,329,328,329,328,327,328,329,328,327,326,325,326,327,326,327,326,325,324,323,324,323,322,323,324,323,322,323,322,323,322,321,320,321,322,323,324,323,322,321,320,321,322,321,320,321,322,323,324,323,322,323,324,323,324,325,324,323,324,323,324,325,326,325,324,323,324,325,326,325,326,327,326,325,324,323,322,323,322,321,322,321,320,321,322,321,322,321,322,321,320,319,318,319,320,319,318,319,320,319,318,319,318,319,320,321,322,321,322,323,322,321,322,323,322,321,320,319,320,319,318,319,318,317,316,317,318,317,318,319,318,319,318,319,320,319,320,321,320,321,320,319,320,321,320,319,320,321,322,323,322,323,324,325,324,323,324,323,322,323,322,321,320,321,320,319,318,319,320,319,320,321,322,321,320,321,320,319,320,321,320,321,322,321,320,321,322,323,322,321,320,319,318,319,318,317,316,315,316,315,314,315,314,313,314,313,314,315,316,317,316,315,316,317,316,317,316,315,314,315,316,317,316,315,314,315,314,315,316,317,318,317,316,317,318,319,318,319,318,319,318,319,320,321,322,321,320,321,322,321,320,319,318,319,320,321,322,323,324,323,324,325,324,323,324,323,322,321,322,321,322,323,322,323,322,323,324,325,324,325,324,325,326,325,326,327,326,325,326,325,324,325,324,325,326,327,328,329,328,329,328,329,330,329,328,329,330,329,330,331,330,329,328,327,328,327,328,327,326,327,328,329,328,329,330,329,330,331,332,333,332,333,334,335,336,337,338,339,340,341,342,343,344,345,346,347,346,345,344,345,346,347,348,347,348,349,348,349,348,349,350,351,352,353,354,353,354,355,354,355,356,357,356,357,356,355,356,357,358,357,356,357,358,359,358,359,360,361,360,361,362,363,364,365,364,363,362,363,364,363,362,363,364,365,364,365,366,367,366,367,368,369,370,369,370,369,370,371,372,371,372,373,372,371,372,373,374,373,374,375,376,377,378,379,380,379,378,379,378,379,378,379,380,381,382,383,384,385,386,385,386,385,386,385,386,385,386,387,386,387,388,389,390,391,392,393,394,395,396,397,398,397,398,399,400,401,402,403,404,405,406,407,408,407,406,405,406,407,408,409,410,409,410,409,410,411,412,411,410,411,410,411,412,411,410,411,412,413,414,413,414,413,412,413,414,415,416,417,418,417,418,417,416,417,416,417,418,417,418,417,418,419,418,419,418,419,418,419,418,419,420,421,420,421,422,423,422,423,424,423,422,421,422,423,424,425,426,427,426,425,426,425,426,427,428,429,428,429,430,431,432,431,432,433,432,433,434,435,434,435,434,435,434,435,436,435,434,435,436,437,438,439,438,437,438,439,438,439,440,441,442,443,444,445,446,445,446,447,448,449,448,449,450,451,452,451,450,451,452,451,450,451,452,453,452,453,454,455,456,455,454,455,454,455,454,453,454,455,456,457,458,457,458,459,460,461,460,459,460,459,460,459,460,461,462,463,462,461,462,463,462,463,462,461,462,463,464,465,464,465,466,467,466,467,466,467,466,467,468,469,470,469,468,469,468,469,470,471,472,471,472,471,472,473,474,475,474,475,476,477,476,477,478,479,480,479,478,477,478,479,480,479,480,479,480,481,482,483,482,483,482,483,482,483,484,485,486,485,484,485,484,483,484,485,486,487,486,487,488,487,488,487,488,489,490,491,490,491,492,493,494,495,494,495,496,497,498,497,498,499,500,501,500,501,502,503,502,503,504,505,504,505,504,505,504,505,506,507,508,507,508,509,510,511,510,511,512,511,512,513,514,515,514,513,512,513,514,515,516,515,516,517,516,517,518,517,518,519,520,519,520,521,520,519,520,521,522,521,522,523,522,521,522,523,522,523,524,525,524,525,526,525,526,527,526,525,524,525,526,527,526,527,528,529,528,527,528,527,528,529,528,529,528,529,528,529,528,529,528,527,526,525,524,525,526,527,528,529,530,529,528,527,526,527,526,525,526,527,528,529,528,527,528,527,526,525,524,523,522,521,522,523,524,525,526,527,528,527,528,527,526,527,528,527,528,527,528,527,526,527,528,527,526,527,528,527,528,529,528,529,528,529,530,531,530,531,530,531,532,533,534,533,534,535,536,537,536,537,536,537,538,537,536,537,538,539,540,539,540,541,542,541,540,541,542,543,542,543,542,543,542,543,544,543,544,545,546,547,548,549,548,549,550,551,552,553,552,553,552,553,552,553,554,553,554,553,554,555,556,557,558,559,560,561,562,563,564,565,566,567,568,569,570,571,572,573,574,573,574,575,574,575,576,577,576,575,576,577,576,577,576,577,578,577,576,577,578,577,576,577,576,577,578,579,578,577,578,579,580,579,578,579,580,579,580,579,580,579,578,577,578,577,578,577,576,577,578,577,576,575,574,575,576,575,576,575,574,575,574,575,574,575,576,575,576,577,576,577,576,577,578,577,578,577,578,579,578,579,580,579,578,577,578,577,578,579,578,577,576,575,574,575,574,573,574,573,572,573,574,573,572,573,574,573,572,573,572,573,574,573,574,575,574,575,574,573,574,575,574,573,572,571,570,569,568,567,566,567,566,567,566,567,568,567,568,567,566,567,568,567,566,565,566,565,566,565,564,565,564,565,564,565,566,567,566,565,566,567,566,567,568,567,566,567,568,567,568,569,568,569,570,569,570,571,570,571,570,569,568,569,570,571,572,573,574,575,574,575,574,573,574,575,574,575,576,575,576,575,576,575,574,575,574,575,574,573,574,573,572,571,572,571,570,571,570,571,572,571,572,573,574,573,572,573,572,573,574,575,574,573,572,573,574,575,574,573,574,575,576,575,576,575,574,575,576,575,574,575,576,577,578,579,578,577,578,577,578,577,576,577,578,579,578,577,578,579,580,581,582,583,584,583,584,585,584,583,584,583,584,585,586,587,588,589,590,591,592,593,594,595,594,593,594,593,594,595,596,595,596,597,598,597,598,597,598,599,600,599,600,601,600,601,602,603,602,601,602,603,602,601,600,601,602,603,604,605,606,607,608,609,610,609,610,609,610,611,610,611,612,613,614,615,616,617,618,617,618,619,618,619,618,617,616,615,614,613,614,615,614,613,614,615,616,615,614,615,616,617,618,617,618,619,620,619,620,621,622,623,624,623,624,623,622,621,620,619,620,621,620,619,618,617,616,615,614,615,616,617,618,619,620,621,620,619,620,619,618,619,620,621,622,621,622,621,620,619,620,621,622,621,622,621,622,621,620,619,618,619,620,621,620,621,620,619,618,619,620,619,620,621,620,621,620,621,620,621,622,623,624,625,626,625,624,623,624,625,626,627,628,629,628,627,626,627,626,627,626,627,626,625,624,625,626,625,624,625,626,625,626,627,626,627,626,625,624,625,626,627,628,629,628,627,626,627,626,627,628,629,630,629,628,629,628,627,628,629,628,627,628,629,630,631,630,629,630,629,630,631,630,629,630,629,630,629,630,629,628,629,630,629,628,629,628,629,628,627,626,627,626,627,626,627,626,627,628,629,630,631,630,631,632,633,634,635,636,635,634,635,636,637,638,639,640,639,638,639,640,641,642,643,644,645,646,647,646,647,648,649,648,649,650,651,650,651,652,653,654,653,654,653,654,655,656,657,656,657,658,659,660,661,660,661,660,661,660,661,662,663,662,663,662,663,664,665,666,667,668,669,670,669,668,667,668,669,670,671,672,673,674,675,676,677,678,679,678,677,678,677,676,675,674,675,676,677,678,679,680,679,680,681,682,681,680,679,680,679,680,681,682,683,682,681,680,681,680,681,682,683,682,683,684,683,682,681,680,681,682,681,680,679,680,679,678,677,676,677,676,675,674,675,676,675,676,675,674,675,674,673,674,673,672,673,672,671,672,671,672,671,670,671,670,669,668,667,668,669,668,667,668,667,668,669,670,669,668,667,668,667,668,667,666,667,666,665,666,667,666,667,668,669,668,667,666,665,664,665,664,663,662,663,662,661,660,661,662,661,662,663,662,661,660,659,660,661,660,661,660,661,660,661,660,659,660,661,660,661,662,661,660,661,662,663,664,663,664,665,664,663,664,663,662,663,664,663,662,663,662,661,662,663,664,665,666,667,668,669,670,669,668,667,668,667,668,669,668,667,668,669,668,667,666,667,666,667,666,667,668,669,670,669,670,671,672,673,674,673,674,673,674,673,672,673,674,673,674,673,674,675,676,675,674,673,672,671,672,671,672,671,672,671,670,671,670,671,670,671,672,671,672,671,670,671,670,671,672,671,670,671,670,671,672,671,672,671,672,673,672,671,672,671,670,671,670,671,672,673,674,673,672,673,672,673,672,671,670,669,670,671,672,671,670,671,672,673,672,671,670,671,672,673,674,673,672,673,672,673,674,673,672,673,672,673,672,673,672,673,674,675,676,677,678,677,678,679,678,679,680,681,682,683,682,681,682,683,684,685,684,683,684,683,684,685,686,687,688,689,690,691,692,691,692,693,692,691,692,693,694,695,696,697,698,699,698,699,700,699,700,701,700,701,700,701,700,699,700,701,702,701,700,701,702,703,702,703,704,703,702,703,704,705,704,705,706,707,706,707,708,709,710,711,712,713,712,713,714,715,714,715,716,715,716,717,716,717,718,719,720,719,718,717,718,717,718,717,718,717,716,717,716,717,718,719,720,719,718,719,718,719,720,721,722,723,724,723,724,723,724,725,726,725,724,725,724,725,726,725,726,727,728,727,726,727,728,727,728,729,728,727,728,727,728,727,728,727,728,729,730,731,730,729,730,729,728,727,728,727,728,729,728,727,728,727,728,727,726,727,728,729,728,727,728,729,730,729,728,729,728,729,730,731,732,733,734,735,734,733,734,735,734,733,734,735,734,733,734,735,736,737,736,735,736,737,738,739,738,739,738,739,738,737,738,737,736,737,736,735,734,733,734,733,732,731,732,731,732,731,730,729,730,729,728,727,726,727,726,727,726,727,726,727,728,727,728,729,728,727,726,727,726,725,724,723,724,725,724,723,724,725,726,725,724,723,722,721,722,723,722,721,720,719,718,717,716,717,716,715,714,713,714,713,714,713,712,711,710,709,710,711,710,709,708,709,710,711,710,711,712,713,712,711,712,711,710,711,710,711,710,711,710,709,710,709,708,707,706,705,704,703,702,701,700,701,700,701,700,701,702,701,702,701,700,699,698,697,696,697,696,697,698,697,698,699,698,697,696,697,696,695,696,697,698,699,698,699,700,699,700,701,702,701,700,699,700,699,700,699,698,697,698,697,698,697,698,697,698,697,696,697,696,695,694,693,694,693,694,693,694,693,694,695,696,697,698,697,698,697,698,697,696,697,696,695,694,693,692,691,692,693,692,693,692,693,692,693,692,691,692,693,692,693,694,693,692,693,694,695,696,695,694,693,692,693,694,695,694,693,694,695,696,697,698,699,698,697,696,695,696,695,696,697,696,697,696,697,698,699,700,699,700,701,700,701,702,703,702,703,704,705,704,703,702,703,704,703,704,703,704,703,704,703,702,703,704,705,704,703,704,703,704,703,702,703,704,705,706,707,706,705,706,707,708,709,710,709,708,709,710,711,712,713,714,713,714,713,714,713,714,715,716,715,716,715,716,717,716,715,714,715,716,715,714,713,712,713,714,713,712,713,714,713,712,711,712,711,712,711,710,711,712,713,712,713,712,711,712,713,712,713,714,713,714,715,716,715,716,715,716,717,718,719,718,719,720,721,722,723,722,721,722,723,724,723,724,725,724,723,724,725,726,727,726,725,726,725,726,725,724,725,724,723,722,721,720,719,720,719,720,719,718,719,720,719,720,721,722,723,724,725,724,725,724,725,724,723,724,723,z-curve
