9_101056311_101058265,-1,-2,-3,-4,-5,-6,-7,-8,-9,-10,-11,-12,-13,-12,-11,-12,-11,-10,-9,-8,-7,-8,-7,-6,-5,-4,-5,-4,-5,-6,-7,-6,-7,-8,-7,-8,-9,-8,-7,-6,-5,-4,-5,-6,-7,-8,-7,-6,-5,-4,-5,-4,-5,-4,-3,-2,-1,-2,-1,-2,-3,-2,-1,0,-1,-2,-3,-4,-5,-6,-5,-6,-7,-6,-5,-6,-7,-6,-5,-4,-3,-2,-3,-4,-5,-4,-5,-4,-5,-4,-3,-4,-3,-4,-5,-6,-7,-8,-9,-10,-9,-8,-7,-6,-5,-6,-7,-8,-7,-6,-7,-6,-7,-6,-5,-4,-5,-4,-5,-4,-3,-4,-5,-4,-3,-4,-5,-4,-3,-4,-3,-2,-3,-2,-3,-2,-1,-2,-1,0,1,0,1,2,1,2,1,0,1,2,1,0,1,0,-1,-2,-3,-2,-1,-2,-3,-4,-3,-2,-1,0,-1,-2,-1,0,-1,-2,-3,-2,-1,-2,-1,-2,-3,-4,-5,-4,-5,-4,-5,-6,-7,-6,-7,-8,-7,-6,-5,-6,-5,-6,-5,-4,-5,-6,-7,-8,-9,-8,-9,-10,-9,-10,-9,-10,-11,-12,-11,-10,-11,-10,-9,-8,-7,-8,-9,-10,-11,-10,-11,-12,-13,-14,-15,-16,-17,-18,-19,-20,-21,-22,-21,-22,-23,-22,-23,-22,-23,-24,-23,-24,-25,-26,-27,-26,-27,-28,-27,-26,-25,-24,-25,-24,-25,-24,-25,-24,-23,-22,-21,-20,-19,-18,-17,-16,-15,-14,-13,-12,-13,-14,-15,-14,-15,-14,-15,-16,-17,-16,-15,-16,-15,-16,-17,-18,-19,-20,-21,-22,-23,-24,-25,-26,-25,-24,-23,-22,-21,-20,-19,-20,-21,-22,-23,-24,-23,-22,-23,-24,-25,-24,-25,-24,-23,-22,-23,-24,-25,-26,-27,-26,-25,-24,-25,-26,-27,-28,-27,-28,-29,-30,-31,-30,-31,-32,-31,-32,-31,-30,-31,-32,-33,-34,-35,-34,-33,-34,-35,-36,-37,-38,-39,-40,-39,-38,-39,-40,-41,-42,-43,-42,-41,-40,-41,-42,-41,-40,-39,-40,-41,-42,-41,-42,-43,-44,-45,-44,-43,-42,-43,-44,-45,-44,-45,-46,-47,-48,-47,-46,-45,-44,-43,-44,-45,-46,-47,-48,-49,-50,-49,-48,-47,-46,-47,-48,-49,-50,-51,-52,-51,-50,-49,-50,-49,-50,-49,-48,-47,-46,-47,-48,-49,-50,-51,-52,-53,-54,-53,-54,-53,-52,-51,-50,-49,-48,-47,-46,-47,-46,-47,-48,-49,-48,-47,-46,-47,-46,-45,-44,-43,-44,-43,-42,-41,-40,-39,-40,-39,-38,-39,-40,-39,-40,-41,-42,-41,-42,-41,-40,-41,-40,-39,-40,-41,-40,-39,-38,-39,-38,-37,-38,-37,-38,-39,-40,-39,-40,-41,-42,-43,-44,-43,-44,-45,-44,-43,-44,-43,-44,-45,-46,-45,-46,-45,-46,-45,-44,-43,-44,-43,-42,-43,-44,-43,-42,-41,-42,-43,-42,-41,-40,-41,-40,-39,-38,-39,-40,-41,-40,-41,-40,-41,-40,-41,-40,-39,-38,-37,-36,-37,-38,-39,-40,-39,-38,-39,-38,-37,-38,-39,-40,-39,-40,-41,-40,-39,-40,-41,-40,-41,-42,-41,-42,-41,-40,-41,-40,-41,-42,-43,-44,-45,-44,-45,-44,-45,-44,-43,-42,-43,-42,-41,-42,-41,-40,-39,-40,-39,-40,-41,-40,-39,-40,-41,-42,-41,-42,-43,-44,-45,-46,-47,-48,-47,-48,-49,-50,-49,-48,-49,-48,-49,-48,-49,-48,-49,-50,-49,-50,-49,-48,-47,-48,-49,-50,-51,-50,-51,-52,-53,-54,-55,-56,-57,-58,-57,-56,-55,-54,-55,-54,-53,-52,-53,-52,-53,-54,-55,-54,-55,-56,-55,-54,-55,-56,-57,-58,-57,-56,-55,-54,-55,-54,-55,-54,-55,-56,-57,-58,-59,-60,-61,-62,-63,-64,-63,-62,-61,-60,-59,-60,-61,-62,-61,-62,-61,-60,-59,-58,-57,-58,-59,-60,-61,-62,-63,-62,-63,-64,-65,-66,-65,-64,-65,-64,-65,-64,-63,-62,-63,-64,-63,-62,-63,-64,-63,-62,-63,-62,-61,-62,-61,-62,-63,-62,-61,-60,-59,-60,-61,-60,-59,-60,-61,-62,-61,-62,-61,-62,-63,-62,-61,-62,-63,-64,-65,-64,-63,-64,-63,-62,-63,-64,-63,-62,-61,-62,-61,-62,-61,-62,-61,-62,-63,-62,-61,-60,-61,-62,-63,-62,-61,-62,-63,-64,-65,-64,-65,-66,-65,-64,-63,-62,-63,-64,-65,-64,-65,-66,-65,-64,-63,-64,-63,-64,-63,-62,-63,-64,-63,-62,-63,-64,-65,-66,-67,-68,-67,-66,-67,-66,-67,-66,-67,-68,-69,-70,-71,-70,-69,-68,-69,-68,-67,-68,-67,-68,-69,-68,-67,-66,-67,-68,-67,-68,-69,-68,-69,-70,-71,-72,-73,-74,-75,-76,-75,-74,-73,-72,-71,-72,-71,-70,-71,-70,-69,-70,-69,-70,-71,-72,-71,-72,-71,-72,-73,-72,-71,-72,-71,-70,-69,-70,-69,-68,-67,-68,-67,-66,-67,-68,-67,-68,-67,-66,-67,-68,-69,-68,-69,-70,-71,-70,-69,-70,-69,-70,-69,-68,-69,-70,-69,-70,-69,-68,-67,-66,-67,-66,-65,-64,-63,-62,-61,-62,-61,-60,-59,-60,-61,-60,-61,-60,-59,-60,-59,-60,-59,-58,-57,-56,-55,-54,-55,-56,-57,-56,-57,-56,-55,-54,-53,-52,-51,-50,-49,-50,-49,-50,-51,-50,-49,-48,-47,-46,-47,-48,-47,-46,-45,-46,-45,-44,-45,-46,-45,-44,-43,-42,-41,-40,-41,-40,-41,-40,-39,-40,-39,-38,-39,-40,-41,-42,-41,-42,-43,-44,-43,-42,-43,-44,-45,-46,-47,-48,-47,-46,-47,-48,-47,-46,-45,-46,-47,-48,-49,-48,-47,-48,-49,-50,-51,-52,-51,-52,-53,-54,-55,-56,-55,-54,-53,-54,-53,-54,-53,-52,-53,-52,-51,-52,-53,-54,-53,-54,-55,-54,-53,-52,-51,-50,-51,-52,-53,-54,-53,-52,-53,-54,-55,-56,-57,-58,-59,-60,-59,-60,-59,-58,-57,-56,-55,-54,-53,-52,-51,-50,-51,-50,-51,-52,-53,-54,-55,-56,-57,-58,-59,-60,-61,-62,-63,-64,-63,-64,-65,-64,-65,-64,-65,-64,-63,-64,-65,-66,-65,-66,-65,-66,-65,-66,-67,-68,-67,-68,-69,-68,-69,-70,-69,-68,-69,-68,-67,-68,-69,-70,-69,-68,-69,-70,-71,-70,-69,-68,-69,-70,-71,-72,-73,-72,-71,-70,-71,-70,-71,-70,-71,-70,-69,-68,-69,-70,-71,-70,-71,-70,-69,-68,-67,-68,-67,-66,-65,-66,-67,-68,-67,-66,-67,-68,-69,-70,-71,-70,-69,-70,-71,-72,-73,-72,-71,-70,-71,-70,-71,-72,-73,-72,-71,-70,-71,-70,-69,-70,-71,-72,-73,-72,-71,-70,-71,-72,-73,-74,-75,-76,-75,-74,-75,-74,-75,-76,-75,-74,-73,-74,-73,-74,-73,-72,-71,-70,-69,-70,-71,-72,-73,-72,-71,-70,-71,-70,-71,-72,-73,-72,-71,-70,-71,-70,-71,-70,-69,-68,-69,-70,-71,-72,-73,-72,-71,-72,-73,-74,-75,-76,-77,-76,-77,-76,-77,-78,-79,-78,-79,-80,-81,-82,-83,-82,-81,-82,-81,-82,-81,-82,-83,-84,-83,-82,-83,-82,-81,-82,-83,-82,-83,-84,-85,-86,-85,-86,-87,-86,-85,-84,-85,-86,-87,-86,-87,-88,-87,-86,-87,-88,-87,-86,-85,-84,-85,-84,-85,-84,-83,-82,-81,-82,-81,-82,-81,-82,-83,-82,-81,-80,-79,-78,-79,-80,-81,-82,-81,-80,-79,-80,-79,-78,-77,-76,-77,-76,-77,-78,-77,-78,-77,-76,-77,-78,-77,-78,-79,-80,-79,-78,-79,-78,-79,-78,-79,-80,-79,-78,-77,-76,-75,-76,-77,-78,-79,-80,-81,-82,-83,-84,-85,-84,-83,-82,-83,-82,-81,-82,-83,-84,-83,-82,-83,-82,-83,-82,-81,-80,-81,-82,-81,-80,-81,-82,-81,-82,-83,-84,-83,-82,-81,-80,-81,-82,-81,-80,-79,-80,-79,-80,-81,-82,-83,-82,-83,-84,-85,-86,-87,-86,-87,-86,-87,-86,-87,-86,-85,-84,-85,-84,-85,-84,-85,-84,-83,-84,-85,-84,-83,-82,-81,-82,-83,-82,-81,-80,-79,-80,-79,-78,-77,-76,-77,-78,-79,-80,-81,-82,-81,-80,-79,-78,-79,-78,-77,-76,-77,-78,-79,-80,-81,-82,-83,-82,-81,-82,-83,-84,-85,-84,-85,-86,-87,-88,-89,-88,-87,-86,-85,-86,-85,-84,-85,-86,-85,-84,-85,-84,-83,-82,-81,-82,-81,-82,-81,-80,-79,-78,-79,-78,-79,-78,-77,-78,-79,-80,-81,-82,-81,-82,-83,-82,-83,-84,-85,-86,-85,-84,-83,-82,-83,-82,-83,-82,-81,-80,-79,-78,-79,-80,-81,-82,-81,-82,-83,-84,-85,-86,-85,-84,-85,-84,-83,-82,-81,-82,-83,-82,-81,-80,-81,-80,-79,-80,-81,-82,-83,-84,-85,-84,-83,-82,-81,-80,-79,-78,-77,-78,-77,-78,-79,-78,-77,-76,-77,-78,-79,-78,-77,-78,-77,-78,-79,-78,-79,-80,-81,-82,-83,-84,-85,-84,-85,-86,-85,-84,-83,-82,-81,-82,-83,-82,-81,-82,-81,-82,-83,-82,-83,-84,-85,-86,-87,-86,-85,-86,-85,-86,-87,-86,-85,-84,-83,-84,-83,-84,-85,-86,-87,-88,-89,-90,-91,-92,-91,-92,-91,-90,-89,-88,-89,-88,-89,-88,-89,-90,-89,-90,-89,-88,-87,-88,-87,-86,-85,-86,-87,-88,-87,-86,-85,-84,-85,-86,-87,-88,-89,-88,-89,-90,-91,-92,-93,-92,-91,-90,-91,-92,-93,-92,-93,-92,-93,-94,-95,-94,-93,-94,-93,-92,-93,-94,-95,-96,-97,-96,-97,-96,-97,-98,-99,-98,-97,-98,-99,-100,-101,-100,-101,-102,-101,-102,-101,-102,-101,-100,-101,-102,-101,-102,-103,-104,-105,-104,-105,-106,-105,-106,-107,-108,-107,-106,-107,-108,-107,-106,-107,-106,-107,-108,-107,-108,-107,-108,-107,-106,-107,-108,-107,-108,-107,-106,-105,-106,-105,-104,-105,-104,-105,-106,-105,-104,-105,-104,-105,-106,-105,-104,-105,-104,-105,-106,-107,-108,-109,-108,-109,-108,-109,-110,-111,-110,-109,-110,-109,-110,-109,-108,-107,-108,-107,-106,-105,-106,-105,-106,-105,-106,-105,-106,-107,-108,-107,-106,-107,-106,-105,-106,-105,-104,-103,-104,-103,-104,-103,-102,-101,-100,-99,-98,-99,-100,-101,-100,-101,-100,-99,-98,-97,-98,-99,-100,-101,-100,-99,-100,-101,-102,-103,-102,-103,-102,-101,-102,-103,-104,-105,-104,-103,-104,-103,-104,-103,-104,-103,-102,-103,-102,-103,-102,-103,-104,-103,-104,-105,-106,-107,-108,-107,-108,-109,-110,-111,-112,-111,-110,-109,-108,-109,-110,-109,-108,-107,-106,-105,-106,-105,-104,-105,-104,-103,-104,-103,-104,-105,-104,-105,-104,-103,-102,-103,-102,-103,-104,-103,-102,-101,-100,-101,-102,-103,-104,-105,-104,-103,-104,-105,-106,-107,-106,-105,-106,-105,-104,-105,-106,-105,-104,-105,-106,-107,-108,-109,-110,-109,-110,-111,-112,-113,-114,-113,-114,-115,-1,-2,-1,-2,-3,-2,-1,-2,-1,-2,-3,-4,-5,-4,-3,-2,-1,0,-1,0,1,0,1,2,3,2,3,4,3,2,1,0,1,0,1,2,3,4,5,6,5,6,7,6,7,6,7,8,9,10,9,10,9,8,9,10,11,10,11,10,9,8,7,6,7,6,5,4,3,2,3,4,5,4,3,2,1,2,1,0,1,0,-1,-2,-1,0,-1,0,-1,-2,-1,-2,-3,-4,-3,-4,-5,-4,-5,-6,-7,-6,-7,-8,-7,-8,-9,-8,-9,-10,-11,-12,-13,-12,-13,-12,-13,-12,-13,-12,-11,-10,-9,-10,-11,-12,-13,-14,-13,-14,-15,-16,-15,-16,-17,-16,-17,-16,-15,-14,-15,-14,-15,-16,-17,-18,-19,-20,-21,-20,-19,-18,-19,-18,-17,-18,-17,-18,-19,-18,-17,-16,-15,-14,-13,-12,-11,-10,-11,-10,-11,-10,-9,-10,-9,-10,-11,-12,-11,-12,-13,-14,-15,-14,-13,-14,-13,-12,-13,-12,-11,-10,-11,-10,-9,-10,-11,-12,-13,-14,-13,-14,-15,-16,-15,-14,-13,-14,-15,-16,-15,-14,-13,-12,-13,-12,-13,-12,-13,-14,-15,-14,-15,-14,-15,-16,-15,-16,-17,-16,-15,-16,-15,-16,-15,-14,-13,-12,-13,-12,-11,-10,-9,-8,-7,-8,-9,-10,-11,-12,-13,-14,-15,-14,-15,-16,-15,-14,-15,-16,-17,-16,-17,-18,-19,-18,-19,-18,-17,-18,-17,-18,-17,-16,-15,-16,-15,-14,-15,-16,-15,-16,-17,-18,-17,-18,-19,-18,-17,-16,-17,-16,-15,-16,-15,-14,-15,-14,-13,-12,-13,-14,-13,-12,-13,-12,-11,-12,-13,-12,-13,-12,-13,-14,-15,-16,-17,-18,-17,-18,-19,-20,-21,-22,-23,-24,-23,-22,-21,-22,-21,-20,-21,-22,-23,-22,-21,-22,-23,-24,-25,-26,-25,-26,-25,-26,-27,-26,-27,-26,-25,-26,-27,-28,-29,-28,-29,-30,-31,-30,-31,-30,-29,-30,-31,-30,-29,-30,-29,-28,-29,-28,-27,-26,-27,-26,-27,-28,-29,-30,-31,-32,-31,-32,-31,-30,-29,-30,-31,-30,-31,-30,-29,-28,-29,-28,-27,-28,-27,-26,-25,-26,-27,-28,-27,-26,-25,-26,-27,-28,-29,-28,-29,-30,-31,-32,-33,-34,-33,-34,-35,-34,-35,-34,-35,-36,-37,-38,-39,-38,-37,-38,-39,-38,-37,-36,-35,-34,-33,-34,-33,-32,-31,-30,-29,-28,-27,-26,-25,-26,-27,-28,-27,-26,-27,-26,-27,-26,-27,-26,-25,-26,-25,-26,-27,-26,-25,-26,-25,-24,-23,-22,-21,-20,-21,-20,-19,-18,-19,-18,-19,-18,-17,-16,-17,-18,-17,-16,-17,-18,-17,-16,-17,-16,-15,-14,-15,-14,-13,-14,-13,-14,-15,-14,-15,-16,-15,-16,-17,-18,-17,-16,-17,-16,-15,-14,-15,-14,-15,-16,-17,-16,-15,-16,-15,-14,-15,-14,-15,-14,-15,-14,-13,-12,-13,-14,-15,-16,-17,-16,-17,-18,-17,-18,-19,-20,-19,-18,-17,-18,-19,-20,-21,-20,-19,-20,-21,-22,-21,-22,-23,-24,-23,-24,-25,-24,-23,-24,-25,-24,-25,-26,-27,-28,-27,-28,-29,-28,-29,-30,-31,-32,-33,-32,-33,-34,-33,-34,-35,-36,-37,-38,-37,-36,-35,-34,-33,-32,-33,-34,-35,-34,-35,-36,-35,-34,-33,-34,-35,-34,-35,-36,-37,-38,-37,-36,-37,-38,-37,-38,-37,-38,-37,-36,-35,-34,-33,-34,-33,-32,-33,-34,-35,-34,-35,-36,-37,-36,-37,-36,-35,-34,-33,-32,-33,-34,-33,-32,-31,-30,-31,-32,-33,-34,-35,-36,-35,-36,-37,-36,-35,-36,-35,-34,-33,-32,-33,-34,-35,-36,-35,-36,-35,-36,-37,-36,-35,-36,-37,-38,-37,-38,-37,-36,-37,-36,-37,-38,-39,-40,-41,-40,-39,-40,-39,-40,-41,-40,-41,-42,-41,-40,-41,-40,-39,-38,-37,-36,-35,-34,-35,-36,-37,-38,-37,-38,-37,-38,-39,-38,-39,-40,-39,-40,-41,-42,-43,-42,-41,-40,-41,-40,-41,-40,-39,-38,-37,-36,-35,-34,-33,-34,-35,-36,-37,-36,-37,-38,-37,-38,-39,-38,-39,-38,-37,-36,-37,-38,-37,-36,-37,-36,-35,-36,-37,-38,-39,-40,-39,-40,-39,-40,-41,-42,-41,-40,-41,-40,-41,-40,-41,-40,-41,-40,-39,-38,-37,-36,-37,-36,-37,-36,-35,-36,-35,-34,-35,-36,-35,-36,-35,-36,-35,-36,-37,-36,-35,-34,-33,-34,-33,-34,-33,-32,-31,-30,-29,-28,-27,-26,-25,-26,-27,-26,-25,-24,-25,-26,-27,-28,-27,-28,-29,-30,-29,-28,-29,-28,-27,-28,-27,-26,-25,-26,-27,-26,-27,-28,-27,-28,-27,-26,-25,-26,-25,-24,-23,-24,-25,-26,-25,-24,-23,-22,-21,-22,-21,-20,-19,-20,-19,-20,-21,-22,-23,-22,-21,-22,-21,-22,-21,-20,-19,-20,-21,-22,-23,-24,-23,-24,-23,-22,-21,-20,-21,-22,-23,-24,-23,-22,-21,-22,-21,-20,-21,-22,-23,-24,-25,-24,-23,-22,-23,-22,-23,-22,-21,-20,-19,-18,-17,-16,-15,-16,-17,-18,-19,-18,-17,-18,-17,-18,-17,-16,-17,-18,-17,-16,-17,-16,-17,-16,-15,-14,-13,-14,-13,-12,-11,-10,-9,-8,-7,-8,-9,-10,-11,-10,-9,-8,-9,-10,-11,-10,-9,-10,-11,-12,-13,-12,-11,-12,-13,-12,-13,-12,-13,-12,-13,-12,-13,-12,-11,-10,-11,-12,-13,-14,-13,-12,-11,-10,-9,-8,-9,-8,-7,-8,-9,-10,-11,-10,-9,-8,-7,-6,-5,-4,-3,-4,-5,-6,-7,-8,-9,-10,-9,-8,-7,-8,-7,-6,-5,-6,-7,-6,-5,-6,-7,-8,-9,-8,-9,-8,-9,-8,-9,-8,-9,-10,-11,-12,-13,-14,-15,-14,-15,-14,-15,-16,-17,-18,-19,-20,-21,-22,-23,-22,-23,-22,-21,-22,-21,-22,-23,-22,-23,-24,-23,-24,-23,-22,-21,-20,-21,-22,-23,-24,-23,-24,-25,-24,-25,-24,-23,-22,-21,-22,-23,-24,-23,-22,-23,-24,-25,-26,-27,-28,-29,-30,-31,-32,-33,-32,-31,-30,-29,-28,-29,-28,-29,-30,-31,-30,-31,-30,-31,-32,-31,-32,-31,-30,-29,-28,-27,-28,-29,-30,-29,-30,-29,-28,-27,-26,-25,-26,-27,-26,-27,-28,-27,-26,-27,-26,-25,-24,-23,-22,-23,-22,-21,-20,-19,-18,-17,-18,-17,-16,-17,-18,-19,-20,-19,-20,-21,-22,-21,-22,-23,-24,-23,-22,-23,-24,-25,-24,-25,-26,-27,-26,-25,-24,-23,-22,-21,-20,-21,-22,-23,-24,-25,-26,-27,-28,-29,-30,-31,-30,-29,-30,-31,-32,-33,-34,-33,-32,-33,-34,-33,-34,-33,-32,-31,-30,-29,-28,-29,-28,-27,-26,-27,-28,-29,-30,-31,-32,-33,-32,-31,-30,-29,-28,-27,-26,-25,-24,-23,-22,-21,-22,-23,-22,-23,-24,-25,-26,-25,-24,-23,-22,-21,-22,-23,-24,-25,-26,-25,-26,-27,-28,-27,-26,-25,-24,-23,-22,-21,-20,-19,-20,-19,-18,-19,-20,-21,-22,-21,-20,-19,-18,-19,-18,-17,-16,-17,-18,-19,-20,-19,-20,-21,-20,-21,-22,-23,-24,-25,-26,-25,-26,-27,-28,-27,-26,-25,-24,-23,-22,-23,-22,-21,-22,-21,-22,-23,-22,-21,-22,-21,-20,-19,-18,-17,-18,-19,-20,-21,-22,-23,-22,-21,-22,-23,-22,-21,-20,-21,-22,-23,-22,-21,-22,-23,-22,-23,-22,-21,-22,-23,-24,-25,-24,-25,-26,-25,-24,-23,-24,-23,-24,-25,-24,-25,-26,-27,-28,-29,-28,-29,-30,-29,-30,-31,-30,-31,-32,-31,-30,-29,-28,-29,-30,-29,-30,-29,-28,-27,-28,-29,-30,-31,-32,-33,-34,-35,-36,-37,-36,-35,-36,-35,-36,-35,-34,-33,-34,-33,-34,-33,-34,-35,-36,-35,-36,-35,-34,-33,-32,-31,-32,-33,-32,-33,-32,-31,-30,-31,-30,-29,-28,-29,-30,-29,-28,-29,-30,-31,-32,-33,-32,-33,-34,-35,-34,-33,-32,-33,-32,-33,-34,-35,-34,-35,-34,-33,-34,-35,-34,-33,-34,-33,-34,-33,-32,-33,-34,-33,-32,-33,-34,-33,-34,-33,-32,-33,-32,-31,-32,-33,-34,-35,-36,-35,-36,-35,-36,-35,-34,-35,-36,-37,-38,-37,-36,-35,-34,-35,-36,-35,-34,-35,-36,-37,-38,-37,-36,-35,-34,-33,-34,-35,-36,-37,-36,-35,-34,-33,-32,-33,-32,-33,-34,-35,-34,-35,-34,-33,-34,-35,-34,-35,-36,-35,-34,-35,-36,-37,-38,-37,-38,-39,-38,-39,-40,-41,-40,-39,-38,-39,-40,-39,-38,-37,-36,-35,-34,-33,-34,-35,-34,-35,-34,-35,-34,-33,-32,-33,-34,-33,-34,-35,-34,-35,-36,-35,-36,-37,-38,-39,-38,-37,-38,-39,-38,-37,-38,-39,-40,-41,-42,-41,-40,-39,-40,-41,-42,-43,-42,-41,-40,-39,-38,-39,-40,-41,-42,-43,-44,-43,-42,-43,-42,-41,-40,-39,-40,-41,-40,-39,-38,-39,-38,-37,-38,-39,-38,-37,-38,-39,-38,-37,-36,-37,-38,-39,-38,-39,-40,-39,-40,-39,-38,-37,-38,-37,-38,-37,-38,-37,-38,-37,-38,-37,-36,-37,-36,-35,-36,-35,-34,-35,-34,-35,-34,-33,-32,-31,-32,-33,-34,-33,-32,-31,-30,-31,-32,-33,-34,-33,-32,-33,-34,-35,-36,-35,-34,-33,-34,-35,-36,-35,-34,-35,-36,-35,-36,-35,-36,-35,-34,-33,-32,-33,-34,-35,-36,-37,-38,-37,-36,-37,-36,-35,-34,-33,-34,-35,-36,-37,-38,-37,-38,-37,-38,-37,-38,-39,-38,-39,-38,-37,-38,-39,-40,-41,-42,-43,-44,-45,-44,-45,-46,-45,-44,-45,-46,-45,-44,-45,-44,-43,-42,-41,-42,-41,-42,-43,-42,-43,-42,-41,-42,-43,-42,-41,-42,-41,-42,-41,-40,-41,-40,-39,-38,-39,-38,-39,-38,-37,-36,-35,-34,-35,-34,-35,-34,-35,-34,-33,-32,-33,-32,-33,-32,-33,-34,-33,-32,-31,-30,-29,-30,-29,-30,-29,-28,-29,-30,-31,-32,-33,-32,-33,-32,-31,-30,-29,-30,-31,-32,-31,-32,-31,-32,-33,-34,-33,-34,-33,-34,-35,-36,-37,-38,-39,-40,-39,-38,-37,-38,-37,-38,-39,-40,-41,-40,-39,-40,-41,-40,-41,-40,-39,-38,-37,-36,-35,-36,-37,-36,-37,-36,-35,-36,-37,-38,-37,-36,-37,-36,-37,-36,-37,-36,-35,-36,-37,-38,-37,-38,-37,-36,-37,-38,-37,-38,-37,-36,-37,-38,-39,-38,-39,-40,-39,-38,-37,-38,-37,-38,-39,-38,-39,-38,-37,-38,-39,-40,-39,-38,-37,-36,-35,-34,-35,-34,-33,-32,-31,-30,-31,-30,-31,-32,-33,-32,-33,-32,-31,-32,-33,-32,-33,-32,-31,-30,-31,-30,-29,-28,-29,-30,-31,-32,-33,-32,-31,-32,-33,-34,-35,-34,-33,-34,-33,1,2,1,2,3,2,1,2,1,2,3,4,5,6,7,6,7,8,7,8,9,10,11,12,13,12,11,12,13,14,15,14,13,14,15,14,13,14,15,16,15,16,15,16,15,16,17,18,19,20,21,22,23,22,23,24,25,26,27,28,29,28,27,26,25,26,27,28,29,30,31,30,29,28,27,28,29,30,29,28,29,28,29,30,29,30,31,32,33,32,33,34,33,34,33,34,35,34,35,36,35,36,35,34,35,36,37,36,35,34,35,34,35,36,35,36,37,38,39,40,41,40,39,38,37,38,39,38,39,40,39,38,37,36,37,38,37,36,37,38,37,36,35,34,35,34,35,36,35,36,35,34,33,32,31,32,31,30,29,28,27,26,27,28,29,30,29,28,27,28,29,28,27,26,27,28,27,28,27,28,29,28,29,30,29,30,29,30,31,30,31,32,31,30,31,32,31,30,31,32,31,32,33,32,31,30,31,32,31,32,31,30,31,32,33,34,33,34,33,34,35,34,35,36,37,38,37,38,39,38,37,38,37,38,37,36,37,36,37,38,37,38,37,36,37,38,39,40,41,40,41,42,41,42,41,40,39,40,41,40,41,42,41,40,39,40,39,40,41,40,41,40,41,42,41,42,41,42,43,42,41,42,43,42,43,44,43,42,41,40,41,40,39,40,39,38,39,38,39,40,39,38,39,40,39,38,37,38,39,38,37,38,39,40,41,40,41,40,41,40,41,42,43,44,45,44,45,46,45,46,45,44,43,44,45,44,43,42,43,44,43,44,45,44,43,44,45,44,45,46,47,48,49,50,51,50,51,52,51,52,53,52,51,52,53,54,55,54,53,52,51,52,53,52,53,52,51,52,53,54,55,54,55,54,53,52,51,50,51,50,51,50,51,52,51,52,53,54,53,52,51,52,53,54,55,56,57,56,57,58,59,58,59,60,59,58,57,58,59,60,59,60,59,60,61,62,63,64,65,64,63,64,63,62,63,64,65,66,67,66,67,68,67,68,67,66,65,66,67,66,67,66,67,68,67,66,65,66,65,66,67,68,69,68,69,68,69,70,69,68,69,68,69,70,71,72,73,72,73,74,73,74,73,74,73,74,75,74,75,76,77,76,77,76,75,74,73,72,71,70,71,72,71,70,71,72,73,74,73,74,75,76,75,74,75,76,77,76,75,74,73,72,71,70,71,72,73,74,73,74,75,74,73,74,75,74,75,74,75,76,75,74,75,74,75,76,75,74,75,74,75,74,73,72,71,72,71,72,71,70,69,70,69,68,69,68,69,70,69,70,71,70,71,72,71,72,73,74,75,74,75,74,73,74,75,74,75,76,75,74,73,74,75,74,73,74,75,74,75,76,75,74,75,76,75,74,73,74,73,72,73,74,73,72,71,72,73,72,71,70,69,70,71,70,71,72,73,74,73,72,73,72,73,72,73,74,75,74,75,74,75,76,77,78,79,78,79,80,79,80,81,82,83,82,83,84,85,84,85,84,83,84,85,86,87,88,89,88,89,88,87,88,87,88,89,88,87,88,89,90,91,90,91,92,91,90,91,92,91,92,91,92,93,92,93,94,95,94,95,96,95,96,97,96,95,94,95,96,95,96,97,96,95,94,93,94,95,94,95,94,93,92,91,90,89,90,89,88,87,88,87,88,87,86,85,86,87,86,85,84,85,86,85,86,87,88,87,88,87,88,89,90,89,88,89,90,91,92,93,94,93,92,93,94,93,94,93,94,93,92,93,92,93,94,93,94,93,92,93,92,93,94,95,94,95,96,97,98,99,98,99,100,99,100,101,102,101,102,103,104,105,104,103,104,103,104,103,102,101,102,101,102,103,104,103,104,103,104,103,102,101,102,103,104,105,106,107,106,105,106,107,108,109,108,109,110,111,110,111,112,111,112,111,112,113,112,113,114,113,114,115,116,117,116,117,116,117,116,117,116,117,116,117,116,115,116,117,116,117,118,117,116,115,116,115,116,117,118,119,118,119,118,119,118,119,120,119,120,121,120,119,118,117,118,119,120,121,120,121,120,121,122,123,124,125,126,125,126,125,126,127,128,129,130,129,130,131,132,133,132,133,134,135,136,137,136,137,138,139,140,141,142,143,144,143,142,143,144,145,144,145,146,145,146,147,146,147,148,149,150,151,150,151,152,153,152,151,152,153,154,155,156,155,156,157,158,157,156,157,156,157,156,155,156,155,156,157,158,159,160,159,158,159,160,161,162,163,164,165,164,163,162,163,164,165,164,163,164,165,166,165,166,165,164,165,166,167,166,165,166,167,166,165,166,167,168,167,166,167,168,167,166,165,166,165,166,167,168,167,168,167,168,169,170,169,168,169,168,167,168,169,168,167,166,165,166,167,166,167,168,167,166,167,168,169,170,171,170,171,170,171,172,173,172,171,172,171,170,171,170,171,172,171,172,173,174,175,176,175,176,177,176,177,176,175,174,173,174,173,174,173,174,175,174,175,174,173,174,175,176,175,176,175,174,175,174,173,172,171,170,171,170,171,170,169,170,171,170,171,172,171,170,171,172,171,172,173,172,173,172,171,170,169,168,167,166,165,166,167,166,165,166,167,168,169,170,169,168,169,170,169,170,171,172,173,174,175,176,175,176,177,178,179,178,179,180,179,180,181,180,181,180,181,182,183,184,183,182,183,184,183,182,181,182,183,184,185,184,183,184,185,186,187,186,185,184,185,184,183,184,185,186,185,184,183,184,185,186,187,186,187,186,187,186,187,188,187,188,189,188,189,190,191,190,189,188,189,190,189,188,187,188,189,190,189,190,189,190,191,190,191,190,191,192,193,192,193,192,191,190,189,190,191,190,191,190,189,190,191,190,189,188,187,186,185,186,187,186,187,188,189,188,189,190,189,188,187,188,189,188,189,190,189,188,189,190,189,190,189,188,187,188,189,190,191,190,191,192,193,192,193,194,195,196,197,198,197,198,199,200,201,200,201,202,201,200,201,202,201,202,203,204,205,204,205,206,207,208,207,208,209,210,209,210,211,212,213,212,213,212,213,214,213,214,215,214,215,216,217,218,217,218,219,218,217,218,217,218,219,218,217,218,217,218,219,220,221,220,221,222,221,222,223,224,223,222,221,222,223,222,223,224,225,224,223,224,223,222,221,220,221,222,221,220,221,222,221,220,219,220,221,220,221,222,221,222,223,222,223,224,223,224,223,224,223,224,223,222,221,222,223,224,225,226,225,226,227,228,229,230,231,230,229,230,231,230,229,230,231,232,231,230,229,228,227,228,227,228,227,228,227,228,227,228,227,228,229,228,227,228,229,228,229,230,231,230,231,232,233,234,233,234,233,232,233,234,235,236,237,238,239,238,237,238,237,238,237,238,237,236,235,236,237,238,237,236,235,234,233,234,233,232,231,232,233,232,233,234,235,234,235,234,235,236,237,236,235,234,235,234,233,234,235,236,237,236,235,236,235,236,235,234,233,234,235,234,233,232,233,232,233,232,233,234,233,232,231,230,231,232,233,234,233,234,235,236,237,238,239,240,239,240,241,242,243,242,243,244,243,244,245,246,245,244,245,244,243,242,241,240,241,242,243,244,245,244,245,246,247,246,247,246,247,248,249,248,249,248,247,246,245,244,245,244,245,246,245,244,245,246,245,244,243,244,245,246,245,244,243,244,245,244,243,244,245,246,247,248,247,246,245,246,245,244,243,242,241,242,241,242,241,240,239,240,239,240,241,242,243,242,243,242,241,242,243,244,243,244,245,244,243,244,243,242,243,244,245,246,247,248,249,250,251,252,253,254,255,256,255,256,257,258,259,260,259,260,261,260,261,262,261,262,263,262,261,262,261,260,261,260,261,262,263,264,265,266,267,266,265,266,267,266,265,266,267,268,269,270,271,270,269,270,271,272,273,274,273,274,275,274,275,276,277,278,279,278,279,280,279,278,279,280,281,282,283,284,285,286,287,288,287,286,287,288,289,290,289,290,291,290,291,292,291,292,293,294,295,294,293,294,295,294,295,296,297,298,299,298,299,300,299,300,301,300,301,300,301,302,301,302,303,302,303,304,303,304,305,304,305,306,307,308,309,308,309,308,307,308,307,308,307,306,307,306,307,308,307,306,305,306,307,306,307,308,307,308,309,308,309,308,307,306,307,308,309,308,307,308,309,308,309,310,311,312,313,314,315,316,317,316,317,318,317,318,319,318,317,318,319,320,319,318,319,320,319,320,321,322,323,324,325,326,327,326,327,328,329,330,329,330,331,330,331,332,331,332,333,334,333,332,333,332,331,330,331,332,333,334,335,334,335,336,335,334,335,336,337,336,335,336,337,338,337,338,339,338,339,340,341,342,343,342,343,344,345,346,345,344,343,344,345,346,345,344,345,346,347,346,347,348,349,350,351,352,353,352,353,354,355,356,357,356,357,358,357,z-curve
