3_116626269_116629740,0.5,0.5,1.5,1.5,1.5,0.5,1.5,0.5,1.5,1.5,-1.5,1.5,0.5,0.5,1.5,0.5,-1.5,-0.5,1.5,1.5,1.5,0.5,1.5,1.5,0.5,1.5,1.5,0.5,0.5,1.5,1.5,0.5,1.5,1.5,0.5,1.5,1.5,0.5,1.5,0.5,-1.5,-0.5,0.5,1.5,1.5,0.5,1.5,1.5,0.5,-1.5,-0.5,0.5,1.5,-0.5,0.5,-1.5,-0.5,0.5,0.5,1.5,1.5,1.5,0.5,1.5,0.5,1.5,1.5,-0.5,-1.5,1.5,0.5,1.5,0.5,-1.5,-0.5,0.5,1.5,-1.5,0.5,1.5,1.5,0.5,-0.5,-0.5,0.5,0.5,1.5,0.5,-1.5,-0.5,0.5,0.5,1.5,1.5,1.5,0.5,1.5,0.5,1.5,1.5,-1.5,1.5,1.5,0.5,1.5,0.5,-1.5,-0.5,0.5,1.5,1.5,0.5,1.5,1.5,0.5,1.5,-0.5,0.5,0.5,1.5,1.5,0.5,1.5,1.5,0.5,1.5,1.5,-1.5,1.5,0.5,-1.5,-0.5,0.5,1.5,1.5,-0.5,1.5,1.5,0.5,-0.5,-0.5,0.5,1.5,1.5,0.5,-1.5,-0.5,0.5,0.5,1.5,1.5,1.5,0.5,1.5,0.5,1.5,1.5,0.5,1.5,0.5,-1.5,1.5,0.5,0.5,1.5,0.5,0.5,1.5,0.5,-1.5,-0.5,0.5,1.5,1.5,0.5,-1.5,-0.5,0.5,-1.5,1.5,1.5,0.5,1.5,1.5,0.5,-1.5,1.5,0.5,1.5,0.5,-1.5,-1.5,1.5,0.5,1.5,0.5,-1.5,-0.5,0.5,0.5,1.5,0.5,1.5,-0.5,0.5,0.5,1.5,1.5,0.5,1.5,-0.5,1.5,-0.5,1.5,-0.5,1.5,1.5,-0.5,-0.5,0.5,-1.5,-1.5,0.5,1.5,1.5,-0.5,-1.5,-1.5,1.5,-0.5,-0.5,-1.5,0.5,0.5,1.5,-1.5,1.5,0.5,-0.5,0.5,1.5,0.5,0.5,1.5,-1.5,0.5,1.5,1.5,-0.5,-1.5,-0.5,1.5,-1.5,-1.5,-1.5,1.5,1.5,-1.5,1.5,-1.5,1.5,-0.5,-1.5,1.5,0.5,0.5,1.5,-0.5,-0.5,1.5,-0.5,0.5,-1.5,-0.5,1.5,1.5,-0.5,-1.5,-0.5,1.5,-1.5,-0.5,-1.5,-1.5,1.5,-1.5,-0.5,0.5,0.5,-1.5,-1.5,-1.5,1.5,1.5,-1.5,-1.5,0.5,-1.5,1.5,-1.5,1.5,1.5,1.5,-0.5,1.5,-1.5,1.5,1.5,-1.5,1.5,-0.5,-1.5,-1.5,-1.5,-0.5,1.5,-0.5,-1.5,-1.5,1.5,0.5,-1.5,1.5,1.5,1.5,-1.5,1.5,-1.5,1.5,1.5,-1.5,1.5,-1.5,-1.5,-1.5,-1.5,-1.5,-1.5,-1.5,-0.5,-1.5,0.5,-1.5,0.5,-0.5,-1.5,-1.5,1.5,1.5,-0.5,0.5,-1.5,1.5,-0.5,-1.5,-1.5,0.5,-1.5,1.5,-1.5,0.5,0.5,1.5,-0.5,-0.5,-0.5,0.5,-1.5,-0.5,1.5,-1.5,-0.5,-0.5,-1.5,1.5,-0.5,0.5,1.5,-0.5,0.5,-1.5,1.5,0.5,0.5,0.5,-1.5,-0.5,1.5,-0.5,1.5,0.5,0.5,0.5,1.5,-0.5,0.5,1.5,0.5,-1.5,-0.5,-1.5,-0.5,-0.5,0.5,1.5,0.5,0.5,1.5,0.5,1.5,1.5,0.5,1.5,-0.5,1.5,0.5,1.5,0.5,-1.5,-0.5,-0.5,1.5,-0.5,0.5,1.5,0.5,0.5,0.5,1.5,-0.5,1.5,1.5,0.5,-1.5,-0.5,-1.5,-1.5,1.5,-1.5,1.5,-1.5,1.5,-0.5,-1.5,1.5,1.5,-1.5,-1.5,1.5,1.5,-0.5,0.5,-1.5,-1.5,-0.5,1.5,1.5,-0.5,-0.5,1.5,-1.5,1.5,-1.5,-0.5,1.5,0.5,1.5,-1.5,1.5,-0.5,-1.5,1.5,1.5,-1.5,0.5,1.5,-1.5,0.5,-1.5,-0.5,1.5,-0.5,-0.5,-0.5,1.5,-0.5,-0.5,-0.5,-0.5,-0.5,0.5,0.5,-0.5,-1.5,1.5,1.5,-0.5,0.5,-1.5,-1.5,0.5,1.5,-1.5,-0.5,-0.5,-0.5,1.5,0.5,1.5,-0.5,0.5,1.5,1.5,1.5,0.5,-1.5,0.5,1.5,1.5,-0.5,-0.5,-0.5,1.5,-1.5,1.5,0.5,-1.5,-0.5,-1.5,1.5,-0.5,-1.5,1.5,0.5,1.5,1.5,-1.5,0.5,0.5,-1.5,0.5,-1.5,-0.5,-0.5,0.5,0.5,-0.5,1.5,1.5,-0.5,-1.5,1.5,0.5,-1.5,1.5,1.5,-0.5,0.5,0.5,-1.5,-0.5,-0.5,-0.5,-0.5,-0.5,1.5,1.5,1.5,-0.5,-1.5,-0.5,-0.5,-1.5,-1.5,-1.5,0.5,0.5,1.5,1.5,0.5,0.5,1.5,0.5,1.5,1.5,-0.5,0.5,-0.5,-1.5,-1.5,0.5,-1.5,-0.5,1.5,-1.5,-1.5,1.5,1.5,0.5,-0.5,1.5,-0.5,-0.5,1.5,-0.5,0.5,-1.5,1.5,-0.5,-1.5,-0.5,1.5,0.5,-0.5,-0.5,1.5,1.5,-0.5,-0.5,0.5,1.5,0.5,1.5,1.5,-0.5,-0.5,-0.5,-1.5,-0.5,-0.5,-0.5,-0.5,-1.5,0.5,1.5,-0.5,-0.5,-1.5,-1.5,1.5,1.5,-0.5,1.5,-1.5,-0.5,-1.5,-1.5,-1.5,-1.5,-1.5,-0.5,-0.5,-0.5,-0.5,-1.5,-1.5,-1.5,-1.5,-1.5,-1.5,1.5,0.5,-1.5,1.5,-1.5,-1.5,1.5,-1.5,1.5,1.5,-1.5,-1.5,1.5,0.5,-1.5,-0.5,-1.5,-1.5,-1.5,-1.5,-0.5,-0.5,-1.5,-0.5,1.5,1.5,-0.5,-1.5,0.5,-0.5,-0.5,1.5,-1.5,-1.5,1.5,-1.5,-1.5,-1.5,-1.5,-1.5,-1.5,-1.5,0.5,-1.5,0.5,-1.5,-1.5,1.5,-1.5,-1.5,-1.5,0.5,1.5,-1.5,-1.5,0.5,0.5,1.5,0.5,-0.5,0.5,0.5,-1.5,1.5,0.5,-1.5,-1.5,1.5,-0.5,0.5,1.5,1.5,-0.5,0.5,-1.5,-0.5,-1.5,-0.5,1.5,-0.5,0.5,1.5,-0.5,1.5,-0.5,-0.5,-0.5,-0.5,-1.5,-1.5,1.5,0.5,0.5,-1.5,1.5,0.5,-1.5,1.5,1.5,1.5,-0.5,0.5,-1.5,-1.5,-0.5,-1.5,1.5,-1.5,1.5,0.5,-1.5,1.5,0.5,-1.5,-1.5,0.5,-1.5,0.5,1.5,1.5,0.5,-0.5,-0.5,-1.5,-1.5,1.5,-0.5,0.5,0.5,0.5,0.5,-1.5,0.5,-0.5,1.5,-1.5,-1.5,-1.5,1.5,0.5,-1.5,-0.5,-0.5,-1.5,-0.5,-0.5,1.5,-0.5,0.5,1.5,-0.5,0.5,0.5,-1.5,-0.5,-0.5,-0.5,-0.5,-0.5,-1.5,-1.5,-0.5,-1.5,-1.5,1.5,-1.5,-1.5,-1.5,-1.5,-1.5,-1.5,1.5,-1.5,1.5,-1.5,-1.5,-1.5,1.5,-0.5,-1.5,-1.5,-1.5,-1.5,-1.5,-1.5,1.5,-0.5,-0.5,-0.5,-1.5,-1.5,1.5,-1.5,-1.5,1.5,0.5,-1.5,-1.5,-0.5,-1.5,1.5,-0.5,-1.5,-0.5,-1.5,-0.5,-1.5,-1.5,-1.5,-1.5,0.5,-1.5,1.5,1.5,1.5,1.5,1.5,1.5,-1.5,-1.5,-0.5,0.5,-1.5,1.5,-0.5,-0.5,-1.5,-1.5,-0.5,-1.5,0.5,-1.5,1.5,-1.5,-0.5,-0.5,1.5,-1.5,-0.5,-0.5,0.5,1.5,1.5,-1.5,0.5,1.5,1.5,0.5,1.5,-1.5,1.5,1.5,0.5,-1.5,-1.5,-1.5,1.5,1.5,1.5,0.5,0.5,0.5,1.5,0.5,1.5,1.5,-0.5,0.5,-1.5,-0.5,-1.5,1.5,0.5,-1.5,-1.5,1.5,-0.5,1.5,0.5,-1.5,1.5,-0.5,-1.5,0.5,0.5,-1.5,0.5,-1.5,0.5,-0.5,-1.5,1.5,-0.5,-0.5,-0.5,-0.5,1.5,1.5,0.5,1.5,0.5,-1.5,1.5,-1.5,-1.5,-1.5,-1.5,1.5,0.5,1.5,-1.5,-1.5,-0.5,0.5,1.5,-0.5,1.5,0.5,-1.5,1.5,0.5,-1.5,-1.5,-0.5,-1.5,1.5,0.5,1.5,0.5,0.5,-1.5,0.5,0.5,-1.5,0.5,1.5,-1.5,0.5,-1.5,-1.5,1.5,0.5,0.5,-1.5,-1.5,0.5,1.5,-0.5,1.5,-1.5,1.5,1.5,1.5,0.5,1.5,1.5,0.5,-1.5,0.5,1.5,-1.5,1.5,0.5,-1.5,0.5,0.5,1.5,0.5,0.5,1.5,0.5,0.5,-1.5,-0.5,-1.5,1.5,1.5,-0.5,-0.5,1.5,0.5,1.5,1.5,0.5,0.5,-0.5,-0.5,1.5,-0.5,0.5,-1.5,1.5,1.5,1.5,-0.5,-1.5,-1.5,-0.5,1.5,-1.5,-0.5,1.5,1.5,0.5,0.5,1.5,-0.5,-1.5,1.5,0.5,0.5,1.5,0.5,0.5,-1.5,1.5,-1.5,0.5,-1.5,-1.5,-1.5,1.5,1.5,1.5,-1.5,-1.5,-1.5,-1.5,-1.5,-1.5,-0.5,1.5,-0.5,-1.5,1.5,1.5,-0.5,-1.5,-1.5,-1.5,-0.5,0.5,-1.5,0.5,-1.5,-0.5,-1.5,-0.5,1.5,-0.5,-1.5,1.5,-0.5,1.5,-0.5,1.5,-1.5,1.5,-0.5,-0.5,-0.5,0.5,-1.5,-1.5,-1.5,-1.5,1.5,1.5,-0.5,0.5,-1.5,-1.5,0.5,1.5,1.5,-0.5,1.5,-1.5,1.5,-0.5,-0.5,1.5,-0.5,-0.5,-0.5,1.5,-0.5,-0.5,1.5,1.5,-0.5,0.5,-1.5,-1.5,0.5,-1.5,-1.5,1.5,-1.5,-1.5,1.5,-1.5,1.5,1.5,-1.5,1.5,-1.5,0.5,1.5,-0.5,1.5,-1.5,1.5,-0.5,0.5,-1.5,-1.5,1.5,-1.5,-1.5,-1.5,-1.5,-1.5,-1.5,1.5,-1.5,0.5,0.5,1.5,-0.5,0.5,1.5,0.5,0.5,1.5,-0.5,0.5,1.5,0.5,1.5,-1.5,-0.5,1.5,-0.5,1.5,0.5,-1.5,-1.5,1.5,1.5,-0.5,0.5,-1.5,-1.5,0.5,-0.5,-0.5,-0.5,-1.5,0.5,1.5,0.5,0.5,-0.5,1.5,-1.5,1.5,-1.5,-1.5,1.5,1.5,1.5,0.5,1.5,1.5,0.5,-1.5,0.5,0.5,-1.5,1.5,0.5,-1.5,0.5,0.5,1.5,0.5,0.5,1.5,0.5,1.5,-1.5,-0.5,-1.5,1.5,1.5,-0.5,-0.5,1.5,0.5,0.5,1.5,0.5,0.5,-0.5,-0.5,1.5,-0.5,0.5,-1.5,-1.5,1.5,1.5,-1.5,-0.5,-1.5,0.5,1.5,-1.5,-0.5,1.5,1.5,0.5,0.5,1.5,-0.5,-1.5,1.5,0.5,0.5,1.5,-0.5,0.5,-1.5,1.5,-1.5,0.5,-1.5,-1.5,-1.5,1.5,1.5,1.5,-1.5,-1.5,-1.5,-1.5,-1.5,-1.5,1.5,-0.5,-1.5,1.5,1.5,-0.5,1.5,-1.5,-1.5,-1.5,0.5,-1.5,0.5,-1.5,-0.5,-1.5,1.5,1.5,-0.5,-1.5,1.5,-0.5,1.5,-0.5,1.5,0.5,1.5,-1.5,-0.5,-0.5,0.5,-1.5,-1.5,-1.5,1.5,1.5,-0.5,0.5,-1.5,-1.5,0.5,1.5,1.5,-0.5,1.5,-1.5,1.5,-0.5,-0.5,1.5,-0.5,-0.5,-0.5,1.5,-0.5,0.5,1.5,1.5,-0.5,0.5,-1.5,-1.5,-1.5,0.5,-1.5,-1.5,1.5,-1.5,-1.5,1.5,-1.5,1.5,1.5,-1.5,1.5,-0.5,1.5,1.5,-1.5,1.5,-1.5,1.5,-0.5,0.5,-1.5,-1.5,0.5,-1.5,-1.5,-1.5,-1.5,-1.5,-1.5,1.5,-1.5,0.5,0.5,1.5,-0.5,0.5,1.5,1.5,0.5,1.5,-0.5,0.5,1.5,0.5,1.5,-1.5,-0.5,1.5,-0.5,1.5,0.5,-1.5,1.5,1.5,0.5,1.5,1.5,0.5,-1.5,0.5,0.5,1.5,1.5,0.5,0.5,1.5,0.5,0.5,1.5,-0.5,0.5,-0.5,0.5,1.5,0.5,1.5,1.5,1.5,-0.5,-0.5,0.5,-1.5,-0.5,0.5,1.5,0.5,-0.5,0.5,1.5,1.5,0.5,1.5,0.5,-1.5,-1.5,0.5,-0.5,-1.5,1.5,-1.5,-0.5,0.5,-0.5,1.5,0.5,-1.5,-1.5,0.5,-0.5,-1.5,1.5,-1.5,-1.5,-0.5,0.5,1.5,1.5,0.5,1.5,-0.5,-1.5,-1.5,1.5,-0.5,0.5,0.5,-1.5,-0.5,1.5,-0.5,1.5,-1.5,-0.5,0.5,-1.5,0.5,1.5,0.5,-0.5,1.5,-0.5,-0.5,1.5,-0.5,-1.5,-0.5,0.5,1.5,1.5,1.5,1.5,-0.5,0.5,0.5,-1.5,1.5,-1.5,-1.5,-0.5,-0.5,1.5,0.5,-0.5,0.5,-0.5,-0.5,-0.5,-1.5,1.5,-1.5,1.5,1.5,-0.5,1.5,1.5,-0.5,-1.5,-1.5,1.5,-1.5,0.5,1.5,1.5,0.5,-0.5,1.5,-1.5,-0.5,0.5,0.5,1.5,1.5,0.5,1.5,-0.5,1.5,-0.5,0.5,-0.5,1.5,-1.5,0.5,-0.5,-1.5,0.5,1.5,-0.5,-0.5,-0.5,0.5,1.5,1.5,0.5,-1.5,0.5,1.5,-1.5,-0.5,1.5,-0.5,0.5,1.5,1.5,1.5,0.5,-1.5,1.5,0.5,-1.5,-1.5,-1.5,-1.5,-0.5,0.5,0.5,1.5,1.5,0.5,-1.5,-1.5,-0.5,-1.5,1.5,-0.5,1.5,1.5,0.5,-1.5,-0.5,0.5,-0.5,0.5,-1.5,1.5,0.5,1.5,-0.5,-1.5,0.5,1.5,1.5,0.5,0.5,1.5,-1.5,0.5,1.5,0.5,0.5,1.5,1.5,0.5,0.5,-1.5,-1.5,0.5,1.5,-1.5,-1.5,-1.5,1.5,0.5,-0.5,-0.5,1.5,-1.5,-1.5,1.5,-0.5,0.5,1.5,0.5,1.5,-0.5,-1.5,0.5,0.5,-1.5,-1.5,-1.5,-1.5,-0.5,-1.5,-1.5,-0.5,-1.5,1.5,0.5,1.5,-1.5,-1.5,-1.5,-0.5,0.5,1.5,-1.5,-0.5,-0.5,-0.5,1.5,-1.5,0.5,1.5,-0.5,-0.5,1.5,-1.5,-1.5,-1.5,-1.5,-0.5,-1.5,0.5,1.5,-0.5,-0.5,-0.5,-0.5,-0.5,1.5,1.5,-0.5,-0.5,-1.5,1.5,-1.5,1.5,1.5,-0.5,-1.5,-1.5,-0.5,-0.5,-1.5,-1.5,-0.5,0.5,-1.5,1.5,-0.5,-1.5,0.5,-1.5,-0.5,-0.5,0.5,-0.5,-0.5,-0.5,-1.5,1.5,0.5,-1.5,1.5,-0.5,-0.5,-0.5,-1.5,1.5,-0.5,1.5,-0.5,0.5,0.5,-1.5,-1.5,-0.5,0.5,-1.5,0.5,-1.5,1.5,0.5,-1.5,-0.5,0.5,-1.5,0.5,-1.5,1.5,-0.5,1.5,-0.5,0.5,0.5,-1.5,-0.5,1.5,-1.5,-0.5,0.5,-1.5,-0.5,1.5,-0.5,-0.5,-0.5,1.5,-0.5,0.5,1.5,-0.5,0.5,1.5,-0.5,0.5,1.5,-1.5,0.5,1.5,-0.5,-0.5,-0.5,-0.5,0.5,-1.5,-0.5,-1.5,1.5,-0.5,1.5,1.5,-0.5,0.5,1.5,-0.5,0.5,1.5,0.5,0.5,1.5,-0.5,-0.5,-0.5,1.5,1.5,-1.5,-0.5,-0.5,1.5,-0.5,0.5,1.5,-0.5,0.5,1.5,-0.5,1.5,1.5,-0.5,-0.5,-0.5,1.5,1.5,-1.5,-0.5,-0.5,-0.5,1.5,0.5,1.5,-1.5,0.5,1.5,-1.5,0.5,1.5,-0.5,-0.5,-0.5,-0.5,0.5,-1.5,-0.5,-0.5,1.5,-0.5,0.5,1.5,-0.5,-0.5,1.5,-1.5,0.5,1.5,-0.5,-0.5,-1.5,-0.5,0.5,-1.5,1.5,-0.5,1.5,-1.5,-1.5,1.5,-1.5,1.5,1.5,-0.5,0.5,1.5,-1.5,-0.5,-1.5,-0.5,0.5,-1.5,0.5,0.5,-1.5,-1.5,1.5,-0.5,-0.5,-0.5,-0.5,-1.5,0.5,-0.5,0.5,0.5,-1.5,1.5,-1.5,-0.5,0.5,-1.5,0.5,-0.5,1.5,-0.5,1.5,0.5,-1.5,-0.5,1.5,-0.5,-1.5,1.5,-1.5,0.5,1.5,1.5,0.5,1.5,0.5,-1.5,-0.5,0.5,1.5,-1.5,-1.5,-1.5,-1.5,-0.5,1.5,-1.5,-1.5,-1.5,-1.5,-1.5,-1.5,-1.5,0.5,-1.5,-1.5,1.5,-0.5,-1.5,1.5,-1.5,-1.5,-1.5,-1.5,1.5,-0.5,-1.5,1.5,-1.5,-1.5,-1.5,1.5,-0.5,-1.5,-1.5,1.5,-1.5,-1.5,0.5,-1.5,-1.5,-1.5,1.5,1.5,-0.5,0.5,-1.5,-1.5,0.5,1.5,-1.5,1.5,1.5,-0.5,1.5,-0.5,-0.5,-1.5,-0.5,1.5,-1.5,1.5,0.5,-1.5,1.5,1.5,1.5,-0.5,0.5,-1.5,-1.5,1.5,-1.5,0.5,1.5,1.5,-1.5,-1.5,-1.5,0.5,-1.5,0.5,-1.5,-1.5,0.5,-1.5,1.5,-1.5,1.5,1.5,1.5,-0.5,0.5,-1.5,-1.5,0.5,1.5,1.5,-1.5,0.5,0.5,0.5,1.5,-0.5,-1.5,-0.5,-0.5,1.5,-0.5,1.5,0.5,0.5,-1.5,-1.5,-1.5,0.5,1.5,0.5,-0.5,-0.5,1.5,-0.5,-0.5,1.5,-0.5,0.5,0.5,-1.5,-0.5,-0.5,-1.5,-0.5,-0.5,-1.5,-1.5,0.5,-1.5,1.5,0.5,1.5,0.5,0.5,0.5,0.5,1.5,-0.5,-1.5,-0.5,-1.5,1.5,0.5,0.5,1.5,1.5,-1.5,1.5,1.5,1.5,-0.5,0.5,1.5,-1.5,1.5,0.5,-0.5,0.5,-1.5,1.5,0.5,-1.5,-1.5,1.5,0.5,-1.5,1.5,0.5,1.5,1.5,0.5,-0.5,-1.5,-0.5,1.5,0.5,0.5,-1.5,-1.5,-0.5,-1.5,-1.5,-1.5,-0.5,0.5,-1.5,1.5,-1.5,1.5,0.5,-0.5,-1.5,-0.5,-0.5,-0.5,-1.5,1.5,1.5,-0.5,-1.5,-1.5,-1.5,-1.5,-0.5,-0.5,-0.5,-1.5,0.5,1.5,1.5,-0.5,1.5,-0.5,1.5,0.5,-1.5,-1.5,-1.5,1.5,0.5,0.5,-1.5,1.5,-0.5,1.5,1.5,-0.5,0.5,-1.5,-0.5,-0.5,1.5,1.5,-0.5,1.5,0.5,-0.5,-1.5,0.5,-1.5,1.5,-1.5,-1.5,-1.5,-0.5,0.5,-1.5,1.5,0.5,1.5,-0.5,0.5,-1.5,1.5,-0.5,1.5,1.5,1.5,1.5,1.5,-1.5,-1.5,0.5,-1.5,1.5,1.5,-1.5,-0.5,-0.5,1.5,-1.5,-1.5,-1.5,-1.5,-0.5,-1.5,0.5,-1.5,0.5,-1.5,1.5,-0.5,-0.5,-0.5,1.5,-1.5,1.5,1.5,1.5,1.5,-1.5,-0.5,-0.5,1.5,1.5,-0.5,-1.5,-1.5,1.5,1.5,0.5,-1.5,1.5,-1.5,1.5,-1.5,-1.5,1.5,-0.5,-1.5,-1.5,-1.5,-1.5,-1.5,-1.5,-1.5,-0.5,1.5,-1.5,-1.5,-1.5,0.5,0.5,-1.5,-1.5,-1.5,1.5,1.5,-0.5,-0.5,0.5,-1.5,0.5,-1.5,-0.5,-0.5,1.5,-0.5,0.5,-1.5,-1.5,1.5,-1.5,-1.5,-0.5,0.5,0.5,-1.5,-0.5,1.5,1.5,-0.5,0.5,-1.5,-1.5,1.5,-1.5,-0.5,-1.5,-1.5,-1.5,-1.5,1.5,-1.5,0.5,1.5,-1.5,-1.5,-1.5,-1.5,1.5,1.5,-1.5,1.5,1.5,-0.5,0.5,1.5,-1.5,0.5,1.5,1.5,1.5,-1.5,1.5,-0.5,-1.5,-1.5,0.5,-1.5,-1.5,0.5,-1.5,1.5,-1.5,-1.5,-1.5,1.5,1.5,-1.5,0.5,-1.5,-1.5,-1.5,-1.5,1.5,-1.5,0.5,-1.5,1.5,-0.5,1.5,-0.5,-1.5,-1.5,1.5,-0.5,1.5,-0.5,1.5,-0.5,-1.5,-1.5,0.5,1.5,-1.5,1.5,-1.5,1.5,-0.5,-1.5,0.5,-1.5,-0.5,1.5,1.5,-0.5,1.5,-1.5,-1.5,0.5,-1.5,-0.5,1.5,-1.5,-1.5,-1.5,0.5,-1.5,1.5,-1.5,0.5,-1.5,-1.5,-1.5,-1.5,-1.5,1.5,1.5,-1.5,0.5,1.5,-1.5,0.5,1.5,1.5,-0.5,1.5,-0.5,1.5,-1.5,-1.5,1.5,1.5,-0.5,-0.5,-1.5,-1.5,-0.5,-1.5,-0.5,1.5,-1.5,-1.5,-0.5,1.5,1.5,-0.5,0.5,-1.5,-1.5,-0.5,-0.5,-0.5,0.5,-1.5,-1.5,-1.5,-1.5,-1.5,1.5,1.5,-0.5,-1.5,-1.5,1.5,-0.5,1.5,-0.5,1.5,-0.5,1.5,-0.5,1.5,1.5,-0.5,-1.5,-0.5,0.5,1.5,1.5,-1.5,0.5,-1.5,-0.5,0.5,1.5,-1.5,0.5,-0.5,-1.5,-1.5,-0.5,-1.5,1.5,0.5,0.5,0.5,-0.5,0.5,-1.5,1.5,0.5,0.5,-1.5,1.5,1.5,-0.5,-1.5,1.5,-0.5,-0.5,-0.5,1.5,-0.5,0.5,-0.5,1.5,1.5,-1.5,-1.5,1.5,-0.5,0.5,0.5,1.5,1.5,1.5,0.5,1.5,0.5,0.5,-0.5,0.5,-1.5,-1.5,-1.5,-1.5,1.5,0.5,0.5,1.5,1.5,1.5,0.5,1.5,-1.5,1.5,-1.5,-1.5,-1.5,-0.5,-1.5,0.5,-0.5,-1.5,-0.5,0.5,-1.5,-0.5,0.5,1.5,-1.5,1.5,-0.5,0.5,1.5,-0.5,-1.5,-0.5,0.5,0.5,1.5,-0.5,1.5,0.5,1.5,-1.5,0.5,1.5,-1.5,0.5,0.5,-0.5,0.5,1.5,1.5,1.5,-0.5,0.5,-1.5,0.5,0.5,-1.5,-0.5,1.5,0.5,0.5,1.5,1.5,-0.5,1.5,1.5,-0.5,0.5,1.5,0.5,-1.5,1.5,-0.5,1.5,1.5,0.5,1.5,-0.5,-0.5,-1.5,1.5,-0.5,1.5,0.5,0.5,1.5,-0.5,-1.5,-0.5,1.5,-0.5,1.5,-1.5,0.5,1.5,1.5,1.5,-1.5,0.5,-1.5,1.5,0.5,-1.5,1.5,0.5,-1.5,-1.5,1.5,0.5,0.5,1.5,-0.5,-1.5,1.5,-0.5,0.5,-0.5,-1.5,-0.5,1.5,-0.5,1.5,0.5,-1.5,-0.5,1.5,-0.5,1.5,1.5,-0.5,-0.5,-1.5,-0.5,-1.5,-1.5,1.5,-1.5,-0.5,0.5,-1.5,-0.5,-1.5,0.5,-1.5,0.5,1.5,-0.5,-1.5,-1.5,-1.5,1.5,-0.5,0.5,1.5,-0.5,0.5,0.5,-1.5,1.5,-0.5,-1.5,-1.5,-1.5,-1.5,-1.5,-0.5,-0.5,0.5,1.5,0.5,0.5,0.5,-1.5,-0.5,-0.5,0.5,0.5,0.5,-1.5,-0.5,0.5,1.5,0.5,0.5,0.5,0.5,-1.5,-0.5,1.5,-0.5,-1.5,-0.5,-1.5,-1.5,1.5,0.5,0.5,1.5,0.5,1.5,1.5,0.5,1.5,-1.5,0.5,-1.5,-0.5,1.5,0.5,1.5,-1.5,1.5,0.5,-1.5,-0.5,1.5,-0.5,-1.5,1.5,-1.5,-1.5,0.5,-1.5,-0.5,-1.5,1.5,-1.5,1.5,-1.5,1.5,1.5,-0.5,-1.5,1.5,-1.5,0.5,0.5,-1.5,-0.5,-1.5,1.5,-1.5,1.5,-0.5,0.5,-0.5,1.5,0.5,1.5,-1.5,1.5,-1.5,-1.5,-0.5,-1.5,1.5,1.5,1.5,-0.5,0.5,0.5,-1.5,0.5,-1.5,-1.5,-1.5,1.5,1.5,1.5,-0.5,0.5,1.5,0.5,0.5,0.5,0.5,0.5,-1.5,-0.5,0.5,1.5,0.5,-0.5,1.5,0.5,0.5,0.5,-0.5,0.5,-1.5,-1.5,-0.5,-0.5,0.5,-1.5,0.5,-0.5,-1.5,-0.5,0.5,-1.5,1.5,0.5,1.5,-0.5,0.5,-1.5,1.5,0.5,-1.5,-0.5,-1.5,0.5,-1.5,1.5,-0.5,-0.5,-0.5,-0.5,-0.5,-0.5,0.5,-0.5,-0.5,-1.5,1.5,0.5,-1.5,0.5,1.5,-0.5,0.5,0.5,-1.5,-1.5,0.5,-0.5,1.5,1.5,1.5,-0.5,-0.5,1.5,-1.5,-1.5,0.5,1.5,-0.5,0.5,-1.5,-1.5,-1.5,-1.5,0.5,-1.5,0.5,-1.5,0.5,0.5,-1.5,-1.5,-1.5,0.5,-1.5,0.5,1.5,-0.5,1.5,-0.5,0.5,1.5,0.5,-1.5,-0.5,1.5,-0.5,-1.5,1.5,1.5,-0.5,-0.5,-1.5,-1.5,1.5,0.5,1.5,0.5,1.5,1.5,1.5,1.5,0.5,0.5,-1.5,0.5,0.5,-1.5,0.5,0.5,-1.5,-1.5,1.5,0.5,1.5,0.5,1.5,-1.5,-1.5,1.5,1.5,1.5,0.5,-1.5,1.5,0.5,-0.5,1.5,1.5,1.5,0.5,1.5,-0.5,-0.5,-0.5,1.5,1.5,-1.5,-1.5,-0.5,0.5,1.5,1.5,0.5,0.5,-0.5,0.5,-1.5,1.5,0.5,-1.5,-0.5,0.5,0.5,-1.5,-0.5,0.5,1.5,-0.5,-1.5,-0.5,0.5,-1.5,-1.5,0.5,1.5,1.5,1.5,0.5,1.5,-0.5,-0.5,-1.5,0.5,-1.5,-1.5,1.5,-1.5,-1.5,-0.5,1.5,-0.5,0.5,-0.5,-0.5,0.5,1.5,1.5,-0.5,-1.5,-1.5,1.5,0.5,1.5,0.5,-1.5,-0.5,0.5,-1.5,-0.5,-0.5,0.5,0.5,-0.5,0.5,0.5,-1.5,-1.5,-1.5,0.5,0.5,0.5,0.5,1.5,1.5,-0.5,-0.5,0.5,-1.5,-1.5,0.5,1.5,-1.5,0.5,1.5,1.5,0.5,-1.5,0.5,1.5,1.5,1.5,1.5,0.5,-1.5,-1.5,1.5,1.5,0.5,-1.5,1.5,0.5,-1.5,-0.5,-1.5,1.5,-1.5,-0.5,-1.5,-0.5,0.5,-1.5,1.5,1.5,0.5,-1.5,-0.5,-1.5,-1.5,-0.5,0.5,1.5,1.5,1.5,-1.5,1.5,-1.5,-1.5,-1.5,0.5,1.5,1.5,0.5,0.5,0.5,-1.5,-0.5,-0.5,1.5,-0.5,-1.5,-0.5,0.5,-1.5,1.5,0.5,-1.5,1.5,-1.5,1.5,-1.5,-0.5,0.5,1.5,0.5,-0.5,1.5,-0.5,1.5,0.5,1.5,1.5,-1.5,-0.5,1.5,1.5,-1.5,1.5,-1.5,0.5,0.5,0.5,1.5,1.5,-1.5,1.5,1.5,1.5,1.5,0.5,-1.5,1.5,0.5,-1.5,0.5,0.5,-1.5,0.5,0.5,-1.5,-1.5,0.5,-1.5,-1.5,1.5,-1.5,0.5,0.5,-1.5,-1.5,0.5,-1.5,1.5,1.5,-0.5,1.5,0.5,-1.5,1.5,0.5,-0.5,0.5,0.5,-1.5,-0.5,-1.5,-1.5,0.5,-1.5,-1.5,1.5,0.5,-0.5,0.5,0.5,-1.5,-0.5,0.5,-1.5,-0.5,-0.5,-1.5,-1.5,0.5,-1.5,-1.5,-1.5,0.5,1.5,0.5,1.5,-0.5,-0.5,-0.5,1.5,0.5,1.5,1.5,-0.5,1.5,1.5,0.5,-1.5,1.5,0.5,-1.5,1.5,0.5,-1.5,0.5,1.5,1.5,1.5,0.5,-0.5,-0.5,0.5,-1.5,1.5,0.5,1.5,1.5,-0.5,1.5,-1.5,1.5,-1.5,-0.5,-0.5,-1.5,-0.5,-0.5,-0.5,-1.5,0.5,1.5,1.5,1.5,0.5,-1.5,-1.5,0.5,0.5,1.5,1.5,-1.5,-1.5,0.5,0.5,1.5,0.5,1.5,1.5,0.5,0.5,1.5,0.5,0.5,1.5,1.5,1.5,0.5,0.5,1.5,1.5,0.5,-1.5,-1.5,1.5,1.5,0.5,-1.5,1.5,1.5,1.5,1.5,1.5,-1.5,1.5,0.5,1.5,-1.5,-1.5,1.5,-0.5,-0.5,0.5,1.5,1.5,1.5,0.5,1.5,0.5,1.5,1.5,-0.5,1.5,1.5,1.5,1.5,0.5,1.5,-1.5,0.5,-1.5,0.5,-0.5,-1.5,-0.5,-0.5,-1.5,-0.5,-1.5,-0.5,0.5,-0.5,-1.5,0.5,-0.5,-0.5,-1.5,0.5,-1.5,-0.5,1.5,-1.5,1.5,-0.5,-1.5,-0.5,0.5,-0.5,0.5,0.5,1.5,1.5,-0.5,0.5,1.5,-0.5,-0.5,0.5,0.5,1.5,-0.5,1.5,-0.5,-1.5,0.5,-1.5,1.5,1.5,0.5,1.5,-0.5,1.5,1.5,0.5,1.5,1.5,-0.5,-1.5,1.5,0.5,0.5,-1.5,1.5,1.5,-1.5,1.5,-1.5,-1.5,-1.5,-1.5,-1.5,-1.5,0.5,-1.5,0.5,1.5,-0.5,-1.5,-1.5,-1.5,-1.5,-1.5,-1.5,1.5,-0.5,-0.5,-0.5,-1.5,-1.5,1.5,-0.5,-1.5,-1.5,-1.5,-1.5,-1.5,-1.5,-1.5,0.5,-1.5,1.5,-0.5,-1.5,-0.5,-0.5,-0.5,0.5,-1.5,0.5,-1.5,-1.5,-1.5,0.5,-1.5,0.5,-1.5,1.5,-0.5,-0.5,1.5,-1.5,0.5,-1.5,-0.5,-1.5,1.5,0.5,1.5,0.5,-1.5,1.5,-1.5,-1.5,0.5,0.5,-1.5,-1.5,-1.5,-1.5,-1.5,1.5,1.5,-0.5,0.5,1.5,-1.5,-1.5,1.5,0.5,-1.5,-1.5,0.5,-1.5,-1.5,-1.5,0.5,1.5,-1.5,-1.5,real
