6_163502335_163530823,1.5,-0.5,0.5,-0.5,1.5,0.5,0.5,-1.5,-1.5,-1.5,-1.5,1.5,1.5,1.5,1.5,0.5,-1.5,-1.5,1.5,0.5,-1.5,-1.5,-1.5,-1.5,-1.5,-0.5,-0.5,0.5,1.5,1.5,1.5,1.5,-0.5,0.5,-0.5,1.5,1.5,0.5,0.5,0.5,0.5,0.5,-0.5,-0.5,0.5,1.5,-1.5,1.5,-0.5,1.5,0.5,-0.5,-0.5,-1.5,-1.5,-0.5,0.5,-1.5,-0.5,-0.5,-1.5,0.5,0.5,0.5,0.5,-1.5,-1.5,-0.5,-0.5,-1.5,-0.5,0.5,-0.5,-1.5,-1.5,0.5,-0.5,0.5,-0.5,-0.5,-0.5,1.5,-0.5,0.5,-1.5,1.5,-0.5,1.5,-1.5,-1.5,-0.5,1.5,-0.5,-0.5,0.5,-1.5,-1.5,-0.5,-0.5,0.5,0.5,-0.5,-1.5,0.5,1.5,-0.5,-1.5,-0.5,0.5,0.5,-0.5,-1.5,-0.5,-0.5,-0.5,-1.5,0.5,1.5,0.5,0.5,1.5,-1.5,1.5,-0.5,0.5,0.5,1.5,0.5,0.5,-0.5,-0.5,-0.5,1.5,1.5,-1.5,-0.5,-0.5,-0.5,-1.5,0.5,-1.5,0.5,0.5,1.5,0.5,-1.5,0.5,1.5,0.5,-0.5,1.5,0.5,-1.5,0.5,0.5,0.5,-0.5,0.5,0.5,-1.5,0.5,-1.5,-1.5,-1.5,-1.5,-1.5,-0.5,1.5,-0.5,-1.5,0.5,0.5,0.5,0.5,1.5,-1.5,0.5,1.5,1.5,-0.5,-0.5,-0.5,-0.5,-1.5,-1.5,-0.5,0.5,0.5,-1.5,0.5,0.5,0.5,1.5,-0.5,1.5,1.5,-1.5,0.5,1.5,-1.5,-1.5,0.5,-1.5,-0.5,-0.5,0.5,-0.5,-1.5,-1.5,-0.5,0.5,0.5,-0.5,-0.5,-1.5,0.5,-1.5,0.5,-0.5,0.5,-1.5,-1.5,-1.5,-1.5,1.5,-1.5,-1.5,-1.5,-1.5,-0.5,-0.5,-0.5,-1.5,-1.5,-1.5,-0.5,-0.5,-1.5,-0.5,1.5,-1.5,1.5,-0.5,-1.5,0.5,1.5,1.5,0.5,-1.5,1.5,-0.5,0.5,-0.5,-1.5,0.5,-0.5,-0.5,1.5,-1.5,-1.5,0.5,-1.5,-1.5,-1.5,-0.5,1.5,-0.5,1.5,1.5,0.5,-1.5,-0.5,-0.5,0.5,0.5,1.5,0.5,-1.5,-0.5,0.5,-0.5,-0.5,0.5,0.5,-0.5,0.5,-1.5,-0.5,-1.5,-1.5,-1.5,-0.5,-1.5,0.5,-1.5,0.5,-1.5,1.5,-0.5,1.5,-0.5,0.5,-1.5,1.5,0.5,0.5,-1.5,-1.5,0.5,-1.5,-0.5,-1.5,-1.5,-1.5,0.5,1.5,-1.5,1.5,1.5,0.5,0.5,-1.5,-1.5,0.5,-1.5,-0.5,-1.5,-0.5,1.5,1.5,-1.5,-0.5,-0.5,0.5,-0.5,1.5,0.5,-0.5,0.5,0.5,1.5,1.5,-0.5,-0.5,-0.5,-1.5,-1.5,-0.5,-0.5,-1.5,-0.5,1.5,0.5,-0.5,0.5,-0.5,0.5,0.5,1.5,1.5,0.5,-1.5,-0.5,0.5,1.5,1.5,0.5,-0.5,1.5,0.5,0.5,0.5,0.5,-1.5,0.5,0.5,1.5,1.5,0.5,-0.5,-0.5,0.5,-1.5,-1.5,-1.5,-0.5,1.5,0.5,0.5,-1.5,1.5,0.5,0.5,0.5,-0.5,-0.5,0.5,1.5,1.5,0.5,0.5,-0.5,-0.5,0.5,-0.5,-1.5,0.5,-0.5,-0.5,0.5,-0.5,0.5,-1.5,-0.5,-0.5,1.5,-0.5,-0.5,-0.5,-1.5,-0.5,-0.5,-1.5,1.5,0.5,1.5,0.5,1.5,-0.5,0.5,0.5,1.5,0.5,-1.5,-1.5,-1.5,-0.5,-0.5,1.5,-0.5,-0.5,1.5,0.5,-0.5,0.5,0.5,-1.5,-0.5,0.5,-1.5,0.5,1.5,-0.5,0.5,-0.5,0.5,1.5,0.5,-0.5,-0.5,-1.5,0.5,0.5,1.5,-0.5,0.5,-0.5,-0.5,0.5,-0.5,-0.5,0.5,0.5,-0.5,0.5,-1.5,1.5,0.5,-0.5,-1.5,-0.5,0.5,0.5,1.5,0.5,1.5,-0.5,-0.5,-1.5,0.5,1.5,1.5,0.5,1.5,-0.5,0.5,0.5,-1.5,-0.5,-0.5,-0.5,0.5,-0.5,-0.5,0.5,1.5,1.5,0.5,-1.5,1.5,0.5,1.5,1.5,0.5,-0.5,1.5,0.5,-1.5,-0.5,-0.5,-1.5,-1.5,-0.5,-0.5,0.5,-1.5,-1.5,1.5,-1.5,0.5,0.5,0.5,0.5,1.5,0.5,-0.5,0.5,1.5,-1.5,-1.5,0.5,0.5,0.5,-0.5,0.5,1.5,0.5,0.5,-1.5,-0.5,-0.5,1.5,0.5,0.5,-1.5,0.5,-1.5,-1.5,0.5,-0.5,1.5,-1.5,-0.5,1.5,-0.5,-0.5,-0.5,-1.5,-1.5,-0.5,0.5,-0.5,-1.5,-0.5,0.5,-1.5,0.5,-0.5,-0.5,0.5,-0.5,-1.5,-1.5,-0.5,-0.5,0.5,0.5,0.5,-0.5,0.5,0.5,1.5,-0.5,-1.5,1.5,-0.5,0.5,0.5,-0.5,1.5,-0.5,-0.5,1.5,-0.5,1.5,-1.5,-0.5,0.5,-0.5,0.5,0.5,1.5,0.5,-1.5,0.5,-0.5,-0.5,-1.5,-0.5,1.5,0.5,1.5,-0.5,0.5,0.5,-0.5,0.5,-0.5,0.5,-1.5,0.5,-1.5,1.5,-0.5,-1.5,1.5,0.5,-0.5,0.5,0.5,0.5,-1.5,-1.5,-0.5,-1.5,0.5,1.5,1.5,-0.5,-1.5,-1.5,-0.5,-0.5,0.5,-0.5,-1.5,0.5,1.5,-0.5,1.5,-0.5,-1.5,-0.5,-0.5,-0.5,-0.5,-1.5,-0.5,0.5,1.5,1.5,0.5,0.5,1.5,-0.5,-1.5,-0.5,-0.5,-0.5,-0.5,-1.5,0.5,-0.5,1.5,0.5,-0.5,0.5,0.5,-0.5,-0.5,-1.5,-0.5,0.5,0.5,-1.5,-1.5,-0.5,-0.5,-1.5,0.5,0.5,0.5,-1.5,-0.5,1.5,-1.5,-1.5,-1.5,0.5,-0.5,1.5,0.5,0.5,-0.5,-1.5,-0.5,-1.5,0.5,-0.5,-0.5,0.5,0.5,1.5,0.5,-0.5,-0.5,-1.5,0.5,-1.5,1.5,-0.5,-0.5,0.5,0.5,-0.5,0.5,-0.5,1.5,-0.5,-0.5,1.5,0.5,-0.5,-0.5,0.5,0.5,1.5,0.5,0.5,0.5,1.5,0.5,1.5,-0.5,0.5,1.5,0.5,-0.5,-0.5,0.5,0.5,-0.5,0.5,0.5,0.5,0.5,-0.5,-0.5,0.5,-1.5,-1.5,-0.5,1.5,-0.5,0.5,0.5,1.5,0.5,-0.5,-0.5,0.5,-1.5,-1.5,-0.5,0.5,-0.5,0.5,0.5,1.5,1.5,-0.5,-0.5,0.5,-0.5,-0.5,-1.5,0.5,1.5,0.5,-1.5,1.5,0.5,-0.5,-1.5,-0.5,-0.5,-0.5,0.5,-0.5,-0.5,-1.5,0.5,1.5,0.5,-0.5,-1.5,-0.5,0.5,1.5,0.5,1.5,-0.5,0.5,-0.5,-1.5,-1.5,0.5,-1.5,-0.5,0.5,0.5,-1.5,-0.5,-1.5,-1.5,-0.5,-1.5,-1.5,-1.5,-0.5,-1.5,0.5,0.5,1.5,0.5,-1.5,-1.5,-1.5,0.5,-1.5,0.5,-0.5,-1.5,-0.5,0.5,-1.5,-0.5,-1.5,-0.5,-0.5,-1.5,-1.5,-1.5,0.5,-1.5,-1.5,-0.5,0.5,-1.5,-0.5,-0.5,-1.5,-1.5,0.5,-0.5,-1.5,-1.5,-1.5,1.5,0.5,0.5,-0.5,-1.5,-1.5,-0.5,-1.5,1.5,-0.5,-0.5,0.5,0.5,-1.5,-1.5,-0.5,-0.5,0.5,-0.5,1.5,-1.5,0.5,0.5,1.5,0.5,0.5,-0.5,-0.5,0.5,1.5,0.5,-0.5,-0.5,-0.5,0.5,-1.5,0.5,-0.5,1.5,1.5,-0.5,0.5,1.5,0.5,0.5,-0.5,-1.5,-0.5,-0.5,0.5,1.5,-0.5,0.5,-0.5,-1.5,0.5,0.5,1.5,-0.5,-0.5,-0.5,0.5,1.5,-1.5,0.5,-0.5,-0.5,0.5,1.5,-1.5,-0.5,-0.5,1.5,0.5,-0.5,-0.5,0.5,1.5,-0.5,0.5,-1.5,-1.5,-0.5,-0.5,-0.5,1.5,1.5,1.5,0.5,-0.5,-0.5,0.5,0.5,0.5,-0.5,-0.5,0.5,1.5,1.5,1.5,1.5,-0.5,-0.5,0.5,0.5,1.5,0.5,-1.5,-0.5,0.5,-1.5,-0.5,0.5,0.5,1.5,-0.5,-0.5,0.5,0.5,0.5,0.5,-0.5,-1.5,-0.5,-1.5,1.5,1.5,-0.5,-0.5,1.5,0.5,0.5,0.5,-0.5,0.5,1.5,0.5,0.5,1.5,1.5,-0.5,-1.5,0.5,-0.5,-1.5,0.5,0.5,0.5,-0.5,-0.5,1.5,0.5,-0.5,-1.5,-1.5,0.5,1.5,0.5,0.5,-0.5,-1.5,0.5,1.5,-0.5,0.5,1.5,-0.5,1.5,0.5,-0.5,1.5,0.5,-0.5,0.5,-0.5,0.5,1.5,1.5,0.5,1.5,-0.5,0.5,-0.5,0.5,-0.5,0.5,-0.5,0.5,0.5,-0.5,0.5,-0.5,-0.5,0.5,0.5,-0.5,0.5,0.5,1.5,0.5,0.5,-0.5,0.5,-0.5,0.5,-0.5,0.5,-0.5,0.5,0.5,-0.5,0.5,1.5,-0.5,0.5,0.5,-1.5,0.5,0.5,1.5,0.5,-0.5,-0.5,1.5,1.5,0.5,1.5,0.5,-1.5,-0.5,-1.5,1.5,0.5,-0.5,-0.5,1.5,-0.5,0.5,-1.5,-0.5,-1.5,-0.5,0.5,-1.5,-1.5,0.5,0.5,-0.5,-1.5,-1.5,-0.5,-0.5,1.5,0.5,0.5,-0.5,0.5,1.5,-1.5,0.5,0.5,1.5,1.5,-0.5,-0.5,0.5,-1.5,0.5,0.5,0.5,1.5,-0.5,0.5,1.5,-0.5,-1.5,-0.5,-1.5,-0.5,-1.5,-0.5,-0.5,0.5,-0.5,0.5,-0.5,0.5,-1.5,-0.5,1.5,-1.5,-0.5,0.5,0.5,0.5,0.5,-0.5,-0.5,0.5,-0.5,-1.5,-0.5,0.5,-0.5,-1.5,-0.5,-0.5,1.5,0.5,0.5,1.5,0.5,-1.5,-0.5,-0.5,-0.5,-1.5,1.5,0.5,-0.5,0.5,-1.5,-1.5,0.5,-0.5,-1.5,-0.5,0.5,0.5,0.5,0.5,-1.5,-0.5,-1.5,0.5,-0.5,1.5,0.5,-1.5,-1.5,0.5,0.5,1.5,0.5,-0.5,0.5,-0.5,0.5,0.5,-0.5,-0.5,-1.5,1.5,-0.5,-1.5,-1.5,0.5,-0.5,-1.5,0.5,-0.5,-1.5,0.5,1.5,1.5,-0.5,-0.5,0.5,-0.5,-0.5,0.5,-0.5,0.5,1.5,0.5,0.5,-0.5,-1.5,1.5,0.5,0.5,-0.5,1.5,0.5,-1.5,-0.5,-1.5,1.5,0.5,0.5,1.5,-0.5,-1.5,-0.5,-0.5,-0.5,-1.5,-1.5,-0.5,-0.5,-1.5,-1.5,-0.5,0.5,-0.5,-0.5,-0.5,-0.5,0.5,-0.5,1.5,0.5,-1.5,0.5,-0.5,-1.5,-1.5,-0.5,-0.5,-1.5,0.5,-0.5,-0.5,0.5,1.5,1.5,-0.5,-0.5,1.5,0.5,-1.5,0.5,-1.5,-1.5,-1.5,-1.5,-0.5,-1.5,-0.5,-1.5,-1.5,-1.5,-1.5,-0.5,-0.5,1.5,-1.5,1.5,-0.5,0.5,0.5,1.5,-0.5,-1.5,-1.5,-1.5,0.5,0.5,-0.5,1.5,1.5,-1.5,0.5,0.5,1.5,-0.5,-0.5,-1.5,-0.5,-0.5,-1.5,1.5,1.5,1.5,1.5,-0.5,-0.5,-0.5,-0.5,-1.5,0.5,-0.5,1.5,0.5,0.5,0.5,1.5,-0.5,0.5,-1.5,-0.5,-1.5,-1.5,-1.5,-1.5,0.5,0.5,1.5,0.5,0.5,-1.5,-0.5,0.5,-0.5,-1.5,0.5,-0.5,-1.5,0.5,0.5,-0.5,-0.5,-1.5,-0.5,0.5,-0.5,-1.5,0.5,0.5,0.5,0.5,-1.5,0.5,0.5,-0.5,1.5,1.5,-0.5,0.5,1.5,1.5,0.5,-0.5,-0.5,0.5,-1.5,0.5,-1.5,0.5,1.5,0.5,-0.5,0.5,-0.5,-0.5,-1.5,-0.5,0.5,1.5,0.5,-0.5,1.5,0.5,0.5,0.5,-1.5,-0.5,-0.5,-1.5,0.5,1.5,-0.5,-0.5,1.5,0.5,0.5,1.5,0.5,0.5,0.5,-0.5,1.5,1.5,0.5,-1.5,1.5,0.5,-0.5,1.5,0.5,-1.5,-1.5,-0.5,-1.5,-1.5,0.5,-0.5,-1.5,-1.5,-0.5,1.5,0.5,-0.5,-0.5,-0.5,-1.5,1.5,0.5,0.5,-0.5,-1.5,-0.5,-0.5,0.5,0.5,1.5,0.5,-1.5,0.5,-0.5,-0.5,-0.5,1.5,0.5,0.5,-0.5,-0.5,-1.5,-1.5,0.5,0.5,-0.5,-0.5,-1.5,-0.5,0.5,-1.5,-1.5,0.5,1.5,-0.5,-0.5,0.5,-0.5,0.5,0.5,-0.5,-0.5,0.5,0.5,0.5,1.5,0.5,-0.5,-0.5,-1.5,-0.5,0.5,1.5,0.5,0.5,-1.5,0.5,0.5,-0.5,0.5,-1.5,0.5,-1.5,-0.5,0.5,-0.5,-1.5,0.5,-0.5,-1.5,-0.5,-1.5,0.5,1.5,-0.5,0.5,0.5,-0.5,0.5,0.5,0.5,-0.5,-0.5,0.5,-0.5,-0.5,-0.5,-1.5,0.5,-0.5,-0.5,-1.5,1.5,0.5,-0.5,0.5,-0.5,1.5,0.5,1.5,0.5,0.5,-1.5,0.5,-0.5,0.5,0.5,0.5,0.5,0.5,0.5,1.5,0.5,1.5,1.5,0.5,0.5,-0.5,-1.5,-0.5,-0.5,0.5,-1.5,0.5,0.5,-0.5,-1.5,-0.5,0.5,-0.5,0.5,0.5,-0.5,-1.5,0.5,-0.5,0.5,0.5,1.5,0.5,-1.5,-0.5,0.5,0.5,-0.5,1.5,0.5,1.5,0.5,-0.5,-1.5,0.5,-0.5,1.5,0.5,-0.5,-0.5,0.5,-1.5,-0.5,0.5,-1.5,-1.5,0.5,0.5,-0.5,-0.5,1.5,0.5,-0.5,0.5,1.5,0.5,0.5,0.5,0.5,-1.5,-1.5,0.5,0.5,-0.5,-0.5,-0.5,-1.5,0.5,-0.5,-0.5,0.5,-0.5,-0.5,0.5,-0.5,-1.5,0.5,1.5,1.5,0.5,-1.5,-0.5,1.5,-1.5,-0.5,0.5,-0.5,-1.5,0.5,-1.5,-0.5,-0.5,1.5,-0.5,0.5,0.5,-0.5,-1.5,0.5,-1.5,1.5,0.5,-0.5,0.5,0.5,-0.5,-0.5,0.5,-1.5,0.5,-0.5,1.5,0.5,1.5,-0.5,-0.5,1.5,-0.5,-0.5,-0.5,0.5,0.5,0.5,-0.5,-0.5,-0.5,-0.5,0.5,0.5,-1.5,1.5,-0.5,1.5,0.5,0.5,-0.5,0.5,-0.5,1.5,0.5,-1.5,-0.5,0.5,0.5,-0.5,0.5,0.5,1.5,0.5,0.5,0.5,0.5,1.5,-1.5,1.5,0.5,-1.5,0.5,-1.5,-1.5,1.5,-0.5,-1.5,0.5,0.5,-0.5,0.5,0.5,1.5,0.5,-1.5,-0.5,0.5,-1.5,-0.5,-1.5,-1.5,-0.5,-1.5,-0.5,0.5,0.5,-1.5,-0.5,0.5,0.5,1.5,0.5,-0.5,-0.5,-0.5,-1.5,-1.5,0.5,0.5,0.5,-0.5,0.5,1.5,0.5,0.5,-1.5,0.5,-0.5,-0.5,0.5,-0.5,-0.5,0.5,1.5,-0.5,-0.5,1.5,-0.5,0.5,0.5,-0.5,0.5,0.5,1.5,-0.5,-1.5,-0.5,0.5,0.5,0.5,0.5,0.5,1.5,-0.5,0.5,1.5,-0.5,1.5,-0.5,-0.5,-1.5,-0.5,0.5,-1.5,0.5,0.5,1.5,1.5,-0.5,0.5,-0.5,-1.5,-0.5,-1.5,-1.5,-0.5,-0.5,1.5,0.5,-1.5,-0.5,0.5,1.5,-0.5,-1.5,-1.5,0.5,-0.5,-0.5,0.5,-1.5,-1.5,-0.5,-0.5,0.5,0.5,0.5,-0.5,-0.5,1.5,-0.5,1.5,-0.5,-0.5,0.5,-0.5,0.5,1.5,-0.5,-0.5,0.5,0.5,-1.5,0.5,-0.5,0.5,-1.5,-1.5,-0.5,1.5,0.5,-0.5,-0.5,0.5,-0.5,0.5,0.5,-0.5,1.5,0.5,1.5,1.5,-1.5,-1.5,-0.5,-0.5,-0.5,0.5,0.5,1.5,1.5,0.5,0.5,-0.5,-0.5,-0.5,-0.5,1.5,-0.5,0.5,0.5,-1.5,-0.5,-0.5,1.5,0.5,-1.5,-0.5,1.5,0.5,-1.5,-0.5,-0.5,0.5,0.5,-1.5,1.5,-0.5,-0.5,0.5,1.5,1.5,0.5,-0.5,0.5,1.5,1.5,-0.5,0.5,1.5,-0.5,-1.5,-0.5,-1.5,-0.5,-1.5,-1.5,-1.5,-1.5,-1.5,-1.5,-0.5,-1.5,-1.5,-1.5,-1.5,-1.5,1.5,0.5,-1.5,0.5,-0.5,-1.5,0.5,0.5,-0.5,-0.5,-0.5,-1.5,0.5,-1.5,1.5,-0.5,0.5,-0.5,-1.5,-1.5,1.5,-0.5,-1.5,-1.5,-0.5,-1.5,-0.5,0.5,0.5,-1.5,-0.5,-0.5,-1.5,0.5,-0.5,-1.5,-1.5,-0.5,-1.5,0.5,-1.5,1.5,1.5,0.5,0.5,-1.5,-1.5,-0.5,-1.5,1.5,-1.5,0.5,1.5,1.5,-1.5,0.5,0.5,0.5,-0.5,0.5,1.5,0.5,0.5,-0.5,-0.5,-0.5,0.5,0.5,-1.5,1.5,-0.5,-1.5,0.5,0.5,-1.5,-1.5,0.5,0.5,-0.5,-1.5,-0.5,0.5,0.5,1.5,-0.5,-0.5,-0.5,-0.5,-0.5,-0.5,-1.5,-0.5,-0.5,1.5,0.5,1.5,0.5,1.5,0.5,-0.5,-0.5,-1.5,1.5,0.5,1.5,0.5,-1.5,-1.5,0.5,0.5,0.5,0.5,0.5,-0.5,-0.5,-1.5,-0.5,0.5,0.5,-1.5,0.5,0.5,-0.5,1.5,0.5,-0.5,-1.5,-0.5,-0.5,1.5,0.5,0.5,-0.5,0.5,1.5,1.5,0.5,-0.5,0.5,0.5,-0.5,-0.5,0.5,-1.5,-0.5,0.5,1.5,1.5,0.5,-0.5,-0.5,0.5,-1.5,0.5,0.5,-1.5,0.5,0.5,0.5,1.5,1.5,-0.5,0.5,1.5,1.5,1.5,-0.5,-0.5,-0.5,0.5,-0.5,0.5,0.5,0.5,1.5,-0.5,-1.5,-1.5,0.5,-0.5,0.5,0.5,0.5,-0.5,-0.5,-0.5,-0.5,-0.5,-0.5,0.5,-0.5,-0.5,-1.5,0.5,1.5,-0.5,0.5,0.5,0.5,-1.5,-0.5,-0.5,0.5,-1.5,0.5,0.5,-0.5,0.5,0.5,-1.5,0.5,-0.5,-0.5,0.5,-0.5,-1.5,0.5,0.5,1.5,-0.5,-1.5,-0.5,-0.5,-0.5,1.5,0.5,-0.5,0.5,1.5,0.5,0.5,0.5,0.5,1.5,-0.5,0.5,-0.5,0.5,1.5,-0.5,0.5,0.5,0.5,-0.5,0.5,-0.5,1.5,-0.5,-0.5,-0.5,0.5,-0.5,-0.5,0.5,-0.5,-0.5,0.5,1.5,0.5,1.5,0.5,-0.5,-0.5,-0.5,-0.5,-1.5,-0.5,0.5,-1.5,-0.5,-1.5,0.5,-0.5,0.5,0.5,1.5,0.5,-0.5,-0.5,0.5,0.5,1.5,-0.5,-0.5,0.5,1.5,0.5,0.5,0.5,0.5,-0.5,-0.5,-0.5,-0.5,1.5,0.5,-0.5,0.5,0.5,1.5,0.5,-1.5,-1.5,0.5,1.5,0.5,0.5,1.5,0.5,0.5,-1.5,-0.5,0.5,0.5,-0.5,-1.5,-0.5,-0.5,-0.5,-0.5,1.5,0.5,-1.5,-1.5,-0.5,1.5,-1.5,0.5,0.5,0.5,0.5,0.5,1.5,0.5,-0.5,-0.5,-1.5,1.5,1.5,-0.5,0.5,0.5,0.5,0.5,1.5,-0.5,0.5,0.5,0.5,0.5,1.5,0.5,-0.5,-0.5,-0.5,1.5,0.5,-1.5,-0.5,-0.5,-1.5,0.5,0.5,0.5,0.5,-0.5,-0.5,0.5,-0.5,1.5,0.5,0.5,0.5,-0.5,-1.5,0.5,1.5,0.5,0.5,-1.5,-0.5,-0.5,-0.5,-1.5,0.5,1.5,-0.5,-1.5,1.5,-0.5,-0.5,0.5,-1.5,1.5,0.5,-1.5,-0.5,0.5,0.5,0.5,-0.5,0.5,1.5,0.5,-0.5,-0.5,-0.5,-0.5,-0.5,0.5,1.5,-0.5,-0.5,0.5,1.5,1.5,-0.5,-1.5,0.5,-0.5,-0.5,0.5,1.5,0.5,0.5,1.5,-0.5,-0.5,0.5,0.5,1.5,-0.5,-1.5,0.5,0.5,0.5,0.5,-1.5,-1.5,-0.5,0.5,0.5,-1.5,-0.5,-0.5,-0.5,0.5,1.5,-0.5,-1.5,-0.5,1.5,0.5,0.5,-1.5,-1.5,-0.5,-0.5,0.5,-0.5,-0.5,-1.5,0.5,-1.5,0.5,0.5,0.5,-1.5,1.5,-0.5,1.5,0.5,-0.5,1.5,0.5,1.5,1.5,0.5,0.5,1.5,0.5,-0.5,1.5,0.5,-1.5,1.5,0.5,-1.5,1.5,0.5,1.5,1.5,0.5,-1.5,1.5,0.5,-1.5,1.5,0.5,-0.5,1.5,0.5,-0.5,1.5,0.5,-0.5,1.5,0.5,-0.5,1.5,0.5,-0.5,-0.5,-0.5,0.5,-0.5,1.5,1.5,1.5,0.5,0.5,-0.5,-0.5,0.5,-0.5,-1.5,0.5,-0.5,-0.5,0.5,1.5,0.5,0.5,0.5,1.5,0.5,-0.5,-0.5,-0.5,-1.5,-0.5,0.5,0.5,0.5,0.5,1.5,0.5,0.5,0.5,1.5,0.5,1.5,0.5,0.5,1.5,-0.5,0.5,0.5,-0.5,-0.5,0.5,-0.5,-1.5,0.5,-0.5,-1.5,-1.5,-0.5,0.5,1.5,1.5,1.5,1.5,0.5,0.5,-1.5,-1.5,-1.5,-0.5,0.5,-0.5,1.5,0.5,1.5,0.5,-0.5,-1.5,-0.5,0.5,0.5,0.5,-0.5,0.5,0.5,1.5,0.5,0.5,-0.5,0.5,1.5,0.5,-0.5,0.5,-0.5,-0.5,-0.5,0.5,0.5,0.5,-0.5,-0.5,-0.5,0.5,0.5,1.5,1.5,0.5,1.5,0.5,0.5,-1.5,0.5,-0.5,1.5,0.5,0.5,1.5,1.5,0.5,1.5,1.5,0.5,1.5,1.5,0.5,1.5,1.5,0.5,1.5,1.5,0.5,1.5,0.5,0.5,1.5,0.5,0.5,-0.5,0.5,-0.5,-0.5,0.5,-0.5,-1.5,0.5,0.5,0.5,-0.5,0.5,0.5,-0.5,0.5,-0.5,0.5,1.5,-0.5,0.5,1.5,0.5,-0.5,-0.5,1.5,0.5,0.5,-0.5,0.5,0.5,-0.5,0.5,-1.5,1.5,0.5,0.5,1.5,-0.5,0.5,-0.5,1.5,-0.5,-1.5,0.5,0.5,0.5,-1.5,1.5,-0.5,-0.5,0.5,-1.5,-0.5,-0.5,-0.5,-1.5,-1.5,-0.5,-0.5,0.5,1.5,1.5,-0.5,1.5,-0.5,0.5,0.5,-1.5,0.5,0.5,0.5,1.5,-1.5,0.5,0.5,1.5,0.5,1.5,1.5,-0.5,-1.5,-1.5,-0.5,-1.5,0.5,-0.5,-0.5,-1.5,1.5,-0.5,-0.5,-1.5,-1.5,-1.5,1.5,0.5,0.5,0.5,-0.5,-1.5,0.5,0.5,-0.5,1.5,-1.5,-1.5,-1.5,-1.5,-1.5,0.5,0.5,-1.5,-0.5,-0.5,-0.5,-0.5,0.5,-1.5,-1.5,0.5,0.5,0.5,-0.5,-1.5,0.5,-0.5,0.5,-1.5,-1.5,-0.5,-1.5,-1.5,-0.5,-1.5,-1.5,-1.5,-0.5,-1.5,-1.5,-0.5,-0.5,-1.5,-0.5,-0.5,-0.5,-0.5,-1.5,0.5,-1.5,0.5,1.5,0.5,-1.5,0.5,0.5,-1.5,-0.5,-0.5,-0.5,1.5,0.5,-1.5,0.5,-0.5,0.5,-1.5,0.5,0.5,0.5,1.5,1.5,-0.5,-0.5,1.5,0.5,-1.5,-0.5,-0.5,-0.5,0.5,-0.5,0.5,-1.5,1.5,0.5,-1.5,-1.5,-1.5,-0.5,-0.5,0.5,1.5,-0.5,-0.5,-0.5,-1.5,-0.5,-1.5,-1.5,-0.5,-0.5,0.5,-1.5,0.5,0.5,-0.5,-0.5,-0.5,-0.5,1.5,0.5,0.5,-0.5,-0.5,0.5,1.5,1.5,0.5,0.5,0.5,0.5,-1.5,-1.5,0.5,-0.5,0.5,-1.5,-1.5,0.5,-0.5,-0.5,-1.5,0.5,-1.5,0.5,0.5,0.5,-0.5,0.5,0.5,0.5,-0.5,1.5,-0.5,-0.5,-1.5,-0.5,-1.5,-1.5,0.5,-0.5,1.5,0.5,-0.5,-1.5,-1.5,-0.5,-0.5,-0.5,-1.5,-1.5,-0.5,-1.5,-0.5,-0.5,-1.5,1.5,0.5,-1.5,-0.5,-1.5,-0.5,-0.5,-1.5,0.5,-1.5,1.5,0.5,0.5,-0.5,0.5,-0.5,-1.5,-0.5,0.5,0.5,0.5,1.5,0.5,0.5,-1.5,-1.5,-0.5,1.5,0.5,-1.5,-0.5,0.5,0.5,1.5,0.5,0.5,-0.5,-0.5,1.5,-0.5,1.5,0.5,-1.5,1.5,0.5,1.5,0.5,0.5,0.5,-1.5,-1.5,-1.5,-0.5,0.5,-0.5,-0.5,0.5,-1.5,-0.5,0.5,0.5,-0.5,1.5,0.5,-0.5,0.5,1.5,0.5,0.5,-0.5,0.5,0.5,-1.5,-1.5,-0.5,-0.5,-0.5,-1.5,-1.5,-0.5,0.5,-1.5,0.5,0.5,0.5,1.5,0.5,0.5,-0.5,-0.5,0.5,-0.5,-0.5,1.5,-0.5,-0.5,-1.5,1.5,-0.5,-0.5,0.5,-1.5,-0.5,0.5,-1.5,-1.5,1.5,0.5,-1.5,0.5,1.5,0.5,0.5,0.5,-0.5,0.5,-1.5,-0.5,0.5,-0.5,-0.5,1.5,-0.5,-1.5,-0.5,1.5,0.5,0.5,0.5,0.5,0.5,0.5,1.5,1.5,1.5,0.5,-0.5,0.5,-1.5,-1.5,0.5,-0.5,0.5,0.5,1.5,0.5,0.5,-1.5,-1.5,-0.5,-0.5,0.5,0.5,1.5,1.5,-0.5,-1.5,-0.5,-1.5,-1.5,-0.5,-0.5,-0.5,-0.5,1.5,1.5,0.5,-1.5,-1.5,-0.5,-0.5,1.5,1.5,0.5,1.5,1.5,0.5,1.5,-0.5,0.5,0.5,1.5,1.5,1.5,0.5,-0.5,1.5,-0.5,0.5,-0.5,-0.5,-0.5,-0.5,1.5,0.5,0.5,0.5,-0.5,1.5,-0.5,-0.5,0.5,-0.5,0.5,0.5,-1.5,-1.5,-0.5,0.5,-1.5,1.5,0.5,-0.5,-0.5,0.5,-0.5,-0.5,0.5,-0.5,-0.5,0.5,-0.5,-0.5,1.5,-0.5,-1.5,0.5,1.5,-1.5,0.5,1.5,0.5,-0.5,0.5,1.5,-0.5,-0.5,-0.5,-1.5,-0.5,-1.5,-1.5,0.5,-0.5,-0.5,0.5,-0.5,-0.5,-0.5,-1.5,-0.5,0.5,-1.5,-1.5,0.5,1.5,0.5,-1.5,0.5,0.5,-0.5,1.5,0.5,-1.5,1.5,1.5,0.5,0.5,-0.5,-0.5,-1.5,-0.5,-0.5,1.5,-1.5,-0.5,-1.5,-1.5,0.5,0.5,-1.5,0.5,0.5,-0.5,-0.5,0.5,-1.5,0.5,1.5,-0.5,0.5,0.5,-1.5,0.5,0.5,0.5,0.5,1.5,1.5,-0.5,1.5,1.5,0.5,-0.5,-1.5,-0.5,-0.5,-1.5,0.5,-0.5,0.5,-1.5,-1.5,-0.5,-0.5,-1.5,0.5,1.5,-0.5,0.5,-0.5,-0.5,-0.5,-1.5,-1.5,1.5,-1.5,1.5,-1.5,0.5,-1.5,-0.5,0.5,-0.5,-1.5,0.5,-0.5,0.5,0.5,0.5,-0.5,0.5,-1.5,-1.5,0.5,1.5,-0.5,0.5,0.5,1.5,0.5,-1.5,-1.5,0.5,-1.5,-0.5,-1.5,-1.5,-0.5,-0.5,-0.5,1.5,-0.5,0.5,-1.5,-0.5,0.5,0.5,-0.5,0.5,0.5,-0.5,-0.5,0.5,0.5,0.5,-0.5,0.5,-1.5,0.5,0.5,-0.5,0.5,0.5,-0.5,0.5,-0.5,0.5,-0.5,-1.5,-1.5,0.5,0.5,1.5,1.5,0.5,0.5,1.5,0.5,1.5,0.5,0.5,0.5,0.5,0.5,-0.5,1.5,0.5,1.5,-0.5,0.5,-0.5,-1.5,-1.5,-0.5,0.5,-1.5,-1.5,-1.5,-1.5,-1.5,-0.5,0.5,1.5,0.5,0.5,-0.5,0.5,-0.5,-1.5,-1.5,-1.5,-1.5,-1.5,-0.5,-1.5,-0.5,-1.5,1.5,-0.5,-0.5,-0.5,1.5,0.5,0.5,-1.5,0.5,-1.5,-1.5,-1.5,1.5,0.5,0.5,0.5,-1.5,-1.5,1.5,-0.5,-0.5,-0.5,-0.5,-0.5,-0.5,0.5,-0.5,-1.5,1.5,0.5,0.5,0.5,0.5,-1.5,-1.5,-0.5,1.5,-1.5,0.5,0.5,0.5,0.5,1.5,0.5,-1.5,0.5,-1.5,0.5,-1.5,0.5,0.5,-0.5,0.5,1.5,-1.5,0.5,-0.5,-1.5,-1.5,-0.5,-1.5,1.5,-0.5,-0.5,0.5,-0.5,-0.5,0.5,0.5,1.5,-0.5,0.5,-0.5,-1.5,-0.5,-1.5,1.5,-0.5,-0.5,-1.5,-0.5,1.5,1.5,-0.5,-0.5,-0.5,-0.5,0.5,1.5,-0.5,-1.5,-0.5,-0.5,1.5,1.5,-0.5,1.5,-0.5,0.5,-1.5,-1.5,0.5,1.5,0.5,0.5,-1.5,0.5,0.5,0.5,0.5,-0.5,1.5,-1.5,-0.5,1.5,-0.5,-0.5,1.5,-0.5,0.5,-1.5,-0.5,-0.5,-1.5,1.5,1.5,-0.5,0.5,0.5,0.5,-0.5,0.5,-1.5,0.5,-0.5,-1.5,-1.5,1.5,0.5,-0.5,-0.5,0.5,1.5,0.5,-0.5,0.5,0.5,-0.5,-0.5,0.5,-1.5,0.5,-1.5,0.5,0.5,-1.5,-1.5,-1.5,0.5,0.5,0.5,0.5,0.5,-0.5,0.5,1.5,0.5,-0.5,1.5,-0.5,-0.5,-1.5,-1.5,-0.5,-0.5,-1.5,-0.5,-1.5,1.5,-0.5,-1.5,-1.5,-0.5,0.5,1.5,0.5,-1.5,0.5,-0.5,-1.5,1.5,-0.5,1.5,-1.5,0.5,0.5,0.5,0.5,-0.5,-0.5,1.5,-0.5,-0.5,1.5,-0.5,-0.5,-0.5,-0.5,-1.5,0.5,-0.5,-0.5,-1.5,-0.5,0.5,-0.5,-0.5,0.5,1.5,0.5,0.5,-0.5,0.5,0.5,0.5,-1.5,0.5,-0.5,-0.5,-0.5,-0.5,-0.5,-0.5,-1.5,-1.5,1.5,0.5,0.5,-1.5,1.5,1.5,0.5,0.5,-0.5,-0.5,0.5,0.5,-0.5,0.5,1.5,-0.5,0.5,1.5,0.5,-1.5,1.5,0.5,-0.5,-0.5,1.5,-0.5,-1.5,-0.5,-1.5,-0.5,-0.5,-0.5,0.5,-0.5,-1.5,-1.5,-0.5,1.5,-1.5,-1.5,-1.5,0.5,0.5,0.5,1.5,0.5,-0.5,0.5,0.5,-1.5,-1.5,0.5,-1.5,-1.5,-0.5,-1.5,1.5,0.5,0.5,1.5,0.5,0.5,-1.5,-0.5,-1.5,1.5,0.5,-1.5,0.5,1.5,0.5,-1.5,0.5,0.5,-0.5,1.5,0.5,-1.5,0.5,1.5,-0.5,1.5,-0.5,-0.5,-1.5,-1.5,-1.5,-1.5,-1.5,-0.5,-0.5,0.5,0.5,-1.5,1.5,-0.5,-0.5,-0.5,1.5,0.5,-0.5,0.5,-0.5,0.5,-0.5,-0.5,0.5,-0.5,-1.5,-0.5,-1.5,1.5,-0.5,-1.5,1.5,-0.5,-0.5,1.5,0.5,-1.5,0.5,0.5,0.5,-0.5,-0.5,1.5,0.5,-1.5,-0.5,0.5,0.5,-1.5,1.5,0.5,-1.5,0.5,0.5,-0.5,-1.5,-0.5,0.5,-0.5,-0.5,-1.5,-1.5,-0.5,-0.5,-0.5,-0.5,1.5,-0.5,-0.5,0.5,-0.5,-0.5,0.5,-0.5,0.5,-1.5,-1.5,-0.5,-0.5,-0.5,-1.5,0.5,-1.5,-0.5,-0.5,-0.5,-1.5,-0.5,-0.5,-0.5,0.5,-0.5,-0.5,1.5,1.5,1.5,0.5,0.5,1.5,0.5,1.5,1.5,0.5,1.5,0.5,1.5,-0.5,-0.5,0.5,1.5,-1.5,-1.5,-0.5,1.5,0.5,1.5,0.5,1.5,0.5,-0.5,-0.5,-0.5,1.5,1.5,-0.5,0.5,-0.5,-1.5,-1.5,-1.5,-1.5,0.5,0.5,1.5,-0.5,-1.5,1.5,-1.5,-0.5,-0.5,-0.5,-1.5,-0.5,-0.5,0.5,-1.5,-0.5,-1.5,-1.5,-1.5,-0.5,-1.5,-0.5,-0.5,-1.5,-0.5,0.5,-1.5,-1.5,-1.5,-0.5,-1.5,-1.5,0.5,0.5,-1.5,1.5,0.5,-0.5,0.5,1.5,-1.5,-0.5,-1.5,0.5,0.5,0.5,1.5,0.5,1.5,0.5,0.5,0.5,-0.5,-1.5,-0.5,1.5,-1.5,1.5,-1.5,1.5,-1.5,-1.5,-0.5,-0.5,-1.5,0.5,1.5,-1.5,-1.5,-0.5,-0.5,0.5,-0.5,-1.5,-0.5,-1.5,0.5,0.5,-0.5,-0.5,1.5,0.5,0.5,-1.5,-1.5,-1.5,0.5,-0.5,1.5,1.5,0.5,0.5,-0.5,0.5,0.5,0.5,-0.5,-0.5,-1.5,0.5,0.5,-0.5,-0.5,-1.5,0.5,-0.5,0.5,-0.5,-0.5,-0.5,-1.5,1.5,1.5,0.5,-1.5,-1.5,-1.5,-1.5,-1.5,0.5,-0.5,0.5,-1.5,-1.5,-1.5,-0.5,0.5,-0.5,-1.5,-1.5,-1.5,0.5,-1.5,-0.5,0.5,0.5,-0.5,1.5,1.5,0.5,0.5,0.5,0.5,-0.5,-1.5,-1.5,0.5,-0.5,-0.5,0.5,1.5,0.5,-0.5,0.5,-0.5,0.5,-1.5,0.5,-0.5,0.5,-0.5,0.5,-1.5,-1.5,0.5,-0.5,-0.5,0.5,0.5,-0.5,0.5,0.5,0.5,-1.5,-0.5,0.5,0.5,-1.5,-1.5,0.5,0.5,-1.5,0.5,1.5,0.5,-0.5,0.5,0.5,0.5,0.5,-1.5,1.5,0.5,-0.5,0.5,-1.5,1.5,1.5,-1.5,-1.5,0.5,1.5,0.5,0.5,-0.5,0.5,-0.5,-0.5,0.5,-0.5,-0.5,-0.5,-1.5,0.5,-1.5,-0.5,-0.5,0.5,-0.5,-0.5,0.5,-0.5,0.5,0.5,1.5,0.5,1.5,-0.5,-0.5,0.5,-1.5,-1.5,-0.5,-1.5,-0.5,-1.5,-1.5,-0.5,0.5,-0.5,-0.5,-0.5,0.5,-0.5,-1.5,0.5,-0.5,0.5,1.5,1.5,0.5,-0.5,0.5,0.5,1.5,1.5,0.5,-0.5,0.5,0.5,-1.5,1.5,-1.5,-1.5,1.5,-0.5,-1.5,0.5,0.5,-0.5,0.5,-0.5,1.5,0.5,-1.5,-1.5,-1.5,-1.5,-1.5,-1.5,-0.5,-0.5,1.5,-1.5,0.5,-0.5,0.5,0.5,-0.5,0.5,-0.5,1.5,0.5,-0.5,1.5,1.5,0.5,-0.5,-1.5,1.5,1.5,1.5,0.5,-0.5,1.5,-1.5,1.5,0.5,0.5,1.5,1.5,1.5,1.5,0.5,0.5,1.5,1.5,1.5,1.5,1.5,1.5,0.5,0.5,1.5,0.5,1.5,1.5,1.5,0.5,1.5,0.5,1.5,0.5,1.5,0.5,1.5,1.5,-0.5,0.5,-1.5,-1.5,0.5,-1.5,-0.5,-0.5,-0.5,-1.5,0.5,0.5,-0.5,-0.5,-0.5,-1.5,-1.5,-1.5,-0.5,-0.5,-0.5,-0.5,-0.5,-1.5,1.5,-1.5,0.5,0.5,0.5,0.5,-0.5,-1.5,-1.5,-1.5,-1.5,-0.5,-0.5,-1.5,1.5,0.5,0.5,1.5,1.5,0.5,0.5,0.5,0.5,-0.5,-0.5,-0.5,-1.5,-1.5,-0.5,-0.5,-1.5,-1.5,0.5,0.5,-1.5,-0.5,-0.5,0.5,1.5,0.5,0.5,-0.5,-1.5,-0.5,0.5,0.5,0.5,0.5,0.5,0.5,0.5,1.5,-1.5,0.5,1.5,-0.5,-1.5,1.5,0.5,-1.5,-0.5,-1.5,-0.5,-0.5,1.5,1.5,0.5,-0.5,-1.5,-1.5,-0.5,-0.5,0.5,1.5,-0.5,-0.5,0.5,0.5,0.5,0.5,1.5,0.5,-0.5,-0.5,-1.5,-1.5,-0.5,-0.5,-0.5,1.5,1.5,0.5,-0.5,-1.5,0.5,-1.5,-0.5,0.5,0.5,-0.5,0.5,0.5,1.5,0.5,-1.5,-0.5,-1.5,1.5,0.5,-0.5,0.5,-0.5,1.5,-0.5,-0.5,-0.5,1.5,0.5,0.5,1.5,-1.5,0.5,-1.5,0.5,0.5,0.5,-1.5,0.5,1.5,-1.5,0.5,1.5,-0.5,-0.5,1.5,0.5,-1.5,-0.5,-1.5,-0.5,-0.5,1.5,1.5,0.5,-0.5,-1.5,-1.5,-0.5,-0.5,0.5,0.5,-0.5,-0.5,0.5,0.5,0.5,0.5,1.5,0.5,-0.5,-0.5,-1.5,-1.5,-0.5,-0.5,-0.5,1.5,1.5,0.5,0.5,-1.5,0.5,-0.5,-0.5,0.5,0.5,-0.5,0.5,0.5,1.5,0.5,-1.5,-0.5,1.5,0.5,1.5,-1.5,0.5,1.5,0.5,-0.5,-0.5,-0.5,0.5,1.5,0.5,0.5,-1.5,0.5,-0.5,0.5,0.5,0.5,-1.5,0.5,1.5,-1.5,0.5,1.5,-0.5,-1.5,1.5,1.5,-1.5,-0.5,-0.5,-0.5,-0.5,1.5,1.5,0.5,-0.5,-1.5,-1.5,-0.5,-0.5,0.5,1.5,-0.5,-0.5,0.5,0.5,0.5,0.5,0.5,-0.5,-1.5,-1.5,-0.5,-0.5,-0.5,1.5,1.5,0.5,-1.5,0.5,-1.5,-0.5,0.5,0.5,-0.5,0.5,0.5,1.5,0.5,-1.5,-0.5,-1.5,0.5,-0.5,0.5,0.5,-0.5,-1.5,-0.5,0.5,-0.5,-1.5,-0.5,-0.5,-0.5,-1.5,1.5,-0.5,-1.5,0.5,0.5,-1.5,1.5,-0.5,-0.5,-0.5,1.5,-1.5,0.5,-0.5,1.5,1.5,0.5,-0.5,-1.5,1.5,-1.5,0.5,-1.5,1.5,-1.5,-1.5,0.5,0.5,-1.5,-1.5,-0.5,-0.5,0.5,1.5,0.5,-0.5,-0.5,-0.5,0.5,1.5,-0.5,0.5,-0.5,0.5,1.5,0.5,0.5,0.5,-0.5,-1.5,-0.5,-0.5,1.5,-1.5,0.5,0.5,0.5,1.5,-1.5,-0.5,-0.5,-1.5,0.5,-1.5,1.5,1.5,1.5,0.5,0.5,-0.5,-1.5,-0.5,-1.5,0.5,0.5,-1.5,-0.5,0.5,-0.5,-0.5,-0.5,-1.5,-1.5,0.5,-0.5,-1.5,1.5,0.5,1.5,1.5,-0.5,1.5,-1.5,-1.5,0.5,-0.5,-0.5,-1.5,-1.5,1.5,0.5,0.5,0.5,-1.5,1.5,-1.5,-1.5,-0.5,-1.5,-0.5,-0.5,-0.5,-1.5,-0.5,-0.5,0.5,-1.5,1.5,0.5,-0.5,-1.5,-0.5,0.5,0.5,0.5,1.5,0.5,-0.5,-0.5,-1.5,0.5,0.5,0.5,0.5,-0.5,1.5,0.5,-0.5,0.5,0.5,-1.5,-0.5,-0.5,-0.5,-0.5,-1.5,0.5,0.5,-0.5,-0.5,-0.5,1.5,0.5,0.5,-0.5,-0.5,0.5,-1.5,-0.5,-1.5,1.5,0.5,-1.5,0.5,0.5,0.5,-0.5,0.5,-1.5,-0.5,-0.5,1.5,-1.5,0.5,1.5,1.5,1.5,1.5,-0.5,-0.5,-0.5,0.5,-0.5,1.5,-0.5,0.5,0.5,1.5,0.5,1.5,-0.5,-0.5,-0.5,0.5,0.5,0.5,0.5,1.5,-1.5,-0.5,0.5,0.5,-0.5,-1.5,0.5,0.5,0.5,0.5,1.5,-1.5,-1.5,0.5,-0.5,-1.5,-1.5,0.5,-0.5,-0.5,-0.5,-0.5,0.5,-1.5,0.5,-0.5,-1.5,-1.5,0.5,-0.5,1.5,0.5,0.5,-1.5,0.5,1.5,0.5,-0.5,-0.5,-1.5,1.5,1.5,-1.5,0.5,0.5,0.5,-0.5,0.5,1.5,1.5,-0.5,0.5,-1.5,-0.5,0.5,1.5,0.5,-1.5,0.5,0.5,-0.5,-0.5,-1.5,-0.5,-1.5,0.5,-1.5,0.5,0.5,-1.5,1.5,-0.5,1.5,1.5,0.5,-0.5,-0.5,0.5,-0.5,0.5,0.5,0.5,-1.5,1.5,0.5,-0.5,-1.5,-0.5,-0.5,-0.5,0.5,-1.5,-1.5,0.5,-1.5,1.5,-0.5,-0.5,0.5,-0.5,0.5,1.5,1.5,0.5,0.5,0.5,0.5,0.5,0.5,0.5,1.5,0.5,0.5,1.5,0.5,0.5,1.5,1.5,-0.5,0.5,-0.5,-0.5,-1.5,-1.5,-1.5,-0.5,-0.5,0.5,-0.5,-1.5,0.5,-1.5,0.5,-1.5,-0.5,-0.5,-0.5,-0.5,0.5,-0.5,1.5,-1.5,1.5,-0.5,1.5,-1.5,-1.5,-1.5,-1.5,-1.5,-1.5,-0.5,0.5,0.5,-0.5,-0.5,-0.5,1.5,0.5,1.5,-0.5,1.5,0.5,0.5,0.5,1.5,-1.5,-1.5,1.5,0.5,-0.5,0.5,0.5,0.5,1.5,0.5,1.5,0.5,-0.5,0.5,0.5,0.5,1.5,-0.5,1.5,-0.5,0.5,-1.5,-0.5,-1.5,-0.5,-0.5,0.5,1.5,0.5,-0.5,-0.5,-0.5,-0.5,-0.5,0.5,1.5,-0.5,0.5,1.5,0.5,1.5,0.5,-0.5,0.5,-1.5,-1.5,-1.5,0.5,0.5,0.5,-0.5,-0.5,0.5,1.5,0.5,0.5,-0.5,-0.5,0.5,0.5,-0.5,-1.5,-1.5,0.5,0.5,-0.5,1.5,1.5,-0.5,-1.5,0.5,-1.5,-0.5,0.5,-0.5,1.5,0.5,-1.5,-1.5,0.5,-1.5,1.5,-1.5,0.5,0.5,-1.5,-0.5,0.5,0.5,0.5,-0.5,-1.5,-0.5,-1.5,-1.5,0.5,1.5,1.5,-0.5,-0.5,-0.5,-1.5,0.5,1.5,0.5,-0.5,-1.5,0.5,0.5,-0.5,1.5,-1.5,0.5,-1.5,0.5,0.5,0.5,-0.5,-0.5,-0.5,0.5,1.5,-1.5,0.5,-0.5,-0.5,0.5,0.5,-1.5,-0.5,0.5,1.5,0.5,-0.5,0.5,-1.5,1.5,-0.5,-1.5,-0.5,-0.5,-0.5,-1.5,-1.5,0.5,-0.5,-1.5,0.5,0.5,-1.5,-0.5,-1.5,0.5,0.5,-1.5,-0.5,0.5,0.5,-1.5,-1.5,-1.5,-0.5,0.5,-1.5,1.5,1.5,-1.5,0.5,-0.5,0.5,-0.5,-1.5,-0.5,-0.5,1.5,-0.5,1.5,1.5,-1.5,-1.5,-0.5,-1.5,0.5,0.5,1.5,0.5,-0.5,-0.5,-1.5,-0.5,-0.5,-1.5,-0.5,1.5,-0.5,-1.5,-1.5,-1.5,0.5,0.5,-1.5,0.5,1.5,0.5,0.5,1.5,0.5,0.5,-0.5,-1.5,-0.5,-0.5,0.5,0.5,1.5,0.5,-0.5,-0.5,-0.5,-0.5,-0.5,0.5,1.5,-1.5,0.5,-1.5,0.5,0.5,0.5,-0.5,-0.5,0.5,-0.5,-0.5,-0.5,1.5,-0.5,0.5,-0.5,0.5,1.5,0.5,-0.5,0.5,-0.5,0.5,-0.5,0.5,-1.5,0.5,0.5,0.5,-1.5,0.5,0.5,-0.5,-0.5,-1.5,-1.5,0.5,-1.5,-1.5,-1.5,-1.5,0.5,-0.5,0.5,-1.5,-1.5,0.5,0.5,-0.5,-1.5,-0.5,-1.5,-1.5,-1.5,-0.5,-0.5,1.5,1.5,-0.5,-0.5,1.5,0.5,0.5,0.5,0.5,1.5,1.5,-0.5,0.5,-1.5,-1.5,-1.5,-1.5,-1.5,-1.5,-0.5,1.5,-0.5,0.5,-1.5,-1.5,0.5,-0.5,-1.5,-1.5,-1.5,-0.5,0.5,0.5,1.5,0.5,0.5,-1.5,-1.5,-0.5,0.5,-0.5,-1.5,-0.5,1.5,-0.5,0.5,1.5,-1.5,-1.5,0.5,-1.5,0.5,1.5,0.5,1.5,0.5,1.5,1.5,1.5,-0.5,-1.5,-0.5,-0.5,0.5,1.5,1.5,-0.5,-0.5,-0.5,-0.5,-0.5,0.5,1.5,-1.5,0.5,1.5,-0.5,1.5,0.5,-0.5,-0.5,-0.5,-0.5,-1.5,0.5,0.5,-1.5,1.5,-1.5,-1.5,1.5,1.5,-1.5,-0.5,-0.5,-0.5,-0.5,1.5,-1.5,0.5,0.5,0.5,1.5,0.5,-1.5,-1.5,-0.5,-0.5,0.5,1.5,0.5,0.5,1.5,-1.5,-1.5,1.5,1.5,0.5,1.5,0.5,-1.5,-0.5,0.5,1.5,-1.5,-1.5,1.5,-1.5,-1.5,0.5,0.5,0.5,0.5,0.5,-1.5,1.5,0.5,-1.5,-0.5,0.5,-1.5,1.5,-1.5,-1.5,-1.5,-0.5,0.5,1.5,-0.5,0.5,-1.5,-1.5,-1.5,-0.5,-0.5,0.5,0.5,1.5,-0.5,-1.5,1.5,-0.5,-0.5,-0.5,1.5,-0.5,0.5,-0.5,-1.5,1.5,1.5,-1.5,-1.5,-0.5,1.5,0.5,-1.5,-1.5,-0.5,-0.5,-1.5,1.5,0.5,-0.5,-0.5,1.5,0.5,0.5,-1.5,1.5,-1.5,0.5,-0.5,-1.5,-0.5,-0.5,-0.5,-1.5,0.5,0.5,0.5,-0.5,-1.5,1.5,0.5,-1.5,0.5,-0.5,0.5,0.5,1.5,0.5,-0.5,0.5,0.5,0.5,-0.5,-1.5,-0.5,0.5,0.5,1.5,-1.5,-0.5,0.5,0.5,1.5,0.5,-0.5,-0.5,-1.5,0.5,-1.5,-1.5,-0.5,-0.5,-0.5,0.5,-1.5,-0.5,0.5,0.5,-0.5,-1.5,0.5,0.5,0.5,0.5,-0.5,-0.5,-1.5,-0.5,-0.5,-1.5,1.5,0.5,1.5,0.5,0.5,-0.5,1.5,0.5,1.5,0.5,-0.5,0.5,0.5,0.5,-0.5,-1.5,-0.5,-0.5,0.5,0.5,0.5,0.5,0.5,0.5,1.5,0.5,0.5,-1.5,-0.5,0.5,-0.5,-0.5,0.5,-0.5,-1.5,-1.5,1.5,-0.5,1.5,-0.5,1.5,1.5,0.5,0.5,0.5,-0.5,-0.5,0.5,1.5,0.5,-0.5,0.5,0.5,0.5,-0.5,-1.5,-0.5,-0.5,0.5,0.5,0.5,1.5,-0.5,1.5,0.5,1.5,1.5,0.5,-0.5,0.5,1.5,-1.5,-1.5,-0.5,-1.5,-1.5,-0.5,0.5,-1.5,-1.5,0.5,0.5,0.5,1.5,-0.5,-1.5,0.5,0.5,-1.5,-1.5,-1.5,1.5,0.5,-0.5,0.5,0.5,-0.5,0.5,-1.5,0.5,0.5,-0.5,-1.5,0.5,0.5,-0.5,-1.5,0.5,0.5,-1.5,-1.5,-0.5,1.5,0.5,-0.5,0.5,-1.5,-0.5,-0.5,-1.5,-0.5,0.5,-1.5,1.5,1.5,1.5,-1.5,-1.5,1.5,-0.5,0.5,-1.5,-1.5,-1.5,-0.5,-0.5,1.5,-0.5,-0.5,0.5,0.5,1.5,-0.5,-1.5,0.5,-1.5,0.5,0.5,1.5,1.5,1.5,-1.5,1.5,0.5,0.5,1.5,-0.5,-1.5,0.5,-0.5,0.5,-1.5,0.5,-0.5,0.5,0.5,0.5,0.5,0.5,0.5,-1.5,-0.5,-1.5,-0.5,0.5,0.5,-0.5,-1.5,-1.5,-0.5,1.5,-0.5,-1.5,0.5,0.5,-0.5,0.5,0.5,-0.5,1.5,0.5,-1.5,0.5,1.5,1.5,0.5,-0.5,0.5,0.5,-0.5,0.5,1.5,0.5,0.5,-1.5,0.5,1.5,-0.5,-1.5,0.5,0.5,-0.5,-0.5,0.5,0.5,1.5,-0.5,-1.5,0.5,-1.5,-0.5,-1.5,-1.5,-1.5,-0.5,-1.5,0.5,-1.5,-0.5,0.5,-0.5,0.5,0.5,-0.5,0.5,0.5,1.5,-0.5,0.5,-0.5,0.5,0.5,-0.5,0.5,1.5,0.5,0.5,-0.5,-1.5,0.5,1.5,-0.5,0.5,-0.5,-0.5,1.5,-0.5,0.5,0.5,-1.5,0.5,1.5,0.5,-0.5,-1.5,0.5,-1.5,-0.5,-1.5,-0.5,1.5,-0.5,-1.5,-0.5,-0.5,0.5,1.5,-0.5,-1.5,0.5,-1.5,-0.5,-0.5,0.5,-1.5,-0.5,1.5,0.5,-1.5,-0.5,-0.5,0.5,0.5,0.5,-0.5,-0.5,1.5,0.5,-0.5,-1.5,-1.5,-0.5,-0.5,0.5,-1.5,0.5,0.5,-1.5,1.5,-1.5,-0.5,-0.5,-1.5,-1.5,-0.5,0.5,1.5,0.5,0.5,-0.5,0.5,1.5,1.5,0.5,-0.5,0.5,0.5,0.5,-0.5,-1.5,0.5,0.5,0.5,-1.5,-0.5,-0.5,-0.5,0.5,1.5,0.5,-0.5,-0.5,-1.5,0.5,1.5,0.5,-0.5,-0.5,-0.5,0.5,1.5,-1.5,-1.5,-0.5,1.5,0.5,0.5,0.5,-0.5,-0.5,-1.5,-1.5,-0.5,-1.5,0.5,-0.5,-0.5,0.5,-0.5,-1.5,-1.5,0.5,1.5,0.5,0.5,-0.5,0.5,0.5,0.5,-0.5,-1.5,0.5,0.5,0.5,-1.5,-0.5,-0.5,-0.5,0.5,1.5,0.5,-0.5,-0.5,-1.5,0.5,1.5,0.5,-0.5,-0.5,-0.5,0.5,1.5,-1.5,-1.5,-0.5,1.5,0.5,0.5,0.5,-0.5,-0.5,-1.5,-1.5,-0.5,-1.5,0.5,-0.5,-0.5,0.5,-0.5,-1.5,-1.5,0.5,1.5,0.5,0.5,-0.5,0.5,0.5,0.5,-0.5,-1.5,0.5,0.5,0.5,-1.5,-0.5,-0.5,-0.5,0.5,1.5,0.5,-1.5,-0.5,-1.5,0.5,1.5,0.5,-1.5,-0.5,-0.5,0.5,1.5,-1.5,-1.5,-0.5,1.5,0.5,0.5,0.5,-0.5,-0.5,-1.5,-1.5,-0.5,-1.5,0.5,-0.5,-0.5,0.5,-0.5,-1.5,-1.5,0.5,1.5,0.5,0.5,-0.5,0.5,0.5,0.5,-0.5,-1.5,0.5,0.5,0.5,-1.5,-0.5,-0.5,-0.5,0.5,1.5,0.5,-0.5,-0.5,-1.5,0.5,1.5,0.5,-0.5,-0.5,-0.5,0.5,1.5,-1.5,-1.5,-0.5,1.5,0.5,0.5,1.5,-0.5,-0.5,-1.5,-1.5,-0.5,-1.5,0.5,-0.5,-0.5,0.5,-0.5,-1.5,-1.5,0.5,1.5,0.5,0.5,-0.5,0.5,0.5,0.5,-0.5,-1.5,0.5,0.5,0.5,-1.5,-0.5,-0.5,-0.5,0.5,1.5,0.5,-0.5,-0.5,-1.5,0.5,1.5,1.5,-0.5,-0.5,-0.5,0.5,1.5,-1.5,-1.5,-0.5,1.5,0.5,0.5,0.5,-0.5,-0.5,-1.5,-1.5,-0.5,-1.5,0.5,-0.5,-0.5,0.5,-0.5,-1.5,-1.5,0.5,1.5,0.5,0.5,-1.5,0.5,0.5,0.5,-0.5,-1.5,0.5,0.5,0.5,-1.5,-1.5,-0.5,-0.5,0.5,1.5,0.5,-0.5,-0.5,-1.5,0.5,1.5,0.5,-0.5,-0.5,-0.5,0.5,1.5,-1.5,-1.5,-0.5,1.5,0.5,0.5,0.5,-0.5,1.5,-1.5,-1.5,-0.5,-1.5,0.5,-0.5,-0.5,0.5,-0.5,-1.5,-1.5,0.5,1.5,0.5,1.5,-0.5,0.5,0.5,0.5,-0.5,-1.5,0.5,0.5,1.5,-1.5,-0.5,-0.5,-0.5,0.5,1.5,0.5,-0.5,-0.5,-1.5,0.5,1.5,0.5,-0.5,-0.5,-0.5,0.5,1.5,-1.5,-1.5,-0.5,1.5,0.5,0.5,0.5,-1.5,-0.5,-1.5,-1.5,-0.5,-1.5,0.5,-0.5,-1.5,0.5,-0.5,-1.5,-1.5,0.5,1.5,0.5,0.5,-0.5,0.5,1.5,1.5,0.5,-0.5,0.5,0.5,0.5,-0.5,-1.5,0.5,0.5,0.5,0.5,-1.5,-0.5,-0.5,-0.5,0.5,1.5,0.5,-0.5,-0.5,-1.5,0.5,1.5,0.5,0.5,-0.5,0.5,0.5,0.5,0.5,-0.5,-0.5,0.5,-1.5,1.5,0.5,-1.5,-0.5,0.5,0.5,-0.5,-0.5,0.5,-0.5,-1.5,0.5,0.5,1.5,0.5,0.5,-0.5,0.5,0.5,1.5,1.5,-0.5,0.5,0.5,0.5,-0.5,-1.5,0.5,0.5,0.5,-1.5,-0.5,-0.5,-0.5,-0.5,0.5,1.5,0.5,-0.5,-0.5,-1.5,0.5,1.5,0.5,-1.5,-1.5,0.5,0.5,1.5,0.5,-0.5,-0.5,0.5,0.5,-1.5,0.5,-0.5,-0.5,-1.5,-1.5,-0.5,-1.5,0.5,-1.5,-0.5,-1.5,0.5,1.5,0.5,-0.5,-1.5,0.5,0.5,1.5,0.5,-0.5,-0.5,0.5,1.5,1.5,0.5,-0.5,-0.5,-1.5,-0.5,-0.5,-1.5,-0.5,0.5,1.5,1.5,0.5,0.5,-1.5,0.5,-0.5,1.5,0.5,-0.5,0.5,0.5,0.5,-1.5,-1.5,0.5,0.5,1.5,-1.5,-0.5,-0.5,-0.5,0.5,-0.5,0.5,-1.5,-0.5,-1.5,0.5,0.5,-1.5,-0.5,0.5,0.5,-1.5,0.5,-0.5,1.5,0.5,-1.5,-1.5,0.5,-1.5,-0.5,-0.5,-1.5,-0.5,-0.5,0.5,-1.5,0.5,0.5,-1.5,1.5,0.5,-1.5,1.5,0.5,-1.5,0.5,0.5,0.5,1.5,-1.5,0.5,0.5,0.5,0.5,-0.5,-1.5,-0.5,0.5,1.5,-0.5,-1.5,0.5,1.5,0.5,-0.5,-0.5,-0.5,0.5,0.5,-1.5,0.5,-0.5,-0.5,-0.5,-0.5,-1.5,-1.5,0.5,-1.5,-1.5,-0.5,-1.5,0.5,0.5,-0.5,-0.5,0.5,-0.5,1.5,0.5,0.5,0.5,-1.5,1.5,0.5,1.5,-0.5,-0.5,0.5,1.5,0.5,-0.5,0.5,1.5,0.5,0.5,-0.5,0.5,0.5,-1.5,-0.5,-1.5,1.5,-1.5,-0.5,-0.5,0.5,-0.5,-1.5,1.5,-0.5,-1.5,1.5,-0.5,-0.5,0.5,-0.5,0.5,0.5,0.5,1.5,-0.5,0.5,-1.5,1.5,-1.5,0.5,1.5,0.5,1.5,-0.5,1.5,-0.5,-1.5,0.5,-0.5,-1.5,0.5,-0.5,-0.5,0.5,-0.5,-0.5,0.5,-0.5,0.5,1.5,0.5,-1.5,-0.5,0.5,0.5,0.5,0.5,0.5,1.5,1.5,-1.5,0.5,-0.5,-0.5,-1.5,-1.5,-0.5,0.5,-1.5,-1.5,-0.5,-1.5,-0.5,-0.5,-1.5,0.5,-0.5,1.5,0.5,-1.5,-0.5,0.5,-1.5,-1.5,-0.5,-0.5,-1.5,0.5,1.5,0.5,-1.5,-1.5,0.5,-1.5,-0.5,0.5,1.5,0.5,0.5,-0.5,-1.5,0.5,-1.5,-0.5,0.5,1.5,-0.5,1.5,0.5,0.5,0.5,1.5,0.5,0.5,-0.5,0.5,0.5,-1.5,-0.5,-0.5,0.5,1.5,0.5,0.5,-1.5,1.5,0.5,-1.5,0.5,1.5,0.5,0.5,1.5,0.5,0.5,-0.5,-1.5,0.5,-0.5,-0.5,0.5,0.5,-1.5,0.5,-0.5,-1.5,0.5,-1.5,1.5,0.5,-1.5,0.5,-1.5,0.5,0.5,-1.5,-0.5,0.5,1.5,-0.5,-0.5,-0.5,1.5,-0.5,0.5,0.5,-1.5,-1.5,-0.5,-1.5,1.5,0.5,1.5,0.5,1.5,0.5,1.5,-0.5,-0.5,0.5,1.5,-0.5,0.5,0.5,-1.5,0.5,-1.5,-1.5,0.5,-0.5,-0.5,0.5,-1.5,1.5,-0.5,1.5,-1.5,0.5,1.5,1.5,-1.5,-0.5,-0.5,-0.5,0.5,-0.5,1.5,1.5,-0.5,-0.5,0.5,1.5,0.5,1.5,0.5,0.5,0.5,0.5,1.5,-0.5,0.5,1.5,-1.5,-0.5,-1.5,0.5,-1.5,0.5,-1.5,1.5,-1.5,-0.5,0.5,-1.5,0.5,1.5,0.5,1.5,-0.5,0.5,1.5,-1.5,0.5,-1.5,0.5,0.5,0.5,0.5,0.5,-1.5,1.5,1.5,-0.5,1.5,-1.5,0.5,-1.5,0.5,0.5,1.5,-0.5,-0.5,-1.5,1.5,0.5,0.5,1.5,0.5,1.5,0.5,0.5,1.5,1.5,-1.5,0.5,-0.5,0.5,0.5,1.5,-1.5,1.5,-1.5,-1.5,-1.5,-1.5,-0.5,-0.5,-1.5,-1.5,-0.5,-0.5,-1.5,0.5,0.5,-1.5,-0.5,-0.5,-0.5,0.5,0.5,0.5,1.5,0.5,1.5,1.5,-1.5,-0.5,-1.5,-0.5,-1.5,-0.5,-0.5,-0.5,1.5,1.5,-0.5,-0.5,0.5,0.5,-1.5,0.5,-0.5,0.5,-0.5,-0.5,-0.5,-0.5,-1.5,0.5,-0.5,-1.5,-0.5,-0.5,-1.5,0.5,-0.5,-1.5,-0.5,-0.5,1.5,-1.5,0.5,-0.5,0.5,-0.5,0.5,1.5,0.5,-0.5,0.5,1.5,1.5,-1.5,-1.5,-0.5,-0.5,0.5,0.5,-0.5,0.5,1.5,0.5,-0.5,0.5,1.5,0.5,0.5,0.5,1.5,0.5,1.5,0.5,0.5,0.5,-0.5,0.5,-0.5,1.5,-0.5,-0.5,-1.5,0.5,-0.5,0.5,1.5,1.5,-0.5,1.5,-1.5,-1.5,0.5,0.5,0.5,0.5,0.5,1.5,-1.5,0.5,1.5,-0.5,0.5,-1.5,-1.5,-0.5,0.5,-0.5,0.5,-1.5,0.5,0.5,0.5,-0.5,-1.5,0.5,0.5,1.5,-0.5,-0.5,-0.5,0.5,-0.5,0.5,-0.5,-0.5,-0.5,-1.5,0.5,-0.5,-1.5,-1.5,0.5,-1.5,0.5,-0.5,-1.5,-1.5,-0.5,-0.5,0.5,0.5,-1.5,0.5,-0.5,-0.5,-0.5,-1.5,1.5,1.5,0.5,0.5,0.5,-1.5,0.5,0.5,1.5,0.5,1.5,0.5,1.5,0.5,-1.5,0.5,-0.5,0.5,0.5,-0.5,-0.5,1.5,0.5,1.5,0.5,0.5,-0.5,-0.5,0.5,0.5,-0.5,0.5,0.5,1.5,0.5,-0.5,0.5,1.5,0.5,1.5,0.5,0.5,0.5,0.5,0.5,0.5,1.5,1.5,0.5,-0.5,0.5,-0.5,0.5,1.5,0.5,-0.5,-0.5,0.5,0.5,1.5,0.5,-0.5,0.5,-0.5,0.5,1.5,0.5,-0.5,-1.5,0.5,0.5,0.5,-1.5,1.5,0.5,1.5,1.5,-0.5,-0.5,0.5,1.5,-0.5,-0.5,-0.5,-0.5,0.5,-1.5,1.5,-0.5,0.5,-0.5,-1.5,0.5,-0.5,-1.5,0.5,-1.5,1.5,1.5,0.5,-1.5,0.5,1.5,0.5,-0.5,1.5,0.5,-0.5,-0.5,0.5,0.5,1.5,-1.5,-0.5,-0.5,-0.5,-1.5,0.5,0.5,0.5,0.5,0.5,0.5,-0.5,-0.5,1.5,0.5,1.5,0.5,-0.5,-1.5,-1.5,-1.5,0.5,-0.5,0.5,0.5,-0.5,-1.5,0.5,-1.5,-1.5,0.5,-0.5,-1.5,-0.5,0.5,0.5,-1.5,1.5,0.5,-1.5,0.5,1.5,1.5,0.5,-0.5,-1.5,-0.5,1.5,1.5,-0.5,1.5,1.5,-1.5,-0.5,-1.5,0.5,1.5,0.5,-1.5,-1.5,1.5,-1.5,1.5,-0.5,-1.5,-1.5,-0.5,1.5,-0.5,0.5,0.5,1.5,-1.5,-0.5,0.5,1.5,0.5,1.5,-0.5,-1.5,1.5,-1.5,0.5,0.5,-1.5,-1.5,1.5,1.5,-0.5,-1.5,-1.5,-1.5,-0.5,1.5,0.5,0.5,0.5,0.5,1.5,-1.5,-0.5,-1.5,-0.5,-0.5,-0.5,-0.5,-0.5,-0.5,1.5,-0.5,-0.5,-1.5,1.5,-1.5,-0.5,-0.5,0.5,-0.5,-1.5,-1.5,-1.5,0.5,0.5,1.5,-0.5,-1.5,-1.5,-1.5,-1.5,1.5,1.5,-1.5,1.5,-1.5,1.5,1.5,1.5,0.5,1.5,-1.5,-1.5,-1.5,1.5,-1.5,0.5,-1.5,-1.5,-1.5,0.5,1.5,-1.5,-0.5,-1.5,1.5,0.5,0.5,0.5,1.5,1.5,-0.5,-1.5,1.5,1.5,-1.5,-0.5,1.5,-0.5,-0.5,1.5,1.5,-1.5,-0.5,-1.5,-1.5,0.5,-1.5,-1.5,-0.5,-1.5,1.5,1.5,0.5,-1.5,0.5,-1.5,-1.5,1.5,1.5,-1.5,1.5,0.5,-0.5,-0.5,-1.5,-0.5,1.5,-1.5,1.5,-1.5,-1.5,-1.5,-1.5,0.5,1.5,-1.5,-1.5,-0.5,1.5,0.5,0.5,1.5,1.5,1.5,-0.5,0.5,1.5,1.5,-0.5,0.5,-1.5,-1.5,1.5,-0.5,-1.5,-0.5,1.5,-1.5,1.5,1.5,-0.5,1.5,1.5,1.5,1.5,0.5,-1.5,-1.5,-1.5,-0.5,-1.5,-0.5,1.5,-0.5,0.5,-0.5,-0.5,-1.5,-1.5,1.5,1.5,1.5,-1.5,-1.5,-1.5,0.5,-1.5,-1.5,1.5,-0.5,-0.5,0.5,-1.5,-1.5,1.5,-1.5,0.5,1.5,-1.5,0.5,1.5,-1.5,-0.5,-1.5,-1.5,-1.5,1.5,-0.5,1.5,1.5,-1.5,-0.5,1.5,-0.5,-0.5,-1.5,-0.5,-1.5,-1.5,1.5,-1.5,-1.5,1.5,-0.5,0.5,-0.5,-1.5,-0.5,-1.5,-0.5,-0.5,-0.5,0.5,1.5,1.5,-1.5,-0.5,-1.5,1.5,-1.5,0.5,-0.5,-1.5,-1.5,-0.5,-1.5,-0.5,-0.5,-1.5,1.5,-1.5,-1.5,-1.5,0.5,-1.5,0.5,-1.5,-1.5,-0.5,1.5,1.5,0.5,1.5,1.5,1.5,0.5,1.5,1.5,-0.5,0.5,-1.5,-1.5,-0.5,-0.5,-1.5,-0.5,1.5,1.5,-0.5,0.5,1.5,1.5,0.5,1.5,1.5,1.5,-1.5,-1.5,-1.5,1.5,-0.5,-1.5,-0.5,-1.5,-1.5,1.5,1.5,1.5,-1.5,-1.5,0.5,-1.5,1.5,-0.5,-1.5,-1.5,-0.5,0.5,-1.5,-1.5,0.5,-1.5,0.5,-1.5,-1.5,-1.5,-1.5,1.5,-1.5,-1.5,1.5,-1.5,1.5,1.5,-1.5,-0.5,0.5,-1.5,-1.5,-1.5,-0.5,-1.5,-0.5,1.5,-1.5,-0.5,0.5,-0.5,0.5,-1.5,-1.5,-0.5,-1.5,-0.5,-1.5,-1.5,0.5,1.5,1.5,-1.5,-0.5,-1.5,-1.5,-1.5,-0.5,-0.5,-0.5,-1.5,-0.5,-1.5,-0.5,-1.5,-1.5,1.5,-1.5,-1.5,-1.5,0.5,-1.5,-1.5,-1.5,1.5,0.5,-1.5,0.5,-1.5,-1.5,-0.5,0.5,-1.5,-1.5,1.5,-1.5,-1.5,-1.5,0.5,-1.5,0.5,-1.5,0.5,-0.5,-1.5,-0.5,-1.5,0.5,-1.5,0.5,-0.5,-0.5,-1.5,1.5,-0.5,-1.5,1.5,1.5,1.5,-0.5,1.5,1.5,1.5,1.5,-1.5,0.5,0.5,-0.5,-1.5,-0.5,-0.5,1.5,1.5,0.5,-0.5,-0.5,0.5,0.5,0.5,1.5,0.5,-0.5,-1.5,-1.5,-0.5,-0.5,0.5,0.5,1.5,-1.5,-0.5,1.5,0.5,0.5,0.5,0.5,-0.5,1.5,1.5,-0.5,-1.5,-0.5,-0.5,-1.5,-0.5,1.5,0.5,0.5,-1.5,0.5,1.5,-1.5,-1.5,-0.5,-0.5,-1.5,0.5,-0.5,-0.5,-0.5,1.5,0.5,1.5,0.5,1.5,1.5,1.5,0.5,-1.5,-1.5,0.5,0.5,0.5,1.5,1.5,1.5,0.5,0.5,0.5,1.5,0.5,1.5,0.5,1.5,0.5,-1.5,-1.5,1.5,0.5,-0.5,-1.5,1.5,0.5,0.5,0.5,0.5,-1.5,-1.5,-0.5,-1.5,1.5,0.5,-0.5,-0.5,0.5,-0.5,-1.5,-0.5,0.5,1.5,0.5,1.5,1.5,0.5,1.5,1.5,0.5,1.5,0.5,-1.5,-1.5,-0.5,-0.5,-1.5,1.5,0.5,-1.5,0.5,1.5,1.5,-1.5,-1.5,-0.5,-1.5,0.5,0.5,0.5,0.5,-0.5,0.5,-1.5,-1.5,-0.5,-0.5,-1.5,1.5,0.5,-1.5,0.5,0.5,-1.5,0.5,-1.5,0.5,-1.5,0.5,1.5,1.5,-1.5,-0.5,-0.5,1.5,-0.5,1.5,0.5,1.5,0.5,1.5,1.5,-0.5,0.5,1.5,-1.5,-0.5,0.5,1.5,1.5,1.5,-1.5,0.5,-1.5,-1.5,-0.5,0.5,0.5,1.5,0.5,0.5,-1.5,-1.5,-1.5,-1.5,0.5,1.5,1.5,1.5,-0.5,-0.5,-1.5,-0.5,-0.5,-1.5,-1.5,-0.5,1.5,1.5,0.5,-1.5,-1.5,1.5,-0.5,-0.5,-0.5,-1.5,-0.5,1.5,0.5,-1.5,-1.5,-1.5,-1.5,0.5,1.5,0.5,0.5,-1.5,0.5,-0.5,0.5,-1.5,0.5,-1.5,-1.5,-1.5,1.5,-0.5,-1.5,-1.5,0.5,-0.5,0.5,-1.5,-1.5,-0.5,-1.5,1.5,-0.5,1.5,-1.5,-0.5,0.5,-1.5,0.5,-1.5,0.5,-1.5,1.5,1.5,1.5,1.5,0.5,1.5,0.5,1.5,0.5,-1.5,-1.5,1.5,-0.5,-1.5,-1.5,1.5,0.5,1.5,0.5,-1.5,0.5,-1.5,-1.5,-0.5,-0.5,0.5,-1.5,0.5,1.5,-1.5,-0.5,-1.5,-0.5,0.5,1.5,-1.5,-1.5,-1.5,0.5,1.5,0.5,1.5,0.5,-1.5,0.5,-1.5,-1.5,-0.5,-1.5,-0.5,-0.5,0.5,1.5,1.5,1.5,0.5,1.5,1.5,1.5,1.5,-0.5,0.5,1.5,1.5,-0.5,0.5,1.5,0.5,1.5,0.5,1.5,0.5,1.5,1.5,1.5,1.5,-0.5,1.5,-0.5,-0.5,0.5,-1.5,0.5,1.5,1.5,-0.5,1.5,-0.5,1.5,-0.5,-0.5,1.5,1.5,1.5,-0.5,1.5,-1.5,-0.5,1.5,-0.5,-0.5,1.5,0.5,1.5,-1.5,-1.5,-1.5,1.5,0.5,1.5,1.5,-0.5,1.5,-0.5,1.5,-1.5,1.5,-1.5,1.5,-0.5,-1.5,1.5,-0.5,-0.5,-1.5,1.5,0.5,-1.5,-1.5,1.5,-0.5,-1.5,-1.5,1.5,-1.5,-0.5,-1.5,1.5,-0.5,1.5,-0.5,-0.5,1.5,1.5,-0.5,-0.5,-0.5,-1.5,-0.5,-0.5,-0.5,1.5,1.5,1.5,-0.5,-0.5,-1.5,1.5,-1.5,1.5,-0.5,1.5,0.5,-1.5,-1.5,0.5,1.5,-1.5,1.5,-1.5,1.5,-0.5,-1.5,0.5,1.5,1.5,-0.5,-0.5,-1.5,-1.5,1.5,-0.5,1.5,1.5,-0.5,0.5,1.5,1.5,0.5,-0.5,-0.5,0.5,1.5,0.5,0.5,0.5,-1.5,0.5,1.5,0.5,0.5,1.5,1.5,-0.5,-1.5,-1.5,-0.5,1.5,-0.5,-0.5,0.5,0.5,-0.5,-0.5,1.5,1.5,-0.5,-0.5,-0.5,-0.5,1.5,-0.5,-0.5,1.5,-1.5,1.5,1.5,1.5,-1.5,1.5,-1.5,-0.5,0.5,0.5,-1.5,0.5,0.5,-1.5,-1.5,0.5,0.5,-1.5,-1.5,-1.5,1.5,1.5,-0.5,1.5,-1.5,-0.5,0.5,0.5,-0.5,1.5,1.5,-0.5,-0.5,-1.5,-0.5,-1.5,-1.5,-0.5,-0.5,0.5,1.5,-0.5,0.5,1.5,-1.5,-0.5,0.5,-0.5,-1.5,1.5,-0.5,-0.5,-1.5,0.5,-1.5,0.5,-1.5,0.5,0.5,-0.5,-0.5,-1.5,0.5,-1.5,-0.5,1.5,0.5,0.5,-0.5,-0.5,1.5,-0.5,0.5,-0.5,0.5,0.5,-1.5,0.5,0.5,-0.5,-0.5,-1.5,0.5,-1.5,-0.5,1.5,-0.5,1.5,0.5,0.5,-0.5,-0.5,1.5,-0.5,0.5,-0.5,0.5,0.5,-0.5,0.5,0.5,-1.5,0.5,-0.5,1.5,0.5,-1.5,1.5,0.5,1.5,1.5,-0.5,1.5,0.5,-0.5,1.5,1.5,-1.5,-0.5,-0.5,-0.5,0.5,1.5,1.5,-0.5,-0.5,-1.5,-0.5,0.5,1.5,-0.5,-0.5,1.5,0.5,-0.5,-1.5,1.5,1.5,-0.5,1.5,1.5,-1.5,-0.5,-1.5,-0.5,-0.5,0.5,1.5,1.5,1.5,-0.5,1.5,0.5,0.5,1.5,0.5,-1.5,1.5,-0.5,1.5,-0.5,-1.5,0.5,-1.5,0.5,0.5,-0.5,-0.5,-1.5,0.5,-1.5,-0.5,1.5,0.5,0.5,-0.5,-0.5,1.5,-0.5,1.5,0.5,-1.5,0.5,-1.5,0.5,0.5,-0.5,-0.5,-1.5,0.5,-1.5,-0.5,1.5,0.5,0.5,-0.5,-0.5,1.5,-0.5,1.5,0.5,0.5,0.5,1.5,0.5,1.5,-0.5,-1.5,0.5,0.5,1.5,-0.5,0.5,1.5,-0.5,0.5,1.5,0.5,1.5,-0.5,-1.5,0.5,1.5,1.5,0.5,1.5,-0.5,0.5,0.5,-0.5,1.5,-0.5,-0.5,1.5,-1.5,0.5,1.5,-0.5,1.5,-0.5,1.5,1.5,-0.5,0.5,-1.5,0.5,1.5,-0.5,1.5,1.5,0.5,-1.5,1.5,0.5,0.5,-1.5,-1.5,0.5,-1.5,-0.5,-1.5,-0.5,1.5,0.5,-0.5,-1.5,0.5,0.5,-0.5,1.5,1.5,-0.5,1.5,-0.5,0.5,-0.5,0.5,-1.5,-0.5,-1.5,1.5,-1.5,-0.5,1.5,0.5,-0.5,1.5,1.5,-0.5,0.5,1.5,0.5,0.5,-0.5,0.5,1.5,-0.5,-0.5,1.5,1.5,0.5,-1.5,0.5,0.5,-0.5,-0.5,-1.5,1.5,-1.5,-0.5,1.5,0.5,0.5,-0.5,-0.5,1.5,-0.5,-0.5,0.5,-1.5,0.5,-1.5,0.5,0.5,-0.5,-0.5,-1.5,0.5,-1.5,-0.5,1.5,0.5,0.5,-1.5,-0.5,1.5,-0.5,-1.5,-1.5,1.5,1.5,-1.5,1.5,-1.5,-0.5,0.5,-0.5,1.5,-1.5,-0.5,0.5,1.5,-0.5,0.5,-1.5,0.5,0.5,1.5,-0.5,-0.5,-0.5,-1.5,-1.5,-1.5,0.5,0.5,0.5,-0.5,-1.5,-1.5,-0.5,0.5,1.5,-0.5,0.5,-0.5,-0.5,-1.5,-0.5,1.5,1.5,-0.5,-0.5,-1.5,-0.5,1.5,1.5,-0.5,-1.5,1.5,1.5,0.5,-1.5,0.5,0.5,0.5,1.5,-0.5,-0.5,1.5,-0.5,0.5,-1.5,0.5,0.5,-0.5,-0.5,-1.5,0.5,-1.5,0.5,1.5,-0.5,1.5,0.5,0.5,-0.5,-0.5,1.5,-0.5,-0.5,1.5,-0.5,0.5,-1.5,0.5,0.5,-0.5,-0.5,-1.5,0.5,-1.5,-0.5,1.5,0.5,0.5,-0.5,-0.5,1.5,-0.5,0.5,-0.5,0.5,0.5,-1.5,-0.5,-1.5,0.5,1.5,-1.5,-0.5,-0.5,-0.5,-1.5,-1.5,0.5,-1.5,0.5,-1.5,1.5,0.5,-0.5,-0.5,1.5,1.5,1.5,0.5,0.5,1.5,1.5,1.5,1.5,1.5,-0.5,0.5,1.5,0.5,0.5,1.5,1.5,1.5,0.5,1.5,1.5,1.5,1.5,-0.5,-1.5,-1.5,-0.5,0.5,0.5,1.5,-1.5,-1.5,0.5,1.5,1.5,-0.5,1.5,1.5,0.5,1.5,1.5,1.5,1.5,1.5,-1.5,1.5,1.5,-0.5,-0.5,1.5,1.5,1.5,-0.5,1.5,-0.5,1.5,1.5,-0.5,-1.5,-1.5,0.5,0.5,1.5,1.5,1.5,-0.5,-0.5,0.5,-1.5,0.5,0.5,1.5,-0.5,1.5,-1.5,-0.5,-1.5,-1.5,1.5,-0.5,1.5,-1.5,1.5,-0.5,-1.5,1.5,0.5,1.5,-1.5,-0.5,-1.5,-0.5,0.5,-1.5,-1.5,-1.5,0.5,1.5,-1.5,-0.5,1.5,1.5,-1.5,-0.5,1.5,0.5,1.5,-1.5,-1.5,1.5,1.5,-1.5,1.5,1.5,1.5,-0.5,1.5,-0.5,1.5,1.5,-0.5,-0.5,-1.5,0.5,-1.5,1.5,1.5,1.5,0.5,-1.5,-1.5,0.5,0.5,-1.5,0.5,0.5,-1.5,-1.5,-1.5,-1.5,1.5,1.5,-1.5,1.5,1.5,1.5,-1.5,-0.5,-0.5,-1.5,-1.5,-1.5,-1.5,-0.5,-0.5,1.5,1.5,1.5,-0.5,-1.5,0.5,0.5,0.5,1.5,-1.5,1.5,1.5,1.5,0.5,0.5,0.5,1.5,1.5,1.5,0.5,-1.5,0.5,0.5,-1.5,1.5,1.5,-0.5,0.5,0.5,-1.5,1.5,1.5,-0.5,-0.5,0.5,0.5,1.5,1.5,0.5,1.5,1.5,-0.5,-1.5,1.5,0.5,1.5,0.5,0.5,-1.5,1.5,-0.5,1.5,1.5,-1.5,1.5,0.5,0.5,1.5,1.5,0.5,1.5,-0.5,-0.5,1.5,-1.5,-0.5,-1.5,-1.5,0.5,0.5,0.5,-1.5,-1.5,1.5,-0.5,0.5,0.5,1.5,0.5,1.5,0.5,-1.5,-0.5,-1.5,-0.5,0.5,-1.5,1.5,0.5,1.5,-0.5,0.5,-1.5,-1.5,1.5,-0.5,-1.5,-1.5,-0.5,1.5,0.5,-1.5,1.5,0.5,-0.5,-1.5,-1.5,1.5,0.5,0.5,-1.5,-1.5,1.5,-0.5,-0.5,0.5,-1.5,-1.5,1.5,-0.5,-0.5,0.5,-1.5,-0.5,-1.5,0.5,1.5,0.5,1.5,-1.5,0.5,0.5,1.5,1.5,-0.5,-0.5,0.5,0.5,0.5,0.5,-1.5,1.5,-1.5,-1.5,-1.5,0.5,0.5,-1.5,-0.5,0.5,0.5,1.5,0.5,1.5,-0.5,0.5,-1.5,1.5,1.5,-0.5,0.5,-1.5,-1.5,-0.5,-1.5,0.5,-1.5,-0.5,-0.5,1.5,-1.5,-0.5,-0.5,-1.5,-1.5,-1.5,-0.5,1.5,1.5,-1.5,-0.5,-1.5,0.5,-1.5,1.5,-0.5,-1.5,1.5,1.5,0.5,-0.5,-1.5,1.5,-1.5,-1.5,1.5,1.5,1.5,0.5,1.5,-1.5,-0.5,1.5,1.5,-0.5,1.5,-0.5,0.5,0.5,1.5,-1.5,1.5,-0.5,-1.5,-0.5,1.5,1.5,1.5,-1.5,-0.5,-0.5,0.5,-1.5,-1.5,0.5,0.5,-1.5,-1.5,-1.5,-1.5,0.5,-1.5,-0.5,1.5,-0.5,-0.5,-0.5,-0.5,1.5,-1.5,1.5,-0.5,-1.5,-1.5,0.5,0.5,1.5,1.5,-0.5,-0.5,1.5,1.5,0.5,-0.5,-0.5,-0.5,-1.5,-0.5,-1.5,-0.5,-1.5,1.5,-0.5,-1.5,-1.5,0.5,1.5,-1.5,0.5,-1.5,0.5,0.5,-1.5,-1.5,-1.5,-0.5,0.5,-1.5,0.5,-1.5,1.5,0.5,1.5,0.5,0.5,-1.5,-1.5,0.5,-1.5,1.5,0.5,-0.5,1.5,0.5,0.5,-1.5,-1.5,-1.5,1.5,0.5,1.5,0.5,1.5,1.5,0.5,-1.5,-1.5,-0.5,-0.5,-1.5,1.5,0.5,-1.5,1.5,-1.5,0.5,1.5,0.5,1.5,-1.5,-1.5,-0.5,1.5,-0.5,0.5,-0.5,1.5,-0.5,1.5,1.5,1.5,-0.5,-0.5,-0.5,-1.5,1.5,-0.5,-0.5,0.5,1.5,0.5,0.5,-1.5,-0.5,-0.5,1.5,1.5,0.5,0.5,-1.5,-1.5,0.5,1.5,0.5,1.5,-1.5,-0.5,1.5,-0.5,1.5,-0.5,-0.5,-1.5,-0.5,0.5,1.5,-1.5,1.5,-1.5,-0.5,1.5,1.5,1.5,-1.5,1.5,-1.5,-1.5,1.5,-1.5,1.5,0.5,-1.5,-1.5,1.5,1.5,0.5,-1.5,-1.5,-1.5,1.5,-1.5,-1.5,1.5,1.5,1.5,-1.5,-1.5,-1.5,-1.5,-1.5,-1.5,1.5,-1.5,-0.5,-1.5,0.5,-1.5,1.5,-0.5,1.5,-1.5,1.5,1.5,0.5,1.5,-1.5,-1.5,-1.5,-0.5,-0.5,0.5,1.5,1.5,-1.5,0.5,-1.5,-1.5,0.5,1.5,0.5,0.5,-1.5,-1.5,0.5,1.5,0.5,0.5,-1.5,1.5,-0.5,-1.5,1.5,1.5,1.5,1.5,0.5,1.5,-0.5,-0.5,-1.5,-0.5,0.5,-1.5,0.5,0.5,0.5,-1.5,-1.5,1.5,-0.5,-1.5,1.5,0.5,1.5,-0.5,0.5,1.5,0.5,0.5,-1.5,0.5,0.5,-1.5,-1.5,0.5,1.5,0.5,0.5,-1.5,-1.5,1.5,-1.5,-0.5,1.5,-0.5,1.5,0.5,-0.5,-0.5,-0.5,-0.5,-1.5,0.5,0.5,-1.5,1.5,-1.5,-1.5,1.5,1.5,-1.5,-0.5,-0.5,-0.5,-0.5,1.5,-1.5,-1.5,-0.5,0.5,1.5,0.5,-1.5,-1.5,-0.5,-1.5,0.5,1.5,0.5,0.5,1.5,-1.5,-1.5,1.5,1.5,0.5,1.5,0.5,-1.5,-0.5,0.5,1.5,-0.5,-0.5,1.5,-1.5,-1.5,0.5,0.5,0.5,0.5,0.5,-1.5,1.5,1.5,-1.5,-0.5,0.5,-1.5,1.5,-1.5,-1.5,-1.5,-0.5,0.5,1.5,-0.5,0.5,-1.5,-1.5,-1.5,-0.5,-0.5,0.5,0.5,1.5,-0.5,-1.5,1.5,-0.5,-0.5,-0.5,1.5,-0.5,0.5,-0.5,-1.5,1.5,1.5,-1.5,-1.5,-0.5,1.5,0.5,-1.5,-0.5,-0.5,-0.5,-1.5,1.5,0.5,-1.5,-0.5,1.5,0.5,0.5,-1.5,1.5,1.5,0.5,-0.5,-1.5,-0.5,0.5,-0.5,-1.5,0.5,1.5,0.5,-0.5,-1.5,1.5,0.5,-1.5,0.5,-0.5,0.5,0.5,1.5,0.5,-0.5,0.5,0.5,0.5,-0.5,-1.5,-0.5,0.5,0.5,1.5,-1.5,-0.5,0.5,0.5,1.5,0.5,-0.5,-0.5,-1.5,0.5,-1.5,-1.5,-0.5,-0.5,-0.5,0.5,-1.5,-0.5,0.5,0.5,-0.5,-1.5,0.5,0.5,0.5,0.5,-0.5,-0.5,-1.5,-0.5,-0.5,-1.5,1.5,1.5,1.5,0.5,0.5,-0.5,1.5,0.5,1.5,0.5,-0.5,0.5,0.5,0.5,-0.5,-1.5,-0.5,-0.5,0.5,0.5,0.5,0.5,0.5,0.5,1.5,0.5,0.5,-1.5,-1.5,0.5,-0.5,-0.5,0.5,-0.5,-0.5,-1.5,0.5,-1.5,0.5,-1.5,1.5,0.5,1.5,1.5,0.5,-0.5,-0.5,0.5,1.5,0.5,-0.5,0.5,0.5,0.5,-0.5,-1.5,-0.5,-0.5,0.5,0.5,0.5,1.5,-0.5,0.5,0.5,1.5,1.5,0.5,-0.5,0.5,1.5,-1.5,-1.5,-0.5,-1.5,-1.5,-0.5,0.5,-1.5,-1.5,0.5,0.5,0.5,1.5,-0.5,-1.5,0.5,1.5,-1.5,-1.5,-1.5,1.5,0.5,-0.5,0.5,0.5,-0.5,0.5,-1.5,0.5,0.5,-0.5,-1.5,0.5,0.5,-0.5,-1.5,0.5,0.5,-1.5,-1.5,-1.5,1.5,0.5,-0.5,0.5,-1.5,-0.5,-0.5,-1.5,-0.5,0.5,-1.5,1.5,1.5,1.5,-1.5,-1.5,0.5,-0.5,0.5,-1.5,-1.5,-1.5,-0.5,-0.5,1.5,-0.5,-0.5,0.5,0.5,1.5,-0.5,-1.5,0.5,-1.5,0.5,0.5,1.5,1.5,1.5,-1.5,1.5,0.5,0.5,1.5,-0.5,-1.5,0.5,-0.5,0.5,-0.5,0.5,-0.5,0.5,0.5,0.5,1.5,0.5,0.5,-0.5,-0.5,0.5,-1.5,-0.5,-1.5,-0.5,0.5,0.5,-0.5,-1.5,-1.5,-1.5,1.5,-0.5,-1.5,0.5,0.5,-0.5,0.5,0.5,-0.5,1.5,0.5,-1.5,0.5,1.5,1.5,0.5,-0.5,0.5,0.5,-0.5,0.5,1.5,0.5,0.5,-1.5,0.5,1.5,-0.5,-1.5,0.5,0.5,-0.5,-0.5,1.5,0.5,1.5,-0.5,-1.5,0.5,-1.5,-0.5,-1.5,-1.5,-0.5,-0.5,-1.5,0.5,-1.5,-0.5,0.5,-0.5,0.5,0.5,-0.5,0.5,0.5,1.5,-0.5,0.5,-0.5,0.5,0.5,-1.5,0.5,1.5,0.5,0.5,-0.5,-1.5,0.5,1.5,-0.5,0.5,-1.5,-0.5,0.5,-0.5,0.5,0.5,-1.5,0.5,1.5,1.5,-0.5,-1.5,1.5,-1.5,-0.5,-1.5,-0.5,1.5,-0.5,-1.5,1.5,-0.5,0.5,1.5,-0.5,-1.5,0.5,-1.5,-0.5,-0.5,-1.5,-1.5,-0.5,0.5,1.5,-1.5,-0.5,-0.5,0.5,0.5,0.5,1.5,-0.5,0.5,0.5,-1.5,-1.5,-1.5,-0.5,-0.5,0.5,-1.5,0.5,0.5,-1.5,1.5,-1.5,-0.5,-0.5,-1.5,-1.5,-0.5,0.5,1.5,0.5,0.5,-0.5,0.5,0.5,0.5,-0.5,-1.5,0.5,0.5,0.5,-1.5,-0.5,-0.5,-0.5,0.5,1.5,0.5,-0.5,-0.5,-1.5,0.5,1.5,0.5,-0.5,-0.5,-0.5,0.5,1.5,0.5,-1.5,-0.5,0.5,0.5,0.5,0.5,-0.5,-0.5,-1.5,-1.5,-0.5,-1.5,0.5,-0.5,-0.5,0.5,-0.5,-1.5,-1.5,0.5,1.5,0.5,0.5,-0.5,0.5,1.5,0.5,0.5,-1.5,0.5,0.5,0.5,-1.5,-1.5,0.5,0.5,0.5,-1.5,-0.5,-0.5,-0.5,0.5,1.5,0.5,-0.5,-0.5,-1.5,0.5,1.5,0.5,-0.5,-0.5,-0.5,0.5,1.5,-1.5,-1.5,-0.5,-1.5,0.5,0.5,0.5,-1.5,-0.5,-1.5,-1.5,-0.5,-1.5,0.5,-0.5,-1.5,1.5,-0.5,-1.5,-1.5,0.5,1.5,0.5,0.5,-0.5,0.5,1.5,1.5,0.5,-0.5,0.5,0.5,0.5,-0.5,-1.5,0.5,0.5,0.5,0.5,-1.5,-0.5,-0.5,-0.5,0.5,1.5,0.5,-0.5,-0.5,-1.5,0.5,1.5,0.5,-0.5,-0.5,-0.5,0.5,1.5,-1.5,-1.5,-0.5,-1.5,0.5,0.5,0.5,-0.5,-0.5,-1.5,-1.5,-0.5,-1.5,1.5,-0.5,-1.5,0.5,-0.5,-1.5,-1.5,0.5,1.5,0.5,0.5,-0.5,0.5,1.5,1.5,0.5,-0.5,0.5,0.5,0.5,-0.5,-1.5,0.5,0.5,0.5,0.5,-1.5,-0.5,-0.5,-0.5,0.5,1.5,0.5,-0.5,-0.5,-1.5,0.5,1.5,0.5,-0.5,-0.5,-0.5,0.5,1.5,-1.5,-1.5,-0.5,-1.5,0.5,0.5,0.5,-0.5,-0.5,-1.5,-1.5,-0.5,-1.5,0.5,-0.5,-0.5,0.5,-0.5,-1.5,-1.5,0.5,1.5,0.5,0.5,-0.5,0.5,1.5,0.5,0.5,-0.5,0.5,0.5,0.5,-0.5,-1.5,0.5,0.5,0.5,-1.5,-0.5,-0.5,-0.5,0.5,1.5,0.5,-0.5,-0.5,-1.5,0.5,1.5,0.5,-0.5,-0.5,-0.5,0.5,1.5,-1.5,-1.5,-0.5,-1.5,0.5,0.5,0.5,-0.5,-0.5,-1.5,-1.5,-0.5,-1.5,0.5,-0.5,-1.5,0.5,-0.5,-1.5,-1.5,0.5,1.5,0.5,0.5,-1.5,0.5,1.5,1.5,0.5,-0.5,0.5,0.5,0.5,-0.5,-1.5,0.5,0.5,0.5,0.5,-1.5,-0.5,-0.5,-0.5,0.5,1.5,0.5,-0.5,-0.5,-0.5,0.5,1.5,0.5,-0.5,-0.5,-0.5,0.5,1.5,0.5,-1.5,-0.5,0.5,0.5,0.5,0.5,-1.5,-0.5,-1.5,-1.5,-0.5,-1.5,0.5,-0.5,-1.5,0.5,-0.5,-1.5,-1.5,0.5,1.5,0.5,0.5,-0.5,0.5,1.5,1.5,0.5,-0.5,0.5,0.5,0.5,-0.5,-1.5,0.5,0.5,0.5,0.5,-1.5,-0.5,-0.5,-0.5,0.5,1.5,0.5,-0.5,-0.5,-1.5,0.5,-1.5,0.5,0.5,-0.5,0.5,0.5,0.5,1.5,-0.5,-0.5,0.5,0.5,1.5,0.5,1.5,-0.5,0.5,0.5,-0.5,-1.5,0.5,-0.5,-1.5,0.5,0.5,1.5,0.5,0.5,-0.5,0.5,0.5,1.5,0.5,-0.5,0.5,0.5,0.5,-0.5,-1.5,0.5,0.5,0.5,-1.5,-0.5,-0.5,-0.5,-0.5,0.5,1.5,1.5,-0.5,-0.5,-1.5,0.5,1.5,0.5,-0.5,-0.5,0.5,0.5,1.5,0.5,-0.5,-0.5,0.5,0.5,-1.5,1.5,-0.5,-0.5,-1.5,-1.5,-0.5,-1.5,0.5,-1.5,-0.5,-1.5,0.5,1.5,0.5,-0.5,-1.5,0.5,0.5,1.5,0.5,-0.5,-0.5,0.5,1.5,1.5,0.5,-0.5,-0.5,-1.5,-0.5,-0.5,-1.5,-0.5,0.5,0.5,1.5,0.5,0.5,-1.5,0.5,-0.5,1.5,0.5,-0.5,0.5,0.5,0.5,-1.5,-1.5,0.5,0.5,1.5,-1.5,-0.5,-0.5,-0.5,0.5,-0.5,0.5,-1.5,-0.5,-0.5,0.5,0.5,-1.5,-0.5,0.5,0.5,-1.5,0.5,-0.5,1.5,0.5,-1.5,-1.5,0.5,-1.5,-0.5,-0.5,-1.5,-1.5,-0.5,0.5,-0.5,0.5,0.5,-1.5,1.5,0.5,-1.5,1.5,0.5,-1.5,0.5,0.5,0.5,1.5,-1.5,0.5,0.5,0.5,0.5,-0.5,-1.5,-0.5,0.5,1.5,-0.5,-1.5,0.5,1.5,0.5,-0.5,-0.5,-0.5,0.5,0.5,-0.5,0.5,-1.5,-0.5,-1.5,-0.5,-1.5,-1.5,0.5,-1.5,-1.5,-0.5,-1.5,0.5,0.5,-0.5,-0.5,1.5,-0.5,1.5,0.5,0.5,0.5,-1.5,1.5,0.5,1.5,-0.5,-0.5,0.5,1.5,-0.5,1.5,0.5,1.5,0.5,0.5,-1.5,0.5,0.5,-1.5,-0.5,-1.5,1.5,-1.5,-0.5,-0.5,0.5,-1.5,-1.5,1.5,-0.5,-1.5,1.5,-0.5,-0.5,0.5,-0.5,0.5,0.5,0.5,0.5,-0.5,0.5,-1.5,1.5,-0.5,0.5,0.5,0.5,1.5,-0.5,1.5,-0.5,-1.5,0.5,-0.5,-1.5,0.5,-0.5,-0.5,0.5,-0.5,-0.5,0.5,1.5,0.5,1.5,0.5,-1.5,-0.5,0.5,1.5,0.5,1.5,0.5,1.5,1.5,-1.5,0.5,-0.5,-0.5,-1.5,-1.5,-0.5,0.5,-1.5,-0.5,-0.5,-1.5,-0.5,-0.5,-0.5,0.5,-0.5,1.5,0.5,-1.5,-0.5,0.5,-1.5,-1.5,-0.5,-0.5,-1.5,0.5,-1.5,0.5,-1.5,-1.5,0.5,0.5,-0.5,0.5,1.5,0.5,0.5,-0.5,-1.5,0.5,-1.5,-0.5,0.5,1.5,-0.5,1.5,0.5,0.5,0.5,1.5,0.5,0.5,-0.5,0.5,0.5,-1.5,-0.5,-0.5,0.5,1.5,0.5,0.5,-0.5,0.5,0.5,-0.5,0.5,1.5,0.5,0.5,1.5,0.5,0.5,-0.5,-1.5,0.5,-0.5,-0.5,0.5,0.5,-1.5,0.5,-0.5,-1.5,0.5,-1.5,1.5,0.5,-1.5,0.5,-1.5,0.5,1.5,-1.5,-0.5,1.5,1.5,-0.5,-0.5,-0.5,1.5,1.5,0.5,0.5,-1.5,-1.5,-0.5,-1.5,1.5,0.5,1.5,0.5,1.5,0.5,0.5,-0.5,-0.5,0.5,1.5,-0.5,0.5,0.5,-1.5,0.5,-1.5,1.5,1.5,-0.5,-0.5,0.5,-1.5,1.5,-0.5,1.5,-1.5,0.5,1.5,0.5,-1.5,-0.5,-0.5,-0.5,0.5,-1.5,0.5,1.5,-1.5,-0.5,0.5,1.5,0.5,1.5,0.5,0.5,0.5,1.5,0.5,-0.5,0.5,1.5,-1.5,-0.5,-1.5,0.5,-1.5,0.5,-0.5,1.5,-1.5,-0.5,0.5,-1.5,0.5,1.5,0.5,1.5,-0.5,0.5,1.5,-1.5,0.5,-1.5,1.5,0.5,0.5,0.5,0.5,-1.5,1.5,1.5,-0.5,1.5,-1.5,0.5,-1.5,0.5,0.5,1.5,-0.5,-0.5,-1.5,1.5,0.5,0.5,1.5,0.5,1.5,0.5,0.5,1.5,1.5,-0.5,0.5,-0.5,1.5,0.5,1.5,-1.5,1.5,-1.5,-1.5,-1.5,-1.5,-0.5,-0.5,-1.5,-1.5,-0.5,-0.5,-1.5,0.5,0.5,-1.5,-0.5,-0.5,-0.5,0.5,0.5,0.5,1.5,0.5,1.5,1.5,-1.5,-0.5,-1.5,-0.5,-1.5,-0.5,-0.5,-0.5,1.5,1.5,-0.5,-0.5,0.5,0.5,-0.5,0.5,-0.5,0.5,-0.5,-0.5,-0.5,-1.5,0.5,-0.5,-1.5,-0.5,-0.5,-1.5,0.5,-0.5,-0.5,-0.5,-1.5,0.5,-1.5,-0.5,-0.5,0.5,-0.5,0.5,1.5,0.5,1.5,0.5,1.5,1.5,-0.5,-0.5,-0.5,-0.5,0.5,0.5,-0.5,0.5,1.5,0.5,-0.5,0.5,1.5,1.5,0.5,0.5,0.5,1.5,0.5,-1.5,0.5,-1.5,0.5,-0.5,0.5,-0.5,1.5,-0.5,-0.5,-1.5,0.5,-0.5,0.5,1.5,1.5,-0.5,1.5,-1.5,-1.5,0.5,0.5,0.5,0.5,0.5,1.5,-1.5,0.5,1.5,-0.5,0.5,-1.5,-1.5,-0.5,0.5,-0.5,0.5,-1.5,0.5,0.5,0.5,-0.5,-1.5,0.5,0.5,1.5,-0.5,-0.5,-0.5,0.5,-0.5,0.5,-0.5,-0.5,-0.5,-1.5,0.5,-0.5,-1.5,-1.5,0.5,-1.5,0.5,-0.5,-1.5,-1.5,-0.5,-0.5,0.5,0.5,-0.5,0.5,-0.5,-0.5,-0.5,-1.5,1.5,1.5,0.5,0.5,0.5,-1.5,0.5,0.5,1.5,0.5,1.5,0.5,1.5,0.5,-0.5,0.5,-0.5,0.5,0.5,-0.5,-0.5,1.5,0.5,1.5,0.5,0.5,-0.5,-0.5,0.5,0.5,-0.5,0.5,0.5,1.5,0.5,-0.5,0.5,1.5,0.5,0.5,1.5,1.5,1.5,0.5,0.5,0.5,0.5,0.5,0.5,1.5,1.5,0.5,-0.5,0.5,-0.5,0.5,1.5,0.5,-0.5,0.5,0.5,0.5,-1.5,0.5,-0.5,0.5,-0.5,0.5,1.5,0.5,-0.5,-1.5,0.5,0.5,0.5,-1.5,1.5,0.5,1.5,-0.5,-0.5,-0.5,0.5,1.5,-0.5,-0.5,-0.5,-0.5,0.5,-1.5,0.5,-0.5,0.5,-0.5,-0.5,0.5,-1.5,0.5,1.5,0.5,-1.5,0.5,1.5,0.5,-0.5,1.5,0.5,-0.5,-0.5,0.5,0.5,1.5,-0.5,-1.5,-0.5,-0.5,-0.5,-1.5,0.5,0.5,0.5,0.5,0.5,0.5,-0.5,-0.5,1.5,0.5,1.5,0.5,-0.5,-1.5,-1.5,-1.5,0.5,-0.5,0.5,0.5,-0.5,-1.5,0.5,-1.5,-0.5,1.5,1.5,-0.5,-0.5,0.5,-1.5,0.5,-0.5,0.5,0.5,-1.5,-0.5,-0.5,1.5,-1.5,-0.5,-0.5,-0.5,-0.5,0.5,0.5,1.5,-0.5,0.5,1.5,-0.5,0.5,-0.5,1.5,-0.5,1.5,1.5,-0.5,-1.5,0.5,-0.5,-1.5,-1.5,0.5,-1.5,-0.5,0.5,1.5,1.5,0.5,0.5,0.5,-0.5,1.5,0.5,-1.5,-1.5,-0.5,0.5,1.5,0.5,0.5,-1.5,-0.5,-1.5,1.5,-0.5,-0.5,-0.5,0.5,-1.5,-0.5,1.5,0.5,1.5,0.5,0.5,-1.5,-1.5,0.5,-1.5,-1.5,0.5,0.5,1.5,0.5,1.5,0.5,0.5,-1.5,-1.5,0.5,0.5,0.5,-0.5,-0.5,-0.5,-1.5,0.5,-0.5,-0.5,1.5,-0.5,0.5,1.5,0.5,0.5,-0.5,1.5,1.5,1.5,0.5,-0.5,-0.5,-0.5,-1.5,-0.5,1.5,0.5,1.5,0.5,-0.5,-1.5,-0.5,1.5,1.5,0.5,-1.5,1.5,-0.5,1.5,0.5,0.5,0.5,1.5,0.5,-0.5,-1.5,0.5,-1.5,-0.5,0.5,-1.5,-0.5,0.5,1.5,-1.5,0.5,-0.5,-1.5,0.5,-1.5,1.5,-0.5,-1.5,1.5,-1.5,0.5,1.5,0.5,0.5,1.5,1.5,0.5,0.5,-1.5,0.5,0.5,-0.5,1.5,0.5,-0.5,0.5,-0.5,0.5,-0.5,-1.5,0.5,-1.5,-1.5,0.5,-0.5,-1.5,0.5,-1.5,-1.5,1.5,-0.5,-0.5,0.5,-0.5,-0.5,0.5,0.5,-0.5,-1.5,0.5,-1.5,-0.5,0.5,0.5,0.5,-0.5,0.5,0.5,0.5,-0.5,0.5,0.5,-0.5,-0.5,0.5,-0.5,-0.5,1.5,-0.5,-0.5,-1.5,-1.5,1.5,0.5,-0.5,-1.5,0.5,-0.5,-1.5,1.5,-0.5,1.5,0.5,1.5,1.5,0.5,0.5,0.5,0.5,-0.5,0.5,-1.5,1.5,-0.5,-0.5,0.5,-0.5,-0.5,-1.5,-1.5,-0.5,-1.5,-1.5,0.5,-1.5,-1.5,0.5,-1.5,1.5,1.5,0.5,-0.5,-1.5,-0.5,0.5,1.5,0.5,-0.5,0.5,0.5,0.5,0.5,-0.5,1.5,0.5,0.5,1.5,0.5,1.5,0.5,0.5,0.5,0.5,0.5,-0.5,0.5,0.5,-1.5,-1.5,0.5,-0.5,-0.5,-1.5,-0.5,-0.5,-1.5,-0.5,-0.5,-1.5,-0.5,-0.5,0.5,-1.5,-0.5,-0.5,-0.5,0.5,-1.5,-1.5,0.5,0.5,-1.5,-1.5,-0.5,-0.5,0.5,0.5,-1.5,-1.5,-0.5,0.5,-1.5,-0.5,-0.5,-1.5,-0.5,-0.5,1.5,0.5,-0.5,0.5,-0.5,0.5,0.5,1.5,0.5,-0.5,1.5,0.5,-0.5,-0.5,0.5,1.5,-0.5,1.5,0.5,-0.5,-1.5,-0.5,0.5,-0.5,-1.5,-0.5,1.5,0.5,-0.5,-1.5,0.5,-0.5,1.5,0.5,0.5,0.5,1.5,-1.5,-0.5,0.5,-1.5,0.5,0.5,0.5,0.5,-1.5,-1.5,0.5,-0.5,-0.5,-0.5,-0.5,-0.5,-0.5,0.5,-0.5,0.5,-0.5,1.5,1.5,-0.5,-0.5,-0.5,0.5,-0.5,1.5,0.5,-0.5,-1.5,0.5,0.5,1.5,0.5,-0.5,0.5,-0.5,1.5,1.5,1.5,-0.5,-1.5,-0.5,-1.5,0.5,-0.5,-1.5,-1.5,-0.5,-0.5,0.5,-0.5,-1.5,1.5,0.5,-0.5,0.5,0.5,-0.5,1.5,0.5,1.5,0.5,0.5,0.5,0.5,-0.5,0.5,-0.5,-1.5,0.5,-1.5,0.5,-0.5,0.5,0.5,-1.5,-1.5,1.5,0.5,0.5,0.5,-0.5,-1.5,-0.5,0.5,-1.5,-1.5,-0.5,1.5,-0.5,-0.5,-1.5,0.5,-0.5,-1.5,0.5,-0.5,0.5,0.5,-1.5,-0.5,0.5,-0.5,0.5,-0.5,0.5,1.5,1.5,-0.5,0.5,-0.5,-1.5,-1.5,-1.5,-1.5,-0.5,0.5,1.5,1.5,-0.5,0.5,-1.5,-0.5,-0.5,-1.5,0.5,-0.5,1.5,0.5,-0.5,0.5,0.5,0.5,1.5,0.5,-0.5,1.5,-1.5,0.5,0.5,-0.5,-0.5,-1.5,-0.5,-0.5,0.5,-0.5,-1.5,0.5,-0.5,-1.5,1.5,-0.5,0.5,-1.5,-0.5,1.5,0.5,-1.5,-0.5,0.5,0.5,0.5,1.5,0.5,-0.5,-1.5,0.5,-0.5,1.5,-0.5,-1.5,0.5,1.5,1.5,0.5,-1.5,1.5,0.5,-1.5,0.5,0.5,-0.5,0.5,1.5,0.5,-0.5,-1.5,1.5,-0.5,-1.5,0.5,0.5,-1.5,-1.5,-1.5,-1.5,-0.5,-0.5,1.5,-1.5,0.5,0.5,-1.5,-1.5,0.5,0.5,-0.5,-1.5,1.5,1.5,0.5,0.5,0.5,-1.5,1.5,0.5,0.5,1.5,-1.5,0.5,-0.5,1.5,0.5,-1.5,1.5,1.5,1.5,-0.5,1.5,-1.5,0.5,1.5,0.5,-1.5,-0.5,0.5,0.5,1.5,0.5,-1.5,-1.5,0.5,0.5,0.5,-0.5,0.5,0.5,1.5,-1.5,-0.5,0.5,-1.5,-1.5,1.5,0.5,1.5,0.5,-0.5,0.5,1.5,1.5,1.5,-0.5,-0.5,0.5,-0.5,-0.5,-0.5,0.5,-0.5,0.5,0.5,0.5,1.5,1.5,-0.5,1.5,-1.5,-0.5,-1.5,-0.5,-0.5,0.5,-0.5,-1.5,-0.5,1.5,-1.5,0.5,-1.5,-1.5,-1.5,0.5,0.5,0.5,1.5,0.5,1.5,-0.5,-0.5,-0.5,-0.5,1.5,1.5,1.5,0.5,-0.5,0.5,1.5,1.5,-0.5,0.5,-0.5,-0.5,1.5,0.5,-0.5,0.5,0.5,1.5,1.5,-0.5,-0.5,-0.5,-1.5,0.5,0.5,-0.5,-0.5,0.5,1.5,-0.5,-1.5,0.5,-0.5,-0.5,-1.5,0.5,-0.5,1.5,0.5,1.5,0.5,-0.5,-1.5,0.5,0.5,1.5,-1.5,0.5,-0.5,-0.5,-0.5,0.5,0.5,0.5,1.5,0.5,1.5,-0.5,-0.5,-0.5,1.5,0.5,0.5,-0.5,-1.5,-0.5,-0.5,-1.5,-1.5,-0.5,-1.5,1.5,-0.5,-1.5,0.5,-0.5,-1.5,0.5,0.5,0.5,0.5,-1.5,-1.5,0.5,-1.5,1.5,0.5,1.5,-1.5,1.5,1.5,-0.5,-0.5,-0.5,-1.5,1.5,1.5,1.5,0.5,1.5,0.5,1.5,-0.5,-0.5,-1.5,1.5,1.5,1.5,-0.5,-0.5,0.5,-1.5,-1.5,0.5,0.5,0.5,0.5,-1.5,-0.5,1.5,-0.5,0.5,0.5,-1.5,1.5,-0.5,0.5,-0.5,-0.5,-1.5,-1.5,0.5,1.5,1.5,0.5,-1.5,1.5,-0.5,-1.5,0.5,0.5,-0.5,0.5,-1.5,1.5,-0.5,1.5,-0.5,-1.5,1.5,1.5,-1.5,0.5,1.5,-0.5,0.5,0.5,1.5,0.5,1.5,0.5,0.5,-0.5,-1.5,0.5,1.5,-0.5,1.5,1.5,0.5,0.5,-0.5,-1.5,0.5,-0.5,-0.5,1.5,-1.5,-0.5,0.5,0.5,-0.5,0.5,-1.5,-0.5,0.5,0.5,1.5,0.5,-0.5,-1.5,0.5,-0.5,-1.5,0.5,-0.5,-1.5,-0.5,-0.5,-1.5,0.5,1.5,-0.5,0.5,-0.5,-0.5,0.5,0.5,0.5,-1.5,-1.5,-0.5,0.5,0.5,-0.5,0.5,-0.5,-1.5,-1.5,1.5,-0.5,1.5,1.5,1.5,0.5,0.5,-1.5,0.5,-0.5,1.5,1.5,-0.5,-1.5,1.5,0.5,1.5,-1.5,-0.5,-0.5,-0.5,-0.5,1.5,0.5,0.5,0.5,1.5,0.5,0.5,-0.5,-1.5,-1.5,-0.5,-0.5,0.5,-1.5,-1.5,0.5,0.5,-1.5,1.5,0.5,1.5,0.5,-0.5,-0.5,0.5,-1.5,1.5,-0.5,0.5,0.5,-1.5,-0.5,-1.5,-0.5,-0.5,-1.5,0.5,-0.5,-0.5,1.5,-0.5,0.5,1.5,0.5,0.5,0.5,0.5,0.5,1.5,-0.5,-0.5,-0.5,0.5,0.5,-0.5,-0.5,1.5,-0.5,0.5,0.5,1.5,0.5,-0.5,0.5,-0.5,0.5,1.5,-0.5,-1.5,0.5,-1.5,1.5,0.5,0.5,0.5,-0.5,0.5,-0.5,-0.5,-0.5,-1.5,-0.5,0.5,1.5,-1.5,-0.5,0.5,1.5,-0.5,1.5,-0.5,-0.5,1.5,0.5,0.5,0.5,0.5,-0.5,1.5,1.5,0.5,0.5,-0.5,-0.5,0.5,-0.5,-0.5,-0.5,-0.5,-0.5,-0.5,1.5,1.5,-1.5,0.5,-0.5,-1.5,0.5,0.5,0.5,-1.5,0.5,-1.5,-0.5,0.5,1.5,1.5,-0.5,-1.5,-0.5,0.5,-1.5,-1.5,-0.5,1.5,0.5,0.5,-0.5,0.5,-0.5,-0.5,-0.5,-0.5,0.5,-0.5,0.5,-1.5,-0.5,-0.5,0.5,0.5,-1.5,-0.5,-0.5,-1.5,1.5,0.5,-0.5,-1.5,0.5,-0.5,-1.5,-0.5,-0.5,-0.5,-1.5,-0.5,0.5,-1.5,-0.5,-0.5,-1.5,-0.5,0.5,-0.5,0.5,1.5,1.5,-0.5,-1.5,-0.5,0.5,0.5,-0.5,-1.5,1.5,0.5,0.5,-0.5,0.5,0.5,-0.5,-0.5,-0.5,-1.5,0.5,-0.5,1.5,0.5,-0.5,-0.5,-0.5,0.5,-1.5,-0.5,-0.5,0.5,-1.5,1.5,-0.5,-0.5,-0.5,0.5,-0.5,-0.5,-0.5,0.5,0.5,-1.5,-1.5,0.5,0.5,0.5,0.5,0.5,-0.5,-0.5,0.5,0.5,-0.5,-0.5,-1.5,-0.5,-1.5,-1.5,-1.5,1.5,-1.5,0.5,-0.5,1.5,0.5,-1.5,0.5,0.5,1.5,-0.5,0.5,0.5,0.5,0.5,-1.5,-0.5,-0.5,-0.5,1.5,0.5,1.5,0.5,1.5,-1.5,-0.5,0.5,-1.5,0.5,0.5,-0.5,0.5,-0.5,1.5,0.5,-0.5,0.5,0.5,-0.5,-1.5,1.5,-0.5,1.5,0.5,-0.5,1.5,0.5,-1.5,-0.5,-0.5,-0.5,1.5,0.5,-1.5,-0.5,-0.5,0.5,0.5,-1.5,0.5,0.5,-1.5,0.5,0.5,1.5,-0.5,0.5,-1.5,1.5,0.5,0.5,-1.5,-0.5,1.5,-0.5,-0.5,-0.5,-0.5,1.5,0.5,-0.5,-0.5,1.5,0.5,-1.5,-0.5,-1.5,-1.5,0.5,0.5,1.5,-0.5,-0.5,0.5,0.5,-1.5,0.5,-1.5,-0.5,0.5,-1.5,-0.5,0.5,-0.5,-1.5,1.5,-0.5,0.5,1.5,0.5,0.5,1.5,0.5,0.5,-0.5,0.5,-1.5,0.5,-0.5,-1.5,1.5,-0.5,0.5,0.5,-0.5,-0.5,-1.5,-0.5,0.5,0.5,-1.5,1.5,0.5,0.5,-1.5,0.5,0.5,-1.5,0.5,0.5,-0.5,-1.5,-0.5,-0.5,-0.5,1.5,0.5,-0.5,-0.5,0.5,-0.5,-1.5,-1.5,1.5,0.5,0.5,-1.5,-0.5,-0.5,-0.5,-1.5,-0.5,-1.5,-1.5,0.5,1.5,0.5,-1.5,-1.5,-1.5,-1.5,-1.5,1.5,0.5,1.5,0.5,0.5,1.5,-0.5,-0.5,-1.5,-1.5,-0.5,-0.5,0.5,-0.5,0.5,0.5,-0.5,0.5,-0.5,-0.5,1.5,0.5,0.5,-0.5,-1.5,0.5,-0.5,-0.5,-0.5,0.5,0.5,-0.5,-1.5,-0.5,-1.5,-0.5,0.5,-1.5,0.5,1.5,-0.5,0.5,0.5,1.5,0.5,0.5,0.5,-0.5,-1.5,-1.5,-0.5,-0.5,0.5,-1.5,-1.5,-0.5,-0.5,-1.5,1.5,-1.5,0.5,0.5,0.5,0.5,1.5,0.5,-0.5,-0.5,-1.5,-1.5,0.5,0.5,1.5,0.5,-1.5,1.5,-0.5,0.5,0.5,-0.5,0.5,-0.5,-1.5,0.5,0.5,1.5,0.5,0.5,0.5,-0.5,-1.5,1.5,1.5,0.5,-1.5,1.5,-0.5,0.5,-0.5,-0.5,-0.5,-1.5,-1.5,-0.5,0.5,0.5,1.5,0.5,-0.5,-0.5,1.5,0.5,1.5,-1.5,0.5,-1.5,0.5,0.5,-0.5,-0.5,-0.5,0.5,-0.5,0.5,-1.5,0.5,-0.5,0.5,-0.5,0.5,-1.5,-1.5,0.5,-1.5,0.5,0.5,-0.5,0.5,-0.5,0.5,0.5,1.5,-0.5,0.5,-0.5,-0.5,0.5,0.5,0.5,0.5,-0.5,-0.5,-0.5,0.5,0.5,-1.5,0.5,0.5,1.5,0.5,-0.5,-0.5,0.5,-1.5,-1.5,0.5,-0.5,-1.5,-0.5,0.5,-0.5,0.5,0.5,-1.5,1.5,0.5,-1.5,0.5,0.5,-0.5,0.5,-0.5,-1.5,0.5,0.5,-0.5,1.5,0.5,-0.5,-1.5,-0.5,0.5,0.5,0.5,-1.5,0.5,0.5,1.5,0.5,-0.5,-1.5,0.5,-0.5,-1.5,-0.5,-1.5,-0.5,-0.5,-0.5,1.5,-0.5,0.5,-1.5,0.5,0.5,-0.5,-1.5,-0.5,-0.5,0.5,1.5,-1.5,1.5,0.5,-1.5,0.5,0.5,0.5,0.5,-1.5,-0.5,-0.5,0.5,-0.5,1.5,-0.5,-0.5,-0.5,-0.5,-0.5,-1.5,0.5,-0.5,0.5,1.5,-1.5,0.5,-0.5,-1.5,0.5,-1.5,-0.5,0.5,-0.5,-0.5,-0.5,-0.5,-1.5,-0.5,-0.5,-1.5,1.5,0.5,-0.5,-0.5,-1.5,-0.5,1.5,0.5,0.5,0.5,1.5,0.5,-0.5,0.5,0.5,0.5,-0.5,-1.5,-1.5,0.5,0.5,-1.5,0.5,0.5,0.5,-0.5,-0.5,1.5,0.5,0.5,-0.5,0.5,-1.5,-0.5,-0.5,0.5,0.5,1.5,1.5,0.5,-1.5,-0.5,0.5,0.5,-0.5,-0.5,-0.5,0.5,0.5,-1.5,1.5,0.5,0.5,-0.5,-0.5,0.5,-0.5,-0.5,-0.5,0.5,-1.5,0.5,0.5,-0.5,1.5,1.5,0.5,0.5,0.5,-0.5,-1.5,0.5,0.5,0.5,-0.5,-0.5,1.5,1.5,0.5,0.5,-0.5,-1.5,0.5,0.5,0.5,1.5,0.5,-0.5,-1.5,0.5,1.5,-1.5,-1.5,1.5,-1.5,1.5,0.5,-1.5,0.5,-1.5,-1.5,-1.5,-0.5,1.5,-1.5,0.5,1.5,0.5,-0.5,-0.5,-0.5,-0.5,-0.5,-1.5,-1.5,-1.5,0.5,-0.5,-1.5,-0.5,-0.5,0.5,0.5,-1.5,-0.5,-1.5,-1.5,1.5,1.5,-0.5,1.5,-0.5,-0.5,0.5,1.5,0.5,-0.5,0.5,-0.5,-0.5,-1.5,0.5,1.5,-1.5,0.5,0.5,-0.5,0.5,0.5,1.5,-0.5,-0.5,0.5,0.5,1.5,-1.5,0.5,0.5,-1.5,-1.5,0.5,1.5,-0.5,-0.5,-0.5,1.5,-0.5,-0.5,-1.5,-1.5,0.5,-1.5,-0.5,-1.5,0.5,-0.5,-1.5,0.5,-0.5,-1.5,0.5,-1.5,-1.5,0.5,0.5,1.5,0.5,-1.5,1.5,0.5,-1.5,1.5,0.5,0.5,-0.5,0.5,-1.5,-1.5,0.5,0.5,1.5,0.5,0.5,0.5,0.5,0.5,1.5,-0.5,1.5,1.5,0.5,0.5,1.5,0.5,1.5,0.5,0.5,-0.5,-1.5,0.5,-1.5,0.5,0.5,-0.5,0.5,1.5,0.5,-0.5,0.5,-0.5,0.5,0.5,1.5,-0.5,-0.5,1.5,1.5,-0.5,-0.5,-1.5,-0.5,0.5,-1.5,0.5,0.5,1.5,-0.5,0.5,0.5,1.5,0.5,0.5,-0.5,-0.5,-0.5,-0.5,0.5,-1.5,-0.5,-1.5,1.5,0.5,1.5,0.5,0.5,-1.5,-1.5,0.5,1.5,-0.5,-0.5,-0.5,-1.5,1.5,-0.5,-1.5,0.5,0.5,1.5,-1.5,-0.5,1.5,0.5,0.5,-1.5,-1.5,-0.5,0.5,0.5,1.5,1.5,0.5,-0.5,0.5,0.5,-0.5,-0.5,-0.5,-1.5,-1.5,1.5,1.5,1.5,0.5,0.5,-1.5,-0.5,-0.5,-0.5,0.5,-1.5,0.5,-0.5,1.5,-1.5,1.5,-0.5,1.5,-0.5,0.5,-0.5,0.5,0.5,0.5,1.5,-0.5,-0.5,-0.5,-1.5,-1.5,1.5,1.5,0.5,0.5,1.5,-0.5,-0.5,-0.5,-1.5,0.5,0.5,1.5,0.5,0.5,-0.5,-1.5,-1.5,-0.5,0.5,1.5,-0.5,0.5,0.5,-0.5,-1.5,0.5,-1.5,-0.5,0.5,-1.5,-0.5,0.5,0.5,-0.5,-0.5,-0.5,-1.5,-0.5,-1.5,-0.5,1.5,0.5,1.5,0.5,1.5,1.5,0.5,-1.5,-0.5,-0.5,-1.5,0.5,1.5,-1.5,0.5,-1.5,1.5,0.5,0.5,-0.5,-0.5,0.5,-0.5,-1.5,1.5,1.5,0.5,1.5,0.5,-1.5,-1.5,-1.5,-0.5,0.5,-1.5,-0.5,0.5,-0.5,0.5,-1.5,0.5,0.5,-0.5,-1.5,-0.5,0.5,1.5,-0.5,0.5,0.5,0.5,-1.5,-1.5,0.5,-1.5,1.5,0.5,-1.5,0.5,0.5,-0.5,-1.5,0.5,1.5,0.5,-1.5,-0.5,-1.5,1.5,-0.5,1.5,0.5,-1.5,1.5,0.5,-0.5,-0.5,1.5,-0.5,0.5,-0.5,1.5,1.5,0.5,0.5,1.5,1.5,-0.5,0.5,0.5,-0.5,-0.5,0.5,-1.5,0.5,0.5,-1.5,0.5,0.5,1.5,-0.5,0.5,0.5,-0.5,0.5,-0.5,-1.5,0.5,0.5,1.5,-0.5,-0.5,1.5,-0.5,-1.5,-0.5,0.5,-1.5,-1.5,-0.5,1.5,1.5,-0.5,-0.5,-0.5,1.5,0.5,-0.5,0.5,-1.5,-1.5,-0.5,-1.5,0.5,0.5,0.5,0.5,0.5,-1.5,0.5,0.5,-1.5,-0.5,-0.5,-0.5,0.5,-0.5,-1.5,-0.5,0.5,-0.5,-1.5,-0.5,0.5,1.5,-0.5,-1.5,1.5,-0.5,-0.5,-1.5,0.5,-1.5,1.5,1.5,-0.5,0.5,0.5,-1.5,0.5,0.5,-1.5,-1.5,-0.5,1.5,1.5,0.5,-0.5,0.5,0.5,1.5,0.5,1.5,-0.5,-0.5,0.5,0.5,-1.5,-0.5,-0.5,-1.5,-0.5,-0.5,0.5,-0.5,-0.5,1.5,0.5,-0.5,-1.5,-0.5,-0.5,0.5,1.5,-1.5,1.5,0.5,1.5,1.5,0.5,0.5,-0.5,-1.5,-1.5,-1.5,-0.5,-0.5,-1.5,0.5,-1.5,-1.5,-0.5,0.5,-1.5,-0.5,0.5,0.5,0.5,0.5,-1.5,-0.5,-0.5,-0.5,0.5,0.5,-0.5,0.5,0.5,0.5,-1.5,1.5,0.5,-0.5,-0.5,-1.5,-1.5,-0.5,-1.5,1.5,-0.5,0.5,1.5,0.5,0.5,0.5,-0.5,-1.5,-0.5,-0.5,0.5,-0.5,1.5,0.5,1.5,-1.5,0.5,1.5,0.5,0.5,-0.5,1.5,-0.5,0.5,-0.5,-0.5,0.5,-0.5,0.5,0.5,-1.5,-1.5,-0.5,-1.5,-1.5,-0.5,-1.5,-1.5,-1.5,-0.5,-0.5,0.5,-1.5,-1.5,-0.5,-1.5,-1.5,-0.5,-1.5,-1.5,-0.5,1.5,0.5,-0.5,0.5,-1.5,-1.5,-0.5,0.5,-0.5,-1.5,-1.5,-0.5,0.5,-0.5,0.5,-0.5,-1.5,0.5,-0.5,0.5,0.5,-0.5,0.5,0.5,-0.5,-1.5,1.5,-0.5,0.5,-0.5,-0.5,-1.5,0.5,0.5,1.5,1.5,-0.5,1.5,0.5,-0.5,0.5,0.5,-0.5,0.5,0.5,-0.5,0.5,0.5,-0.5,-1.5,-0.5,1.5,-1.5,0.5,-1.5,-1.5,-0.5,-1.5,-1.5,0.5,0.5,0.5,1.5,0.5,-0.5,-0.5,-1.5,-1.5,-0.5,0.5,0.5,0.5,0.5,0.5,0.5,-0.5,-0.5,-1.5,-0.5,-0.5,1.5,-0.5,0.5,0.5,-1.5,-1.5,0.5,0.5,1.5,0.5,1.5,1.5,1.5,-0.5,-1.5,0.5,-1.5,-1.5,-0.5,-1.5,1.5,-0.5,0.5,1.5,0.5,-1.5,-1.5,-0.5,-0.5,-1.5,-0.5,0.5,0.5,-0.5,1.5,-0.5,0.5,0.5,0.5,0.5,1.5,-1.5,1.5,0.5,-1.5,1.5,0.5,-1.5,-0.5,-0.5,-0.5,-0.5,0.5,0.5,0.5,-1.5,1.5,0.5,-1.5,-1.5,-0.5,0.5,-1.5,0.5,-1.5,0.5,0.5,0.5,1.5,1.5,-0.5,-1.5,-0.5,-0.5,-1.5,-0.5,1.5,-0.5,0.5,-0.5,1.5,0.5,-1.5,1.5,-0.5,0.5,1.5,1.5,0.5,-0.5,-0.5,0.5,-0.5,0.5,0.5,-1.5,0.5,1.5,1.5,0.5,0.5,-1.5,0.5,-1.5,-0.5,-0.5,-0.5,0.5,0.5,-0.5,-0.5,-0.5,0.5,0.5,-1.5,0.5,0.5,0.5,-0.5,0.5,-0.5,-0.5,-1.5,-0.5,-0.5,-0.5,1.5,-0.5,-0.5,0.5,-1.5,-0.5,-0.5,-0.5,0.5,0.5,0.5,-0.5,0.5,-1.5,-1.5,0.5,-0.5,-1.5,0.5,-0.5,-1.5,0.5,-1.5,-1.5,-0.5,-1.5,-1.5,-0.5,-0.5,-1.5,-1.5,-0.5,-1.5,1.5,0.5,-1.5,0.5,0.5,-1.5,-1.5,-0.5,0.5,-1.5,-0.5,-0.5,-1.5,-0.5,-1.5,-0.5,1.5,1.5,0.5,0.5,0.5,0.5,-0.5,-1.5,-0.5,-0.5,1.5,0.5,0.5,-0.5,0.5,-0.5,-1.5,0.5,1.5,-0.5,0.5,1.5,1.5,0.5,-1.5,1.5,-0.5,-1.5,1.5,0.5,1.5,-1.5,1.5,-0.5,-0.5,0.5,-0.5,-0.5,-0.5,0.5,-1.5,0.5,-0.5,0.5,-1.5,-0.5,-1.5,-0.5,-1.5,-1.5,1.5,-0.5,0.5,0.5,1.5,0.5,-0.5,-0.5,0.5,1.5,0.5,-0.5,-0.5,0.5,-1.5,1.5,0.5,-0.5,0.5,-1.5,-1.5,-0.5,0.5,-1.5,-1.5,-0.5,-1.5,-0.5,0.5,-0.5,0.5,0.5,-0.5,-0.5,-0.5,-1.5,-0.5,-0.5,1.5,0.5,1.5,-0.5,0.5,1.5,0.5,-0.5,-0.5,1.5,-0.5,-1.5,-1.5,-0.5,-0.5,1.5,-0.5,-0.5,0.5,-0.5,-0.5,0.5,-0.5,0.5,0.5,-1.5,-0.5,0.5,0.5,1.5,-1.5,0.5,0.5,1.5,-1.5,-0.5,-1.5,0.5,1.5,-0.5,-0.5,1.5,0.5,0.5,-0.5,-1.5,0.5,-1.5,-1.5,-0.5,0.5,0.5,0.5,-1.5,1.5,0.5,-1.5,0.5,0.5,1.5,1.5,0.5,-0.5,-1.5,0.5,0.5,-1.5,-1.5,-0.5,0.5,1.5,-0.5,-1.5,1.5,0.5,-1.5,0.5,0.5,0.5,0.5,-0.5,-1.5,0.5,0.5,-1.5,0.5,-0.5,1.5,-0.5,0.5,0.5,-0.5,-1.5,-0.5,0.5,0.5,0.5,-1.5,-0.5,-0.5,-0.5,-1.5,-1.5,-1.5,1.5,-1.5,0.5,0.5,1.5,-0.5,0.5,1.5,0.5,-0.5,1.5,0.5,-0.5,1.5,0.5,-0.5,-1.5,0.5,0.5,0.5,0.5,-0.5,1.5,0.5,-1.5,1.5,0.5,-0.5,-0.5,0.5,-0.5,-1.5,0.5,-0.5,1.5,0.5,-1.5,-0.5,-0.5,0.5,1.5,0.5,-1.5,0.5,0.5,-1.5,-1.5,-0.5,-0.5,1.5,0.5,0.5,1.5,1.5,-1.5,1.5,-0.5,-0.5,-1.5,0.5,-0.5,-0.5,-0.5,-0.5,-0.5,0.5,-1.5,-0.5,0.5,-1.5,-0.5,0.5,0.5,1.5,0.5,-1.5,-1.5,0.5,-1.5,1.5,0.5,-1.5,1.5,0.5,1.5,-1.5,0.5,-0.5,0.5,0.5,-0.5,-1.5,-0.5,-1.5,0.5,0.5,0.5,1.5,0.5,-1.5,-0.5,-0.5,0.5,1.5,0.5,1.5,1.5,-0.5,0.5,-0.5,0.5,-0.5,1.5,0.5,-0.5,-1.5,1.5,0.5,1.5,-0.5,1.5,0.5,0.5,1.5,0.5,0.5,-0.5,1.5,0.5,0.5,-0.5,-1.5,-0.5,0.5,-1.5,-0.5,-0.5,0.5,-0.5,0.5,1.5,-0.5,0.5,-0.5,0.5,0.5,0.5,1.5,1.5,0.5,0.5,-1.5,0.5,-0.5,-0.5,-0.5,-1.5,1.5,0.5,-1.5,1.5,1.5,0.5,0.5,0.5,-0.5,-0.5,-0.5,-1.5,-1.5,-0.5,0.5,-0.5,0.5,-0.5,1.5,0.5,0.5,-1.5,-0.5,0.5,0.5,0.5,0.5,1.5,0.5,-0.5,-0.5,-1.5,0.5,-0.5,-1.5,0.5,1.5,0.5,-0.5,-1.5,0.5,0.5,1.5,1.5,0.5,0.5,0.5,-0.5,1.5,0.5,1.5,-0.5,0.5,1.5,1.5,0.5,-0.5,-0.5,-1.5,-1.5,0.5,-1.5,0.5,0.5,0.5,1.5,0.5,0.5,-1.5,-1.5,0.5,1.5,1.5,0.5,0.5,-0.5,-1.5,-1.5,-0.5,-0.5,-0.5,-1.5,-0.5,-1.5,0.5,1.5,0.5,1.5,-0.5,-1.5,0.5,-0.5,1.5,1.5,0.5,-0.5,-1.5,-0.5,-0.5,1.5,-0.5,-0.5,1.5,0.5,-0.5,-0.5,-0.5,1.5,1.5,0.5,0.5,-0.5,-1.5,-0.5,-0.5,-1.5,-1.5,0.5,0.5,1.5,-1.5,0.5,0.5,-1.5,0.5,-0.5,0.5,-0.5,-0.5,1.5,-0.5,0.5,1.5,-0.5,-0.5,-0.5,-0.5,-1.5,-0.5,-0.5,0.5,0.5,-1.5,1.5,-0.5,0.5,1.5,-1.5,0.5,-0.5,0.5,-0.5,-1.5,-1.5,-0.5,1.5,1.5,0.5,-1.5,1.5,-0.5,-0.5,0.5,0.5,-0.5,1.5,0.5,0.5,0.5,0.5,-1.5,-1.5,0.5,1.5,-1.5,0.5,-1.5,0.5,0.5,1.5,-1.5,0.5,0.5,1.5,-0.5,-1.5,-1.5,-0.5,0.5,1.5,0.5,-1.5,-1.5,-0.5,-1.5,1.5,-0.5,0.5,0.5,-0.5,-0.5,-0.5,0.5,0.5,0.5,0.5,-1.5,-1.5,0.5,-0.5,-0.5,-0.5,-0.5,1.5,0.5,-1.5,1.5,0.5,-1.5,0.5,0.5,-0.5,1.5,0.5,-0.5,-0.5,0.5,0.5,0.5,0.5,-1.5,0.5,-0.5,1.5,-1.5,0.5,-1.5,-1.5,-1.5,0.5,-1.5,0.5,-0.5,0.5,-0.5,1.5,1.5,0.5,-0.5,-1.5,-1.5,1.5,-0.5,0.5,-0.5,-1.5,0.5,-0.5,1.5,-0.5,-0.5,-1.5,-0.5,1.5,-0.5,0.5,-0.5,1.5,-0.5,-0.5,-1.5,-0.5,1.5,-1.5,0.5,-0.5,0.5,0.5,-0.5,-1.5,-0.5,-0.5,0.5,0.5,0.5,1.5,0.5,-0.5,0.5,0.5,-0.5,-1.5,-0.5,1.5,0.5,0.5,-0.5,-1.5,-0.5,-0.5,0.5,0.5,0.5,1.5,0.5,-1.5,1.5,0.5,-0.5,0.5,0.5,-0.5,-1.5,0.5,0.5,1.5,-0.5,-0.5,-1.5,-0.5,-1.5,-0.5,0.5,0.5,1.5,0.5,1.5,0.5,0.5,-1.5,-1.5,-1.5,-0.5,-1.5,-0.5,-0.5,1.5,-0.5,0.5,0.5,-1.5,-0.5,-1.5,0.5,-0.5,1.5,-0.5,-1.5,-1.5,-0.5,0.5,-0.5,1.5,0.5,-1.5,1.5,-0.5,0.5,0.5,-0.5,-0.5,0.5,-1.5,-1.5,0.5,1.5,1.5,0.5,-0.5,-1.5,-0.5,0.5,0.5,-1.5,-0.5,1.5,-0.5,-0.5,-1.5,-0.5,-1.5,0.5,-0.5,-0.5,0.5,1.5,-1.5,-1.5,-0.5,-1.5,0.5,0.5,-0.5,1.5,0.5,0.5,0.5,0.5,0.5,1.5,0.5,-0.5,-1.5,0.5,0.5,0.5,0.5,-1.5,-0.5,1.5,-0.5,-0.5,0.5,-0.5,-1.5,0.5,-0.5,0.5,0.5,1.5,0.5,0.5,-1.5,-1.5,-0.5,0.5,-1.5,-0.5,-1.5,1.5,0.5,0.5,-0.5,-0.5,-1.5,1.5,0.5,-0.5,-0.5,1.5,1.5,0.5,0.5,-0.5,-0.5,-0.5,0.5,1.5,0.5,-0.5,-1.5,-0.5,0.5,0.5,0.5,-1.5,-1.5,-1.5,1.5,-1.5,-0.5,-0.5,-1.5,-1.5,-0.5,0.5,-1.5,-0.5,1.5,-0.5,0.5,1.5,0.5,-0.5,1.5,0.5,-0.5,-1.5,0.5,1.5,1.5,1.5,0.5,1.5,0.5,0.5,-0.5,0.5,-0.5,0.5,-0.5,-1.5,-1.5,0.5,-1.5,0.5,0.5,-0.5,-1.5,0.5,-0.5,1.5,0.5,1.5,1.5,0.5,-0.5,0.5,-0.5,1.5,-0.5,-0.5,-1.5,-0.5,1.5,0.5,0.5,0.5,1.5,0.5,-0.5,-0.5,-1.5,0.5,-1.5,1.5,-0.5,0.5,0.5,0.5,-0.5,-0.5,0.5,-1.5,1.5,-1.5,0.5,0.5,-0.5,-1.5,-0.5,-0.5,-0.5,-1.5,1.5,-0.5,1.5,0.5,-0.5,0.5,0.5,-0.5,-1.5,-0.5,0.5,-1.5,0.5,1.5,0.5,-0.5,1.5,1.5,-0.5,-0.5,-1.5,1.5,-1.5,1.5,1.5,0.5,-0.5,-0.5,-0.5,0.5,0.5,-0.5,-0.5,-1.5,-0.5,0.5,0.5,0.5,-0.5,-1.5,0.5,0.5,-0.5,1.5,1.5,0.5,-1.5,-1.5,-0.5,0.5,-1.5,-0.5,0.5,0.5,1.5,0.5,1.5,-0.5,0.5,-0.5,0.5,0.5,-0.5,-1.5,1.5,1.5,0.5,-0.5,-1.5,0.5,-0.5,-1.5,-0.5,-0.5,-1.5,-0.5,-1.5,-1.5,-0.5,0.5,-0.5,0.5,-1.5,-0.5,-1.5,-0.5,0.5,-0.5,-1.5,1.5,-1.5,-0.5,-0.5,0.5,-0.5,-1.5,-0.5,-0.5,-1.5,-0.5,-1.5,1.5,0.5,0.5,-1.5,0.5,-1.5,-1.5,-0.5,0.5,1.5,-1.5,-1.5,1.5,-0.5,-0.5,0.5,-1.5,-0.5,0.5,0.5,-0.5,-0.5,-0.5,1.5,1.5,0.5,-1.5,1.5,0.5,-1.5,-1.5,-1.5,-0.5,-1.5,-0.5,-0.5,1.5,-1.5,1.5,1.5,0.5,0.5,-1.5,1.5,0.5,0.5,0.5,-0.5,-1.5,-1.5,1.5,-0.5,-0.5,0.5,1.5,0.5,-0.5,0.5,0.5,-1.5,-1.5,0.5,0.5,0.5,1.5,-0.5,1.5,-0.5,0.5,1.5,1.5,-0.5,1.5,-0.5,-1.5,-0.5,-1.5,-1.5,-1.5,-0.5,-1.5,-1.5,-1.5,-0.5,-0.5,-0.5,-0.5,-0.5,-1.5,-1.5,-1.5,1.5,-0.5,-0.5,0.5,-0.5,-0.5,-1.5,1.5,-0.5,1.5,-0.5,1.5,-0.5,1.5,-1.5,-0.5,-1.5,0.5,1.5,-1.5,0.5,-1.5,0.5,1.5,-0.5,-0.5,1.5,0.5,1.5,0.5,-1.5,-1.5,0.5,-1.5,-1.5,-1.5,-0.5,0.5,-1.5,1.5,-0.5,1.5,0.5,0.5,-0.5,-1.5,-1.5,-0.5,-0.5,1.5,1.5,0.5,0.5,0.5,1.5,-1.5,0.5,0.5,0.5,1.5,0.5,1.5,-0.5,0.5,0.5,1.5,0.5,-0.5,0.5,-1.5,1.5,0.5,-0.5,-1.5,1.5,0.5,-1.5,-1.5,-1.5,1.5,0.5,-0.5,1.5,-0.5,-0.5,-1.5,1.5,1.5,0.5,0.5,-1.5,0.5,1.5,-0.5,0.5,1.5,-0.5,-0.5,-0.5,1.5,-0.5,0.5,-0.5,-1.5,-1.5,-1.5,0.5,0.5,0.5,1.5,-0.5,1.5,0.5,1.5,1.5,1.5,0.5,0.5,1.5,0.5,-0.5,-1.5,1.5,-0.5,0.5,1.5,1.5,-1.5,0.5,1.5,0.5,-1.5,-0.5,-0.5,-0.5,1.5,-1.5,1.5,0.5,-1.5,1.5,0.5,-1.5,-1.5,-1.5,1.5,0.5,-1.5,-0.5,-0.5,-1.5,1.5,-0.5,-1.5,-1.5,-1.5,-0.5,-1.5,-0.5,1.5,0.5,0.5,-0.5,-1.5,0.5,0.5,-1.5,-0.5,0.5,1.5,0.5,-0.5,0.5,-0.5,-1.5,0.5,1.5,1.5,0.5,1.5,1.5,1.5,0.5,-1.5,1.5,0.5,-1.5,0.5,-0.5,0.5,0.5,0.5,1.5,1.5,0.5,-0.5,-0.5,0.5,-1.5,1.5,-0.5,1.5,-1.5,0.5,1.5,-0.5,0.5,1.5,-1.5,1.5,-0.5,1.5,0.5,-1.5,0.5,0.5,-1.5,1.5,-0.5,0.5,0.5,-0.5,1.5,1.5,0.5,-1.5,-0.5,1.5,1.5,1.5,-0.5,-1.5,-0.5,-0.5,-1.5,-1.5,1.5,-0.5,0.5,-0.5,-0.5,-0.5,1.5,-0.5,0.5,-0.5,-1.5,0.5,-0.5,1.5,-1.5,0.5,0.5,-1.5,-0.5,0.5,-0.5,-0.5,1.5,-0.5,0.5,-1.5,1.5,-0.5,-1.5,-1.5,0.5,0.5,-1.5,1.5,-0.5,1.5,-0.5,1.5,1.5,0.5,-0.5,-0.5,0.5,-0.5,-1.5,-1.5,0.5,-1.5,0.5,-1.5,1.5,0.5,-0.5,-0.5,1.5,0.5,-0.5,0.5,-1.5,0.5,-0.5,-0.5,1.5,0.5,-0.5,-1.5,-0.5,-0.5,0.5,0.5,1.5,-1.5,0.5,-0.5,1.5,0.5,-0.5,-1.5,1.5,-0.5,-1.5,0.5,-1.5,1.5,0.5,-0.5,1.5,-1.5,-0.5,1.5,0.5,-1.5,-1.5,-0.5,-1.5,0.5,-1.5,-1.5,-1.5,-0.5,-1.5,-1.5,-1.5,-0.5,0.5,1.5,1.5,0.5,0.5,-0.5,-1.5,0.5,0.5,1.5,0.5,0.5,1.5,0.5,1.5,0.5,0.5,-0.5,-1.5,0.5,0.5,1.5,1.5,-0.5,-1.5,-1.5,-0.5,1.5,-0.5,-1.5,0.5,-1.5,1.5,1.5,0.5,0.5,-0.5,-0.5,1.5,-0.5,1.5,0.5,1.5,0.5,-1.5,-1.5,-0.5,-0.5,0.5,-1.5,-1.5,-1.5,-1.5,-0.5,-0.5,0.5,-0.5,1.5,0.5,-1.5,-1.5,-0.5,0.5,1.5,0.5,-1.5,-1.5,1.5,0.5,0.5,0.5,-0.5,-1.5,-0.5,-1.5,-1.5,-0.5,1.5,-0.5,1.5,-0.5,1.5,0.5,1.5,1.5,0.5,-0.5,-0.5,-0.5,-0.5,1.5,-0.5,0.5,0.5,0.5,0.5,-0.5,-0.5,-0.5,-0.5,0.5,-1.5,1.5,-0.5,0.5,1.5,0.5,1.5,1.5,-0.5,-0.5,-0.5,-0.5,1.5,1.5,0.5,-1.5,1.5,0.5,-0.5,1.5,0.5,1.5,0.5,0.5,-0.5,-1.5,-0.5,0.5,-0.5,-1.5,-0.5,-0.5,0.5,-1.5,1.5,0.5,-0.5,-1.5,-1.5,-0.5,0.5,0.5,-1.5,-1.5,0.5,0.5,0.5,-0.5,-0.5,-1.5,-0.5,-1.5,-1.5,-0.5,-1.5,1.5,0.5,-0.5,0.5,-1.5,-0.5,0.5,0.5,-1.5,1.5,0.5,-1.5,0.5,0.5,-1.5,-0.5,0.5,-1.5,1.5,-0.5,-0.5,-0.5,-0.5,0.5,0.5,0.5,-1.5,1.5,0.5,-1.5,-1.5,-0.5,-0.5,-1.5,0.5,1.5,1.5,-1.5,-1.5,-1.5,-1.5,-0.5,-0.5,1.5,-0.5,1.5,-1.5,0.5,-1.5,-0.5,-1.5,-0.5,-0.5,-0.5,1.5,0.5,-1.5,1.5,-0.5,-0.5,-0.5,-1.5,1.5,-0.5,1.5,0.5,1.5,0.5,-0.5,0.5,-0.5,-0.5,0.5,0.5,0.5,1.5,-0.5,-1.5,-0.5,0.5,0.5,-0.5,0.5,1.5,1.5,0.5,-1.5,1.5,0.5,1.5,0.5,-0.5,0.5,-0.5,0.5,0.5,1.5,0.5,-0.5,-0.5,0.5,-0.5,-1.5,-1.5,-1.5,-0.5,-1.5,-0.5,-0.5,0.5,0.5,1.5,-0.5,0.5,0.5,1.5,0.5,1.5,-0.5,1.5,-1.5,0.5,0.5,-0.5,0.5,0.5,1.5,0.5,1.5,1.5,-1.5,-1.5,-0.5,-0.5,-1.5,-1.5,-0.5,-0.5,1.5,0.5,-0.5,-1.5,-0.5,1.5,-0.5,0.5,1.5,1.5,0.5,-1.5,0.5,1.5,1.5,-0.5,-0.5,-1.5,0.5,0.5,0.5,0.5,1.5,-0.5,-1.5,-0.5,-0.5,0.5,0.5,-0.5,-1.5,-0.5,-0.5,-1.5,-1.5,-0.5,0.5,1.5,0.5,1.5,0.5,-1.5,-0.5,-0.5,-0.5,-1.5,0.5,0.5,1.5,-0.5,-1.5,-1.5,-0.5,-0.5,0.5,-0.5,0.5,1.5,0.5,0.5,1.5,0.5,-1.5,0.5,0.5,-1.5,-1.5,-0.5,-0.5,0.5,-0.5,0.5,0.5,1.5,-1.5,1.5,0.5,1.5,1.5,-0.5,-0.5,1.5,-0.5,0.5,1.5,0.5,0.5,0.5,-1.5,-0.5,0.5,0.5,-0.5,-1.5,1.5,-0.5,-0.5,-1.5,-0.5,-1.5,-1.5,-0.5,0.5,0.5,0.5,1.5,0.5,1.5,1.5,-0.5,-0.5,1.5,0.5,1.5,-1.5,0.5,-0.5,1.5,0.5,-0.5,0.5,0.5,-0.5,0.5,-0.5,-1.5,0.5,0.5,-1.5,0.5,1.5,0.5,-1.5,-0.5,-0.5,1.5,-0.5,-0.5,1.5,1.5,-1.5,-0.5,0.5,-0.5,0.5,0.5,-0.5,0.5,-0.5,-1.5,1.5,1.5,-0.5,1.5,-0.5,-0.5,1.5,0.5,-0.5,-1.5,-0.5,-1.5,-0.5,-0.5,0.5,-1.5,-1.5,-0.5,-1.5,-1.5,-0.5,-1.5,-0.5,-0.5,-0.5,-0.5,0.5,-1.5,1.5,-0.5,0.5,-1.5,1.5,1.5,-0.5,0.5,0.5,0.5,-0.5,1.5,1.5,0.5,-1.5,-0.5,-1.5,-0.5,-0.5,0.5,0.5,-0.5,-0.5,1.5,1.5,1.5,-1.5,0.5,1.5,1.5,0.5,-0.5,1.5,0.5,-1.5,-0.5,0.5,-0.5,-1.5,-0.5,-0.5,1.5,-1.5,0.5,1.5,-0.5,1.5,0.5,0.5,-0.5,-1.5,-1.5,-1.5,0.5,0.5,-1.5,-1.5,-0.5,-1.5,1.5,0.5,0.5,-0.5,0.5,1.5,-1.5,0.5,0.5,0.5,1.5,0.5,-1.5,-1.5,-0.5,1.5,1.5,0.5,-1.5,-0.5,-1.5,-1.5,-0.5,0.5,1.5,-0.5,0.5,1.5,-0.5,1.5,-1.5,1.5,-0.5,0.5,-1.5,-0.5,1.5,-0.5,-1.5,1.5,0.5,0.5,1.5,-0.5,-1.5,0.5,-0.5,-1.5,-0.5,-0.5,0.5,-0.5,-0.5,-1.5,-1.5,-0.5,1.5,1.5,-0.5,0.5,-0.5,-1.5,0.5,-1.5,0.5,1.5,-1.5,0.5,1.5,1.5,0.5,-0.5,-1.5,-0.5,1.5,0.5,1.5,0.5,-1.5,0.5,0.5,0.5,-0.5,-0.5,1.5,-1.5,-1.5,0.5,1.5,-0.5,1.5,-0.5,-0.5,1.5,-0.5,1.5,0.5,-1.5,1.5,0.5,0.5,1.5,1.5,0.5,0.5,0.5,0.5,0.5,1.5,-0.5,-0.5,-0.5,-0.5,-0.5,-1.5,-0.5,-0.5,1.5,0.5,-1.5,1.5,0.5,0.5,-1.5,-0.5,1.5,-0.5,0.5,0.5,-0.5,-1.5,-0.5,-1.5,-0.5,-0.5,0.5,0.5,1.5,0.5,-0.5,-0.5,-0.5,0.5,-1.5,-0.5,-0.5,-1.5,1.5,1.5,-0.5,0.5,-0.5,-1.5,-1.5,-0.5,1.5,-0.5,-0.5,-0.5,0.5,-0.5,-0.5,1.5,-0.5,-0.5,-1.5,-1.5,-1.5,1.5,0.5,-1.5,1.5,-0.5,-0.5,-0.5,0.5,-1.5,-1.5,-0.5,-1.5,0.5,0.5,-1.5,1.5,0.5,1.5,0.5,-0.5,1.5,1.5,0.5,-0.5,0.5,-0.5,0.5,0.5,1.5,0.5,-0.5,-0.5,-1.5,-1.5,-0.5,-0.5,0.5,0.5,-1.5,1.5,0.5,-1.5,-1.5,-0.5,1.5,0.5,0.5,0.5,-1.5,-0.5,-0.5,1.5,0.5,1.5,1.5,-0.5,-0.5,0.5,-0.5,-0.5,-1.5,0.5,1.5,0.5,0.5,-0.5,1.5,-1.5,-0.5,0.5,0.5,-0.5,-1.5,-1.5,1.5,-0.5,-0.5,-0.5,1.5,0.5,-0.5,-1.5,0.5,-1.5,0.5,0.5,0.5,-1.5,-0.5,0.5,1.5,-1.5,0.5,0.5,-0.5,-1.5,0.5,-0.5,-0.5,0.5,1.5,0.5,0.5,-0.5,-1.5,1.5,0.5,0.5,-1.5,-1.5,0.5,0.5,-0.5,-0.5,-1.5,-0.5,0.5,1.5,0.5,1.5,-0.5,-0.5,-1.5,0.5,0.5,-1.5,1.5,-0.5,1.5,1.5,1.5,1.5,1.5,0.5,-0.5,-1.5,0.5,-0.5,-0.5,-0.5,1.5,0.5,-0.5,1.5,1.5,-0.5,-1.5,1.5,-0.5,-1.5,-1.5,-0.5,-1.5,0.5,-0.5,-0.5,-0.5,-1.5,-0.5,0.5,0.5,-0.5,-0.5,0.5,-0.5,0.5,-0.5,-0.5,-0.5,0.5,0.5,1.5,-1.5,0.5,1.5,0.5,1.5,1.5,0.5,-0.5,1.5,0.5,1.5,0.5,-1.5,0.5,0.5,0.5,0.5,1.5,0.5,-1.5,-0.5,-0.5,-1.5,-1.5,-1.5,0.5,-1.5,0.5,0.5,1.5,-1.5,0.5,-0.5,0.5,1.5,-1.5,1.5,-0.5,1.5,-0.5,0.5,1.5,-1.5,0.5,-0.5,0.5,0.5,1.5,0.5,0.5,-1.5,1.5,1.5,1.5,0.5,0.5,0.5,-0.5,-0.5,0.5,-0.5,1.5,0.5,0.5,-1.5,-1.5,0.5,-1.5,-1.5,1.5,-0.5,1.5,-0.5,-0.5,0.5,1.5,-0.5,-1.5,-0.5,1.5,-1.5,0.5,-0.5,-1.5,-1.5,-0.5,0.5,1.5,0.5,1.5,-0.5,-1.5,1.5,0.5,-1.5,-1.5,0.5,-0.5,-0.5,-1.5,1.5,1.5,-0.5,0.5,-0.5,-1.5,-1.5,1.5,0.5,-0.5,0.5,0.5,-1.5,1.5,0.5,-0.5,-1.5,-0.5,0.5,1.5,-1.5,-0.5,-0.5,-0.5,-0.5,1.5,0.5,0.5,-0.5,-1.5,0.5,-0.5,0.5,0.5,1.5,0.5,-0.5,-1.5,0.5,-0.5,0.5,1.5,0.5,-0.5,0.5,-0.5,-0.5,0.5,-0.5,-1.5,0.5,1.5,0.5,-0.5,0.5,-1.5,-0.5,0.5,1.5,0.5,-0.5,1.5,0.5,-1.5,1.5,0.5,-0.5,-1.5,0.5,0.5,-1.5,-1.5,-0.5,1.5,0.5,-1.5,1.5,-0.5,-1.5,-0.5,-0.5,-1.5,-1.5,0.5,1.5,0.5,0.5,0.5,-1.5,0.5,1.5,-0.5,0.5,0.5,-0.5,0.5,-0.5,-1.5,0.5,1.5,0.5,-0.5,-1.5,-1.5,-0.5,-1.5,1.5,-0.5,-0.5,-1.5,-0.5,-0.5,0.5,0.5,1.5,-1.5,0.5,1.5,-0.5,0.5,-0.5,-1.5,1.5,-0.5,-1.5,-0.5,-0.5,1.5,1.5,0.5,-0.5,-0.5,0.5,-0.5,0.5,0.5,1.5,-0.5,-0.5,-1.5,-1.5,-0.5,-1.5,0.5,-1.5,-1.5,-0.5,1.5,1.5,0.5,1.5,-1.5,0.5,-1.5,-0.5,-0.5,0.5,1.5,0.5,-0.5,-1.5,-0.5,1.5,1.5,1.5,-1.5,-1.5,0.5,0.5,-1.5,0.5,-1.5,1.5,0.5,-0.5,0.5,1.5,0.5,-0.5,-0.5,0.5,-0.5,0.5,1.5,-1.5,0.5,-1.5,-1.5,0.5,-0.5,-1.5,-0.5,-1.5,0.5,1.5,-0.5,0.5,-0.5,-0.5,-1.5,0.5,-0.5,-1.5,-0.5,0.5,1.5,-0.5,-0.5,0.5,-1.5,-1.5,-1.5,-1.5,-1.5,1.5,-1.5,-0.5,0.5,0.5,1.5,0.5,-0.5,-0.5,-0.5,-0.5,0.5,-0.5,-1.5,-1.5,0.5,-1.5,-1.5,0.5,-0.5,-0.5,1.5,1.5,0.5,0.5,0.5,0.5,0.5,-0.5,-0.5,-1.5,0.5,-0.5,1.5,0.5,1.5,1.5,0.5,1.5,0.5,0.5,0.5,-0.5,-0.5,-0.5,-1.5,1.5,0.5,1.5,-0.5,0.5,-1.5,1.5,0.5,-1.5,-0.5,0.5,0.5,0.5,1.5,0.5,0.5,-0.5,1.5,0.5,-1.5,-1.5,-0.5,-1.5,1.5,0.5,-0.5,-1.5,0.5,-0.5,-1.5,0.5,0.5,0.5,1.5,0.5,0.5,0.5,-0.5,-1.5,-0.5,0.5,0.5,0.5,-0.5,-1.5,-0.5,-0.5,0.5,-0.5,-1.5,0.5,0.5,1.5,0.5,-0.5,-0.5,1.5,0.5,0.5,-1.5,-0.5,0.5,0.5,0.5,-0.5,-1.5,-0.5,-0.5,1.5,-1.5,0.5,0.5,0.5,1.5,0.5,-0.5,-0.5,0.5,-1.5,0.5,-0.5,-0.5,0.5,0.5,0.5,-0.5,-1.5,-0.5,-0.5,0.5,-1.5,0.5,0.5,0.5,1.5,0.5,-1.5,-0.5,0.5,1.5,0.5,-1.5,-1.5,0.5,-1.5,-1.5,-0.5,-1.5,-0.5,-0.5,1.5,-1.5,0.5,0.5,0.5,1.5,0.5,-0.5,-0.5,1.5,0.5,0.5,0.5,0.5,-0.5,-1.5,-0.5,-0.5,-0.5,0.5,-0.5,-1.5,-0.5,-0.5,0.5,-1.5,1.5,1.5,-0.5,0.5,-0.5,0.5,-1.5,1.5,0.5,-0.5,-1.5,-0.5,-0.5,-1.5,-0.5,-0.5,-1.5,-0.5,0.5,-0.5,-1.5,-1.5,-0.5,0.5,-0.5,-0.5,-0.5,-0.5,0.5,0.5,-1.5,0.5,-0.5,0.5,0.5,1.5,-0.5,-1.5,1.5,0.5,-0.5,-1.5,-1.5,-1.5,1.5,1.5,-0.5,-0.5,0.5,-1.5,-0.5,-1.5,0.5,0.5,0.5,0.5,-0.5,1.5,-1.5,0.5,0.5,1.5,-0.5,0.5,-1.5,-1.5,1.5,-1.5,1.5,0.5,1.5,0.5,0.5,-0.5,0.5,0.5,-1.5,-1.5,-0.5,-0.5,-1.5,-0.5,-1.5,-0.5,0.5,1.5,-1.5,0.5,0.5,0.5,0.5,1.5,0.5,-0.5,-1.5,0.5,0.5,-0.5,-1.5,-0.5,0.5,0.5,-0.5,-1.5,-0.5,-0.5,0.5,1.5,0.5,-0.5,-0.5,0.5,-0.5,-0.5,-1.5,1.5,-1.5,-0.5,0.5,-0.5,0.5,-0.5,-1.5,0.5,-0.5,0.5,-0.5,0.5,0.5,-1.5,-1.5,-0.5,1.5,0.5,-0.5,1.5,1.5,0.5,-0.5,1.5,0.5,0.5,1.5,-0.5,0.5,1.5,-0.5,-0.5,-0.5,0.5,-0.5,-1.5,1.5,-0.5,-1.5,-0.5,-1.5,-1.5,-0.5,-0.5,-1.5,-0.5,0.5,1.5,0.5,1.5,-1.5,0.5,0.5,-1.5,0.5,0.5,-0.5,0.5,-1.5,-0.5,1.5,0.5,0.5,0.5,1.5,0.5,-0.5,-0.5,-0.5,0.5,-1.5,1.5,0.5,-0.5,1.5,0.5,0.5,-1.5,-0.5,0.5,-0.5,-1.5,1.5,-0.5,0.5,-1.5,1.5,0.5,1.5,0.5,0.5,-1.5,1.5,-1.5,-0.5,0.5,0.5,-0.5,-1.5,-1.5,-0.5,-0.5,1.5,0.5,-1.5,-0.5,-0.5,-1.5,-1.5,0.5,1.5,0.5,0.5,1.5,-0.5,0.5,-1.5,-1.5,-0.5,-1.5,-0.5,-1.5,0.5,-1.5,0.5,-1.5,0.5,1.5,0.5,-0.5,-0.5,-0.5,-0.5,-0.5,0.5,1.5,1.5,-0.5,0.5,-0.5,-0.5,0.5,0.5,-1.5,1.5,0.5,-1.5,0.5,-0.5,0.5,-1.5,-0.5,0.5,-0.5,0.5,0.5,-1.5,0.5,-0.5,-1.5,-0.5,0.5,0.5,0.5,1.5,0.5,-0.5,1.5,0.5,-0.5,-0.5,-0.5,-1.5,-1.5,1.5,-0.5,0.5,1.5,1.5,1.5,0.5,1.5,-0.5,-0.5,0.5,-1.5,-1.5,-0.5,-0.5,0.5,1.5,1.5,0.5,1.5,-1.5,0.5,1.5,-0.5,-0.5,0.5,0.5,-1.5,-1.5,0.5,-0.5,-0.5,1.5,-0.5,-0.5,1.5,-0.5,-0.5,0.5,1.5,-0.5,-1.5,0.5,-0.5,0.5,0.5,-1.5,0.5,1.5,-1.5,-0.5,-1.5,-1.5,1.5,1.5,-0.5,1.5,0.5,0.5,-0.5,0.5,-1.5,0.5,0.5,1.5,-0.5,0.5,-0.5,-1.5,-1.5,-0.5,-0.5,-0.5,1.5,-0.5,1.5,0.5,-1.5,-1.5,1.5,1.5,0.5,1.5,-1.5,1.5,-0.5,0.5,-0.5,-1.5,-1.5,-0.5,0.5,-1.5,-0.5,-1.5,0.5,0.5,0.5,-1.5,0.5,0.5,1.5,-0.5,0.5,0.5,0.5,-0.5,0.5,1.5,0.5,-1.5,-0.5,-0.5,0.5,1.5,0.5,1.5,-1.5,0.5,-1.5,-0.5,-1.5,0.5,-0.5,-1.5,1.5,-1.5,0.5,0.5,0.5,-1.5,1.5,0.5,-1.5,0.5,0.5,1.5,-0.5,-0.5,0.5,0.5,0.5,1.5,1.5,0.5,-0.5,0.5,1.5,-0.5,1.5,-0.5,1.5,-0.5,-0.5,-0.5,-0.5,1.5,0.5,1.5,-0.5,-0.5,-1.5,0.5,0.5,1.5,0.5,-0.5,1.5,0.5,-0.5,-0.5,0.5,0.5,0.5,1.5,1.5,1.5,-0.5,0.5,-1.5,-0.5,-1.5,-1.5,-0.5,-0.5,0.5,-0.5,0.5,0.5,0.5,-0.5,-0.5,-0.5,-0.5,-0.5,0.5,1.5,-1.5,0.5,-1.5,0.5,-0.5,0.5,-1.5,0.5,0.5,1.5,-0.5,0.5,1.5,-0.5,-0.5,1.5,0.5,-0.5,0.5,0.5,-1.5,1.5,0.5,-0.5,-1.5,0.5,-1.5,-1.5,-1.5,1.5,1.5,0.5,1.5,0.5,0.5,-1.5,-1.5,-0.5,1.5,-0.5,-0.5,-0.5,1.5,0.5,-0.5,-1.5,-0.5,-0.5,1.5,0.5,0.5,-0.5,-1.5,0.5,0.5,1.5,0.5,1.5,-0.5,-1.5,-1.5,0.5,-1.5,-1.5,0.5,-1.5,1.5,0.5,-1.5,-0.5,-0.5,1.5,0.5,0.5,-0.5,-1.5,-0.5,0.5,-1.5,-0.5,-0.5,0.5,-0.5,-0.5,1.5,-0.5,-1.5,0.5,-0.5,1.5,1.5,0.5,1.5,1.5,0.5,-1.5,0.5,0.5,-1.5,-1.5,0.5,-1.5,1.5,0.5,-1.5,1.5,0.5,0.5,-1.5,1.5,0.5,-0.5,0.5,1.5,1.5,0.5,-0.5,-0.5,-0.5,-0.5,1.5,0.5,0.5,0.5,-0.5,-1.5,-1.5,0.5,1.5,0.5,0.5,-1.5,1.5,0.5,-1.5,1.5,0.5,-1.5,0.5,0.5,-0.5,-1.5,0.5,-1.5,-1.5,1.5,-0.5,-0.5,0.5,-1.5,0.5,0.5,0.5,-1.5,-0.5,1.5,1.5,0.5,-1.5,0.5,1.5,-0.5,-0.5,0.5,-1.5,-0.5,-1.5,-1.5,-1.5,-1.5,1.5,1.5,0.5,1.5,1.5,-0.5,-0.5,-1.5,0.5,1.5,1.5,0.5,1.5,-0.5,0.5,-0.5,-1.5,-0.5,-0.5,-1.5,1.5,0.5,-1.5,0.5,0.5,-1.5,0.5,-1.5,1.5,0.5,0.5,-0.5,-0.5,-0.5,1.5,-0.5,-0.5,-1.5,0.5,1.5,-0.5,-0.5,-0.5,0.5,1.5,-1.5,0.5,0.5,-0.5,1.5,-1.5,-0.5,0.5,1.5,0.5,-1.5,1.5,0.5,0.5,0.5,-1.5,1.5,-0.5,1.5,0.5,-0.5,-1.5,-1.5,1.5,-0.5,-0.5,-0.5,0.5,-1.5,-1.5,-0.5,1.5,-1.5,-0.5,-1.5,-0.5,0.5,-0.5,1.5,-0.5,0.5,0.5,-1.5,-1.5,0.5,-0.5,-0.5,0.5,-1.5,1.5,-0.5,-1.5,1.5,1.5,0.5,1.5,-1.5,0.5,-1.5,-1.5,-0.5,-0.5,-0.5,0.5,1.5,0.5,-1.5,-1.5,-0.5,0.5,0.5,1.5,0.5,-0.5,-0.5,-1.5,1.5,1.5,1.5,-1.5,0.5,-1.5,-1.5,0.5,-0.5,-1.5,0.5,0.5,1.5,0.5,-1.5,-1.5,0.5,-1.5,-1.5,-0.5,1.5,1.5,0.5,-0.5,-0.5,0.5,-1.5,-1.5,-0.5,0.5,-0.5,-1.5,1.5,-0.5,-0.5,-1.5,1.5,-0.5,-1.5,-1.5,-0.5,-0.5,-1.5,-1.5,0.5,1.5,0.5,0.5,0.5,0.5,1.5,0.5,-0.5,-0.5,1.5,-0.5,-0.5,1.5,0.5,1.5,-0.5,-0.5,-1.5,-0.5,0.5,0.5,1.5,-1.5,-1.5,-0.5,-0.5,-1.5,0.5,-0.5,-1.5,0.5,-0.5,0.5,0.5,-1.5,-1.5,-0.5,0.5,0.5,-0.5,-0.5,-0.5,0.5,0.5,-1.5,0.5,-0.5,-0.5,-0.5,1.5,1.5,1.5,0.5,-1.5,0.5,-0.5,1.5,0.5,-0.5,1.5,1.5,0.5,1.5,1.5,0.5,0.5,1.5,-0.5,-0.5,1.5,0.5,1.5,-1.5,0.5,-0.5,-0.5,-0.5,-0.5,0.5,0.5,1.5,-1.5,-0.5,-0.5,0.5,0.5,-0.5,1.5,0.5,1.5,1.5,-0.5,0.5,0.5,0.5,-1.5,0.5,1.5,-0.5,-1.5,0.5,0.5,1.5,-0.5,-0.5,-1.5,-1.5,1.5,-1.5,0.5,-0.5,-0.5,0.5,1.5,0.5,0.5,0.5,0.5,-0.5,-1.5,-0.5,-1.5,-1.5,0.5,-0.5,-1.5,-0.5,-0.5,-0.5,0.5,0.5,1.5,-1.5,0.5,-0.5,-1.5,0.5,-0.5,-1.5,1.5,0.5,-1.5,-1.5,-1.5,-0.5,0.5,-1.5,-1.5,0.5,0.5,-1.5,-1.5,-0.5,0.5,1.5,-1.5,-0.5,0.5,0.5,-0.5,-1.5,-0.5,-1.5,-1.5,-0.5,-1.5,0.5,1.5,0.5,-0.5,0.5,1.5,1.5,-0.5,-1.5,0.5,0.5,-1.5,-0.5,0.5,1.5,-0.5,-0.5,-1.5,-1.5,-0.5,-1.5,-0.5,-0.5,0.5,1.5,0.5,-0.5,-0.5,-0.5,-1.5,0.5,-1.5,-1.5,-0.5,-0.5,0.5,0.5,1.5,1.5,-1.5,0.5,1.5,-1.5,0.5,-1.5,0.5,1.5,0.5,-0.5,-0.5,0.5,-0.5,0.5,-0.5,-0.5,1.5,-1.5,1.5,0.5,-1.5,-0.5,0.5,-1.5,-0.5,1.5,0.5,0.5,0.5,1.5,-0.5,0.5,-0.5,-0.5,0.5,-0.5,0.5,1.5,-1.5,0.5,0.5,-1.5,0.5,-0.5,0.5,0.5,0.5,-1.5,-1.5,-0.5,-0.5,-0.5,-0.5,1.5,0.5,0.5,-0.5,-1.5,0.5,0.5,0.5,0.5,-0.5,-1.5,-0.5,-1.5,0.5,0.5,1.5,0.5,0.5,-1.5,-0.5,-0.5,1.5,-0.5,-0.5,-0.5,0.5,-0.5,-1.5,0.5,0.5,1.5,-0.5,-0.5,1.5,-0.5,0.5,1.5,1.5,0.5,-0.5,-0.5,0.5,1.5,-0.5,0.5,-0.5,-0.5,0.5,-1.5,-1.5,-0.5,-1.5,0.5,-0.5,0.5,0.5,0.5,-0.5,-1.5,-0.5,-0.5,-0.5,-1.5,-0.5,-0.5,0.5,-1.5,0.5,-1.5,-1.5,-0.5,0.5,1.5,0.5,-1.5,0.5,-0.5,0.5,0.5,0.5,0.5,0.5,0.5,1.5,-0.5,-0.5,-0.5,-1.5,-0.5,-0.5,-0.5,-0.5,0.5,0.5,-1.5,1.5,1.5,0.5,-0.5,1.5,0.5,-1.5,1.5,0.5,-0.5,0.5,0.5,-1.5,-1.5,-1.5,-0.5,1.5,1.5,0.5,1.5,-0.5,-1.5,-1.5,-0.5,0.5,0.5,0.5,-0.5,-0.5,-1.5,-1.5,0.5,-0.5,1.5,-1.5,0.5,-1.5,-1.5,-0.5,0.5,1.5,-0.5,-0.5,0.5,0.5,-1.5,-1.5,0.5,-1.5,-0.5,1.5,0.5,-1.5,-1.5,-0.5,-0.5,0.5,-0.5,-1.5,-0.5,-0.5,1.5,0.5,1.5,-1.5,0.5,-0.5,-1.5,0.5,-1.5,-1.5,0.5,-0.5,0.5,1.5,1.5,-0.5,-0.5,-1.5,-1.5,0.5,-1.5,1.5,0.5,0.5,-1.5,-1.5,0.5,-1.5,-0.5,0.5,1.5,-1.5,0.5,-0.5,1.5,0.5,-0.5,0.5,1.5,1.5,0.5,1.5,-1.5,0.5,0.5,0.5,1.5,1.5,-1.5,-1.5,-0.5,-1.5,1.5,-0.5,1.5,1.5,1.5,1.5,0.5,-1.5,-1.5,-0.5,1.5,0.5,-0.5,1.5,1.5,0.5,-1.5,1.5,-1.5,1.5,-1.5,0.5,0.5,1.5,0.5,-0.5,0.5,-1.5,0.5,0.5,0.5,-1.5,0.5,-0.5,0.5,-1.5,-1.5,-1.5,-0.5,1.5,1.5,1.5,-1.5,-0.5,1.5,0.5,-1.5,1.5,0.5,-1.5,-1.5,-0.5,-0.5,-1.5,-1.5,-0.5,-0.5,-0.5,1.5,0.5,-0.5,-0.5,0.5,0.5,1.5,0.5,-0.5,0.5,0.5,1.5,0.5,-0.5,-0.5,0.5,-1.5,-1.5,-1.5,-0.5,0.5,0.5,0.5,-0.5,-1.5,0.5,0.5,0.5,1.5,0.5,0.5,0.5,1.5,0.5,-0.5,-0.5,-0.5,-0.5,-0.5,0.5,1.5,-1.5,-1.5,-1.5,-1.5,-0.5,-0.5,-0.5,-0.5,-0.5,-0.5,-0.5,-0.5,-0.5,1.5,-1.5,-1.5,0.5,0.5,0.5,0.5,0.5,1.5,0.5,1.5,-0.5,0.5,-1.5,1.5,0.5,-0.5,-1.5,-1.5,-1.5,1.5,1.5,1.5,1.5,0.5,0.5,1.5,0.5,-0.5,-1.5,-1.5,-1.5,-1.5,-1.5,-1.5,-0.5,-0.5,1.5,0.5,1.5,0.5,1.5,1.5,0.5,1.5,-0.5,0.5,0.5,-1.5,-0.5,-1.5,-1.5,1.5,-1.5,1.5,0.5,1.5,1.5,1.5,0.5,-0.5,1.5,-0.5,0.5,1.5,1.5,1.5,1.5,1.5,-0.5,-1.5,0.5,1.5,-1.5,0.5,1.5,1.5,0.5,-1.5,-1.5,-1.5,-1.5,-1.5,-0.5,1.5,-0.5,-0.5,-1.5,1.5,0.5,0.5,1.5,-0.5,-1.5,-1.5,-1.5,-1.5,0.5,-0.5,-1.5,0.5,-0.5,-0.5,-1.5,-0.5,1.5,-1.5,0.5,-1.5,0.5,-0.5,1.5,-1.5,-1.5,-0.5,0.5,-1.5,-0.5,0.5,0.5,-1.5,-1.5,-0.5,-0.5,0.5,1.5,-0.5,-1.5,0.5,0.5,-0.5,-1.5,-0.5,0.5,0.5,-0.5,-1.5,-0.5,-0.5,-0.5,-1.5,0.5,1.5,0.5,0.5,1.5,-1.5,0.5,-0.5,0.5,0.5,1.5,0.5,0.5,-0.5,-0.5,-0.5,-1.5,1.5,-1.5,0.5,-0.5,-0.5,-1.5,1.5,-1.5,0.5,0.5,1.5,0.5,-1.5,0.5,1.5,0.5,-1.5,1.5,0.5,-1.5,0.5,0.5,1.5,1.5,0.5,1.5,-0.5,0.5,-0.5,-1.5,1.5,-1.5,-1.5,-0.5,1.5,-1.5,-1.5,0.5,1.5,0.5,-0.5,0.5,-0.5,1.5,1.5,0.5,-0.5,-0.5,-1.5,1.5,-1.5,-1.5,-1.5,-0.5,1.5,-0.5,-1.5,1.5,1.5,0.5,0.5,-0.5,0.5,-0.5,-0.5,-1.5,0.5,0.5,-0.5,-1.5,-1.5,0.5,-1.5,-1.5,-0.5,1.5,0.5,1.5,1.5,0.5,-1.5,1.5,-0.5,1.5,1.5,0.5,-0.5,-0.5,-1.5,-1.5,-0.5,1.5,1.5,0.5,1.5,1.5,0.5,1.5,-0.5,0.5,0.5,-0.5,-1.5,-1.5,-0.5,0.5,-1.5,-1.5,1.5,0.5,0.5,1.5,1.5,0.5,-1.5,-1.5,-0.5,0.5,0.5,1.5,1.5,0.5,1.5,0.5,-0.5,-1.5,0.5,1.5,-0.5,-1.5,-0.5,1.5,0.5,-0.5,-0.5,1.5,-0.5,-0.5,0.5,-1.5,-0.5,-0.5,-0.5,0.5,0.5,1.5,0.5,-1.5,1.5,-0.5,-0.5,-1.5,0.5,-0.5,-0.5,-0.5,1.5,-0.5,-1.5,-1.5,-1.5,-0.5,1.5,-1.5,0.5,-0.5,0.5,-0.5,1.5,-1.5,-1.5,-0.5,0.5,-0.5,-0.5,0.5,-1.5,-1.5,-0.5,-0.5,0.5,0.5,-0.5,-1.5,0.5,1.5,-0.5,-1.5,-0.5,0.5,0.5,-1.5,-1.5,-0.5,-0.5,-0.5,-1.5,0.5,1.5,0.5,0.5,0.5,-1.5,0.5,-0.5,0.5,0.5,1.5,0.5,0.5,-0.5,-0.5,-0.5,-1.5,1.5,-1.5,0.5,-0.5,-0.5,-1.5,1.5,-1.5,0.5,0.5,1.5,0.5,-1.5,0.5,1.5,0.5,-1.5,1.5,0.5,-1.5,0.5,0.5,1.5,1.5,0.5,0.5,-1.5,0.5,-0.5,-1.5,-0.5,-1.5,-1.5,-0.5,0.5,-1.5,-1.5,0.5,1.5,0.5,0.5,0.5,-1.5,0.5,1.5,0.5,-1.5,0.5,-1.5,0.5,-1.5,-1.5,-1.5,0.5,-1.5,1.5,0.5,0.5,1.5,1.5,-0.5,1.5,1.5,-1.5,0.5,0.5,-0.5,-1.5,1.5,-1.5,-1.5,-1.5,-1.5,-1.5,-1.5,-0.5,1.5,0.5,0.5,-1.5,-0.5,-1.5,1.5,-1.5,0.5,1.5,0.5,-0.5,-1.5,-1.5,-1.5,0.5,-1.5,-1.5,-0.5,-1.5,-0.5,-0.5,-1.5,-1.5,-1.5,-0.5,-0.5,-1.5,-0.5,-1.5,0.5,-0.5,0.5,-1.5,-0.5,0.5,1.5,1.5,1.5,-1.5,0.5,-1.5,-1.5,0.5,-1.5,0.5,-1.5,-0.5,0.5,-0.5,-1.5,-0.5,-0.5,-0.5,0.5,-1.5,1.5,-0.5,1.5,-1.5,1.5,1.5,0.5,1.5,-0.5,-0.5,0.5,0.5,1.5,0.5,-0.5,-0.5,0.5,-0.5,-0.5,0.5,1.5,-0.5,0.5,-1.5,-0.5,-1.5,-1.5,-0.5,-0.5,0.5,-1.5,1.5,-1.5,0.5,-0.5,0.5,1.5,-1.5,0.5,-1.5,-1.5,-0.5,-1.5,0.5,-1.5,0.5,1.5,0.5,1.5,-0.5,-1.5,0.5,0.5,0.5,1.5,-0.5,0.5,-1.5,-0.5,-0.5,0.5,1.5,0.5,-0.5,-0.5,-0.5,1.5,0.5,1.5,1.5,-0.5,-1.5,1.5,-0.5,0.5,1.5,-0.5,-0.5,-1.5,-1.5,-0.5,-0.5,-0.5,-0.5,-0.5,0.5,-1.5,-0.5,0.5,-1.5,-1.5,0.5,-1.5,0.5,0.5,0.5,1.5,0.5,-0.5,-0.5,0.5,-1.5,1.5,0.5,-0.5,-1.5,0.5,-0.5,-1.5,0.5,-1.5,0.5,0.5,1.5,1.5,0.5,-0.5,-0.5,0.5,-0.5,-1.5,-0.5,-0.5,0.5,0.5,0.5,-0.5,-1.5,0.5,0.5,1.5,-1.5,-0.5,0.5,0.5,1.5,0.5,-0.5,-0.5,-1.5,0.5,-0.5,-0.5,0.5,-0.5,-1.5,0.5,-1.5,0.5,-1.5,-0.5,1.5,0.5,0.5,-0.5,-1.5,-0.5,-0.5,-1.5,1.5,0.5,1.5,0.5,0.5,-0.5,0.5,1.5,0.5,0.5,-0.5,-1.5,-1.5,-0.5,-0.5,-1.5,0.5,-0.5,-0.5,0.5,-0.5,1.5,0.5,-1.5,1.5,0.5,-1.5,0.5,0.5,-1.5,0.5,-0.5,0.5,0.5,0.5,-0.5,-0.5,-0.5,0.5,-1.5,-1.5,1.5,0.5,-0.5,0.5,1.5,-0.5,0.5,0.5,-1.5,-0.5,-0.5,-0.5,-1.5,0.5,1.5,1.5,0.5,1.5,0.5,0.5,-0.5,-0.5,-0.5,-1.5,-1.5,1.5,0.5,0.5,-0.5,-0.5,0.5,0.5,0.5,-0.5,-1.5,-0.5,0.5,-1.5,-0.5,-0.5,0.5,-0.5,-0.5,0.5,1.5,0.5,-0.5,-0.5,0.5,0.5,-0.5,-0.5,1.5,1.5,-0.5,0.5,0.5,0.5,0.5,1.5,-0.5,-0.5,-0.5,-0.5,0.5,0.5,1.5,0.5,-0.5,-0.5,0.5,0.5,-0.5,-1.5,0.5,0.5,-1.5,1.5,0.5,1.5,0.5,0.5,0.5,-1.5,-1.5,-0.5,-0.5,-0.5,0.5,-0.5,0.5,0.5,-1.5,-0.5,0.5,0.5,0.5,-0.5,-1.5,0.5,0.5,1.5,-0.5,-1.5,-0.5,-0.5,0.5,0.5,1.5,0.5,-0.5,-0.5,0.5,1.5,-0.5,-1.5,1.5,0.5,-1.5,-1.5,0.5,1.5,0.5,0.5,-0.5,-1.5,1.5,-0.5,1.5,0.5,-0.5,-0.5,1.5,0.5,0.5,0.5,-0.5,0.5,0.5,-1.5,-1.5,0.5,-0.5,-0.5,-1.5,0.5,-1.5,-1.5,0.5,0.5,0.5,-0.5,-0.5,0.5,1.5,-1.5,-0.5,-0.5,0.5,1.5,1.5,0.5,-0.5,-0.5,0.5,0.5,-1.5,-1.5,0.5,0.5,-1.5,-0.5,-0.5,1.5,1.5,1.5,0.5,-1.5,1.5,1.5,0.5,1.5,0.5,-0.5,-1.5,-0.5,0.5,0.5,-0.5,-1.5,0.5,1.5,0.5,1.5,-0.5,0.5,0.5,1.5,0.5,1.5,-0.5,1.5,1.5,0.5,-1.5,1.5,-1.5,0.5,1.5,-1.5,-1.5,1.5,-1.5,1.5,0.5,-0.5,0.5,1.5,-1.5,0.5,0.5,0.5,0.5,1.5,-0.5,-0.5,0.5,0.5,1.5,0.5,-0.5,-0.5,0.5,1.5,0.5,-1.5,1.5,0.5,-0.5,-1.5,-1.5,-0.5,-1.5,-0.5,0.5,-0.5,-0.5,0.5,0.5,-0.5,-1.5,-0.5,-0.5,-0.5,-0.5,1.5,0.5,0.5,0.5,1.5,1.5,1.5,-1.5,-1.5,0.5,1.5,-1.5,-1.5,-0.5,0.5,1.5,-1.5,-0.5,-1.5,-0.5,-0.5,-1.5,-0.5,0.5,0.5,1.5,0.5,-0.5,-0.5,-1.5,0.5,-1.5,-0.5,0.5,-1.5,-1.5,-0.5,-0.5,0.5,0.5,-0.5,-1.5,0.5,0.5,-0.5,-1.5,-0.5,0.5,0.5,-0.5,-1.5,-0.5,-0.5,-0.5,-1.5,0.5,1.5,0.5,0.5,1.5,-1.5,0.5,-0.5,0.5,0.5,1.5,0.5,0.5,-0.5,-0.5,-0.5,-1.5,1.5,-1.5,0.5,-0.5,-0.5,-1.5,1.5,-1.5,0.5,0.5,1.5,0.5,-1.5,0.5,1.5,0.5,-0.5,1.5,0.5,-1.5,0.5,0.5,1.5,1.5,-0.5,-1.5,0.5,-1.5,0.5,-0.5,-0.5,-0.5,-0.5,0.5,-0.5,-1.5,0.5,1.5,0.5,-1.5,1.5,-0.5,0.5,1.5,1.5,-0.5,-0.5,1.5,-0.5,-1.5,-1.5,-0.5,0.5,-0.5,-0.5,1.5,1.5,0.5,-1.5,-0.5,-1.5,1.5,-1.5,-1.5,1.5,0.5,-1.5,-1.5,0.5,-1.5,-0.5,-1.5,0.5,-0.5,-1.5,-0.5,1.5,0.5,1.5,1.5,-1.5,-0.5,0.5,-0.5,0.5,1.5,0.5,-1.5,-1.5,-1.5,-1.5,-1.5,1.5,-0.5,-1.5,-0.5,-0.5,-1.5,-1.5,-1.5,-1.5,-1.5,-1.5,0.5,-1.5,0.5,-0.5,-0.5,0.5,1.5,0.5,0.5,-0.5,1.5,-0.5,0.5,0.5,-0.5,-1.5,-1.5,-1.5,1.5,1.5,-1.5,0.5,-1.5,1.5,-1.5,0.5,-1.5,1.5,-0.5,1.5,1.5,0.5,-1.5,-0.5,-0.5,0.5,0.5,1.5,0.5,-0.5,-1.5,-1.5,-1.5,-0.5,0.5,0.5,-0.5,-1.5,-1.5,-1.5,1.5,-0.5,-1.5,-1.5,0.5,-1.5,-1.5,-1.5,-1.5,-1.5,-1.5,0.5,-1.5,0.5,0.5,-0.5,-0.5,0.5,-1.5,1.5,1.5,0.5,-0.5,-1.5,-1.5,-0.5,1.5,-0.5,0.5,0.5,-0.5,1.5,0.5,-1.5,0.5,-1.5,-1.5,-1.5,0.5,-0.5,-0.5,-1.5,-1.5,0.5,1.5,0.5,0.5,-0.5,-0.5,1.5,1.5,0.5,0.5,0.5,0.5,0.5,0.5,1.5,0.5,0.5,-0.5,0.5,-1.5,-0.5,-0.5,1.5,-1.5,0.5,-0.5,-1.5,-1.5,0.5,-1.5,-0.5,0.5,0.5,0.5,0.5,-1.5,0.5,1.5,0.5,-0.5,-1.5,1.5,-1.5,-0.5,-0.5,-0.5,-0.5,1.5,-0.5,-0.5,-0.5,0.5,0.5,1.5,-0.5,0.5,-0.5,-0.5,-1.5,-0.5,0.5,-1.5,-1.5,0.5,-1.5,-0.5,-1.5,-1.5,-0.5,-1.5,0.5,0.5,-0.5,-0.5,0.5,-0.5,-1.5,-1.5,0.5,-0.5,-0.5,0.5,-0.5,0.5,-1.5,0.5,0.5,-0.5,1.5,0.5,-1.5,0.5,0.5,0.5,-0.5,0.5,1.5,0.5,0.5,-1.5,-0.5,0.5,-1.5,-0.5,0.5,-0.5,-0.5,0.5,-0.5,-1.5,0.5,-0.5,-1.5,0.5,-0.5,-1.5,0.5,-0.5,-1.5,0.5,1.5,1.5,0.5,1.5,-0.5,0.5,1.5,0.5,0.5,-0.5,-0.5,-0.5,-0.5,-0.5,-0.5,0.5,0.5,-0.5,-1.5,-1.5,0.5,-1.5,-0.5,0.5,-0.5,-0.5,0.5,-1.5,-0.5,0.5,-1.5,0.5,1.5,-0.5,-1.5,0.5,0.5,1.5,0.5,-1.5,-0.5,-0.5,-0.5,0.5,-0.5,-1.5,-1.5,1.5,-0.5,0.5,1.5,-0.5,0.5,1.5,-0.5,0.5,0.5,-1.5,-0.5,-0.5,-1.5,-0.5,-0.5,0.5,0.5,0.5,-1.5,0.5,-0.5,0.5,0.5,0.5,-1.5,1.5,-0.5,0.5,0.5,0.5,-1.5,-1.5,-1.5,0.5,1.5,0.5,-0.5,1.5,-0.5,-1.5,-0.5,-0.5,0.5,-1.5,-1.5,-0.5,-0.5,-1.5,0.5,-0.5,-0.5,-0.5,0.5,-1.5,-0.5,-1.5,-1.5,-0.5,-0.5,0.5,0.5,-0.5,1.5,-1.5,-0.5,-1.5,-0.5,1.5,1.5,-0.5,-0.5,-1.5,-0.5,-0.5,1.5,0.5,-1.5,-0.5,0.5,0.5,0.5,-0.5,1.5,-0.5,-0.5,0.5,0.5,-0.5,-0.5,0.5,0.5,1.5,1.5,-0.5,-0.5,0.5,1.5,-1.5,1.5,0.5,-1.5,-1.5,0.5,-0.5,0.5,0.5,-0.5,-0.5,0.5,-0.5,-0.5,-1.5,-1.5,-0.5,-1.5,-1.5,0.5,0.5,1.5,0.5,1.5,1.5,0.5,0.5,-1.5,-0.5,0.5,1.5,-0.5,0.5,0.5,-0.5,1.5,-0.5,-0.5,0.5,-1.5,-0.5,-1.5,0.5,-0.5,0.5,0.5,-0.5,-0.5,0.5,-0.5,0.5,1.5,-0.5,0.5,-0.5,-1.5,-0.5,0.5,-0.5,-0.5,0.5,1.5,0.5,0.5,-0.5,-1.5,-1.5,-0.5,0.5,0.5,-1.5,0.5,1.5,0.5,-0.5,0.5,-0.5,1.5,0.5,0.5,-0.5,-1.5,-0.5,-1.5,-0.5,0.5,0.5,-1.5,-0.5,-0.5,0.5,-1.5,0.5,-0.5,-0.5,1.5,-0.5,0.5,-1.5,-0.5,0.5,1.5,-0.5,0.5,0.5,-0.5,-0.5,0.5,-0.5,0.5,0.5,-1.5,0.5,-0.5,-0.5,-1.5,0.5,-0.5,-1.5,0.5,-0.5,-0.5,0.5,0.5,-0.5,0.5,0.5,0.5,1.5,1.5,0.5,0.5,0.5,1.5,0.5,0.5,-1.5,-1.5,1.5,0.5,-1.5,0.5,1.5,-0.5,-1.5,-0.5,1.5,-0.5,-1.5,-1.5,-0.5,-0.5,-1.5,-0.5,0.5,-0.5,-0.5,-0.5,0.5,0.5,-0.5,0.5,0.5,-0.5,0.5,0.5,0.5,-1.5,0.5,-0.5,0.5,-1.5,-0.5,-0.5,-0.5,-0.5,0.5,0.5,-0.5,-1.5,0.5,0.5,0.5,0.5,-1.5,-1.5,0.5,1.5,0.5,-0.5,-0.5,0.5,-1.5,0.5,-1.5,0.5,1.5,0.5,1.5,0.5,0.5,1.5,0.5,0.5,0.5,0.5,-1.5,-0.5,0.5,0.5,0.5,1.5,-0.5,-0.5,1.5,-0.5,-1.5,1.5,-0.5,-1.5,-1.5,-1.5,-1.5,1.5,0.5,0.5,1.5,1.5,-0.5,-1.5,-0.5,-0.5,0.5,1.5,-0.5,-1.5,-0.5,-0.5,-0.5,-1.5,-0.5,-0.5,-0.5,-0.5,0.5,-1.5,-0.5,-1.5,-0.5,-0.5,0.5,0.5,-0.5,0.5,-1.5,-0.5,0.5,0.5,0.5,-0.5,-0.5,0.5,1.5,0.5,-0.5,0.5,1.5,1.5,1.5,0.5,0.5,0.5,0.5,1.5,-1.5,0.5,0.5,-1.5,1.5,0.5,-1.5,-1.5,-0.5,0.5,1.5,-1.5,-0.5,-1.5,-0.5,-0.5,1.5,0.5,-1.5,0.5,0.5,-1.5,1.5,0.5,1.5,1.5,-0.5,-0.5,-0.5,1.5,-0.5,-1.5,0.5,0.5,-0.5,0.5,0.5,-0.5,-0.5,1.5,-0.5,-0.5,-1.5,-0.5,-0.5,-0.5,-0.5,1.5,-0.5,0.5,-1.5,-0.5,0.5,0.5,-0.5,-0.5,-0.5,0.5,1.5,-0.5,0.5,-1.5,1.5,-0.5,-1.5,1.5,-0.5,-1.5,-1.5,-1.5,-1.5,1.5,0.5,0.5,1.5,1.5,-0.5,-1.5,-1.5,-0.5,0.5,0.5,-0.5,-1.5,-1.5,0.5,-0.5,-1.5,1.5,-0.5,-0.5,0.5,1.5,-0.5,-1.5,-1.5,-1.5,-0.5,-0.5,1.5,-1.5,0.5,0.5,-1.5,-1.5,0.5,1.5,0.5,0.5,0.5,-1.5,0.5,-0.5,-0.5,-1.5,-0.5,1.5,1.5,-0.5,0.5,-0.5,1.5,0.5,0.5,0.5,1.5,0.5,0.5,-1.5,-1.5,0.5,-0.5,-1.5,0.5,-0.5,-1.5,-0.5,-0.5,0.5,-1.5,-1.5,-1.5,-1.5,-1.5,-0.5,-1.5,0.5,-0.5,-0.5,0.5,-0.5,-0.5,-0.5,1.5,-1.5,1.5,0.5,0.5,0.5,0.5,0.5,-1.5,1.5,0.5,0.5,-0.5,-0.5,-0.5,-0.5,-0.5,0.5,1.5,1.5,-0.5,-0.5,-1.5,-1.5,-0.5,-0.5,1.5,-0.5,-0.5,-1.5,-1.5,-1.5,-0.5,-1.5,0.5,-0.5,0.5,-0.5,-0.5,1.5,-0.5,0.5,-1.5,1.5,-1.5,-1.5,-0.5,-0.5,-0.5,-1.5,-0.5,0.5,-0.5,-1.5,-0.5,-1.5,-1.5,-0.5,-1.5,0.5,-1.5,0.5,-0.5,-0.5,1.5,0.5,-0.5,0.5,0.5,1.5,1.5,1.5,0.5,-0.5,-1.5,-1.5,-1.5,-0.5,-0.5,-0.5,-0.5,1.5,0.5,-1.5,0.5,0.5,0.5,1.5,0.5,0.5,1.5,1.5,1.5,1.5,-1.5,-1.5,-1.5,-0.5,-0.5,0.5,-1.5,-1.5,0.5,1.5,0.5,1.5,0.5,0.5,0.5,0.5,-0.5,0.5,1.5,1.5,-0.5,0.5,-1.5,0.5,0.5,0.5,0.5,0.5,-1.5,-1.5,0.5,0.5,-0.5,1.5,0.5,-1.5,0.5,-0.5,-0.5,-0.5,0.5,1.5,-0.5,-1.5,-0.5,1.5,0.5,1.5,1.5,0.5,1.5,0.5,0.5,-1.5,-1.5,0.5,-1.5,0.5,-0.5,0.5,1.5,0.5,0.5,-1.5,-1.5,-1.5,-0.5,0.5,0.5,0.5,1.5,0.5,0.5,1.5,0.5,1.5,-0.5,0.5,-0.5,-0.5,0.5,-0.5,0.5,-0.5,-0.5,-0.5,-0.5,-0.5,0.5,1.5,-0.5,-0.5,-0.5,1.5,0.5,0.5,0.5,-0.5,-1.5,0.5,-1.5,-0.5,1.5,0.5,-0.5,1.5,-0.5,0.5,-1.5,-0.5,-1.5,0.5,0.5,-0.5,-0.5,0.5,1.5,0.5,0.5,-0.5,-1.5,-0.5,0.5,-1.5,-0.5,-1.5,-1.5,-0.5,-1.5,-1.5,-0.5,0.5,0.5,-1.5,-1.5,-1.5,0.5,0.5,-0.5,0.5,0.5,-0.5,0.5,-0.5,0.5,-0.5,1.5,-0.5,-0.5,1.5,-0.5,0.5,-1.5,0.5,-0.5,0.5,-1.5,-1.5,0.5,0.5,-0.5,0.5,0.5,0.5,-1.5,-0.5,0.5,-0.5,-0.5,1.5,1.5,-1.5,0.5,-1.5,-1.5,-0.5,1.5,-0.5,-1.5,0.5,0.5,0.5,1.5,0.5,0.5,-1.5,0.5,1.5,1.5,1.5,1.5,-0.5,0.5,0.5,0.5,-1.5,-0.5,-1.5,0.5,0.5,-1.5,-1.5,0.5,-0.5,-0.5,-0.5,1.5,-0.5,-1.5,-1.5,-1.5,-0.5,-1.5,-0.5,-0.5,0.5,-0.5,-0.5,-0.5,0.5,-1.5,-0.5,0.5,0.5,-1.5,1.5,-0.5,0.5,-1.5,-0.5,-0.5,0.5,-0.5,-0.5,0.5,-1.5,1.5,-0.5,0.5,-1.5,-1.5,0.5,0.5,-0.5,0.5,-0.5,0.5,0.5,-1.5,-1.5,-0.5,1.5,-0.5,-0.5,-1.5,0.5,-0.5,0.5,-0.5,0.5,1.5,1.5,0.5,1.5,0.5,0.5,-0.5,-1.5,0.5,1.5,0.5,0.5,0.5,-0.5,-1.5,0.5,-1.5,0.5,-0.5,0.5,0.5,-1.5,-0.5,0.5,-1.5,1.5,-0.5,-0.5,-1.5,-0.5,-0.5,0.5,0.5,0.5,-1.5,-0.5,-0.5,0.5,0.5,0.5,-1.5,0.5,-0.5,0.5,-0.5,1.5,0.5,-0.5,0.5,-0.5,0.5,-1.5,-1.5,0.5,0.5,-0.5,-0.5,0.5,-0.5,0.5,-0.5,0.5,0.5,-0.5,-0.5,-1.5,1.5,-0.5,0.5,1.5,-0.5,0.5,-1.5,0.5,-0.5,-1.5,-1.5,-1.5,-0.5,0.5,-1.5,-1.5,0.5,1.5,-0.5,0.5,-1.5,0.5,0.5,-0.5,0.5,0.5,-1.5,0.5,1.5,1.5,-0.5,0.5,-0.5,0.5,0.5,-1.5,0.5,0.5,-1.5,0.5,0.5,-1.5,0.5,-0.5,0.5,0.5,1.5,0.5,0.5,1.5,0.5,-0.5,-1.5,1.5,1.5,-0.5,0.5,-0.5,-0.5,-1.5,-1.5,0.5,0.5,-1.5,-1.5,1.5,-1.5,0.5,0.5,-0.5,1.5,-0.5,-1.5,0.5,1.5,0.5,-0.5,-1.5,-0.5,-0.5,0.5,-0.5,-1.5,0.5,0.5,0.5,-1.5,-0.5,0.5,-0.5,0.5,-0.5,0.5,-0.5,-1.5,0.5,0.5,0.5,-1.5,-0.5,0.5,-1.5,-0.5,0.5,-0.5,0.5,0.5,-1.5,-0.5,0.5,0.5,1.5,-0.5,-1.5,0.5,-0.5,0.5,-0.5,-0.5,0.5,-0.5,-0.5,1.5,0.5,-1.5,-1.5,0.5,-0.5,0.5,-0.5,-1.5,0.5,0.5,-1.5,-1.5,-1.5,-1.5,-0.5,1.5,-0.5,-0.5,-0.5,0.5,0.5,-0.5,-0.5,0.5,-1.5,-0.5,1.5,-1.5,-1.5,1.5,-0.5,-1.5,0.5,-0.5,-0.5,1.5,-0.5,-0.5,0.5,-1.5,-0.5,-0.5,0.5,-0.5,0.5,-0.5,0.5,-0.5,-0.5,-0.5,-1.5,-0.5,0.5,-1.5,-0.5,0.5,-0.5,-0.5,1.5,0.5,-1.5,0.5,-0.5,1.5,0.5,-0.5,0.5,0.5,-1.5,-0.5,0.5,0.5,-1.5,-1.5,-0.5,0.5,1.5,0.5,-1.5,0.5,-0.5,1.5,0.5,0.5,0.5,-1.5,1.5,0.5,0.5,-0.5,-0.5,-0.5,-0.5,-0.5,0.5,-1.5,-0.5,0.5,-1.5,-1.5,-0.5,-1.5,-0.5,-1.5,-1.5,0.5,0.5,0.5,0.5,0.5,1.5,0.5,1.5,0.5,-1.5,0.5,-0.5,-0.5,0.5,-0.5,1.5,-0.5,-1.5,-1.5,-0.5,-1.5,0.5,-1.5,-1.5,0.5,-0.5,0.5,-0.5,0.5,0.5,0.5,-0.5,1.5,-0.5,-1.5,1.5,0.5,0.5,-0.5,1.5,1.5,0.5,0.5,1.5,0.5,-0.5,-1.5,-1.5,0.5,-0.5,-0.5,0.5,1.5,0.5,-0.5,0.5,-0.5,0.5,-1.5,0.5,-0.5,0.5,-0.5,0.5,-1.5,-1.5,0.5,-0.5,-0.5,0.5,0.5,-0.5,0.5,0.5,0.5,0.5,-1.5,0.5,0.5,-1.5,-1.5,0.5,1.5,-1.5,0.5,1.5,0.5,-0.5,0.5,0.5,0.5,0.5,-0.5,1.5,0.5,-0.5,0.5,-1.5,1.5,1.5,-1.5,-1.5,0.5,1.5,0.5,0.5,-0.5,0.5,-0.5,-0.5,0.5,1.5,-0.5,-0.5,-1.5,0.5,-1.5,-0.5,-0.5,0.5,-0.5,-0.5,0.5,-0.5,0.5,1.5,1.5,0.5,1.5,-0.5,-0.5,0.5,-1.5,-0.5,-0.5,-1.5,-0.5,0.5,-1.5,-0.5,0.5,-0.5,-0.5,-0.5,0.5,-0.5,-1.5,0.5,-0.5,0.5,1.5,1.5,0.5,-0.5,0.5,0.5,1.5,1.5,0.5,-0.5,0.5,0.5,-0.5,-1.5,-1.5,-1.5,0.5,-1.5,-1.5,0.5,0.5,-0.5,0.5,-0.5,0.5,0.5,-1.5,-1.5,-1.5,-1.5,-1.5,-1.5,-0.5,-0.5,1.5,-1.5,0.5,-0.5,0.5,0.5,1.5,0.5,-0.5,1.5,0.5,-0.5,1.5,1.5,0.5,-0.5,-0.5,1.5,1.5,1.5,0.5,-0.5,1.5,-1.5,1.5,0.5,0.5,1.5,1.5,1.5,1.5,0.5,0.5,0.5,1.5,1.5,1.5,1.5,1.5,0.5,0.5,1.5,0.5,1.5,1.5,1.5,0.5,1.5,0.5,1.5,-1.5,1.5,0.5,1.5,0.5,1.5,1.5,-0.5,0.5,-0.5,-1.5,0.5,-1.5,-0.5,-0.5,-0.5,-1.5,0.5,0.5,-0.5,-0.5,-0.5,-1.5,-1.5,-1.5,-0.5,-0.5,-0.5,-0.5,-0.5,-1.5,1.5,-1.5,0.5,1.5,0.5,0.5,-0.5,-1.5,-1.5,-1.5,-0.5,-0.5,-0.5,-1.5,1.5,0.5,0.5,1.5,1.5,0.5,0.5,0.5,0.5,-0.5,1.5,-0.5,-1.5,-1.5,-0.5,-0.5,-1.5,-1.5,0.5,0.5,-1.5,-0.5,-0.5,0.5,1.5,0.5,0.5,-0.5,-1.5,-0.5,0.5,0.5,1.5,0.5,0.5,1.5,1.5,-1.5,0.5,1.5,-0.5,-1.5,1.5,0.5,-1.5,-0.5,-1.5,-0.5,-0.5,1.5,1.5,0.5,-0.5,-1.5,-1.5,-0.5,-0.5,0.5,1.5,-0.5,-0.5,0.5,0.5,0.5,0.5,0.5,0.5,-0.5,-1.5,-1.5,-0.5,-0.5,-0.5,1.5,1.5,0.5,-1.5,-1.5,0.5,-1.5,-0.5,0.5,0.5,-0.5,0.5,0.5,1.5,0.5,-1.5,-0.5,-1.5,1.5,0.5,-0.5,0.5,-0.5,1.5,-0.5,-0.5,-0.5,0.5,0.5,0.5,1.5,-1.5,0.5,-1.5,0.5,0.5,0.5,-1.5,0.5,1.5,-1.5,0.5,1.5,-0.5,-0.5,1.5,0.5,-1.5,-0.5,-1.5,-0.5,-0.5,1.5,1.5,0.5,-0.5,-1.5,-1.5,-0.5,-0.5,0.5,0.5,-0.5,-0.5,0.5,0.5,0.5,0.5,0.5,0.5,-0.5,-1.5,-1.5,-0.5,-0.5,-0.5,1.5,1.5,0.5,0.5,-1.5,0.5,-0.5,-0.5,0.5,0.5,-0.5,0.5,0.5,1.5,0.5,-1.5,-0.5,-0.5,0.5,1.5,-1.5,0.5,1.5,0.5,-0.5,-0.5,-0.5,0.5,1.5,0.5,0.5,-0.5,0.5,-0.5,0.5,0.5,0.5,-1.5,1.5,1.5,-1.5,0.5,1.5,-0.5,-1.5,1.5,0.5,-1.5,-0.5,-0.5,-0.5,-0.5,1.5,1.5,0.5,-1.5,-1.5,-1.5,-0.5,-0.5,0.5,1.5,-0.5,-0.5,0.5,0.5,0.5,0.5,0.5,-0.5,-1.5,-1.5,-0.5,-0.5,-0.5,1.5,1.5,0.5,-1.5,1.5,-1.5,-0.5,0.5,0.5,-0.5,0.5,0.5,1.5,0.5,-1.5,-0.5,-1.5,0.5,-0.5,0.5,0.5,-0.5,-1.5,-0.5,0.5,-0.5,-1.5,-0.5,-0.5,-0.5,-1.5,1.5,-0.5,-1.5,0.5,0.5,-1.5,-0.5,-0.5,-0.5,-0.5,1.5,-1.5,0.5,-0.5,1.5,1.5,0.5,-0.5,-1.5,1.5,-1.5,0.5,-1.5,1.5,-1.5,-1.5,0.5,0.5,-1.5,-1.5,-0.5,-0.5,0.5,1.5,0.5,-0.5,-0.5,-0.5,0.5,1.5,-0.5,0.5,-0.5,0.5,1.5,0.5,0.5,0.5,-0.5,-1.5,-0.5,-0.5,1.5,-1.5,0.5,0.5,0.5,1.5,-1.5,-0.5,-0.5,-1.5,0.5,-1.5,1.5,1.5,1.5,0.5,0.5,-0.5,-1.5,-0.5,-1.5,0.5,0.5,-1.5,-0.5,0.5,-0.5,-0.5,-0.5,-1.5,-0.5,0.5,-0.5,-1.5,1.5,0.5,1.5,1.5,-0.5,1.5,-1.5,-1.5,0.5,-0.5,-0.5,-1.5,-1.5,1.5,0.5,0.5,0.5,-1.5,1.5,0.5,-0.5,-0.5,-1.5,-0.5,-0.5,-0.5,-1.5,-0.5,-0.5,0.5,-1.5,1.5,0.5,-0.5,-1.5,-0.5,0.5,0.5,0.5,1.5,0.5,-0.5,-0.5,-1.5,0.5,0.5,0.5,0.5,-0.5,1.5,0.5,-0.5,0.5,0.5,-1.5,-0.5,-0.5,-0.5,-0.5,-1.5,0.5,0.5,-0.5,-0.5,-0.5,1.5,0.5,0.5,-0.5,-0.5,0.5,-1.5,-0.5,-1.5,1.5,0.5,-1.5,0.5,0.5,0.5,-0.5,0.5,-1.5,-0.5,-0.5,1.5,-1.5,0.5,1.5,1.5,1.5,1.5,-0.5,-0.5,-0.5,0.5,-0.5,1.5,-0.5,0.5,0.5,1.5,0.5,1.5,-0.5,-0.5,-0.5,0.5,0.5,0.5,0.5,1.5,-1.5,-0.5,0.5,0.5,-0.5,-1.5,0.5,0.5,0.5,0.5,1.5,-1.5,-1.5,0.5,-0.5,-1.5,-1.5,0.5,-0.5,-0.5,-0.5,-0.5,0.5,-1.5,0.5,-0.5,-0.5,-1.5,0.5,-0.5,1.5,0.5,0.5,-1.5,0.5,1.5,0.5,-0.5,-0.5,-1.5,1.5,1.5,-1.5,0.5,0.5,0.5,-0.5,0.5,1.5,1.5,-0.5,0.5,-1.5,-0.5,0.5,1.5,0.5,-1.5,0.5,0.5,-0.5,-0.5,-1.5,-0.5,-1.5,0.5,-1.5,0.5,0.5,-1.5,1.5,-0.5,1.5,1.5,0.5,-0.5,-0.5,0.5,-0.5,0.5,0.5,0.5,-1.5,1.5,0.5,-0.5,-1.5,-0.5,-0.5,-0.5,1.5,-1.5,-1.5,0.5,-1.5,1.5,-0.5,-0.5,0.5,-0.5,0.5,1.5,0.5,1.5,0.5,0.5,0.5,0.5,0.5,0.5,0.5,0.5,1.5,0.5,0.5,1.5,0.5,0.5,1.5,1.5,-0.5,0.5,-0.5,-0.5,-1.5,-1.5,-1.5,-0.5,-0.5,0.5,-0.5,-1.5,0.5,-0.5,0.5,-1.5,-0.5,-0.5,-0.5,-0.5,0.5,-0.5,1.5,-1.5,1.5,-0.5,1.5,-1.5,-1.5,-1.5,-1.5,-1.5,-1.5,-0.5,0.5,0.5,-0.5,-1.5,-0.5,1.5,0.5,1.5,-0.5,1.5,0.5,0.5,0.5,1.5,-0.5,-1.5,1.5,0.5,-0.5,0.5,0.5,0.5,1.5,0.5,1.5,1.5,-0.5,0.5,0.5,0.5,1.5,-0.5,1.5,-0.5,0.5,-1.5,-0.5,-1.5,-0.5,-0.5,0.5,1.5,0.5,-0.5,-0.5,-0.5,-0.5,-0.5,0.5,1.5,-0.5,0.5,1.5,0.5,1.5,0.5,-0.5,0.5,-1.5,-1.5,-1.5,0.5,0.5,0.5,-0.5,-0.5,0.5,1.5,0.5,0.5,-0.5,-0.5,0.5,0.5,-1.5,-1.5,-1.5,0.5,0.5,-0.5,1.5,1.5,-0.5,-1.5,0.5,-1.5,-0.5,0.5,-0.5,1.5,0.5,-1.5,-1.5,0.5,-1.5,1.5,-1.5,0.5,0.5,-1.5,-0.5,0.5,0.5,0.5,-0.5,-1.5,-0.5,-1.5,-1.5,0.5,1.5,1.5,-0.5,-0.5,-0.5,0.5,0.5,0.5,0.5,-0.5,-1.5,0.5,0.5,-0.5,1.5,-1.5,0.5,-1.5,0.5,0.5,0.5,-0.5,-0.5,-0.5,0.5,1.5,-1.5,0.5,-0.5,-0.5,-0.5,0.5,-1.5,-0.5,0.5,1.5,0.5,-0.5,0.5,-1.5,1.5,-0.5,-1.5,-0.5,-0.5,-0.5,-1.5,-1.5,0.5,-1.5,-1.5,0.5,0.5,-1.5,-0.5,-1.5,0.5,0.5,-1.5,-0.5,0.5,0.5,-0.5,-1.5,-1.5,-0.5,0.5,-1.5,1.5,1.5,-1.5,0.5,-0.5,0.5,-1.5,-1.5,-0.5,-0.5,0.5,-1.5,1.5,1.5,-1.5,-1.5,-0.5,-1.5,0.5,0.5,1.5,0.5,-0.5,-1.5,-1.5,-0.5,-0.5,-1.5,-0.5,1.5,-0.5,-1.5,-1.5,-1.5,0.5,0.5,-1.5,0.5,1.5,0.5,0.5,1.5,0.5,0.5,-0.5,-1.5,-0.5,-0.5,0.5,0.5,1.5,0.5,-0.5,-0.5,-0.5,-0.5,-0.5,0.5,1.5,-1.5,0.5,-1.5,0.5,0.5,0.5,-0.5,-0.5,0.5,-0.5,-0.5,-0.5,1.5,-0.5,0.5,-0.5,0.5,1.5,0.5,-0.5,0.5,-0.5,0.5,-0.5,0.5,-1.5,0.5,0.5,0.5,-1.5,0.5,0.5,-0.5,-0.5,-1.5,-1.5,0.5,-1.5,-1.5,-1.5,-1.5,1.5,-0.5,0.5,-1.5,-1.5,0.5,0.5,-0.5,-1.5,-0.5,-1.5,-1.5,-1.5,-0.5,-0.5,0.5,1.5,-0.5,-0.5,1.5,0.5,0.5,0.5,0.5,1.5,1.5,-0.5,0.5,-1.5,-1.5,-1.5,-1.5,-1.5,-1.5,-0.5,1.5,-0.5,0.5,-0.5,-1.5,0.5,-0.5,-1.5,-1.5,-1.5,-0.5,0.5,0.5,1.5,0.5,0.5,-1.5,-1.5,-0.5,0.5,-0.5,-1.5,-0.5,1.5,-0.5,0.5,-1.5,-1.5,-1.5,0.5,-1.5,0.5,1.5,0.5,0.5,0.5,1.5,1.5,0.5,-0.5,-1.5,-0.5,-0.5,0.5,1.5,0.5,-0.5,-0.5,-0.5,-0.5,-0.5,0.5,1.5,-1.5,0.5,1.5,-0.5,1.5,0.5,-0.5,-0.5,-0.5,-0.5,-1.5,0.5,0.5,-1.5,1.5,-1.5,-1.5,1.5,1.5,-1.5,-0.5,-0.5,-0.5,-0.5,1.5,-1.5,0.5,0.5,0.5,1.5,0.5,-1.5,-1.5,-0.5,-1.5,0.5,1.5,0.5,0.5,1.5,-1.5,-1.5,1.5,1.5,0.5,1.5,0.5,-1.5,-0.5,0.5,1.5,-0.5,-0.5,1.5,-1.5,-1.5,0.5,0.5,0.5,0.5,0.5,-1.5,1.5,0.5,-1.5,-0.5,0.5,-1.5,1.5,-1.5,-1.5,-1.5,-0.5,0.5,1.5,-0.5,0.5,-1.5,-1.5,-1.5,-0.5,-0.5,0.5,0.5,1.5,-0.5,-1.5,1.5,-0.5,-0.5,-0.5,1.5,-0.5,0.5,-0.5,-1.5,1.5,1.5,-1.5,-1.5,-0.5,1.5,0.5,-1.5,-0.5,-0.5,-0.5,-1.5,1.5,0.5,-1.5,-0.5,1.5,0.5,0.5,-1.5,1.5,1.5,0.5,-0.5,-1.5,-0.5,0.5,-0.5,-1.5,0.5,1.5,0.5,-0.5,-1.5,1.5,0.5,-1.5,0.5,-0.5,0.5,0.5,1.5,0.5,-0.5,0.5,0.5,0.5,-0.5,-1.5,-0.5,0.5,0.5,1.5,-1.5,-0.5,0.5,0.5,1.5,0.5,-0.5,-0.5,-1.5,0.5,-1.5,-1.5,-0.5,-0.5,-0.5,0.5,-1.5,-0.5,0.5,0.5,-0.5,-1.5,0.5,0.5,0.5,0.5,-0.5,-0.5,-1.5,-0.5,-0.5,-1.5,1.5,1.5,1.5,0.5,0.5,-0.5,1.5,0.5,1.5,0.5,-0.5,0.5,0.5,0.5,-0.5,-1.5,-0.5,-0.5,0.5,0.5,0.5,0.5,0.5,0.5,1.5,0.5,0.5,-1.5,-1.5,0.5,-0.5,-0.5,0.5,-0.5,-0.5,-1.5,0.5,-1.5,0.5,-1.5,1.5,0.5,1.5,1.5,0.5,-0.5,-0.5,0.5,1.5,0.5,-0.5,0.5,0.5,0.5,-0.5,-1.5,-0.5,-0.5,0.5,0.5,0.5,1.5,-0.5,0.5,0.5,1.5,1.5,0.5,-0.5,0.5,1.5,-1.5,-1.5,-0.5,-1.5,-1.5,-0.5,0.5,-1.5,-1.5,0.5,0.5,0.5,1.5,-0.5,-1.5,0.5,1.5,-1.5,-1.5,-1.5,1.5,0.5,-0.5,0.5,0.5,-0.5,0.5,-1.5,0.5,0.5,-0.5,-1.5,0.5,0.5,-0.5,-1.5,0.5,0.5,-1.5,-1.5,-1.5,1.5,0.5,-0.5,0.5,-1.5,-0.5,-0.5,-1.5,-0.5,0.5,-1.5,1.5,1.5,1.5,-1.5,-1.5,0.5,-0.5,0.5,-1.5,-0.5,-1.5,-0.5,-0.5,1.5,-0.5,-0.5,0.5,0.5,1.5,-0.5,-1.5,0.5,-1.5,0.5,0.5,-1.5,1.5,1.5,-1.5,1.5,0.5,0.5,1.5,-0.5,-1.5,0.5,-0.5,0.5,-0.5,0.5,-0.5,0.5,0.5,0.5,1.5,0.5,0.5,-0.5,-0.5,0.5,-1.5,-0.5,-1.5,-0.5,0.5,0.5,-0.5,-1.5,-1.5,-0.5,1.5,-0.5,-1.5,0.5,0.5,-0.5,0.5,0.5,-0.5,1.5,0.5,-1.5,0.5,1.5,1.5,0.5,-0.5,0.5,0.5,-0.5,0.5,1.5,0.5,0.5,-1.5,0.5,1.5,-0.5,-1.5,0.5,0.5,-0.5,-0.5,1.5,0.5,1.5,-0.5,-1.5,0.5,-1.5,-0.5,-1.5,-1.5,-0.5,-0.5,-1.5,0.5,-1.5,-0.5,0.5,-0.5,1.5,0.5,-0.5,0.5,0.5,1.5,-0.5,0.5,-0.5,0.5,0.5,-1.5,0.5,1.5,0.5,0.5,-0.5,-1.5,0.5,1.5,-0.5,0.5,-1.5,-0.5,0.5,-0.5,0.5,0.5,-1.5,0.5,1.5,1.5,-0.5,-1.5,1.5,-1.5,-0.5,-1.5,-0.5,1.5,-0.5,-1.5,1.5,-0.5,0.5,1.5,-0.5,-1.5,0.5,-1.5,-0.5,-0.5,-1.5,-1.5,-0.5,0.5,0.5,-1.5,-0.5,-0.5,0.5,0.5,0.5,1.5,-0.5,0.5,0.5,-1.5,-1.5,-1.5,-0.5,-0.5,0.5,-1.5,0.5,0.5,-1.5,1.5,-1.5,-0.5,-0.5,-1.5,-1.5,-0.5,0.5,1.5,0.5,0.5,-0.5,0.5,0.5,0.5,-0.5,-1.5,0.5,0.5,0.5,-1.5,-0.5,-0.5,-0.5,0.5,1.5,0.5,-0.5,-0.5,-1.5,0.5,1.5,0.5,-0.5,-0.5,-0.5,0.5,1.5,0.5,-1.5,-0.5,0.5,0.5,0.5,0.5,-0.5,-0.5,-1.5,-1.5,-0.5,-1.5,0.5,-0.5,-0.5,0.5,-0.5,-1.5,-1.5,0.5,1.5,0.5,0.5,-0.5,0.5,1.5,0.5,0.5,-0.5,0.5,0.5,0.5,-1.5,-1.5,0.5,0.5,0.5,-1.5,-0.5,-0.5,-0.5,0.5,1.5,0.5,-0.5,-0.5,-1.5,0.5,1.5,0.5,-0.5,-0.5,-0.5,0.5,1.5,-1.5,-1.5,-0.5,-1.5,0.5,0.5,0.5,-0.5,-0.5,-1.5,-1.5,-0.5,-1.5,0.5,-0.5,-1.5,0.5,-0.5,-1.5,-1.5,0.5,1.5,0.5,0.5,-0.5,0.5,1.5,1.5,0.5,-0.5,0.5,0.5,0.5,-0.5,-1.5,0.5,0.5,0.5,0.5,-1.5,-0.5,-0.5,-0.5,0.5,1.5,0.5,-0.5,-0.5,-1.5,0.5,1.5,0.5,-0.5,-0.5,-0.5,0.5,1.5,-1.5,-1.5,-0.5,-1.5,0.5,0.5,0.5,-0.5,-0.5,-1.5,-1.5,-0.5,-1.5,0.5,-0.5,-1.5,0.5,-0.5,-1.5,-1.5,0.5,1.5,0.5,0.5,-0.5,0.5,1.5,1.5,0.5,-0.5,0.5,0.5,0.5,-0.5,-1.5,0.5,0.5,0.5,0.5,-1.5,-0.5,-0.5,-0.5,0.5,1.5,0.5,-0.5,-0.5,-1.5,0.5,1.5,0.5,-0.5,-0.5,-0.5,0.5,1.5,-1.5,-1.5,-0.5,-1.5,0.5,-1.5,0.5,-0.5,-0.5,-1.5,-1.5,-0.5,-1.5,0.5,-0.5,-0.5,1.5,-0.5,-1.5,-1.5,0.5,1.5,0.5,0.5,-0.5,0.5,1.5,0.5,0.5,-0.5,0.5,0.5,0.5,-0.5,-1.5,0.5,0.5,0.5,-1.5,-0.5,-0.5,-0.5,0.5,1.5,0.5,-0.5,-0.5,-1.5,0.5,1.5,0.5,-0.5,-0.5,-0.5,0.5,1.5,-1.5,-1.5,-0.5,-1.5,0.5,0.5,0.5,-0.5,-0.5,-1.5,-1.5,-0.5,-1.5,0.5,-0.5,-1.5,0.5,-0.5,-1.5,-1.5,0.5,1.5,0.5,0.5,-0.5,0.5,1.5,1.5,0.5,-0.5,0.5,0.5,0.5,-0.5,-1.5,0.5,0.5,0.5,0.5,-1.5,-0.5,-0.5,-0.5,0.5,1.5,0.5,-0.5,-0.5,-0.5,0.5,1.5,0.5,-0.5,-0.5,-0.5,0.5,1.5,0.5,-1.5,-0.5,0.5,0.5,0.5,0.5,-1.5,-0.5,-1.5,-1.5,-0.5,-1.5,0.5,-0.5,-1.5,0.5,-0.5,-1.5,-1.5,0.5,1.5,0.5,0.5,-0.5,0.5,1.5,1.5,0.5,-0.5,0.5,0.5,0.5,-0.5,-1.5,0.5,0.5,0.5,0.5,-1.5,-0.5,-0.5,-0.5,0.5,1.5,0.5,-0.5,-0.5,-1.5,0.5,-1.5,0.5,0.5,-0.5,0.5,0.5,0.5,1.5,-0.5,-0.5,0.5,0.5,1.5,0.5,1.5,-0.5,0.5,0.5,-0.5,-1.5,0.5,-0.5,-1.5,0.5,0.5,1.5,0.5,0.5,-0.5,0.5,0.5,1.5,0.5,-0.5,0.5,0.5,0.5,-0.5,-1.5,0.5,0.5,0.5,-1.5,-0.5,-0.5,-0.5,-0.5,0.5,1.5,0.5,-0.5,-0.5,-1.5,0.5,1.5,0.5,-0.5,-0.5,0.5,0.5,1.5,0.5,-0.5,-0.5,0.5,0.5,-1.5,1.5,-0.5,-0.5,-1.5,-1.5,-0.5,-1.5,0.5,-1.5,-0.5,-1.5,0.5,1.5,0.5,-0.5,-1.5,0.5,0.5,1.5,0.5,-0.5,-0.5,0.5,1.5,1.5,0.5,-0.5,-0.5,-1.5,-0.5,-0.5,-1.5,-0.5,0.5,0.5,1.5,0.5,0.5,-1.5,0.5,-0.5,1.5,0.5,-0.5,0.5,0.5,0.5,-1.5,-1.5,0.5,0.5,1.5,-1.5,-0.5,-0.5,-0.5,0.5,-0.5,0.5,-1.5,-0.5,-0.5,0.5,1.5,-1.5,-0.5,0.5,0.5,-1.5,0.5,-0.5,1.5,0.5,-1.5,-1.5,0.5,-1.5,-0.5,-0.5,-1.5,-1.5,-0.5,0.5,-0.5,0.5,0.5,-1.5,1.5,0.5,-1.5,1.5,0.5,-1.5,0.5,0.5,0.5,1.5,-1.5,0.5,0.5,0.5,0.5,-0.5,-1.5,-0.5,0.5,1.5,-0.5,-1.5,0.5,1.5,0.5,-0.5,-0.5,-0.5,0.5,0.5,-0.5,0.5,-1.5,-0.5,-1.5,-0.5,-1.5,-1.5,0.5,-1.5,-1.5,-0.5,-1.5,0.5,0.5,-0.5,-0.5,1.5,-0.5,1.5,0.5,0.5,0.5,-1.5,1.5,0.5,1.5,-0.5,-0.5,0.5,1.5,-0.5,1.5,0.5,1.5,0.5,0.5,-1.5,0.5,0.5,-1.5,-0.5,-1.5,1.5,-1.5,-0.5,-0.5,0.5,-1.5,-1.5,1.5,-0.5,-1.5,1.5,-0.5,-0.5,0.5,-0.5,0.5,0.5,0.5,0.5,-0.5,0.5,-1.5,1.5,-0.5,0.5,0.5,0.5,1.5,-0.5,1.5,-0.5,-1.5,0.5,-0.5,-1.5,0.5,-0.5,-0.5,0.5,-0.5,-0.5,0.5,1.5,0.5,1.5,0.5,-1.5,-0.5,0.5,1.5,0.5,1.5,0.5,1.5,1.5,-1.5,0.5,-0.5,-0.5,-1.5,-1.5,-0.5,0.5,-1.5,-0.5,-0.5,-1.5,-0.5,-0.5,-0.5,0.5,-0.5,1.5,0.5,-1.5,-0.5,0.5,-1.5,-1.5,-0.5,-0.5,-1.5,0.5,-1.5,0.5,-1.5,-1.5,0.5,0.5,-0.5,0.5,1.5,0.5,0.5,-0.5,-1.5,0.5,-1.5,-0.5,0.5,1.5,-0.5,1.5,0.5,0.5,0.5,1.5,0.5,0.5,-0.5,0.5,0.5,-1.5,-0.5,-0.5,0.5,1.5,0.5,0.5,-0.5,0.5,0.5,-0.5,0.5,1.5,0.5,0.5,1.5,0.5,0.5,-0.5,-1.5,0.5,-0.5,-0.5,0.5,0.5,-1.5,0.5,-0.5,-1.5,0.5,-1.5,1.5,0.5,-1.5,0.5,-1.5,0.5,1.5,-1.5,-0.5,1.5,1.5,-0.5,-0.5,-0.5,1.5,1.5,0.5,0.5,-1.5,-1.5,-0.5,-1.5,1.5,0.5,1.5,0.5,1.5,0.5,0.5,-0.5,-0.5,0.5,1.5,-0.5,0.5,0.5,-1.5,0.5,-1.5,1.5,1.5,-0.5,-0.5,0.5,-1.5,1.5,-0.5,1.5,-1.5,0.5,1.5,0.5,-1.5,-0.5,-0.5,-0.5,0.5,-1.5,0.5,1.5,-1.5,-0.5,0.5,1.5,0.5,1.5,0.5,0.5,0.5,1.5,0.5,-0.5,0.5,1.5,-1.5,-0.5,-1.5,0.5,-1.5,0.5,-0.5,1.5,-1.5,-0.5,0.5,-1.5,0.5,1.5,0.5,1.5,-0.5,0.5,1.5,-1.5,0.5,-1.5,1.5,0.5,0.5,0.5,0.5,-1.5,1.5,1.5,-0.5,1.5,-1.5,0.5,-1.5,0.5,0.5,1.5,-0.5,-0.5,-1.5,1.5,0.5,0.5,1.5,0.5,1.5,0.5,0.5,1.5,1.5,-0.5,0.5,-0.5,1.5,0.5,1.5,-1.5,1.5,-1.5,-1.5,-1.5,-1.5,-0.5,-0.5,-1.5,-1.5,-0.5,-0.5,-1.5,0.5,0.5,-1.5,-0.5,-0.5,-0.5,0.5,0.5,0.5,1.5,0.5,1.5,1.5,-1.5,-0.5,-1.5,-0.5,-1.5,-0.5,-0.5,-0.5,1.5,1.5,-0.5,-0.5,0.5,1.5,-0.5,1.5,-0.5,0.5,-0.5,-0.5,-0.5,-1.5,0.5,-0.5,-1.5,-0.5,-0.5,-1.5,0.5,-0.5,-0.5,-0.5,-1.5,0.5,-1.5,-0.5,-0.5,0.5,-0.5,0.5,1.5,0.5,1.5,0.5,1.5,1.5,-0.5,-0.5,-0.5,-0.5,0.5,0.5,-0.5,0.5,1.5,0.5,-0.5,0.5,1.5,1.5,0.5,0.5,0.5,1.5,0.5,-1.5,0.5,0.5,0.5,-0.5,0.5,-0.5,1.5,-0.5,-0.5,-1.5,0.5,-0.5,0.5,1.5,1.5,-0.5,1.5,-1.5,-1.5,0.5,0.5,0.5,0.5,0.5,1.5,-1.5,0.5,1.5,-0.5,0.5,-1.5,-1.5,-0.5,0.5,-0.5,0.5,-1.5,0.5,0.5,0.5,-0.5,-1.5,0.5,-1.5,1.5,-0.5,-0.5,-0.5,0.5,-0.5,0.5,-0.5,-0.5,-0.5,-1.5,0.5,-0.5,-1.5,-1.5,0.5,-1.5,0.5,-0.5,-1.5,-1.5,-0.5,-0.5,0.5,0.5,-0.5,0.5,-0.5,-0.5,-0.5,-1.5,1.5,1.5,0.5,0.5,0.5,-1.5,0.5,0.5,1.5,0.5,1.5,0.5,1.5,0.5,-0.5,0.5,-0.5,0.5,0.5,-0.5,-0.5,1.5,0.5,1.5,0.5,0.5,-0.5,-0.5,0.5,0.5,-0.5,0.5,0.5,1.5,0.5,-0.5,0.5,1.5,0.5,0.5,1.5,1.5,1.5,0.5,0.5,0.5,0.5,0.5,0.5,1.5,1.5,0.5,-0.5,0.5,-0.5,0.5,1.5,0.5,-0.5,0.5,0.5,0.5,-1.5,0.5,-0.5,0.5,-0.5,0.5,1.5,0.5,-0.5,-1.5,0.5,0.5,0.5,-1.5,1.5,0.5,1.5,-0.5,-0.5,-0.5,0.5,1.5,-0.5,-0.5,-0.5,-0.5,0.5,-1.5,0.5,-0.5,0.5,-0.5,-0.5,0.5,-1.5,0.5,1.5,0.5,-1.5,0.5,1.5,0.5,-0.5,1.5,0.5,-0.5,-0.5,0.5,0.5,1.5,-0.5,-1.5,-0.5,-0.5,-0.5,-1.5,0.5,0.5,0.5,0.5,0.5,0.5,-0.5,-0.5,1.5,0.5,1.5,0.5,-0.5,-1.5,-1.5,-1.5,0.5,-0.5,0.5,0.5,-0.5,-1.5,0.5,-1.5,-1.5,-1.5,1.5,-1.5,-0.5,-1.5,1.5,-1.5,0.5,0.5,0.5,-1.5,0.5,-1.5,1.5,-0.5,-0.5,-1.5,1.5,1.5,-0.5,0.5,1.5,-1.5,0.5,0.5,-1.5,-1.5,0.5,-1.5,1.5,0.5,1.5,-1.5,-1.5,-0.5,-1.5,1.5,0.5,-1.5,-1.5,-0.5,0.5,-1.5,-1.5,1.5,-0.5,-1.5,-1.5,-0.5,-1.5,-1.5,-0.5,-0.5,0.5,-1.5,-1.5,0.5,0.5,-1.5,1.5,-1.5,-1.5,0.5,1.5,0.5,0.5,0.5,-1.5,1.5,1.5,-1.5,1.5,-1.5,0.5,-1.5,-1.5,1.5,-1.5,1.5,0.5,0.5,-1.5,-1.5,-1.5,0.5,1.5,1.5,1.5,-0.5,-0.5,1.5,-1.5,1.5,1.5,0.5,-1.5,-1.5,0.5,1.5,-1.5,1.5,-0.5,-0.5,-1.5,0.5,-1.5,1.5,-1.5,1.5,1.5,1.5,-1.5,1.5,-1.5,0.5,-1.5,1.5,-1.5,0.5,1.5,-1.5,0.5,-1.5,0.5,0.5,0.5,0.5,-1.5,0.5,-1.5,0.5,-1.5,-1.5,-1.5,-1.5,-1.5,1.5,0.5,0.5,1.5,-1.5,1.5,-1.5,1.5,1.5,0.5,-1.5,-1.5,-0.5,-1.5,-1.5,-1.5,-0.5,1.5,-1.5,1.5,0.5,-1.5,-1.5,-1.5,0.5,-1.5,0.5,0.5,1.5,-1.5,-1.5,0.5,-1.5,1.5,-0.5,1.5,-1.5,-0.5,0.5,1.5,1.5,0.5,1.5,-1.5,-1.5,1.5,-1.5,-1.5,0.5,-1.5,1.5,0.5,0.5,0.5,-1.5,0.5,-1.5,0.5,-1.5,0.5,0.5,0.5,-1.5,-1.5,-1.5,1.5,-0.5,-1.5,-0.5,1.5,1.5,-0.5,1.5,-0.5,1.5,1.5,1.5,-0.5,-0.5,-1.5,1.5,-1.5,-0.5,-1.5,-1.5,-0.5,1.5,-0.5,0.5,1.5,1.5,-0.5,-0.5,-1.5,-1.5,-1.5,1.5,-1.5,-1.5,-0.5,0.5,1.5,-1.5,1.5,0.5,0.5,-1.5,1.5,-0.5,1.5,-0.5,0.5,1.5,0.5,-0.5,-1.5,-1.5,0.5,0.5,-1.5,1.5,-0.5,-1.5,1.5,1.5,-1.5,-0.5,-0.5,0.5,0.5,1.5,1.5,1.5,1.5,0.5,1.5,0.5,1.5,1.5,1.5,1.5,-1.5,-0.5,1.5,1.5,0.5,1.5,0.5,1.5,-1.5,-1.5,-1.5,-1.5,-1.5,-0.5,-1.5,1.5,1.5,1.5,1.5,0.5,-0.5,0.5,0.5,1.5,0.5,0.5,0.5,0.5,1.5,1.5,1.5,0.5,1.5,0.5,1.5,0.5,1.5,0.5,1.5,1.5,1.5,0.5,1.5,0.5,1.5,1.5,1.5,1.5,1.5,1.5,-0.5,1.5,-0.5,-1.5,0.5,1.5,1.5,0.5,1.5,1.5,-0.5,1.5,1.5,-0.5,-0.5,-0.5,1.5,1.5,1.5,0.5,-1.5,-1.5,-1.5,1.5,-1.5,1.5,-1.5,-0.5,-0.5,0.5,1.5,-1.5,0.5,0.5,0.5,0.5,-1.5,-1.5,0.5,1.5,1.5,-0.5,1.5,1.5,1.5,-0.5,-0.5,-0.5,-1.5,0.5,1.5,-1.5,-1.5,-1.5,-1.5,-0.5,-0.5,0.5,1.5,-1.5,1.5,-0.5,1.5,1.5,-0.5,-1.5,1.5,-0.5,1.5,1.5,-0.5,-1.5,1.5,-1.5,0.5,-1.5,-1.5,-1.5,1.5,1.5,1.5,0.5,1.5,-1.5,1.5,-1.5,-1.5,-1.5,-1.5,1.5,-1.5,-0.5,0.5,0.5,-1.5,-1.5,-1.5,1.5,-1.5,-0.5,0.5,1.5,1.5,-1.5,0.5,0.5,0.5,-1.5,-1.5,0.5,1.5,1.5,1.5,-1.5,-0.5,-1.5,-1.5,-1.5,0.5,1.5,0.5,1.5,-1.5,1.5,-0.5,0.5,1.5,0.5,1.5,-1.5,0.5,-1.5,1.5,0.5,-0.5,1.5,-0.5,-0.5,1.5,1.5,-0.5,1.5,-1.5,0.5,-1.5,1.5,1.5,1.5,0.5,-0.5,1.5,-1.5,-0.5,-1.5,1.5,-0.5,1.5,-0.5,1.5,-1.5,-0.5,-1.5,1.5,-0.5,1.5,-1.5,1.5,1.5,-0.5,1.5,0.5,0.5,-0.5,-0.5,-1.5,0.5,1.5,1.5,-1.5,-1.5,0.5,-1.5,0.5,0.5,-1.5,1.5,0.5,-1.5,1.5,1.5,0.5,0.5,0.5,-1.5,1.5,0.5,1.5,1.5,0.5,0.5,1.5,1.5,0.5,-1.5,-1.5,-0.5,0.5,-0.5,-0.5,0.5,-0.5,1.5,-0.5,-1.5,-1.5,-1.5,0.5,-1.5,-1.5,-0.5,0.5,0.5,-1.5,0.5,-1.5,1.5,-1.5,1.5,-0.5,-0.5,-1.5,-0.5,-1.5,-1.5,0.5,-1.5,-1.5,-0.5,0.5,-1.5,-1.5,1.5,-0.5,-1.5,-1.5,-1.5,-1.5,1.5,-0.5,-0.5,1.5,-0.5,1.5,0.5,1.5,1.5,-1.5,-1.5,-1.5,1.5,-0.5,1.5,1.5,1.5,1.5,0.5,1.5,0.5,0.5,-1.5,-1.5,0.5,1.5,-1.5,-1.5,-1.5,-1.5,-1.5,-1.5,0.5,1.5,-1.5,0.5,-1.5,-1.5,-1.5,-0.5,-0.5,1.5,-1.5,0.5,-1.5,1.5,1.5,1.5,-1.5,-1.5,-0.5,-1.5,1.5,-1.5,1.5,1.5,1.5,1.5,1.5,-0.5,1.5,0.5,1.5,0.5,-1.5,-1.5,1.5,-1.5,1.5,-1.5,1.5,0.5,-1.5,1.5,-0.5,-1.5,1.5,0.5,-0.5,1.5,-1.5,-1.5,-1.5,-1.5,-1.5,-0.5,-1.5,1.5,-1.5,-1.5,-1.5,-1.5,-0.5,1.5,1.5,0.5,-1.5,-1.5,-1.5,1.5,-1.5,-1.5,-1.5,0.5,0.5,-1.5,-0.5,-0.5,1.5,-1.5,1.5,0.5,-1.5,-1.5,-1.5,-1.5,-0.5,0.5,1.5,0.5,-1.5,-1.5,-0.5,0.5,-1.5,0.5,-1.5,0.5,0.5,1.5,-1.5,1.5,0.5,-1.5,1.5,-0.5,-1.5,1.5,-1.5,0.5,1.5,-0.5,-1.5,1.5,1.5,1.5,0.5,1.5,-0.5,0.5,0.5,1.5,1.5,-0.5,-1.5,0.5,-1.5,-1.5,-1.5,1.5,0.5,-1.5,0.5,1.5,0.5,-1.5,-1.5,0.5,0.5,1.5,1.5,1.5,-0.5,-0.5,1.5,1.5,1.5,1.5,-0.5,0.5,-0.5,0.5,-1.5,-1.5,-0.5,0.5,1.5,-1.5,0.5,-0.5,-1.5,-1.5,1.5,1.5,-1.5,-1.5,1.5,1.5,0.5,1.5,0.5,-1.5,0.5,0.5,-1.5,1.5,-0.5,-1.5,-1.5,-1.5,-1.5,-1.5,-1.5,1.5,-1.5,1.5,-1.5,-1.5,1.5,-0.5,1.5,-0.5,1.5,-1.5,0.5,0.5,-1.5,-0.5,1.5,-1.5,-0.5,-1.5,-1.5,-1.5,0.5,1.5,1.5,1.5,-0.5,1.5,-1.5,1.5,0.5,1.5,1.5,1.5,-0.5,-0.5,1.5,-1.5,-0.5,-0.5,1.5,-0.5,1.5,0.5,-0.5,1.5,0.5,0.5,-1.5,0.5,1.5,-1.5,-1.5,0.5,-1.5,1.5,-0.5,1.5,-0.5,0.5,1.5,1.5,-0.5,1.5,-0.5,0.5,-1.5,0.5,0.5,1.5,0.5,-0.5,-0.5,0.5,-1.5,1.5,-0.5,-0.5,-1.5,1.5,0.5,-1.5,1.5,0.5,1.5,0.5,0.5,1.5,-0.5,0.5,-1.5,1.5,0.5,-1.5,0.5,1.5,-0.5,0.5,0.5,-1.5,0.5,0.5,-1.5,-0.5,0.5,1.5,1.5,-0.5,1.5,0.5,-1.5,0.5,1.5,-0.5,-1.5,-1.5,0.5,-0.5,-0.5,-0.5,1.5,-1.5,0.5,-1.5,-1.5,1.5,-0.5,-1.5,0.5,1.5,-0.5,-1.5,-0.5,-1.5,0.5,-1.5,-0.5,-1.5,-0.5,0.5,0.5,-1.5,0.5,-1.5,1.5,-0.5,0.5,-0.5,1.5,-1.5,-0.5,-0.5,-1.5,-1.5,-1.5,-0.5,-0.5,1.5,-0.5,-0.5,-0.5,-1.5,1.5,-0.5,-0.5,-1.5,-0.5,-0.5,-1.5,-0.5,-1.5,0.5,1.5,-0.5,0.5,-0.5,-1.5,0.5,-0.5,-1.5,0.5,-1.5,1.5,-0.5,-1.5,-0.5,0.5,-0.5,0.5,-0.5,-1.5,-0.5,-0.5,-0.5,-1.5,-0.5,-1.5,-0.5,-1.5,1.5,-1.5,1.5,-1.5,-0.5,-1.5,-1.5,-1.5,-1.5,-0.5,-1.5,-1.5,-1.5,1.5,-0.5,0.5,1.5,-1.5,-1.5,-0.5,1.5,1.5,1.5,-1.5,0.5,1.5,0.5,1.5,1.5,0.5,-1.5,0.5,1.5,0.5,1.5,-1.5,-0.5,0.5,1.5,1.5,-1.5,-1.5,1.5,-0.5,-1.5,-1.5,0.5,-1.5,1.5,1.5,0.5,-1.5,-0.5,0.5,-1.5,-1.5,-1.5,-1.5,-1.5,0.5,-0.5,1.5,1.5,1.5,1.5,1.5,-0.5,-0.5,-1.5,0.5,1.5,1.5,-1.5,-1.5,-1.5,0.5,-0.5,-1.5,1.5,-1.5,1.5,0.5,0.5,-1.5,-1.5,1.5,1.5,1.5,0.5,0.5,-1.5,-1.5,-1.5,-0.5,-1.5,1.5,-0.5,1.5,1.5,1.5,1.5,-1.5,1.5,1.5,-1.5,1.5,-0.5,-1.5,1.5,1.5,-1.5,-0.5,-1.5,1.5,-1.5,1.5,-1.5,1.5,1.5,1.5,-0.5,1.5,-1.5,-1.5,-1.5,0.5,-1.5,0.5,-1.5,-0.5,1.5,-1.5,1.5,-0.5,1.5,0.5,0.5,0.5,0.5,1.5,1.5,-0.5,1.5,-1.5,0.5,0.5,0.5,-1.5,1.5,1.5,1.5,1.5,-0.5,-1.5,1.5,0.5,0.5,-0.5,0.5,-0.5,-1.5,-0.5,-1.5,0.5,-1.5,-1.5,-1.5,-1.5,1.5,-0.5,1.5,1.5,1.5,1.5,0.5,-1.5,-1.5,0.5,0.5,1.5,1.5,-1.5,1.5,-1.5,-1.5,0.5,-1.5,1.5,-0.5,-1.5,-1.5,-1.5,-1.5,-1.5,1.5,-1.5,1.5,-1.5,1.5,-1.5,-0.5,-1.5,-1.5,-1.5,1.5,0.5,-0.5,-1.5,-1.5,-1.5,0.5,-1.5,1.5,1.5,1.5,1.5,1.5,1.5,-0.5,1.5,1.5,-1.5,1.5,1.5,-1.5,1.5,0.5,-1.5,-1.5,1.5,-0.5,1.5,1.5,-1.5,1.5,-1.5,1.5,1.5,-1.5,0.5,1.5,-0.5,-1.5,1.5,-1.5,1.5,-0.5,0.5,-1.5,1.5,-0.5,1.5,-0.5,-1.5,1.5,-1.5,1.5,1.5,1.5,1.5,1.5,0.5,0.5,1.5,-1.5,-1.5,-1.5,-0.5,-1.5,-1.5,0.5,-1.5,1.5,-0.5,0.5,-1.5,-1.5,1.5,1.5,1.5,-0.5,1.5,1.5,-0.5,-0.5,1.5,1.5,-0.5,1.5,1.5,1.5,-0.5,-0.5,-1.5,-1.5,0.5,1.5,-1.5,-1.5,-1.5,-1.5,-1.5,0.5,-1.5,-1.5,-1.5,-0.5,1.5,-0.5,-1.5,-1.5,1.5,-1.5,-0.5,0.5,-1.5,0.5,-1.5,-1.5,0.5,0.5,-1.5,-1.5,-1.5,1.5,0.5,0.5,1.5,-1.5,1.5,1.5,-0.5,1.5,-1.5,0.5,0.5,-1.5,-1.5,-1.5,-0.5,0.5,0.5,1.5,-1.5,1.5,1.5,-1.5,0.5,-1.5,-0.5,-0.5,1.5,1.5,-0.5,1.5,-1.5,0.5,0.5,-1.5,-1.5,1.5,-1.5,1.5,1.5,1.5,-0.5,-1.5,-1.5,1.5,-0.5,-1.5,-0.5,1.5,-1.5,-0.5,1.5,0.5,-0.5,-1.5,-1.5,0.5,0.5,1.5,-0.5,0.5,-1.5,0.5,-1.5,1.5,-1.5,0.5,0.5,1.5,-1.5,1.5,-1.5,1.5,1.5,-0.5,-0.5,-0.5,-1.5,1.5,-1.5,-0.5,-0.5,-0.5,1.5,-0.5,-0.5,1.5,1.5,0.5,0.5,-0.5,-0.5,1.5,-0.5,-0.5,1.5,-0.5,-0.5,-1.5,1.5,-1.5,-0.5,1.5,1.5,1.5,-1.5,-0.5,-0.5,-1.5,-1.5,-0.5,1.5,-0.5,-1.5,1.5,0.5,0.5,-1.5,0.5,0.5,-1.5,-1.5,-0.5,1.5,-1.5,0.5,0.5,-0.5,-1.5,-1.5,1.5,-1.5,-0.5,1.5,1.5,1.5,1.5,0.5,-1.5,-0.5,-1.5,1.5,0.5,-1.5,1.5,0.5,0.5,-1.5,0.5,-1.5,-0.5,1.5,-0.5,-0.5,-0.5,-1.5,1.5,1.5,1.5,-1.5,1.5,0.5,1.5,-1.5,-0.5,-0.5,-0.5,1.5,1.5,-1.5,-1.5,-1.5,1.5,0.5,-0.5,1.5,1.5,1.5,-0.5,-0.5,1.5,-0.5,-0.5,0.5,1.5,1.5,1.5,-1.5,-0.5,1.5,-1.5,-0.5,-1.5,-0.5,-1.5,0.5,-1.5,1.5,-0.5,-1.5,-0.5,1.5,-0.5,1.5,-0.5,1.5,-0.5,-0.5,-0.5,-1.5,1.5,-0.5,-0.5,1.5,1.5,1.5,-0.5,1.5,-0.5,-0.5,-0.5,-0.5,1.5,-0.5,1.5,-1.5,0.5,-0.5,1.5,-1.5,-0.5,1.5,1.5,1.5,-1.5,-0.5,1.5,1.5,1.5,-1.5,-1.5,-1.5,0.5,1.5,-0.5,-0.5,1.5,-0.5,-0.5,-0.5,1.5,1.5,1.5,-1.5,-1.5,-0.5,-0.5,-0.5,-0.5,1.5,-1.5,-0.5,-1.5,-0.5,-1.5,1.5,-1.5,-0.5,-1.5,-0.5,-1.5,1.5,1.5,-1.5,1.5,1.5,-1.5,-0.5,-1.5,1.5,-0.5,1.5,-1.5,-1.5,0.5,-1.5,-1.5,-1.5,1.5,0.5,-1.5,1.5,1.5,-1.5,1.5,1.5,0.5,1.5,-1.5,-1.5,-1.5,0.5,0.5,-1.5,-1.5,-1.5,-1.5,1.5,-0.5,-1.5,-1.5,0.5,-1.5,0.5,-1.5,1.5,1.5,1.5,1.5,0.5,-1.5,0.5,-1.5,-1.5,1.5,-0.5,-1.5,-0.5,1.5,-0.5,-0.5,1.5,0.5,1.5,-1.5,1.5,1.5,-0.5,-1.5,1.5,-1.5,-1.5,-0.5,1.5,1.5,-1.5,-1.5,1.5,1.5,-1.5,1.5,1.5,1.5,-1.5,1.5,1.5,1.5,1.5,1.5,-1.5,1.5,0.5,-1.5,1.5,1.5,-1.5,-1.5,-1.5,1.5,-1.5,1.5,1.5,-1.5,0.5,-1.5,1.5,-1.5,-1.5,-1.5,-1.5,-1.5,0.5,-1.5,1.5,0.5,-0.5,1.5,0.5,-1.5,0.5,-1.5,1.5,-0.5,0.5,-1.5,-1.5,-0.5,1.5,1.5,0.5,-1.5,-1.5,0.5,-0.5,-0.5,-0.5,1.5,1.5,1.5,0.5,0.5,0.5,-1.5,0.5,-0.5,-1.5,-1.5,-0.5,-1.5,-1.5,0.5,-0.5,-1.5,-0.5,-1.5,-1.5,0.5,-0.5,1.5,-0.5,-0.5,-1.5,-1.5,-1.5,1.5,-0.5,0.5,-1.5,1.5,0.5,0.5,1.5,1.5,-0.5,1.5,1.5,1.5,-1.5,1.5,1.5,0.5,-1.5,1.5,0.5,-0.5,-0.5,-1.5,-0.5,-0.5,-1.5,-0.5,-1.5,1.5,1.5,1.5,-1.5,1.5,1.5,1.5,0.5,0.5,0.5,-0.5,1.5,1.5,1.5,-1.5,0.5,-1.5,1.5,0.5,0.5,0.5,0.5,-0.5,1.5,-0.5,-0.5,-0.5,-0.5,-1.5,-1.5,-1.5,-1.5,-1.5,0.5,1.5,1.5,1.5,0.5,0.5,0.5,0.5,-1.5,1.5,0.5,0.5,0.5,1.5,-1.5,1.5,0.5,0.5,0.5,0.5,1.5,-1.5,-1.5,-0.5,-0.5,-1.5,0.5,0.5,-0.5,-1.5,1.5,1.5,1.5,-0.5,-0.5,1.5,-0.5,-1.5,0.5,0.5,-1.5,-0.5,-1.5,-0.5,-1.5,-1.5,1.5,1.5,-0.5,-0.5,-1.5,1.5,-0.5,-0.5,-1.5,1.5,0.5,0.5,-1.5,1.5,-0.5,1.5,-0.5,-1.5,-0.5,-1.5,-0.5,-0.5,-1.5,-1.5,1.5,1.5,1.5,1.5,-0.5,-1.5,-1.5,1.5,-1.5,-0.5,0.5,-1.5,-1.5,-0.5,-1.5,-0.5,-0.5,-1.5,1.5,1.5,0.5,0.5,1.5,0.5,0.5,0.5,0.5,-1.5,1.5,-0.5,-0.5,-1.5,1.5,0.5,0.5,0.5,0.5,1.5,0.5,0.5,-1.5,-1.5,1.5,1.5,0.5,0.5,1.5,1.5,1.5,-0.5,1.5,0.5,-1.5,0.5,0.5,-1.5,-1.5,-1.5,1.5,-1.5,-0.5,-0.5,0.5,0.5,0.5,1.5,-1.5,-1.5,1.5,-0.5,-1.5,0.5,0.5,-1.5,-0.5,-0.5,-0.5,-1.5,-1.5,1.5,1.5,-0.5,-0.5,-1.5,1.5,-0.5,-0.5,-1.5,1.5,-0.5,-0.5,-1.5,1.5,1.5,1.5,0.5,0.5,1.5,-1.5,1.5,0.5,0.5,0.5,1.5,0.5,1.5,0.5,-1.5,-1.5,1.5,0.5,-1.5,0.5,0.5,1.5,0.5,-1.5,-1.5,-1.5,1.5,1.5,0.5,1.5,0.5,1.5,1.5,-1.5,1.5,0.5,-1.5,0.5,0.5,-1.5,-1.5,-1.5,0.5,-1.5,-1.5,-0.5,0.5,0.5,0.5,1.5,-1.5,1.5,1.5,-0.5,-1.5,-0.5,-0.5,-1.5,-1.5,1.5,0.5,-0.5,-0.5,-0.5,-0.5,0.5,1.5,0.5,-0.5,-1.5,-0.5,-0.5,0.5,1.5,0.5,-1.5,1.5,1.5,-0.5,0.5,0.5,-1.5,1.5,0.5,1.5,0.5,1.5,-1.5,-1.5,-1.5,0.5,0.5,-1.5,-1.5,-1.5,-1.5,-0.5,0.5,-0.5,-0.5,-0.5,0.5,1.5,-1.5,-1.5,0.5,-0.5,-1.5,-1.5,1.5,0.5,-0.5,-0.5,-1.5,0.5,0.5,-0.5,1.5,1.5,-1.5,-1.5,1.5,0.5,0.5,0.5,0.5,1.5,-1.5,-0.5,1.5,0.5,-1.5,1.5,0.5,0.5,-0.5,-1.5,1.5,0.5,0.5,-0.5,-1.5,0.5,0.5,-1.5,-1.5,0.5,1.5,1.5,-0.5,1.5,-1.5,-1.5,0.5,-1.5,-0.5,-1.5,1.5,-1.5,-0.5,-0.5,-0.5,-0.5,1.5,-1.5,-1.5,0.5,-0.5,-0.5,-1.5,1.5,1.5,0.5,1.5,-0.5,-1.5,1.5,-0.5,0.5,1.5,-1.5,1.5,-1.5,-0.5,-0.5,-1.5,-1.5,0.5,0.5,0.5,-1.5,1.5,0.5,0.5,0.5,1.5,1.5,1.5,0.5,1.5,-1.5,-0.5,-0.5,-0.5,0.5,1.5,-1.5,-0.5,-1.5,1.5,-1.5,-1.5,-1.5,-1.5,1.5,-1.5,1.5,0.5,-0.5,-1.5,1.5,-0.5,-0.5,0.5,1.5,0.5,-0.5,1.5,-0.5,-1.5,-0.5,-1.5,1.5,1.5,-0.5,0.5,1.5,1.5,-1.5,-0.5,0.5,1.5,0.5,-0.5,-0.5,0.5,1.5,0.5,-0.5,-1.5,0.5,1.5,0.5,-1.5,1.5,1.5,1.5,1.5,-1.5,-1.5,1.5,1.5,1.5,1.5,-1.5,1.5,0.5,-1.5,1.5,-0.5,-1.5,-0.5,0.5,1.5,-1.5,-1.5,-0.5,0.5,0.5,-1.5,-0.5,0.5,-0.5,-1.5,-0.5,0.5,-1.5,-1.5,0.5,0.5,-1.5,1.5,0.5,1.5,-0.5,1.5,0.5,-1.5,-0.5,-1.5,-1.5,-1.5,-1.5,0.5,-1.5,-1.5,-0.5,0.5,0.5,0.5,-1.5,0.5,-1.5,0.5,1.5,1.5,-0.5,1.5,-0.5,1.5,1.5,-0.5,-0.5,-1.5,1.5,-1.5,-1.5,-1.5,0.5,1.5,-1.5,-1.5,1.5,-1.5,-1.5,-0.5,0.5,-1.5,-1.5,1.5,-0.5,-1.5,-1.5,0.5,1.5,1.5,1.5,-0.5,1.5,1.5,-1.5,-1.5,1.5,1.5,1.5,-0.5,-0.5,1.5,-0.5,1.5,1.5,-1.5,-0.5,-1.5,1.5,-1.5,-0.5,-1.5,0.5,-0.5,1.5,-0.5,-1.5,1.5,-1.5,1.5,-0.5,1.5,-0.5,-1.5,-1.5,-1.5,1.5,1.5,-0.5,1.5,-0.5,-1.5,-0.5,1.5,-1.5,1.5,1.5,-1.5,1.5,1.5,-1.5,0.5,1.5,0.5,1.5,1.5,1.5,1.5,-0.5,1.5,-1.5,-0.5,1.5,-0.5,1.5,1.5,-1.5,-1.5,-1.5,1.5,1.5,-0.5,-0.5,1.5,0.5,1.5,1.5,0.5,-1.5,-1.5,-1.5,1.5,1.5,-1.5,-1.5,1.5,1.5,-1.5,-0.5,1.5,-1.5,-1.5,1.5,1.5,-0.5,-1.5,1.5,1.5,-1.5,1.5,-0.5,1.5,1.5,-1.5,1.5,1.5,1.5,1.5,-1.5,1.5,-1.5,1.5,-0.5,1.5,-0.5,1.5,-0.5,1.5,-1.5,1.5,1.5,-0.5,1.5,1.5,1.5,1.5,1.5,1.5,-0.5,1.5,1.5,-0.5,1.5,-0.5,-0.5,0.5,1.5,0.5,-1.5,0.5,-0.5,-1.5,-0.5,0.5,1.5,-1.5,-1.5,-1.5,1.5,-1.5,-1.5,-0.5,-1.5,0.5,-1.5,-1.5,0.5,1.5,0.5,-0.5,-1.5,-0.5,0.5,1.5,1.5,-1.5,0.5,-0.5,-1.5,-1.5,0.5,-0.5,-1.5,-0.5,0.5,0.5,-1.5,-1.5,-1.5,1.5,1.5,-1.5,-1.5,-0.5,0.5,1.5,1.5,-1.5,-0.5,1.5,1.5,0.5,0.5,1.5,0.5,-1.5,-1.5,0.5,-1.5,-1.5,-0.5,0.5,0.5,-0.5,-1.5,-0.5,1.5,1.5,-1.5,-1.5,0.5,1.5,0.5,-0.5,1.5,1.5,-1.5,0.5,0.5,1.5,1.5,-1.5,-1.5,0.5,-1.5,-1.5,-0.5,0.5,1.5,-1.5,-0.5,0.5,1.5,0.5,-0.5,-1.5,-0.5,0.5,1.5,1.5,-0.5,-0.5,1.5,0.5,-0.5,-1.5,-1.5,0.5,0.5,-1.5,-1.5,-1.5,0.5,0.5,-0.5,-0.5,0.5,1.5,0.5,-0.5,-1.5,1.5,-1.5,1.5,-1.5,0.5,-1.5,-0.5,0.5,0.5,1.5,-0.5,1.5,0.5,-0.5,0.5,-0.5,0.5,0.5,1.5,-0.5,1.5,0.5,-0.5,0.5,1.5,1.5,0.5,0.5,1.5,0.5,0.5,1.5,0.5,-0.5,0.5,-1.5,1.5,1.5,1.5,1.5,-0.5,-0.5,0.5,0.5,-1.5,-1.5,-0.5,1.5,0.5,-0.5,-1.5,-0.5,0.5,0.5,1.5,1.5,0.5,0.5,1.5,0.5,-1.5,1.5,-1.5,1.5,1.5,0.5,-1.5,1.5,-1.5,-0.5,0.5,0.5,1.5,0.5,-1.5,1.5,-1.5,-0.5,-0.5,1.5,1.5,1.5,-0.5,-0.5,-0.5,0.5,0.5,1.5,1.5,0.5,-0.5,0.5,0.5,-1.5,0.5,0.5,1.5,1.5,0.5,-1.5,1.5,-0.5,-0.5,0.5,1.5,0.5,0.5,0.5,1.5,0.5,1.5,1.5,1.5,-0.5,0.5,-1.5,0.5,-0.5,0.5,-0.5,0.5,-1.5,-1.5,0.5,0.5,-1.5,0.5,-1.5,-0.5,-0.5,0.5,1.5,0.5,-1.5,0.5,-0.5,-0.5,-0.5,-1.5,-1.5,-1.5,-0.5,-0.5,-0.5,0.5,-1.5,1.5,-0.5,-0.5,-0.5,0.5,1.5,-1.5,1.5,-0.5,1.5,-1.5,0.5,0.5,-1.5,1.5,-0.5,1.5,-0.5,1.5,1.5,1.5,-0.5,-0.5,1.5,1.5,-0.5,-0.5,1.5,1.5,-0.5,0.5,-1.5,1.5,0.5,-1.5,-0.5,-0.5,-1.5,-0.5,-1.5,-0.5,0.5,1.5,-1.5,-0.5,-1.5,0.5,1.5,0.5,0.5,1.5,0.5,-1.5,0.5,-1.5,1.5,-0.5,0.5,-1.5,1.5,1.5,-0.5,-1.5,0.5,1.5,-1.5,0.5,-1.5,-0.5,1.5,1.5,-0.5,-1.5,-0.5,0.5,-0.5,0.5,-1.5,1.5,-0.5,1.5,1.5,1.5,-0.5,-0.5,1.5,1.5,0.5,-0.5,0.5,1.5,-0.5,0.5,-1.5,-0.5,0.5,1.5,-1.5,-0.5,-1.5,-1.5,-1.5,-1.5,0.5,1.5,-1.5,-0.5,-0.5,0.5,-0.5,0.5,-0.5,0.5,-1.5,1.5,-0.5,0.5,-1.5,0.5,1.5,-0.5,-0.5,1.5,-0.5,0.5,-1.5,-0.5,0.5,0.5,1.5,-1.5,-0.5,-0.5,0.5,1.5,1.5,-1.5,1.5,1.5,1.5,0.5,-0.5,1.5,1.5,-0.5,0.5,-1.5,1.5,0.5,0.5,-1.5,0.5,-1.5,-0.5,-1.5,1.5,-1.5,0.5,-1.5,0.5,-1.5,-0.5,-0.5,-1.5,-1.5,1.5,0.5,-1.5,-0.5,0.5,0.5,-0.5,1.5,-1.5,1.5,0.5,0.5,0.5,-0.5,0.5,-0.5,-0.5,-0.5,-1.5,0.5,-1.5,1.5,-0.5,-1.5,1.5,1.5,-0.5,-0.5,-0.5,0.5,-0.5,-1.5,-0.5,0.5,0.5,1.5,-0.5,0.5,-1.5,1.5,-0.5,0.5,-0.5,0.5,1.5,0.5,-0.5,0.5,-0.5,0.5,-1.5,1.5,-0.5,0.5,-1.5,1.5,0.5,0.5,-1.5,-1.5,1.5,0.5,-1.5,1.5,-1.5,0.5,-0.5,1.5,-1.5,1.5,-1.5,0.5,-1.5,-0.5,1.5,0.5,1.5,-0.5,-1.5,1.5,1.5,-0.5,-0.5,-1.5,1.5,-1.5,0.5,0.5,1.5,-0.5,0.5,-1.5,0.5,-1.5,1.5,-0.5,-1.5,-0.5,0.5,-0.5,0.5,-0.5,1.5,-1.5,-0.5,-0.5,0.5,1.5,0.5,0.5,0.5,-0.5,0.5,-0.5,-1.5,-0.5,-0.5,-0.5,1.5,-0.5,-0.5,0.5,1.5,-0.5,1.5,-0.5,1.5,-0.5,-0.5,-1.5,1.5,-1.5,0.5,-0.5,0.5,0.5,-1.5,1.5,1.5,1.5,1.5,1.5,-0.5,-1.5,-0.5,0.5,-0.5,1.5,1.5,1.5,0.5,1.5,-0.5,0.5,-0.5,-0.5,-1.5,1.5,-0.5,0.5,-1.5,-1.5,-0.5,1.5,-0.5,-1.5,-1.5,-1.5,1.5,-0.5,-1.5,0.5,1.5,1.5,-1.5,1.5,-0.5,1.5,1.5,-0.5,0.5,-1.5,1.5,0.5,1.5,-0.5,1.5,1.5,0.5,-1.5,1.5,-0.5,0.5,-1.5,-1.5,-0.5,0.5,0.5,-1.5,0.5,-1.5,1.5,0.5,1.5,0.5,0.5,0.5,-0.5,0.5,-0.5,1.5,-1.5,0.5,-1.5,-0.5,-0.5,1.5,-1.5,-1.5,0.5,0.5,-1.5,-1.5,-1.5,0.5,-1.5,-0.5,1.5,-0.5,-0.5,0.5,1.5,0.5,-1.5,0.5,-1.5,1.5,-1.5,-1.5,-1.5,-0.5,1.5,0.5,-1.5,-1.5,0.5,-0.5,0.5,-1.5,0.5,-1.5,0.5,-0.5,1.5,1.5,-0.5,-1.5,1.5,-1.5,0.5,-1.5,-0.5,-1.5,-1.5,1.5,-1.5,-1.5,-1.5,-1.5,1.5,-0.5,-1.5,1.5,-1.5,0.5,-0.5,-0.5,-0.5,0.5,-1.5,-1.5,0.5,0.5,-1.5,-1.5,1.5,0.5,-1.5,-1.5,-0.5,1.5,-1.5,-0.5,-1.5,1.5,-1.5,-0.5,1.5,-0.5,-1.5,0.5,-0.5,-0.5,-0.5,1.5,-0.5,-0.5,0.5,-0.5,-1.5,0.5,0.5,-0.5,1.5,-1.5,0.5,0.5,-0.5,0.5,-0.5,0.5,0.5,-1.5,1.5,0.5,-1.5,0.5,-0.5,-0.5,1.5,-0.5,-1.5,0.5,-0.5,-0.5,-0.5,-1.5,-0.5,-1.5,0.5,0.5,-1.5,-1.5,0.5,-0.5,0.5,-0.5,-1.5,0.5,1.5,1.5,-0.5,-0.5,-0.5,-1.5,-0.5,-1.5,-1.5,0.5,1.5,1.5,0.5,-1.5,-0.5,1.5,-0.5,-0.5,-1.5,-0.5,-0.5,1.5,-0.5,-0.5,0.5,-1.5,0.5,-1.5,1.5,-0.5,1.5,-0.5,-0.5,-0.5,0.5,-1.5,0.5,-0.5,1.5,-0.5,-0.5,1.5,-1.5,-1.5,0.5,-0.5,0.5,0.5,1.5,-1.5,-0.5,0.5,0.5,-0.5,-0.5,-1.5,-1.5,1.5,-0.5,-1.5,0.5,-1.5,-1.5,-0.5,0.5,1.5,0.5,1.5,-1.5,0.5,-0.5,-0.5,1.5,-0.5,0.5,0.5,-1.5,-1.5,0.5,1.5,0.5,0.5,-1.5,1.5,-0.5,0.5,1.5,1.5,-0.5,0.5,0.5,1.5,0.5,-1.5,1.5,0.5,1.5,-0.5,0.5,1.5,1.5,-0.5,-1.5,-0.5,-1.5,-0.5,-0.5,-1.5,-1.5,1.5,-0.5,1.5,0.5,0.5,0.5,1.5,1.5,-0.5,-0.5,0.5,1.5,-0.5,0.5,1.5,-1.5,-0.5,-1.5,1.5,-1.5,-1.5,-1.5,-1.5,1.5,1.5,0.5,1.5,0.5,-1.5,1.5,1.5,0.5,-1.5,-1.5,-1.5,-1.5,0.5,1.5,-1.5,-0.5,-1.5,-0.5,0.5,1.5,-1.5,-0.5,-1.5,0.5,-0.5,-1.5,-1.5,-1.5,1.5,-0.5,-1.5,1.5,0.5,-0.5,1.5,-0.5,-0.5,0.5,1.5,0.5,-0.5,1.5,1.5,-0.5,-0.5,0.5,1.5,0.5,-1.5,0.5,1.5,0.5,-1.5,-0.5,1.5,1.5,1.5,-0.5,1.5,-0.5,-0.5,1.5,0.5,1.5,0.5,-0.5,-0.5,0.5,1.5,0.5,-1.5,-1.5,1.5,1.5,1.5,-0.5,1.5,1.5,1.5,-1.5,-1.5,-1.5,1.5,1.5,1.5,1.5,1.5,1.5,-1.5,0.5,-0.5,-1.5,-0.5,0.5,1.5,-0.5,-1.5,-0.5,1.5,1.5,-1.5,-1.5,0.5,-1.5,1.5,1.5,0.5,1.5,-1.5,-0.5,0.5,1.5,1.5,-0.5,1.5,1.5,0.5,-0.5,1.5,1.5,-1.5,-1.5,0.5,-0.5,-1.5,-0.5,0.5,0.5,-1.5,-0.5,0.5,1.5,0.5,-0.5,1.5,-0.5,-1.5,-0.5,0.5,1.5,-1.5,1.5,0.5,-0.5,0.5,-1.5,1.5,1.5,1.5,1.5,-1.5,-1.5,0.5,-1.5,-1.5,-1.5,-1.5,0.5,-0.5,-1.5,-1.5,-0.5,0.5,-1.5,-1.5,1.5,-1.5,1.5,-0.5,0.5,-1.5,1.5,-1.5,1.5,0.5,-1.5,1.5,1.5,1.5,-1.5,1.5,-0.5,1.5,-1.5,-1.5,1.5,-1.5,-1.5,1.5,1.5,-0.5,-1.5,1.5,-0.5,-1.5,-1.5,0.5,-1.5,0.5,-1.5,1.5,1.5,-1.5,1.5,-1.5,1.5,-0.5,1.5,-1.5,1.5,-0.5,1.5,-0.5,1.5,-0.5,-0.5,1.5,-0.5,1.5,1.5,1.5,-1.5,1.5,-0.5,-1.5,0.5,-1.5,1.5,-1.5,1.5,-0.5,-1.5,-0.5,1.5,1.5,-1.5,-0.5,-1.5,0.5,1.5,-1.5,-1.5,1.5,-0.5,-1.5,1.5,1.5,-0.5,-1.5,1.5,-0.5,-1.5,-1.5,0.5,1.5,-0.5,1.5,-1.5,1.5,0.5,1.5,-1.5,1.5,-0.5,1.5,-0.5,1.5,1.5,-1.5,-1.5,-1.5,1.5,1.5,-0.5,-1.5,1.5,0.5,1.5,-1.5,1.5,-0.5,0.5,-1.5,-1.5,-1.5,1.5,-1.5,1.5,-1.5,-1.5,0.5,1.5,-0.5,1.5,-0.5,-0.5,-0.5,1.5,1.5,-1.5,-1.5,-1.5,0.5,1.5,-0.5,-1.5,1.5,1.5,-1.5,-1.5,0.5,-0.5,1.5,-1.5,1.5,-0.5,1.5,-0.5,1.5,-0.5,-1.5,-1.5,1.5,1.5,-0.5,1.5,-0.5,-1.5,-1.5,1.5,1.5,-0.5,-1.5,1.5,-0.5,-1.5,-0.5,1.5,1.5,-1.5,1.5,1.5,-1.5,-1.5,1.5,1.5,1.5,-0.5,-0.5,-0.5,-0.5,1.5,1.5,-1.5,1.5,-1.5,1.5,1.5,-0.5,-1.5,1.5,-0.5,1.5,-0.5,-0.5,1.5,1.5,1.5,-0.5,1.5,-0.5,-1.5,-1.5,-1.5,1.5,1.5,-1.5,1.5,-0.5,-1.5,-0.5,1.5,-1.5,1.5,-1.5,-1.5,1.5,1.5,-1.5,1.5,1.5,-1.5,1.5,1.5,1.5,1.5,0.5,1.5,-1.5,1.5,1.5,-0.5,1.5,1.5,-1.5,-1.5,-1.5,1.5,1.5,-1.5,-0.5,1.5,1.5,1.5,-1.5,-1.5,-1.5,-1.5,1.5,1.5,-1.5,-1.5,0.5,1.5,-1.5,-0.5,-1.5,-1.5,-1.5,1.5,0.5,-0.5,-1.5,1.5,1.5,-1.5,1.5,1.5,-1.5,1.5,-1.5,1.5,-0.5,0.5,-1.5,1.5,-1.5,1.5,1.5,-0.5,1.5,1.5,1.5,1.5,1.5,1.5,1.5,1.5,1.5,0.5,1.5,0.5,1.5,-0.5,-1.5,0.5,1.5,0.5,-0.5,0.5,-0.5,-1.5,-0.5,0.5,1.5,-1.5,-1.5,-1.5,0.5,-0.5,-1.5,-0.5,0.5,0.5,-0.5,-1.5,-0.5,0.5,1.5,0.5,-1.5,0.5,1.5,0.5,1.5,-1.5,1.5,1.5,-0.5,-0.5,0.5,-1.5,1.5,-0.5,-0.5,-1.5,1.5,1.5,1.5,-0.5,-1.5,-1.5,0.5,1.5,-0.5,-1.5,-1.5,0.5,0.5,1.5,-1.5,1.5,-1.5,0.5,1.5,0.5,1.5,1.5,-0.5,-0.5,-1.5,1.5,1.5,1.5,1.5,0.5,-0.5,-1.5,-1.5,-1.5,-0.5,0.5,-1.5,-0.5,-1.5,-0.5,1.5,-0.5,-1.5,-1.5,0.5,-1.5,-1.5,1.5,0.5,0.5,0.5,-1.5,1.5,0.5,-1.5,1.5,1.5,1.5,0.5,-1.5,1.5,1.5,-0.5,0.5,-0.5,1.5,-0.5,0.5,-1.5,-0.5,0.5,-0.5,-1.5,1.5,0.5,1.5,-0.5,-0.5,1.5,-1.5,-1.5,-1.5,0.5,-1.5,-1.5,0.5,-1.5,1.5,-1.5,1.5,-1.5,0.5,0.5,-1.5,1.5,-0.5,1.5,-0.5,-1.5,1.5,1.5,-1.5,-0.5,1.5,1.5,-0.5,1.5,1.5,1.5,-0.5,1.5,-0.5,0.5,-0.5,1.5,0.5,-0.5,-1.5,-0.5,0.5,-0.5,1.5,0.5,1.5,-0.5,-0.5,0.5,1.5,0.5,-0.5,1.5,0.5,-0.5,0.5,-1.5,-0.5,0.5,0.5,1.5,-0.5,-0.5,0.5,1.5,-0.5,-0.5,1.5,1.5,-1.5,-0.5,-1.5,1.5,-1.5,1.5,-0.5,0.5,-0.5,0.5,1.5,0.5,-0.5,-1.5,-1.5,0.5,0.5,-1.5,0.5,-0.5,1.5,0.5,1.5,0.5,0.5,-0.5,0.5,-0.5,-0.5,-1.5,1.5,-0.5,0.5,-1.5,-1.5,-0.5,0.5,-1.5,-1.5,-1.5,-1.5,0.5,1.5,-0.5,0.5,1.5,1.5,-0.5,-1.5,1.5,1.5,1.5,-0.5,-0.5,0.5,1.5,1.5,1.5,-0.5,-1.5,1.5,1.5,-0.5,0.5,-1.5,0.5,1.5,1.5,-0.5,0.5,-1.5,1.5,-1.5,1.5,0.5,0.5,-1.5,-1.5,-0.5,0.5,0.5,1.5,0.5,-0.5,1.5,1.5,1.5,-0.5,1.5,0.5,0.5,0.5,-1.5,1.5,-1.5,0.5,-1.5,-0.5,-1.5,0.5,-1.5,-0.5,0.5,0.5,-1.5,-1.5,-1.5,0.5,-1.5,1.5,0.5,-1.5,-1.5,1.5,-0.5,0.5,-1.5,0.5,-0.5,1.5,-0.5,-0.5,-1.5,-0.5,-1.5,-0.5,0.5,0.5,1.5,-1.5,-0.5,1.5,1.5,-1.5,-0.5,-0.5,0.5,1.5,0.5,-0.5,-0.5,-0.5,0.5,-0.5,-0.5,-0.5,1.5,-1.5,-1.5,0.5,0.5,-1.5,-1.5,-1.5,0.5,-1.5,1.5,-1.5,1.5,-1.5,-0.5,-1.5,1.5,-1.5,1.5,1.5,1.5,-1.5,-1.5,1.5,-1.5,-0.5,1.5,-1.5,1.5,-0.5,1.5,-1.5,-0.5,1.5,-1.5,0.5,-1.5,-1.5,-0.5,-1.5,-0.5,-0.5,-0.5,-1.5,1.5,-1.5,-0.5,1.5,1.5,-0.5,-1.5,0.5,-1.5,1.5,-0.5,0.5,1.5,1.5,1.5,0.5,-1.5,-0.5,0.5,-1.5,-0.5,-1.5,0.5,-1.5,1.5,0.5,1.5,-0.5,-0.5,1.5,0.5,-1.5,1.5,-1.5,1.5,-1.5,-1.5,-1.5,0.5,-1.5,0.5,0.5,1.5,1.5,-1.5,-0.5,-1.5,-1.5,1.5,-1.5,0.5,1.5,1.5,1.5,0.5,-1.5,1.5,0.5,-1.5,-1.5,-1.5,1.5,-1.5,1.5,-0.5,-1.5,-1.5,-1.5,0.5,1.5,1.5,0.5,0.5,-1.5,-1.5,-1.5,-0.5,0.5,-1.5,1.5,-1.5,0.5,1.5,-1.5,1.5,-1.5,0.5,-1.5,1.5,-1.5,-1.5,1.5,0.5,1.5,0.5,-1.5,1.5,-0.5,-1.5,-1.5,-1.5,1.5,-0.5,1.5,1.5,1.5,0.5,-1.5,-0.5,1.5,1.5,1.5,0.5,0.5,1.5,1.5,0.5,-0.5,1.5,-1.5,-1.5,-1.5,-1.5,-1.5,1.5,1.5,0.5,1.5,-1.5,-0.5,-1.5,-1.5,1.5,-1.5,-1.5,1.5,1.5,0.5,0.5,0.5,0.5,-1.5,-1.5,-1.5,1.5,-1.5,1.5,1.5,1.5,0.5,1.5,-1.5,-0.5,-1.5,-0.5,1.5,-1.5,-0.5,-0.5,-1.5,1.5,1.5,1.5,-1.5,1.5,-0.5,-0.5,1.5,0.5,0.5,1.5,0.5,1.5,1.5,-0.5,1.5,0.5,0.5,-1.5,1.5,1.5,-1.5,0.5,-0.5,1.5,1.5,-0.5,0.5,1.5,0.5,-1.5,-0.5,-1.5,1.5,-1.5,-1.5,0.5,-1.5,-0.5,-1.5,-0.5,1.5,0.5,-1.5,0.5,-1.5,-1.5,-0.5,-1.5,-0.5,-1.5,-0.5,0.5,-1.5,-0.5,-0.5,0.5,-1.5,-0.5,1.5,1.5,-1.5,-0.5,0.5,-0.5,-1.5,-1.5,0.5,1.5,-1.5,0.5,-1.5,1.5,1.5,0.5,1.5,-1.5,0.5,-1.5,-1.5,-1.5,1.5,-1.5,-1.5,-1.5,-0.5,0.5,-1.5,-0.5,1.5,1.5,-0.5,-1.5,-1.5,0.5,1.5,1.5,-0.5,0.5,-1.5,-0.5,1.5,1.5,-0.5,1.5,0.5,1.5,-1.5,-0.5,-1.5,1.5,1.5,-1.5,-0.5,1.5,1.5,0.5,1.5,-0.5,1.5,1.5,1.5,1.5,1.5,1.5,1.5,-1.5,1.5,-1.5,-1.5,1.5,-1.5,1.5,-1.5,1.5,-1.5,-0.5,-0.5,1.5,-0.5,-1.5,-1.5,0.5,-0.5,0.5,-0.5,1.5,1.5,-0.5,-1.5,0.5,1.5,-1.5,1.5,1.5,-0.5,-1.5,0.5,0.5,-1.5,-1.5,-1.5,-0.5,-1.5,-1.5,-1.5,1.5,-1.5,-1.5,-1.5,-0.5,-0.5,0.5,-1.5,-1.5,1.5,-1.5,-1.5,-0.5,-1.5,1.5,-1.5,-1.5,1.5,-1.5,-1.5,-1.5,-0.5,-0.5,-1.5,1.5,0.5,1.5,-1.5,-1.5,-1.5,1.5,0.5,-1.5,-0.5,0.5,-0.5,-1.5,1.5,-1.5,-0.5,-0.5,-1.5,-1.5,-1.5,-1.5,-1.5,-1.5,-1.5,-1.5,-1.5,0.5,1.5,0.5,-0.5,-0.5,0.5,0.5,-0.5,-1.5,-1.5,-0.5,-1.5,-1.5,-0.5,-0.5,-1.5,-1.5,-1.5,0.5,-1.5,0.5,0.5,-0.5,1.5,-1.5,0.5,1.5,0.5,0.5,0.5,-0.5,-0.5,1.5,-1.5,1.5,1.5,0.5,1.5,-1.5,1.5,1.5,-1.5,-1.5,-0.5,-1.5,-1.5,-1.5,-1.5,0.5,0.5,1.5,1.5,1.5,-0.5,-1.5,-1.5,0.5,0.5,0.5,1.5,-1.5,-0.5,0.5,1.5,1.5,0.5,0.5,0.5,-1.5,1.5,0.5,-1.5,0.5,1.5,-1.5,-1.5,0.5,-0.5,-0.5,-0.5,0.5,0.5,-0.5,-1.5,-0.5,0.5,-0.5,-0.5,-1.5,0.5,-0.5,-0.5,-1.5,-1.5,0.5,-1.5,1.5,-1.5,-1.5,0.5,-1.5,-1.5,-0.5,-1.5,-0.5,1.5,-1.5,1.5,1.5,1.5,1.5,1.5,1.5,1.5,-1.5,-1.5,0.5,0.5,-1.5,-1.5,-1.5,1.5,0.5,0.5,-0.5,-1.5,-1.5,-1.5,1.5,1.5,0.5,-1.5,0.5,0.5,1.5,1.5,0.5,-0.5,-1.5,-0.5,-0.5,-0.5,-0.5,-1.5,1.5,0.5,-1.5,-1.5,-1.5,0.5,0.5,0.5,-0.5,-1.5,-0.5,-1.5,0.5,1.5,1.5,-0.5,-0.5,-1.5,-0.5,-0.5,1.5,-0.5,0.5,-1.5,0.5,1.5,0.5,-0.5,-1.5,-1.5,-1.5,-0.5,0.5,0.5,1.5,1.5,-1.5,-1.5,0.5,1.5,-1.5,1.5,1.5,-1.5,0.5,0.5,1.5,1.5,-1.5,-0.5,-1.5,1.5,-0.5,0.5,0.5,1.5,1.5,1.5,1.5,0.5,-0.5,0.5,-1.5,-1.5,0.5,-1.5,-1.5,-0.5,0.5,1.5,-1.5,-1.5,-1.5,-0.5,-0.5,-0.5,1.5,-1.5,1.5,-1.5,1.5,1.5,1.5,0.5,-0.5,1.5,1.5,1.5,-0.5,-0.5,0.5,1.5,1.5,1.5,1.5,-0.5,1.5,0.5,0.5,0.5,-1.5,1.5,-1.5,-1.5,-1.5,-1.5,-1.5,0.5,0.5,-1.5,-1.5,-1.5,-1.5,-0.5,0.5,0.5,-1.5,-1.5,0.5,0.5,-1.5,-1.5,-1.5,-0.5,-0.5,-0.5,0.5,1.5,-0.5,-0.5,-1.5,1.5,0.5,0.5,-1.5,-0.5,-0.5,-1.5,-1.5,-0.5,0.5,-1.5,-0.5,0.5,1.5,1.5,1.5,1.5,-0.5,0.5,1.5,-1.5,-1.5,-1.5,-1.5,-0.5,0.5,1.5,-0.5,-1.5,0.5,1.5,1.5,1.5,0.5,1.5,0.5,-0.5,1.5,-1.5,-1.5,0.5,-0.5,0.5,-1.5,-1.5,-1.5,-1.5,0.5,1.5,-1.5,-1.5,-1.5,-1.5,-0.5,0.5,-1.5,0.5,0.5,0.5,0.5,1.5,-1.5,-1.5,-1.5,0.5,0.5,1.5,-0.5,0.5,1.5,1.5,1.5,1.5,-1.5,-0.5,1.5,-0.5,-0.5,0.5,1.5,1.5,1.5,0.5,-0.5,-0.5,-1.5,1.5,-0.5,-0.5,-1.5,-1.5,0.5,1.5,-0.5,1.5,-0.5,-1.5,-1.5,-1.5,-1.5,1.5,-1.5,1.5,-1.5,1.5,-1.5,1.5,0.5,-0.5,-1.5,-1.5,-0.5,-1.5,-1.5,0.5,1.5,1.5,1.5,1.5,-1.5,-1.5,0.5,-0.5,-1.5,0.5,1.5,-1.5,1.5,1.5,-1.5,-0.5,1.5,-0.5,-0.5,1.5,1.5,1.5,0.5,0.5,-1.5,0.5,1.5,-1.5,-1.5,-1.5,0.5,1.5,-0.5,1.5,-0.5,1.5,1.5,1.5,-1.5,-0.5,0.5,1.5,1.5,1.5,1.5,1.5,-1.5,-1.5,0.5,-1.5,-0.5,0.5,1.5,0.5,-1.5,0.5,-1.5,-1.5,0.5,0.5,1.5,-1.5,0.5,-1.5,-1.5,0.5,-1.5,-0.5,0.5,1.5,1.5,1.5,1.5,1.5,0.5,0.5,-1.5,0.5,-1.5,-0.5,0.5,1.5,0.5,-1.5,0.5,-1.5,-1.5,0.5,0.5,-1.5,-1.5,0.5,-1.5,-1.5,0.5,-1.5,-1.5,0.5,1.5,1.5,1.5,1.5,1.5,1.5,0.5,-1.5,0.5,-1.5,-0.5,0.5,0.5,-1.5,1.5,-1.5,-0.5,0.5,-1.5,0.5,-1.5,-1.5,0.5,0.5,-1.5,-1.5,-0.5,0.5,-1.5,-0.5,-1.5,0.5,1.5,0.5,-1.5,-1.5,-1.5,-1.5,-0.5,-1.5,-1.5,1.5,-1.5,-0.5,-1.5,-1.5,-0.5,0.5,-1.5,-1.5,0.5,-1.5,-1.5,-0.5,0.5,1.5,-1.5,-1.5,-1.5,-1.5,-0.5,-1.5,-1.5,0.5,1.5,0.5,-1.5,-1.5,-0.5,1.5,0.5,0.5,1.5,1.5,0.5,-1.5,-1.5,0.5,-1.5,-1.5,-1.5,-0.5,1.5,1.5,-0.5,1.5,1.5,0.5,-0.5,1.5,0.5,1.5,1.5,0.5,1.5,-0.5,1.5,1.5,-1.5,-1.5,0.5,-1.5,0.5,-1.5,0.5,-0.5,-1.5,-0.5,-0.5,1.5,1.5,-1.5,0.5,0.5,0.5,1.5,0.5,-1.5,-1.5,0.5,1.5,-1.5,-1.5,1.5,-0.5,0.5,0.5,-1.5,-1.5,-0.5,-1.5,0.5,-0.5,-1.5,-0.5,0.5,1.5,1.5,-1.5,-1.5,-0.5,0.5,-1.5,1.5,0.5,0.5,1.5,-0.5,-0.5,1.5,0.5,-1.5,-1.5,-0.5,-0.5,0.5,0.5,0.5,0.5,-1.5,1.5,-0.5,0.5,-1.5,0.5,0.5,0.5,-0.5,-1.5,-0.5,1.5,0.5,-1.5,-0.5,1.5,-0.5,-0.5,-1.5,0.5,0.5,-1.5,1.5,-0.5,-0.5,-0.5,-1.5,1.5,0.5,1.5,1.5,1.5,0.5,1.5,1.5,0.5,1.5,0.5,0.5,0.5,1.5,-1.5,-1.5,0.5,-1.5,-1.5,0.5,-1.5,1.5,-0.5,-1.5,-1.5,0.5,-1.5,0.5,-0.5,1.5,0.5,-1.5,-0.5,1.5,0.5,1.5,0.5,-1.5,-0.5,-0.5,1.5,0.5,0.5,1.5,-1.5,-1.5,-1.5,1.5,-1.5,-0.5,1.5,1.5,1.5,-1.5,-0.5,0.5,1.5,-1.5,0.5,1.5,0.5,1.5,-1.5,0.5,0.5,-1.5,0.5,1.5,-1.5,1.5,-0.5,1.5,1.5,1.5,0.5,-1.5,0.5,-1.5,1.5,1.5,0.5,-1.5,-1.5,-1.5,0.5,-1.5,-0.5,-1.5,-0.5,-1.5,-0.5,-1.5,1.5,1.5,-0.5,1.5,-1.5,-1.5,-0.5,1.5,-1.5,1.5,-1.5,-1.5,-1.5,-0.5,-1.5,-1.5,-1.5,-0.5,-0.5,-1.5,-0.5,-0.5,-1.5,1.5,-1.5,-0.5,-1.5,-0.5,-1.5,-1.5,-1.5,1.5,0.5,1.5,-0.5,-1.5,1.5,-0.5,-0.5,-1.5,-0.5,-0.5,-1.5,1.5,-0.5,-0.5,1.5,1.5,1.5,-0.5,0.5,1.5,1.5,0.5,-1.5,-0.5,-0.5,0.5,-1.5,0.5,1.5,-0.5,-0.5,0.5,-1.5,-0.5,-0.5,-0.5,-1.5,-0.5,-0.5,-1.5,0.5,-1.5,0.5,0.5,-1.5,-0.5,-0.5,0.5,-1.5,0.5,0.5,1.5,0.5,0.5,-1.5,-1.5,-0.5,-0.5,-1.5,1.5,0.5,-1.5,0.5,1.5,0.5,0.5,-1.5,1.5,-0.5,-0.5,0.5,-1.5,1.5,0.5,-1.5,0.5,-0.5,0.5,0.5,-1.5,-1.5,-1.5,0.5,0.5,-1.5,1.5,1.5,-0.5,1.5,-1.5,0.5,0.5,0.5,1.5,-1.5,-1.5,0.5,-1.5,0.5,-1.5,-1.5,-0.5,-1.5,1.5,0.5,-1.5,-0.5,-1.5,-1.5,-1.5,0.5,0.5,-0.5,1.5,1.5,0.5,1.5,-0.5,1.5,1.5,-0.5,1.5,-0.5,1.5,1.5,1.5,1.5,0.5,0.5,0.5,0.5,-1.5,1.5,1.5,-0.5,0.5,0.5,-0.5,-1.5,-0.5,1.5,-0.5,1.5,-0.5,-1.5,-1.5,-0.5,-0.5,0.5,0.5,-0.5,-1.5,0.5,-1.5,1.5,0.5,0.5,-1.5,1.5,-0.5,0.5,0.5,-1.5,-1.5,0.5,-1.5,-1.5,1.5,-1.5,1.5,-1.5,1.5,1.5,0.5,1.5,-0.5,0.5,1.5,-0.5,0.5,0.5,1.5,0.5,1.5,-0.5,1.5,-1.5,-1.5,0.5,-1.5,-1.5,1.5,-1.5,0.5,1.5,1.5,-0.5,-1.5,0.5,1.5,1.5,-1.5,1.5,1.5,-1.5,0.5,0.5,1.5,1.5,-0.5,-0.5,1.5,0.5,0.5,-1.5,-1.5,-1.5,-0.5,1.5,-0.5,1.5,1.5,1.5,-1.5,-1.5,-1.5,1.5,1.5,-0.5,1.5,1.5,-0.5,0.5,-0.5,-1.5,1.5,1.5,-0.5,-0.5,1.5,-1.5,-0.5,-1.5,0.5,-1.5,-0.5,-1.5,1.5,0.5,-1.5,-1.5,-1.5,-0.5,0.5,-1.5,1.5,0.5,1.5,-0.5,-0.5,1.5,-0.5,0.5,0.5,1.5,-0.5,1.5,-0.5,-0.5,-0.5,-1.5,-1.5,1.5,0.5,0.5,1.5,1.5,1.5,0.5,1.5,1.5,0.5,-1.5,0.5,1.5,0.5,-1.5,1.5,-1.5,0.5,-1.5,1.5,1.5,0.5,1.5,-1.5,-0.5,1.5,1.5,-1.5,-1.5,0.5,-1.5,-0.5,1.5,1.5,-1.5,-1.5,0.5,-1.5,-1.5,-1.5,1.5,0.5,0.5,0.5,-1.5,1.5,-0.5,0.5,0.5,0.5,1.5,-0.5,1.5,-0.5,-1.5,0.5,-1.5,-1.5,-0.5,-1.5,-1.5,-1.5,-1.5,0.5,-1.5,-0.5,0.5,-1.5,0.5,-1.5,0.5,-1.5,1.5,1.5,-0.5,-0.5,1.5,-1.5,0.5,0.5,-1.5,1.5,1.5,1.5,1.5,0.5,-1.5,0.5,1.5,1.5,-0.5,0.5,-1.5,-0.5,-1.5,0.5,-1.5,-0.5,1.5,1.5,1.5,-0.5,1.5,0.5,-1.5,-1.5,0.5,0.5,1.5,1.5,-1.5,1.5,1.5,-0.5,0.5,-1.5,0.5,0.5,0.5,-0.5,0.5,-0.5,-1.5,-0.5,-1.5,-1.5,0.5,-1.5,-1.5,-0.5,-0.5,0.5,0.5,-1.5,0.5,-0.5,-0.5,-0.5,0.5,-1.5,real
