nameseq,A,C,G,T,label
Seq_1,0.21951219512195122,0.16585365853658537,0.2634146341463415,0.35121951219512193,DNA
Seq_2,0.4421052631578947,0.10526315789473684,0.17894736842105263,0.2736842105263158,DNA
Seq_3,0.355525965379494,0.22636484687083888,0.13981358189081225,0.2782956058588549,DNA
Seq_4,0.3308270676691729,0.19548872180451127,0.15789473684210525,0.3157894736842105,DNA
Seq_5,0.12367491166077739,0.31731448763250886,0.35053003533568905,0.20848056537102475,DNA
Seq_6,0.30303030303030304,0.2727272727272727,0.18181818181818182,0.24242424242424243,DNA
Seq_7,0.19383259911894274,0.2834067547723935,0.29515418502202645,0.2276064610866373,DNA
Seq_8,0.16352201257861634,0.2578616352201258,0.24528301886792453,0.3333333333333333,DNA
Seq_9,0.24009557148413624,0.24676334944713008,0.26640551202978274,0.24673556703895094,DNA
Seq_10,0.2534246575342466,0.2808219178082192,0.2876712328767123,0.1780821917808219,DNA
Seq_11,0.2647088918448787,0.24025376036017598,0.2803642689041236,0.21467307889082166,DNA
Seq_12,0.28733574420852875,0.22285080024347453,0.22045186007375847,0.26936159547423827,DNA
Seq_13,0.18796992481203006,0.2631578947368421,0.3308270676691729,0.21804511278195488,DNA
Seq_14,0.2564102564102564,0.23931623931623933,0.16666666666666666,0.33760683760683763,DNA
Seq_15,0.24369747899159663,0.2773109243697479,0.23529411764705882,0.24369747899159663,DNA
Seq_16,0.24358468219502566,0.24950651401500198,0.2633241215949467,0.24358468219502566,DNA
Seq_17,0.25795209382087736,0.22866994892220316,0.23125149822057495,0.28212645903634453,DNA
Seq_18,0.21768707482993196,0.29931972789115646,0.30612244897959184,0.17687074829931973,DNA
Seq_19,0.255269629369401,0.23208326014403655,0.251668715966977,0.26097839451958543,DNA
Seq_20,0.2563371249198366,0.24700442164242076,0.23991629257096567,0.2567421608667769,DNA
Seq_21,0.26744186046511625,0.2751937984496124,0.2441860465116279,0.2131782945736434,DNA
Seq_22,0.27957056363522875,0.2705199425753698,0.2254540915048998,0.2244554022845016,DNA
Seq_23,0.26113394516074545,0.2281966105512077,0.22616969765215922,0.2844997466358876,DNA
Seq_24,0.29436325678496866,0.20041753653444677,0.2291231732776618,0.27609603340292277,DNA
Seq_25,0.27395487992237405,0.2385380447966362,0.21840381660871674,0.26910325867227297,DNA
Seq_26,0.27163076923076923,0.23372307692307692,0.20233846153846155,0.2923076923076923,DNA
Seq_27,0.2206896551724138,0.30344827586206896,0.2597701149425287,0.2160919540229885,DNA
Seq_28,0.30711920529801323,0.17798013245033112,0.24503311258278146,0.26986754966887416,DNA
Seq_29,0.2620724346076459,0.2745919964229823,0.274703778224905,0.1886317907444668,DNA
Seq_30,0.1649746192893401,0.27411167512690354,0.30710659898477155,0.25380710659898476,DNA
Seq_31,0.1095890410958904,0.2465753424657534,0.1917808219178082,0.4520547945205479,DNA
Seq_32,0.1095890410958904,0.2465753424657534,0.1917808219178082,0.4520547945205479,DNA
Seq_33,0.2614884099227328,0.24833943337400027,0.20848583435000678,0.28168632235326013,DNA
Seq_34,0.2520775623268698,0.2853185595567867,0.2077562326869806,0.2548476454293629,DNA
Seq_35,0.24368266405484817,0.2632713026444662,0.24792686908259876,0.24511916421808685,DNA
Seq_36,0.20647773279352227,0.2591093117408907,0.25708502024291496,0.2773279352226721,DNA
Seq_37,0.34615384615384615,0.14102564102564102,0.21794871794871795,0.2948717948717949,DNA
Seq_38,0.39805825242718446,0.2912621359223301,0.14563106796116504,0.1650485436893204,DNA
Seq_39,0.3008130081300813,0.24390243902439024,0.21138211382113822,0.24390243902439024,DNA
Seq_40,0.3246753246753247,0.18181818181818182,0.11688311688311688,0.37662337662337664,DNA
Seq_41,0.3246753246753247,0.18181818181818182,0.11688311688311688,0.37662337662337664,DNA
Seq_42,0.3263157894736842,0.22105263157894736,0.30526315789473685,0.14736842105263157,DNA
Seq_43,0.290114120720473,0.17874329712635775,0.21174205967276227,0.319400522480407,DNA
Seq_44,0.26100118133490846,0.245126993502658,0.24608682811577082,0.24778499704666274,DNA
Seq_45,0.27450980392156865,0.1568627450980392,0.16666666666666666,0.4019607843137255,DNA
Seq_46,0.204994324631101,0.340522133938706,0.26538024971623153,0.1891032917139614,DNA
Seq_47,0.2923170731707317,0.19914634146341464,0.23597560975609755,0.2725609756097561,DNA
Seq_48,0.3333333333333333,0.2222222222222222,0.1388888888888889,0.3055555555555556,DNA
Seq_49,0.2791762013729977,0.2148606811145511,0.2086148876026383,0.2973482299098129,DNA
Seq_50,0.2854059886700836,0.22970056649581871,0.22801456703533854,0.2568788777987591,DNA
Seq_51,0.23039115297972557,0.29868933032971534,0.2707352037681753,0.20018431292238378,DNA
Seq_52,0.26659949622166246,0.22770780856423173,0.21521410579345088,0.2904785894206549,DNA
Seq_53,0.25680024026085463,0.24062553629655054,0.2371074309250043,0.26546679251759053,DNA
Seq_54,0.13157894736842105,0.3082706766917293,0.34962406015037595,0.21052631578947367,DNA
Seq_55,0.152,0.288,0.328,0.232,DNA
Seq_56,0.2888468809073724,0.18478260869565216,0.22325141776937618,0.30311909262759923,DNA
Seq_57,0.1678082191780822,0.2636986301369863,0.3082191780821918,0.2602739726027397,DNA
Seq_58,0.18248175182481752,0.4233576642335766,0.2846715328467153,0.10948905109489052,DNA
Seq_59,0.27307206068268014,0.24715549936788875,0.2484197218710493,0.23135271807838179,DNA
Seq_60,0.26582278481012656,0.24472573839662448,0.15611814345991562,0.3333333333333333,DNA
Seq_61,0.2576860841423948,0.24150485436893204,0.21258090614886732,0.28822815533980584,DNA
Seq_62,0.27332515337423313,0.2163926380368098,0.23607361963190185,0.2742085889570552,DNA
Seq_63,0.26787801508872594,0.2264371480182765,0.24737009882052916,0.2583147380724684,DNA
Seq_64,0.1967654986522911,0.25067385444743934,0.3706199460916442,0.18194070080862534,DNA
Seq_65,0.19815668202764977,0.33640552995391704,0.23963133640552994,0.22580645161290322,DNA
Seq_66,0.28595744680851065,0.21336170212765956,0.2108936170212766,0.2897872340425532,DNA
Seq_67,0.2649023002720752,0.23052188968587684,0.24499134306208262,0.25958446697996534,DNA
Seq_68,0.3203125,0.1796875,0.2578125,0.2421875,DNA
Seq_69,0.2795190627890248,0.23834480868701402,0.22227931353406638,0.2598568149898948,DNA
Seq_70,0.2615495668912416,0.2561958614051973,0.24007459095283926,0.24217998075072183,DNA
Seq_71,0.2741528983478017,0.225707084850182,0.21506580789694763,0.2850742089050686,DNA
Seq_72,0.28526148969889065,0.20602218700475436,0.20839936608557844,0.30031695721077656,DNA
Seq_73,0.4528301886792453,0.3018867924528302,0.1509433962264151,0.09433962264150944,DNA
Seq_74,0.30952380952380953,0.21428571428571427,0.07142857142857142,0.40476190476190477,DNA
Seq_75,0.27249357326478146,0.22652956298200513,0.20082262210796914,0.30015424164524424,DNA
Seq_76,0.10256410256410256,0.3076923076923077,0.46153846153846156,0.1282051282051282,DNA
Seq_77,0.24691358024691357,0.281917211328976,0.2605664488017429,0.21060275962236746,DNA
Seq_78,0.27412533640907344,0.2339210193881474,0.22084912396331083,0.27110452023946835,DNA
Seq_79,0.273371104815864,0.2374060844931642,0.23999260992733096,0.24923020076364083,DNA
Seq_80,0.3048780487804878,0.2735191637630662,0.23519163763066203,0.18641114982578397,DNA
Seq_81,0.24904214559386972,0.23663565042875387,0.22021528918080643,0.29410691479657,DNA
Seq_82,0.16216216216216217,0.26126126126126126,0.2882882882882883,0.2882882882882883,DNA
Seq_83,0.21745350500715308,0.2875536480686695,0.29113018597997137,0.20386266094420602,DNA
Seq_84,0.297846600532301,0.21283974514073717,0.2454230179853214,0.24389063634164046,DNA
Seq_85,0.27177700348432055,0.2264808362369338,0.156794425087108,0.34494773519163763,DNA
Seq_86,0.27177700348432055,0.2264808362369338,0.156794425087108,0.34494773519163763,DNA
Seq_87,0.3077827876886885,0.2017251519309939,0.21466379141344835,0.27582826896686924,DNA
Seq_88,0.27910904676448856,0.20785390055948486,0.21967697667053732,0.2933600760054893,DNA
Seq_89,0.3285841495992876,0.1923419412288513,0.23330365093499555,0.24577025823686555,DNA
Seq_90,0.2568545858747079,0.23325542951604628,0.24020977027874366,0.2696802143305022,DNA
Seq_91,0.2618655097613883,0.26364425162689803,0.24060737527114967,0.233882863340564,DNA
Seq_92,0.26329885482083487,0.22358699667528628,0.2185075729589952,0.2946065755448836,DNA
Seq_93,0.18382352941176472,0.34558823529411764,0.2757352941176471,0.1948529411764706,DNA
Seq_94,0.2835249042145594,0.22988505747126436,0.20689655172413793,0.2796934865900383,DNA
Seq_95,0.30415606446140797,0.21221374045801528,0.2020356234096692,0.28159457167090757,DNA
Seq_96,0.3008130081300813,0.2005420054200542,0.21951219512195122,0.2791327913279133,DNA
Seq_97,0.12931034482758622,0.3017241379310345,0.3103448275862069,0.25862068965517243,DNA
Seq_98,0.2727272727272727,0.21487603305785125,0.24793388429752067,0.2644628099173554,DNA
Seq_99,0.17667720407446436,0.3329820864067439,0.3073410607657183,0.18299964875307342,DNA
Seq_100,0.3063063063063063,0.2972972972972973,0.22522522522522523,0.17117117117117117,DNA
Seq_101,0.2849740932642487,0.16062176165803108,0.2694300518134715,0.2849740932642487,DNA
Seq_102,0.28029098191671087,0.21605701831890203,0.21808917947811746,0.28556282028626967,DNA
Seq_103,0.35939643347050754,0.18518518518518517,0.19890260631001372,0.25651577503429357,DNA
Seq_104,0.30994152046783624,0.22989766081871346,0.21820175438596492,0.24195906432748537,DNA
Seq_105,0.26697360343769183,0.23732351135666052,0.2249232658072437,0.27077961939840395,DNA
Seq_106,0.27301417751019613,0.22310157312099438,0.22994756263352106,0.2739366867352884,DNA
Seq_107,0.4,0.06666666666666667,0.26666666666666666,0.26666666666666666,DNA
Seq_108,0.36538461538461536,0.1346153846153846,0.25,0.25,DNA
Seq_109,0.33103231879510514,0.18544085346721054,0.1689676812048949,0.31455914653278944,DNA
Seq_110,0.25969980175587654,0.21580288870008496,0.2367601246105919,0.28773718493344663,DNA
Seq_111,0.27402606966639664,0.24375874512114293,0.21489063995875984,0.2673245452537006,DNA
Seq_112,0.4,0.2,0.05,0.35,DNA
Seq_113,0.2841522394336581,0.23007640008411018,0.20386205929767995,0.28190930118455176,DNA
Seq_114,0.2761943539630836,0.24728555917481,0.24253528773072747,0.23398479913137893,DNA
Seq_115,0.24489795918367346,0.23809523809523808,0.25170068027210885,0.2653061224489796,DNA
Seq_116,0.2578299120234604,0.2686999022482893,0.24680351906158357,0.22666666666666666,DNA
Seq_117,0.21153065367438084,0.31729598051157126,0.292326431181486,0.1788469346325619,DNA
Seq_118,0.14102564102564102,0.28205128205128205,0.28205128205128205,0.2948717948717949,DNA
Seq_119,0.3333333333333333,0.19607843137254902,0.13071895424836602,0.33986928104575165,DNA
Seq_120,0.26588465298142716,0.22189638318670576,0.2595307917888563,0.25268817204301075,DNA
Seq_121,0.2575516693163752,0.23333740980799805,0.2500101911866618,0.25910072968896497,DNA
Seq_122,0.281269707799033,0.21883540046247635,0.21273912129493378,0.2871557704435569,DNA
Seq_123,0.2799460128219548,0.21909796423349454,0.24282982791587,0.25812619502868067,DNA
Seq_124,0.29945054945054944,0.2554945054945055,0.2087912087912088,0.23626373626373626,DNA
Seq_125,0.2794253328061157,0.22044286279161723,0.2181362857519441,0.2819955186503229,DNA
Seq_126,0.21721112727593353,0.248159414539523,0.28475069435259887,0.24987876383194463,DNA
Seq_127,0.2702202480103646,0.2119193040903202,0.2817570485532729,0.23610339934604233,DNA
Seq_128,0.2696115382682547,0.21583999195939493,0.2316196793808734,0.28292879039147695,DNA
Seq_129,0.4375,0.203125,0.1875,0.171875,DNA
Seq_130,0.27090909090909093,0.2503030303030303,0.25333333333333335,0.22545454545454546,DNA
Seq_131,0.2858606557377049,0.2346951844262295,0.2229764344262295,0.2564677254098361,DNA
Seq_132,0.25027298536798426,0.26846161045767947,0.2567934358718373,0.224471968302499,DNA
Seq_133,0.16878980891719744,0.35987261146496813,0.28343949044585987,0.18789808917197454,DNA
Seq_134,0.32954545454545453,0.125,0.19318181818181818,0.3522727272727273,DNA
Seq_135,0.29444444444444445,0.21666666666666667,0.16666666666666666,0.32222222222222224,DNA
Seq_136,0.23375902276513047,0.24912085878215806,0.2560614473440681,0.26105867110864334,DNA
Seq_137,0.16701461377870563,0.27364702103741767,0.3259996788180504,0.23333868636582625,DNA
Seq_138,0.26722662933582203,0.21138590760615958,0.21014154611914762,0.3112459169388707,DNA
Seq_139,0.17613636363636365,0.2727272727272727,0.2840909090909091,0.26704545454545453,DNA
Seq_140,0.28888888888888886,0.17777777777777778,0.3111111111111111,0.2222222222222222,DNA
Seq_141,0.28396436525612473,0.21670378619153674,0.21358574610244987,0.28574610244988863,DNA
Seq_142,0.203125,0.21875,0.3671875,0.2109375,DNA
Seq_143,0.3516483516483517,0.17582417582417584,0.17582417582417584,0.2967032967032967,DNA
Seq_144,0.2279460830108101,0.30541839049779795,0.26644868543974376,0.20018684105164822,DNA
Seq_145,0.2635882635882636,0.24338624338624337,0.2582972582972583,0.23472823472823473,DNA
Seq_146,0.29545454545454547,0.26515151515151514,0.2803030303030303,0.1590909090909091,DNA
Seq_147,0.2534883720930233,0.23953488372093024,0.2558139534883721,0.25116279069767444,DNA
Seq_148,0.15671641791044777,0.20149253731343283,0.47761194029850745,0.16417910447761194,DNA
Seq_149,0.30257786072553366,0.1925813600839846,0.22267584276216026,0.28216493642832147,DNA
Seq_150,0.29656190677072347,0.21873022569078254,0.20487942065668283,0.27982844688181113,DNA
Seq_151,0.25330304089479205,0.24722125131073053,0.2399510660608179,0.2595246417336596,DNA
Seq_152,0.32786885245901637,0.22950819672131148,0.18032786885245902,0.26229508196721313,DNA
Seq_153,0.31654676258992803,0.19424460431654678,0.07194244604316546,0.4172661870503597,DNA
Seq_154,0.24324324324324326,0.34459459459459457,0.2972972972972973,0.11486486486486487,DNA
Seq_155,0.2702702702702703,0.27927927927927926,0.25225225225225223,0.1981981981981982,DNA
Seq_156,0.25824345146379046,0.23266563944530047,0.25870570107858243,0.25038520801232667,DNA
Seq_157,0.2657647328594359,0.21336849346480166,0.2375601926163724,0.28330658105939005,DNA
Seq_158,0.2651122625215889,0.25129533678756477,0.22625215889464595,0.25734024179620035,DNA
Seq_159,0.2688292509039059,0.21383103325355196,0.23807098844018945,0.2792687274023527,DNA
Seq_160,0.2857142857142857,0.23809523809523808,0.18181818181818182,0.2943722943722944,DNA
Seq_161,0.25119297575873256,0.2350957561875676,0.23197811287141312,0.2817331551822867,DNA
Seq_162,0.09090909090909091,0.3409090909090909,0.1590909090909091,0.4090909090909091,DNA
Seq_163,0.22322189601288,0.26498721469836156,0.2295671938630552,0.2822236954257032,DNA
Seq_164,0.2857773851590106,0.21797703180212014,0.21698321554770317,0.27926236749116606,DNA
Seq_165,0.2605042016806723,0.21008403361344538,0.23529411764705882,0.29411764705882354,DNA
Seq_166,0.2433011789924973,0.2465166130760986,0.22936763129689175,0.2808145766345123,DNA
Seq_167,0.24971878515185603,0.2980877390326209,0.266029246344207,0.18616422947131608,DNA
Seq_168,0.27004490057729313,0.2111610006414368,0.23617703656189865,0.2826170622193714,DNA
Seq_169,0.2784330244313395,0.22000240702852328,0.22265013840414008,0.2789144301359971,DNA
Seq_170,0.2850153412389087,0.2121651878265196,0.21199933659507422,0.2908201343394975,DNA
Seq_171,0.30678466076696165,0.25663716814159293,0.15634218289085547,0.28023598820059,DNA
Seq_172,0.2981629769194536,0.17498822421102214,0.1910032972209138,0.33584550164861043,DNA
Seq_173,0.3317683881064163,0.19874804381846636,0.2300469483568075,0.23943661971830985,DNA
Seq_174,0.28429282160625446,0.21002132196162046,0.2082444918265814,0.2974413646055437,DNA
Seq_175,0.19736842105263158,0.2631578947368421,0.2894736842105263,0.25,DNA
Seq_176,0.2676809210526316,0.23574561403508773,0.2236842105263158,0.2728892543859649,DNA
Seq_177,0.2752849866601989,0.22204705311666262,0.20058210041232113,0.30208585981081737,DNA
Seq_178,0.2994104380168559,0.20017409884065998,0.22882127171289518,0.2715941914295889,DNA
Seq_179,0.21505376344086022,0.22580645161290322,0.27956989247311825,0.27956989247311825,DNA
Seq_180,0.24077314976859954,0.2662466456656166,0.24862909812157274,0.2443511064442111,DNA
Seq_181,0.15767634854771784,0.34024896265560167,0.3651452282157676,0.13692946058091288,DNA
Seq_182,0.2717219589257504,0.2577672459189047,0.2119536598209584,0.2585571353343865,DNA
Seq_183,0.2552011095700416,0.2533188032494551,0.23211808995442837,0.2593619972260749,DNA
Seq_184,0.2368633791430881,0.23383185125303152,0.263338722716249,0.26596604688763137,DNA
Seq_185,0.17647058823529413,0.3235294117647059,0.3235294117647059,0.17647058823529413,DNA
Seq_186,0.2540715343255669,0.2651367567988779,0.23003194888178913,0.2507597599937661,DNA
Seq_187,0.2775445960125918,0.22350472193074503,0.2088142707240294,0.2901364113326338,DNA
Seq_188,0.28995050570260383,0.24484613729287713,0.2296105013987519,0.23559285560576715,DNA
Seq_189,0.23798076923076922,0.23062782805429866,0.23161764705882354,0.2997737556561086,DNA
Seq_190,0.26416148077229934,0.26033189723950856,0.2371549385670975,0.2383516834210946,DNA
Seq_191,0.25176470588235295,0.19294117647058823,0.2776470588235294,0.2776470588235294,DNA
Seq_192,0.2909090909090909,0.2,0.19090909090909092,0.3181818181818182,DNA
Seq_193,0.22994308793831467,0.30154213328437673,0.2809803561593538,0.18753442261795483,DNA
Seq_194,0.18,0.32,0.16,0.34,DNA
Seq_195,0.23323507737656596,0.27855563743551953,0.2593957258658806,0.2288135593220339,DNA
Seq_196,0.2516086201613727,0.2389949954039424,0.2469614952507405,0.2624348891839444,DNA
Seq_197,0.35294117647058826,0.226890756302521,0.24369747899159663,0.17647058823529413,DNA
Seq_198,0.2707786408292511,0.227096809115267,0.22468808357465697,0.27743646648082493,DNA
Seq_199,0.2676056338028169,0.2112676056338028,0.29577464788732394,0.22535211267605634,DNA
Seq_200,0.29221691486372575,0.2228153975835909,0.1986513065467828,0.2863163810059005,DNA
Seq_201,0.23129251700680273,0.2925170068027211,0.3401360544217687,0.1360544217687075,DNA
Seq_202,0.279975379565039,0.22260976610586786,0.21284366023799753,0.2845711940910956,DNA
Seq_203,0.2710819144657461,0.23796755597265049,0.23153237699423515,0.2594181525673683,DNA
Seq_204,0.31547619047619047,0.20833333333333334,0.16666666666666666,0.30952380952380953,DNA
Seq_205,0.2808022922636103,0.20916905444126074,0.23925501432664756,0.2707736389684814,DNA
Seq_206,0.1650485436893204,0.2621359223300971,0.21844660194174756,0.35436893203883496,DNA
Seq_207,0.2916666666666667,0.125,0.4375,0.14583333333333334,DNA
Seq_208,0.2419753086419753,0.2206564287865101,0.23252032520325203,0.30484793736826254,DNA
Seq_209,0.07112970711297072,0.6108786610878661,0.24686192468619247,0.07112970711297072,DNA
Seq_210,0.2850453893932155,0.21672240802675585,0.22083134257047302,0.27740086000955566,DNA
Seq_211,0.2580193236714976,0.23743961352657006,0.23632850241545894,0.26821256038647345,DNA
Seq_212,0.25961538461538464,0.20192307692307693,0.16346153846153846,0.375,DNA
Seq_213,0.2208461474524146,0.2678912808577841,0.27354334635524896,0.23771922533455242,DNA
Seq_214,0.3464566929133858,0.15748031496062992,0.29133858267716534,0.2047244094488189,DNA
Seq_215,0.25806451612903225,0.1935483870967742,0.34408602150537637,0.20430107526881722,DNA
Seq_216,0.2510428517254456,0.22715206674251043,0.254708633548224,0.26709644798382,DNA
Seq_217,0.2631578947368421,0.14035087719298245,0.15789473684210525,0.43859649122807015,DNA
Seq_218,0.24770253075074225,0.256185494132617,0.24183514774494558,0.25427682737169516,DNA
Seq_219,0.2318840579710145,0.2608695652173913,0.2463768115942029,0.2608695652173913,DNA
Seq_220,0.2803473252465311,0.23047386333886027,0.22772493236757135,0.26145387904703726,DNA
Seq_221,0.28483230435508095,0.22178255583895498,0.21746799837906128,0.2759171414269028,DNA
Seq_222,0.19743178170144463,0.28330658105939005,0.3202247191011236,0.19903691813804172,DNA
Seq_223,0.2654518375750142,0.23951990888781813,0.2145516667396732,0.28047658679749443,DNA
Seq_224,0.2532074268866045,0.2776715276117619,0.251852737269902,0.2172683082317316,DNA
Seq_225,0.28713968957871394,0.2236141906873614,0.21984478935698448,0.26940133037694014,DNA
Seq_226,0.3019838354151359,0.1550330639235856,0.18589272593681117,0.3570903747244673,DNA
Seq_227,0.24603174603174602,0.21428571428571427,0.18253968253968253,0.35714285714285715,DNA
Seq_228,0.2510507986069413,0.21496337216284375,0.24390536807974061,0.29008046115047437,DNA
Seq_229,0.2606090055069647,0.23412698412698413,0.2180919987042436,0.28717201166180756,DNA
Seq_230,0.2556818181818182,0.21915584415584416,0.22321428571428573,0.30194805194805197,DNA
Seq_231,0.30303030303030304,0.14393939393939395,0.20454545454545456,0.3484848484848485,DNA
Seq_232,0.2645017853533652,0.23923735093983697,0.21215387724853466,0.28410698645826316,DNA
Seq_233,0.29369562761269913,0.20562648288329002,0.2330245170037284,0.2676533725002824,DNA
Seq_234,0.25806451612903225,0.16129032258064516,0.1774193548387097,0.4032258064516129,DNA
Seq_235,0.25918064105285504,0.2230948843133093,0.2604542559966037,0.257270218637232,DNA
Seq_236,0.3911290322580645,0.23387096774193547,0.17338709677419356,0.20161290322580644,DNA
Seq_237,0.2665872543180465,0.2227516378796903,0.2144133412745682,0.2962477665276951,DNA
Seq_238,0.1787941787941788,0.2681912681912682,0.30353430353430355,0.2494802494802495,DNA
Seq_239,0.3763440860215054,0.15591397849462366,0.15053763440860216,0.3172043010752688,DNA
Seq_240,0.22631578947368422,0.23684210526315788,0.1736842105263158,0.3631578947368421,DNA
Seq_241,0.29018136335209505,0.2098907971328234,0.22263914946841776,0.2772886900466638,DNA
Seq_242,0.25177523927138007,0.19921271997530102,0.23093547391170113,0.3180765668416178,DNA
Seq_243,0.2727272727272727,0.24545454545454545,0.20454545454545456,0.2772727272727273,DNA
Seq_244,0.29492675955698466,0.21168274383708469,0.22918899607002502,0.2642015005359057,DNA
Seq_245,0.28975898217005647,0.220768748320043,0.223635874921602,0.26583639458829855,DNA
Seq_246,0.21128900315531143,0.2608975108098633,0.28263410073623935,0.24517938529858596,DNA
Seq_247,0.32075471698113206,0.18867924528301888,0.18867924528301888,0.3018867924528302,DNA
Seq_248,0.2969550507491542,0.21416143064282261,0.22986950217496374,0.25901401643305944,DNA
Seq_249,0.2771531100478469,0.22380382775119617,0.22966507177033493,0.269377990430622,DNA
Seq_250,0.2903225806451613,0.1152073732718894,0.2488479262672811,0.3456221198156682,DNA
Seq_251,0.25936692506459946,0.25468346253229973,0.2152777777777778,0.270671834625323,DNA
Seq_252,0.35537190082644626,0.2066115702479339,0.18181818181818182,0.256198347107438,DNA
Seq_253,0.3004694835680751,0.24774286746117732,0.21198988804622607,0.23979776092452149,DNA
Seq_254,0.296875,0.3125,0.2578125,0.1328125,DNA
Seq_255,0.2640255251262962,0.22294602499335284,0.2346450412124435,0.27838340866790745,DNA
Seq_256,0.300483294809834,0.20382433284303425,0.19878125656650558,0.2969111157806262,DNA
Seq_257,0.2579510657005124,0.25591971621744536,0.2537064548403723,0.23242276324166994,DNA
Seq_258,0.18888888888888888,0.3388888888888889,0.3055555555555556,0.16666666666666666,DNA
Seq_259,0.2191780821917808,0.2465753424657534,0.3013698630136986,0.2328767123287671,DNA
Seq_260,0.22916666666666666,0.22916666666666666,0.3125,0.22916666666666666,DNA
Seq_261,0.25838926174496646,0.23825503355704697,0.22483221476510068,0.2785234899328859,DNA
Seq_262,0.17391304347826086,0.33695652173913043,0.2608695652173913,0.22826086956521738,DNA
Seq_263,0.29991915925626517,0.20735650767987066,0.22473726758286175,0.26798706548100243,DNA
Seq_264,0.3063791554357592,0.22371967654986524,0.2174303683737646,0.252470799640611,DNA
Seq_265,0.22670623145400592,0.256379821958457,0.24154302670623146,0.27537091988130563,DNA
Seq_266,0.23752598752598753,0.26282051282051283,0.2668052668052668,0.23284823284823286,DNA
Seq_267,0.2510548523206751,0.23839662447257384,0.21308016877637131,0.2974683544303797,DNA
Seq_268,0.2885085574572127,0.1730508014126596,0.22765552838902472,0.310785112741103,DNA
Seq_269,0.36462093862815886,0.19133574007220217,0.16606498194945848,0.2779783393501805,DNA
Seq_270,0.29388197980135217,0.21863784325181537,0.22685919372339539,0.26062098322343713,DNA
Seq_271,0.2647058823529412,0.29411764705882354,0.24509803921568626,0.19607843137254902,DNA
Seq_272,0.27744672255327746,0.24792108541224792,0.21977578022421979,0.25485641181025487,DNA
Seq_273,0.2672367717797969,0.23496279241869836,0.23697734654442298,0.26082308925708175,DNA
Seq_274,0.2785756833675293,0.21722152359520816,0.212588523396651,0.29161426964061155,DNA
Seq_275,0.2501181770152657,0.24650335066596224,0.24283291160359258,0.2605455607151795,DNA
Seq_276,0.2855025670883396,0.22839146773937438,0.21542370190017468,0.27068226327211137,DNA
Seq_277,0.3275862068965517,0.25,0.2413793103448276,0.1810344827586207,DNA
Seq_278,0.211859951634949,0.25822731573966984,0.28041215434759753,0.24950057827778363,DNA
Seq_279,0.1780821917808219,0.2602739726027397,0.410958904109589,0.1506849315068493,DNA
Seq_280,0.3264033264033264,0.2494802494802495,0.24324324324324326,0.18087318087318088,DNA
Seq_281,0.1708542713567839,0.2663316582914573,0.3316582914572864,0.23115577889447236,DNA
Seq_282,0.25956219063500885,0.254929987559226,0.22268985415177744,0.2628179676539877,DNA
Seq_283,0.3352601156069364,0.23121387283236994,0.2023121387283237,0.23121387283236994,DNA
Seq_284,0.1981981981981982,0.2702702702702703,0.3063063063063063,0.22522522522522523,DNA
Seq_285,0.2456003128666406,0.23168892116878037,0.2407955751717973,0.2819151907927817,DNA
Seq_286,0.24527010206621858,0.24741722678615882,0.26042444610405774,0.24688822504356486,DNA
Seq_287,0.2817498291182502,0.21790840738209158,0.22406015037593985,0.2762816131237184,DNA
Seq_288,0.20618556701030927,0.23711340206185566,0.21993127147766323,0.33676975945017185,DNA
Seq_289,0.2446043165467626,0.20863309352517986,0.24700239808153476,0.2997601918465228,DNA
Seq_290,0.20967741935483872,0.14516129032258066,0.4032258064516129,0.24193548387096775,DNA
Seq_291,0.27072997873848337,0.2005669737774628,0.24039688164422396,0.28830616583982993,DNA
Seq_292,0.27508082864327627,0.23316968027781104,0.21690815471201053,0.27484133636690217,DNA
Seq_293,0.25279642058165547,0.23042505592841164,0.20134228187919462,0.31543624161073824,DNA
Seq_294,0.2784097064240061,0.2077239735673275,0.21563210919727008,0.2982342108113964,DNA
Seq_295,0.3254901960784314,0.12941176470588237,0.2549019607843137,0.2901960784313726,DNA
Seq_296,0.29371627070281,0.20643880652564978,0.21382048260033495,0.28602444017120526,DNA
Seq_297,0.16279069767441862,0.27906976744186046,0.20930232558139536,0.3488372093023256,DNA
Seq_298,0.27816598580950336,0.216136314771017,0.20183831434100194,0.30385938507847776,DNA
Seq_299,0.2705948775855874,0.22871221064517785,0.21870348508956527,0.2819894266796695,DNA
Seq_300,0.3469387755102041,0.2653061224489796,0.24489795918367346,0.14285714285714285,DNA
Seq_301,0.2967911830683702,0.21632692870379402,0.22256900419389447,0.26431288403394126,DNA
Seq_302,0.2748723366789928,0.2374244291835417,0.23666138404648707,0.25104185009097846,DNA
Seq_303,0.22580645161290322,0.24317617866004962,0.2630272952853598,0.2679900744416873,DNA
Seq_304,0.2618610747051114,0.22995693690320165,0.23370155401610185,0.2744804343755851,DNA
Seq_305,0.20341266277503367,0.24786708576560396,0.2446340368208352,0.30408621463852714,DNA
Seq_306,0.32264911908299726,0.20844831246019954,0.18998089577584376,0.27892167268095946,DNA
Seq_307,0.36585365853658536,0.10569105691056911,0.21138211382113822,0.3170731707317073,DNA
Seq_308,0.37272727272727274,0.1,0.18181818181818182,0.34545454545454546,DNA
Seq_309,0.2542079341884505,0.2583752773718677,0.23006981652865724,0.2573469719110245,DNA
Seq_310,0.26456162753576923,0.22253823606233858,0.23783266099776534,0.2750674754041269,DNA
Seq_311,0.2570888468809074,0.1720226843100189,0.2381852551984877,0.332703213610586,DNA
Seq_312,0.18181818181818182,0.09090909090909091,0.3181818181818182,0.4090909090909091,DNA
Seq_313,0.28440366972477066,0.1651376146788991,0.25688073394495414,0.29357798165137616,DNA
Seq_314,0.2824463264477015,0.2185380793149786,0.21372542891965374,0.28529016531766616,DNA
Seq_315,0.27138354526681885,0.23741984566894903,0.23323551787849148,0.2579610911857407,DNA
Seq_316,0.2187789560382992,0.26397611448574076,0.25790178111808915,0.25934314835787087,DNA
Seq_317,0.21495327102803738,0.2850467289719626,0.22897196261682243,0.27102803738317754,DNA
Seq_318,0.25925925925925924,0.25925925925925924,0.2037037037037037,0.2777777777777778,DNA
Seq_319,0.3191311612364244,0.1946532999164578,0.1846282372598162,0.30158730158730157,DNA
Seq_320,0.23352186610476508,0.2378470296846697,0.2384015378359395,0.2902295663746257,DNA
Seq_321,0.26748606183476936,0.2397364419665484,0.23631525595539787,0.25646224024328435,DNA
Seq_322,0.1695501730103806,0.25259515570934254,0.28027681660899656,0.2975778546712803,DNA
Seq_323,0.23857517603203093,0.23194808780891896,0.25044870909843986,0.27902802706061025,DNA
Seq_324,0.3264975715056665,0.20048569886670264,0.19481921208850514,0.27819751753912575,DNA
Seq_325,0.22404371584699453,0.2677595628415301,0.22950819672131148,0.2786885245901639,DNA
Seq_326,0.25487050194820077,0.22076552830621132,0.24079761631904653,0.28356635342654135,DNA
Seq_327,0.2577627846354366,0.245879015563904,0.21728130031434487,0.2790768994863145,DNA
Seq_328,0.3166023166023166,0.1969111969111969,0.1891891891891892,0.2972972972972973,DNA
Seq_329,0.23140495867768596,0.2066115702479339,0.2809917355371901,0.2809917355371901,DNA
Seq_330,0.125,0.20833333333333334,0.3125,0.3541666666666667,DNA
Seq_331,0.27312201476335213,0.21406860616587062,0.2053842813721233,0.30742509769865395,DNA
Seq_332,0.2125,0.325,0.2,0.2625,DNA
Seq_333,0.18673883626522328,0.38159675236806495,0.2638700947225981,0.16779431664411368,DNA
Seq_334,0.21839080459770116,0.3333333333333333,0.29310344827586204,0.15517241379310345,DNA
Seq_335,0.282708652640379,0.20807208211416098,0.23333797779945195,0.2758812874460081,DNA
Seq_336,0.18740257209664848,0.27762081060015587,0.3182482462977397,0.21672837100545597,DNA
Seq_337,0.2938890851289297,0.20840692334864006,0.2543270929000353,0.24337689862239492,DNA
Seq_338,0.16956622593365808,0.2913477151472976,0.3226629552308049,0.2164231036882394,DNA
Seq_339,0.3380281690140845,0.16901408450704225,0.28169014084507044,0.2112676056338028,DNA
Seq_340,0.25873297809354645,0.24457721082943107,0.24075569191022123,0.2559341191668012,DNA
Seq_341,0.27232468339048954,0.2145923905705722,0.23287338319876866,0.2802095428401696,DNA
Seq_342,0.08900523560209424,0.3298429319371728,0.36649214659685864,0.21465968586387435,DNA
Seq_343,0.3225806451612903,0.20967741935483872,0.16129032258064516,0.3064516129032258,DNA
Seq_344,0.25435540069686413,0.24390243902439024,0.29965156794425085,0.20209059233449478,DNA
Seq_345,0.22040302267002518,0.32997481108312343,0.2783375314861461,0.1712846347607053,DNA
Seq_346,0.296551724137931,0.15172413793103448,0.2206896551724138,0.3310344827586207,DNA
Seq_347,0.2571964956195244,0.22695035460992907,0.2375886524822695,0.278264497288277,DNA
Seq_348,0.26261847035486,0.23550804496363237,0.24961428256557197,0.25225920211593567,DNA
Seq_349,0.276235854675402,0.2258487194758785,0.21447290053603335,0.2834425253126861,DNA
Seq_350,0.2490071911559515,0.23086830524847055,0.21970591392078995,0.300418589674788,DNA
Seq_351,0.3006993006993007,0.22377622377622378,0.18181818181818182,0.2937062937062937,DNA
Seq_352,0.2744668128363564,0.22961929439904324,0.24337253338648596,0.2525413593781144,DNA
Seq_353,0.28832042397064817,0.23063595597227884,0.21086424785976354,0.2701793721973094,DNA
Seq_354,0.2191780821917808,0.1506849315068493,0.2876712328767123,0.3424657534246575,DNA
Seq_355,0.2579004722121322,0.20995277878677807,0.26080639302579006,0.27134035597529965,DNA
Seq_356,0.27993779160186627,0.20373250388802489,0.2317262830482115,0.2846034214618974,DNA
Seq_357,0.29653337169159955,0.21964902186421173,0.20231588032220943,0.28150172612197927,DNA
Seq_358,0.26659167604049494,0.22440944881889763,0.2109111361079865,0.2980877390326209,DNA
Seq_359,0.2457018986395575,0.2899536552548961,0.22895799073105097,0.23538645537449543,DNA
Seq_360,0.28088531187122734,0.21829156758734222,0.202085238704957,0.2987378818364734,DNA
Seq_361,0.2627118644067797,0.1694915254237288,0.3135593220338983,0.2542372881355932,DNA
Seq_362,0.29358823164297687,0.19595307553845198,0.21264974241201665,0.29780895040655453,DNA
Seq_363,0.2822384428223844,0.21654501216545013,0.2846715328467153,0.21654501216545013,DNA
Seq_364,0.20430107526881722,0.1935483870967742,0.22580645161290322,0.3763440860215054,DNA
Seq_365,0.1691551516275619,0.2833163312621719,0.32968561624779746,0.2178429008624687,DNA
Seq_366,0.24170172978027116,0.2604020570359981,0.22861150070126227,0.26928471248246844,DNA
Seq_367,0.2901931892599869,0.21602815979043877,0.18664047151277013,0.3071381794368042,DNA
Seq_368,0.35135135135135137,0.17567567567567569,0.2972972972972973,0.17567567567567569,DNA
Seq_369,0.33620689655172414,0.15517241379310345,0.25,0.25862068965517243,DNA
Seq_370,0.33620689655172414,0.15517241379310345,0.25,0.25862068965517243,DNA
Seq_371,0.2603550295857988,0.3076923076923077,0.3047337278106509,0.12721893491124261,DNA
Seq_372,0.24,0.24,0.25333333333333335,0.26666666666666666,DNA
Seq_373,0.2947070914696814,0.21505652620760535,0.21428571428571427,0.27595066803699897,DNA
Seq_374,0.24907749077490776,0.2957061388795706,0.24589064072458908,0.20932572962093257,DNA
Seq_375,0.15766738660907129,0.2613390928725702,0.34557235421166305,0.23542116630669546,DNA
Seq_376,0.34801762114537443,0.18502202643171806,0.2026431718061674,0.2643171806167401,DNA
Seq_377,0.24433128362797848,0.2537471176018447,0.24942352036894697,0.25249807840122984,DNA
Seq_378,0.24709333912854503,0.25285233076170816,0.24937520373791155,0.25067912637183526,DNA
Seq_379,0.29545454545454547,0.1590909090909091,0.2196969696969697,0.32575757575757575,DNA
Seq_380,0.28319571524213344,0.22338763668823924,0.21089042624414192,0.28252622182548537,DNA
Seq_381,0.11650485436893204,0.33980582524271846,0.42718446601941745,0.11650485436893204,DNA
Seq_382,0.21568627450980393,0.2647058823529412,0.37254901960784315,0.14705882352941177,DNA
Seq_383,0.378698224852071,0.08875739644970414,0.1242603550295858,0.40828402366863903,DNA
Seq_384,0.16,0.408,0.312,0.12,DNA
Seq_385,0.30912137190164096,0.21243778642881783,0.20268072734440448,0.27576011432513675,DNA
Seq_386,0.25643039465933637,0.24013351659139995,0.24190064794816415,0.26153544080109953,DNA
Seq_387,0.2936893203883495,0.19781553398058252,0.17111650485436894,0.33737864077669905,DNA
Seq_388,0.1878453038674033,0.30386740331491713,0.2430939226519337,0.26519337016574585,DNA
Seq_389,0.2772784610532955,0.22146010722169662,0.20829391359192684,0.29296751813308103,DNA
Seq_390,0.28026942664695254,0.22238650676304694,0.2164175017797492,0.28092656481025136,DNA
Seq_391,0.27297355873428697,0.23045802629677792,0.22261956364687183,0.27394885132206326,DNA
Seq_392,0.2646499238964992,0.23547691527143583,0.24885844748858446,0.25101471334348047,DNA
Seq_393,0.20863309352517986,0.33763334160258,0.291614983874969,0.16211858099727114,DNA
Seq_394,0.29022988505747127,0.20977011494252873,0.16954022988505746,0.33045977011494254,DNA
Seq_395,0.390990990990991,0.15855855855855855,0.14594594594594595,0.3045045045045045,DNA
Seq_396,0.21599873777216788,0.246765541180183,0.28889239507731146,0.24834332597033765,DNA
Seq_397,0.32558139534883723,0.11627906976744186,0.23255813953488372,0.32558139534883723,DNA
Seq_398,0.2599632515998226,0.23892796046379017,0.23531647975670025,0.265792308179687,DNA
Seq_399,0.2703238598810311,0.22432253800396562,0.22974223397224058,0.2756113681427627,DNA
Seq_400,0.3328100470957614,0.23076923076923078,0.19309262166405022,0.24332810047095763,DNA
Seq_401,0.22232953447942824,0.3046165733050029,0.2499517094842573,0.22310218273131158,DNA
Seq_402,0.29186155285313375,0.2441534144059869,0.2226379794200187,0.24134705332086062,DNA
Seq_403,0.19955530850472486,0.25125069483046136,0.27504168982768207,0.27415230683713177,DNA
Seq_404,0.3031634446397188,0.22249560632688928,0.20421792618629173,0.27012302284710016,DNA
Seq_405,0.4,0.22,0.22,0.16,DNA
Seq_406,0.2790193622965032,0.21505635295250938,0.22849436470474907,0.27742992004623834,DNA
Seq_407,0.2531871494135645,0.25854156042835286,0.2616012238653748,0.2266700662927078,DNA
Seq_408,0.3178861788617886,0.1902439024390244,0.16991869918699187,0.32195121951219513,DNA
Seq_409,0.24761904761904763,0.24761904761904763,0.23809523809523808,0.26666666666666666,DNA
Seq_410,0.16666666666666666,0.35,0.25,0.23333333333333334,DNA
Seq_411,0.25434229450160417,0.24399822989268724,0.23996017258546298,0.2616993030202456,DNA
Seq_412,0.2736612702366127,0.20921544209215442,0.2333437110834371,0.2837795765877958,DNA
Seq_413,0.27668624670852743,0.22118695564107757,0.22500168793464317,0.2771251097157518,DNA
Seq_414,0.35537190082644626,0.1652892561983471,0.23140495867768596,0.24793388429752067,DNA
Seq_415,0.25,0.23148148148148148,0.21296296296296297,0.3055555555555556,DNA
Seq_416,0.20165745856353592,0.2541436464088398,0.2292817679558011,0.3149171270718232,DNA
Seq_417,0.20975056689342403,0.36961451247165533,0.2755102040816326,0.14512471655328799,DNA
Seq_418,0.23414802859119208,0.2905618322957498,0.25870417339174545,0.21658596572131272,DNA
Seq_419,0.21296296296296297,0.1388888888888889,0.1574074074074074,0.49074074074074076,DNA
Seq_420,0.2764197660941945,0.22418607101464547,0.23124539036982406,0.268148772521336,DNA
Seq_421,0.22683310841205578,0.2596716149347728,0.2201979307242465,0.29329734592892487,DNA
Seq_422,0.25862068965517243,0.1810344827586207,0.1896551724137931,0.3706896551724138,DNA
Seq_423,0.2875160180751332,0.2120455925001686,0.22094827004788561,0.27949011937681256,DNA
Seq_424,0.290519877675841,0.17737003058103976,0.24770642201834864,0.28440366972477066,DNA
Seq_425,0.2795969773299748,0.2367758186397985,0.22670025188916876,0.25692695214105793,DNA
Seq_426,0.32075471698113206,0.11320754716981132,0.18867924528301888,0.37735849056603776,DNA
Seq_427,0.25989858116068226,0.23613174204784101,0.223889771039287,0.2800799057521897,DNA
Seq_428,0.18309859154929578,0.29577464788732394,0.29577464788732394,0.22535211267605634,DNA
Seq_429,0.23661129568106312,0.25408637873754153,0.24232558139534885,0.2669767441860465,DNA
Seq_430,0.2471590909090909,0.26136363636363635,0.21022727272727273,0.28125,DNA
Seq_431,0.28918994937183573,0.221732608288018,0.21432589536846053,0.27475154697168575,DNA
Seq_432,0.22961460446247464,0.25858012170385397,0.27399594320486814,0.23780933062880324,DNA
Seq_433,0.2327364385863572,0.2924959302630888,0.26387649004883684,0.21089114110171717,DNA
Seq_434,0.15254237288135594,0.3050847457627119,0.3898305084745763,0.15254237288135594,DNA
Seq_435,0.3132768361581921,0.20706214689265537,0.17288135593220338,0.30677966101694915,DNA
Seq_436,0.27184466019417475,0.17475728155339806,0.25728155339805825,0.2961165048543689,DNA
Seq_437,0.16001969473165928,0.3682914820285574,0.2294436238306253,0.24224519940915806,DNA
Seq_438,0.26933064050779,0.2404789382573572,0.22432198499711484,0.26586843623773804,DNA
Seq_439,0.2632717337684514,0.2307517170720601,0.22407316055098092,0.28190338860850755,DNA
Seq_440,0.24176857949200375,0.23142050799623706,0.23518344308560676,0.2916274694261524,DNA
Seq_441,0.30721966205837176,0.18740399385560677,0.17972350230414746,0.32565284178187404,DNA
Seq_442,0.23980765210119173,0.22015471461425884,0.24879782563244826,0.29123980765210117,DNA
Seq_443,0.2697709923664122,0.21755725190839695,0.20916030534351146,0.30351145038167937,DNA
Seq_444,0.2625,0.2875,0.2625,0.1875,DNA
Seq_445,0.28246839831457676,0.22539868793002293,0.21921169129020215,0.2729212224651981,DNA
Seq_446,0.3019754404698345,0.21516284036305391,0.21868659903897492,0.26417512012813665,DNA
Seq_447,0.24344724189629324,0.2259215219976219,0.2669182650054283,0.26371297110065656,DNA
Seq_448,0.28111073020226257,0.2163181350702777,0.22043195063421323,0.2821391840932465,DNA
Seq_449,0.2653229123817359,0.24177293294940352,0.23097490744549568,0.26192924722336486,DNA
Seq_450,0.2722131593257205,0.23371397498640564,0.2210984230560087,0.27297444263186516,DNA
Seq_451,0.3010752688172043,0.23655913978494625,0.23297491039426524,0.22939068100358423,DNA
Seq_452,0.2766502941652723,0.2169806228747234,0.22391644626760943,0.2824526366923949,DNA
Seq_453,0.233502538071066,0.36548223350253806,0.27411167512690354,0.12690355329949238,DNA
Seq_454,0.25882352941176473,0.24705882352941178,0.16470588235294117,0.32941176470588235,DNA
