nameseq,A,C,G,T,label
Seq_1,0.2522214627477785,0.23513328776486672,0.18455228981544772,0.32809295967190705,DNA
Seq_2,0.2811084465760725,0.22764011013411492,0.21129762856381562,0.279953814725997,DNA
Seq_3,0.3739130434782609,0.1826086956521739,0.1826086956521739,0.2608695652173913,DNA
Seq_4,0.17270429654591407,0.2864363942712721,0.33866891322662174,0.2021903959561921,DNA
Seq_5,0.2898550724637681,0.2753623188405797,0.10144927536231885,0.3333333333333333,DNA
Seq_6,0.2786885245901639,0.26229508196721313,0.18032786885245902,0.2786885245901639,DNA
Seq_7,0.30760640810892065,0.20074732637546708,0.20822059013013786,0.28342567538547436,DNA
Seq_8,0.11688311688311688,0.2727272727272727,0.43506493506493504,0.17532467532467533,DNA
Seq_9,0.3779527559055118,0.16535433070866143,0.2125984251968504,0.2440944881889764,DNA
Seq_10,0.3181818181818182,0.1590909090909091,0.23863636363636365,0.2840909090909091,DNA
Seq_11,0.2878947986380181,0.2215568862275449,0.2095417009119017,0.2810066142225353,DNA
Seq_12,0.29813326066221557,0.22918653767543262,0.2176863332879139,0.25499386837443794,DNA
Seq_13,0.2765321375186846,0.21156720708290214,0.242152466367713,0.26974818903070025,DNA
Seq_14,0.26498684757026164,0.2227606257787623,0.26540218745673544,0.24685033919424063,DNA
Seq_15,0.24170616113744076,0.28278041074249605,0.2890995260663507,0.18641390205371247,DNA
Seq_16,0.23154589669396047,0.25728005910238255,0.24890722157236964,0.2622668226312873,DNA
Seq_17,0.28894719580190226,0.2197441784191538,0.19416202033453592,0.297146605444408,DNA
Seq_18,0.24439918533604887,0.20977596741344195,0.38289205702647655,0.1629327902240326,DNA
Seq_19,0.3392857142857143,0.24107142857142858,0.17857142857142858,0.24107142857142858,DNA
Seq_20,0.3493975903614458,0.20481927710843373,0.1927710843373494,0.25301204819277107,DNA
Seq_21,0.28494310207078233,0.22761331001273996,0.21273563516227245,0.2747079527542053,DNA
Seq_22,0.30973451327433627,0.18584070796460178,0.168141592920354,0.336283185840708,DNA
Seq_23,0.2608695652173913,0.2391304347826087,0.2826086956521739,0.21739130434782608,DNA
Seq_24,0.3047619047619048,0.19047619047619047,0.24761904761904763,0.2571428571428571,DNA
Seq_25,0.25172883997272816,0.25942339534430703,0.24393688516606604,0.2449108795168988,DNA
Seq_26,0.35119047619047616,0.17857142857142858,0.17261904761904762,0.2976190476190476,DNA
Seq_27,0.3082706766917293,0.18796992481203006,0.24060150375939848,0.2631578947368421,DNA
Seq_28,0.2574157868275515,0.23604826546003016,0.2174459527400704,0.28908999497234794,DNA
Seq_29,0.23124776226279986,0.24109380594343,0.279359112065879,0.24829931972789115,DNA
Seq_30,0.2575515787073977,0.2380599566852844,0.22916904137695202,0.2752194232303659,DNA
Seq_31,0.2779121840737118,0.2002882586091522,0.24074741339373038,0.28105214392340555,DNA
Seq_32,0.2874251497005988,0.2215568862275449,0.2874251497005988,0.20359281437125748,DNA
Seq_33,0.29611690337410723,0.21381659962236269,0.23044085050488466,0.25962564649864545,DNA
Seq_34,0.26288659793814434,0.27319587628865977,0.20618556701030927,0.25773195876288657,DNA
Seq_35,0.17073170731707318,0.2926829268292683,0.3252032520325203,0.21138211382113822,DNA
Seq_36,0.3008525217114174,0.23241176001912198,0.19998406501473986,0.2667516532547207,DNA
Seq_37,0.23325087610801898,0.26334776334776333,0.2429396000824572,0.26046176046176045,DNA
Seq_38,0.19117647058823528,0.3382352941176471,0.2647058823529412,0.20588235294117646,DNA
Seq_39,0.2772362385321101,0.21072247706422018,0.22204701834862386,0.28999426605504586,DNA
Seq_40,0.2562694053021256,0.229937903033198,0.2547766897540005,0.2590160019106759,DNA
Seq_41,0.23246911432051506,0.2604679121122483,0.2598984450385181,0.24716452852871854,DNA
Seq_42,0.2884290294374818,0.19935878752550276,0.21643835616438356,0.2957738268726319,DNA
Seq_43,0.275904732446644,0.22270337148159605,0.22765233529229817,0.2737395607794618,DNA
Seq_44,0.2954503076636211,0.2409099384672758,0.2277643110199515,0.2358754428491516,DNA
Seq_45,0.31654676258992803,0.20863309352517986,0.1510791366906475,0.3237410071942446,DNA
Seq_46,0.273281263410866,0.24512917346150545,0.20933825422710498,0.27225130890052357,DNA
Seq_47,0.23076923076923078,0.1978021978021978,0.21978021978021978,0.3516483516483517,DNA
Seq_48,0.2872340425531915,0.2127659574468085,0.14893617021276595,0.35106382978723405,DNA
Seq_49,0.3346938775510204,0.17755102040816326,0.23061224489795917,0.2571428571428571,DNA
Seq_50,0.20408163265306123,0.23877551020408164,0.11020408163265306,0.44693877551020406,DNA
Seq_51,0.31116038433111604,0.19955654101995565,0.19364375461936437,0.29563932002956395,DNA
Seq_52,0.17408906882591094,0.31376518218623484,0.2692307692307692,0.242914979757085,DNA
Seq_53,0.2534165500914667,0.25309372646077694,0.23576885828042612,0.2577208651673302,DNA
Seq_54,0.26322751322751325,0.251984126984127,0.23875661375661375,0.24603174603174602,DNA
Seq_55,0.17058823529411765,0.29411764705882354,0.2647058823529412,0.27058823529411763,DNA
Seq_56,0.15126050420168066,0.37815126050420167,0.2857142857142857,0.18487394957983194,DNA
Seq_57,0.2214597125787179,0.2569836912643307,0.2435814629420313,0.27797513321492007,DNA
Seq_58,0.24242424242424243,0.30303030303030304,0.13131313131313133,0.32323232323232326,DNA
Seq_59,0.28316831683168314,0.2376237623762376,0.2099009900990099,0.2693069306930693,DNA
Seq_60,0.26732673267326734,0.26732673267326734,0.18811881188118812,0.27722772277227725,DNA
Seq_61,0.2793489151994765,0.22724577224301168,0.21593767253542728,0.2774676400220845,DNA
Seq_62,0.35344827586206895,0.1724137931034483,0.15517241379310345,0.31896551724137934,DNA
Seq_63,0.2078011144449207,0.26082297471067295,0.28418345477925416,0.24719245606515217,DNA
Seq_64,0.2092804514814234,0.3268537388305377,0.2906411663270105,0.17322464336102839,DNA
Seq_65,0.27093290298553785,0.24113959406616597,0.20693935820247036,0.28098814474582584,DNA
Seq_66,0.28288612565445026,0.2412194589877836,0.2350021815008726,0.24089223385689354,DNA
Seq_67,0.3333333333333333,0.19607843137254902,0.21568627450980393,0.2549019607843137,DNA
Seq_68,0.26291823401306674,0.2313733254141094,0.2485976374315317,0.25711080314129214,DNA
Seq_69,0.24495708154506438,0.28626609442060086,0.24914163090128755,0.21963519313304722,DNA
Seq_70,0.2539618406285073,0.25450056116722786,0.25643097643097645,0.23510662177328845,DNA
Seq_71,0.24931570865878896,0.24003605047065893,0.24380799786367582,0.2668402430068763,DNA
Seq_72,0.2882654498338122,0.24054982817869416,0.21272041011773984,0.2584643118697538,DNA
Seq_73,0.25855263157894737,0.2144266917293233,0.22255639097744362,0.3044642857142857,DNA
Seq_74,0.31891891891891894,0.2702702702702703,0.2594594594594595,0.15135135135135136,DNA
Seq_75,0.27287915351772785,0.22152094548604664,0.22764680403440382,0.2779530969618217,DNA
Seq_76,0.19469026548672566,0.30973451327433627,0.21238938053097345,0.2831858407079646,DNA
Seq_77,0.46153846153846156,0.07692307692307693,0.23076923076923078,0.23076923076923078,DNA
Seq_78,0.2693705150331547,0.19574893269143429,0.21518757380325187,0.31969297847215916,DNA
Seq_79,0.2839640351743899,0.2233968975397688,0.21396107104041104,0.27867799624543027,DNA
Seq_80,0.2899291711618744,0.20338665040574136,0.21802148318401426,0.28866269524837,DNA
Seq_81,0.34460338101430427,0.1755526657997399,0.18205461638491546,0.2977893368010403,DNA
Seq_82,0.21367521367521367,0.27350427350427353,0.1794871794871795,0.3333333333333333,DNA
Seq_83,0.25766083747794,0.26151131076528156,0.2404941440718755,0.24033370768490295,DNA
Seq_84,0.2906401347652137,0.2129395662244683,0.2104127184670457,0.28600758054327224,DNA
Seq_85,0.31683168316831684,0.21782178217821782,0.2079207920792079,0.25742574257425743,DNA
Seq_86,0.2366075368458212,0.2659076868767099,0.2697025858264937,0.2277821904509752,DNA
Seq_87,0.2713270142180095,0.23104265402843602,0.22393364928909953,0.273696682464455,DNA
Seq_88,0.24225717528782229,0.26274255445651584,0.2185287281768553,0.27647154207880653,DNA
Seq_89,0.2906316866685273,0.22495115824727882,0.1907154153874779,0.293701739696716,DNA
Seq_90,0.22832369942196531,0.22254335260115607,0.28034682080924855,0.26878612716763006,DNA
Seq_91,0.275974025974026,0.2597402597402597,0.21753246753246752,0.24675324675324675,DNA
Seq_92,0.2916761342119215,0.2238885101870787,0.22744830720290843,0.25698704839809133,DNA
Seq_93,0.2168284789644013,0.24029126213592233,0.26240560949298813,0.28047464940668826,DNA
Seq_94,0.19444444444444445,0.3412698412698413,0.25793650793650796,0.20634920634920634,DNA
Seq_95,0.2882943618493418,0.21356846325799242,0.2048043146577724,0.29333286023489336,DNA
Seq_96,0.2347054810097794,0.284967022970207,0.2548100977939504,0.22551739822606323,DNA
Seq_97,0.2581850533807829,0.24626334519572954,0.23069395017793595,0.2648576512455516,DNA
Seq_98,0.2899881516587678,0.2278689911983751,0.23527420446851727,0.24686865267433988,DNA
Seq_99,0.28,0.224,0.12,0.376,DNA
Seq_100,0.22039473684210525,0.21710526315789475,0.21052631578947367,0.3519736842105263,DNA
Seq_101,0.28448275862068967,0.2025862068965517,0.15948275862068967,0.35344827586206895,DNA
Seq_102,0.25202796157153,0.23980411947216926,0.24010317371313222,0.2680647452431685,DNA
Seq_103,0.32481450948062657,0.17889530090684255,0.18961253091508656,0.30667765869744434,DNA
Seq_104,0.26417513969039114,0.25006870019236055,0.24768709352386187,0.23806906659338647,DNA
Seq_105,0.27164393395549175,0.2183776022972003,0.2284278535534817,0.28155061019382627,DNA
Seq_106,0.2801460263970795,0.21392867172142657,0.21280539174389215,0.2931199101376018,DNA
Seq_107,0.2726918582002337,0.1956888715751201,0.20789507856122583,0.3237241916634203,DNA
Seq_108,0.2981151832460733,0.2162303664921466,0.24010471204188483,0.24554973821989529,DNA
Seq_109,0.2796151150194354,0.2359013572930606,0.21729433505384566,0.2671891926336583,DNA
Seq_110,0.27362766493201274,0.23238766717027587,0.2154328241284763,0.2785518437692351,DNA
Seq_111,0.2222222222222222,0.2222222222222222,0.16049382716049382,0.3950617283950617,DNA
Seq_112,0.28683081624258094,0.2051477933830875,0.21989774930951403,0.2881236410648175,DNA
Seq_113,0.3055862492326581,0.21534683855125844,0.21080417434008594,0.2682627378759975,DNA
Seq_114,0.3157894736842105,0.2631578947368421,0.2543859649122807,0.16666666666666666,DNA
Seq_115,0.2122905027932961,0.29608938547486036,0.3407821229050279,0.15083798882681565,DNA
Seq_116,0.3619631901840491,0.15950920245398773,0.1738241308793456,0.3047034764826176,DNA
Seq_117,0.38898756660746003,0.1847246891651865,0.16873889875666073,0.25754884547069273,DNA
Seq_118,0.2853167240922343,0.20545101157346055,0.2189239332096475,0.29030833112465765,DNA
Seq_119,0.2992804730355489,0.2298924271567999,0.2023224335684263,0.2685046662392249,DNA
Seq_120,0.20108695652173914,0.33695652173913043,0.28804347826086957,0.17391304347826086,DNA
Seq_121,0.3034324666706883,0.2111359112022682,0.2085419557217832,0.2768896664052603,DNA
Seq_122,0.3010267767263942,0.21824038655123817,0.20986510972417957,0.27086772699818806,DNA
Seq_123,0.3303838646714379,0.1730644111906311,0.19583604424202994,0.3007156798959011,DNA
Seq_124,0.2873961218836565,0.20083102493074792,0.203601108033241,0.30817174515235457,DNA
Seq_125,0.28694378318989194,0.2094854422266984,0.23512177256912653,0.2684490020142831,DNA
Seq_126,0.20689655172413793,0.15517241379310345,0.2413793103448276,0.39655172413793105,DNA
Seq_127,0.28110907982937233,0.2040828762949421,0.23150517976843388,0.2833028641072517,DNA
Seq_128,0.22,0.16,0.2,0.42,DNA
Seq_129,0.2751828085360394,0.21355021638561408,0.20071631099835846,0.31055066407998805,DNA
Seq_130,0.1310344827586207,0.4068965517241379,0.3448275862068966,0.11724137931034483,DNA
Seq_131,0.2676351179903578,0.2112408018269475,0.2433392539964476,0.27778482618624717,DNA
Seq_132,0.2926509186351706,0.205161854768154,0.1889763779527559,0.3132108486439195,DNA
Seq_133,0.3939393939393939,0.22727272727272727,0.17424242424242425,0.20454545454545456,DNA
Seq_134,0.23958333333333334,0.2881944444444444,0.234375,0.2378472222222222,DNA
Seq_135,0.30115907274180653,0.19964028776978418,0.24600319744204635,0.2531974420463629,DNA
Seq_136,0.2811026996143408,0.23810884159405798,0.19954292243965147,0.2812455363519497,DNA
Seq_137,0.23893805309734514,0.17699115044247787,0.26548672566371684,0.3185840707964602,DNA
Seq_138,0.2684118673647469,0.22006980802792322,0.2488656195462478,0.262652705061082,DNA
Seq_139,0.2860125260960334,0.21547082738160642,0.23217228875947699,0.2663443577628832,DNA
Seq_140,0.27898591549295776,0.20135211267605635,0.23774647887323944,0.2819154929577465,DNA
Seq_141,0.2594849616669943,0.22970316493021428,0.23658344800471792,0.2742284253980735,DNA
Seq_142,0.1883289124668435,0.3010610079575597,0.26657824933687,0.2440318302387268,DNA
Seq_143,0.2896703296703297,0.22593406593406593,0.22754578754578755,0.25684981684981684,DNA
Seq_144,0.2641014033499321,0.23214124038026257,0.22344952467179718,0.28030783159800815,DNA
Seq_145,0.19525750277880696,0.25774978387056935,0.31110287760899097,0.2358898357416327,DNA
Seq_146,0.286574290310862,0.22351964294981577,0.2210026467382843,0.26890342000103795,DNA
Seq_147,0.22679509632224168,0.24518388791593695,0.2031523642732049,0.3248686514886165,DNA
Seq_148,0.3543307086614173,0.1889763779527559,0.2677165354330709,0.1889763779527559,DNA
Seq_149,0.29486366518706403,0.26886493341788203,0.23779327837666456,0.19847812301838935,DNA
Seq_150,0.2333729216152019,0.24228028503562946,0.27731591448931114,0.24703087885985747,DNA
Seq_151,0.2333729216152019,0.24228028503562946,0.27731591448931114,0.24703087885985747,DNA
Seq_152,0.2766480446927374,0.2300782122905028,0.21796648044692737,0.2753072625698324,DNA
Seq_153,0.249559304960967,0.24767061193653991,0.22009569377990432,0.28267438932258876,DNA
Seq_154,0.2951388888888889,0.2569444444444444,0.2048611111111111,0.24305555555555555,DNA
Seq_155,0.2659962695645122,0.21701402968129105,0.25123672046062767,0.26575298029356903,DNA
Seq_156,0.2074074074074074,0.34814814814814815,0.3333333333333333,0.1111111111111111,DNA
Seq_157,0.17045454545454544,0.3181818181818182,0.23863636363636365,0.2727272727272727,DNA
Seq_158,0.3331823329558324,0.214722536806342,0.19071347678369197,0.2613816534541336,DNA
Seq_159,0.2777777777777778,0.23015873015873015,0.23015873015873015,0.2619047619047619,DNA
Seq_160,0.26296296296296295,0.27037037037037037,0.16666666666666666,0.3,DNA
Seq_161,0.2582781456953642,0.23178807947019867,0.2185430463576159,0.2913907284768212,DNA
Seq_162,0.17055555555555554,0.32666666666666666,0.23833333333333334,0.2644444444444444,DNA
Seq_163,0.26446235674727203,0.22810769315128585,0.24082908373087678,0.26660086637056535,DNA
Seq_164,0.3394495412844037,0.1651376146788991,0.2018348623853211,0.29357798165137616,DNA
Seq_165,0.25063291139240507,0.2,0.25316455696202533,0.29620253164556964,DNA
Seq_166,0.3323353293413174,0.18562874251497005,0.19461077844311378,0.2874251497005988,DNA
Seq_167,0.22247526866415201,0.24532061774962635,0.2833961995587503,0.24880791402747135,DNA
Seq_168,0.25226023351960386,0.26245967925128344,0.25148789241742764,0.23379219481168506,DNA
Seq_169,0.275,0.3,0.125,0.3,DNA
Seq_170,0.17777777777777778,0.23333333333333334,0.4222222222222222,0.16666666666666666,DNA
Seq_171,0.1762114537444934,0.3788546255506608,0.2687224669603524,0.1762114537444934,DNA
Seq_172,0.22527472527472528,0.26373626373626374,0.21062271062271062,0.30036630036630035,DNA
Seq_173,0.2498410680228862,0.25874125874125875,0.23013350286077558,0.26128417037507945,DNA
Seq_174,0.2739757381551843,0.21293965056839856,0.23422598611429007,0.2788586251621271,DNA
Seq_175,0.2545025560361777,0.22603224537947306,0.22571765631144317,0.293747542272906,DNA
Seq_176,0.18867924528301888,0.41509433962264153,0.2830188679245283,0.11320754716981132,DNA
Seq_177,0.23655913978494625,0.2903225806451613,0.24731182795698925,0.22580645161290322,DNA
Seq_178,0.3677474402730375,0.19027303754266212,0.1885665529010239,0.25341296928327645,DNA
Seq_179,0.21905737704918032,0.3295081967213115,0.27397540983606555,0.17745901639344264,DNA
Seq_180,0.35374149659863946,0.12244897959183673,0.19047619047619047,0.3333333333333333,DNA
Seq_181,0.29333333333333333,0.26666666666666666,0.3466666666666667,0.09333333333333334,DNA
Seq_182,0.24806201550387597,0.23749119097956306,0.29105003523608175,0.22339675828047922,DNA
Seq_183,0.25070237872260726,0.25154523318973593,0.2508896797153025,0.24686270837235438,DNA
Seq_184,0.22920051998700033,0.3041111472213195,0.2561748456288593,0.21051348716282092,DNA
Seq_185,0.29068721901091843,0.2115606936416185,0.21965317919075145,0.2780989081567116,DNA
Seq_186,0.26953125,0.29296875,0.1875,0.25,DNA
Seq_187,0.29083121236575826,0.21180706437395244,0.23303743249115402,0.2643242907691353,DNA
Seq_188,0.2359195974184744,0.2598299832257698,0.2163022773149859,0.2879481420407699,DNA
Seq_189,0.21153846153846154,0.358974358974359,0.2692307692307692,0.16025641025641027,DNA
Seq_190,0.27051725147911665,0.21721047390311055,0.22798898717122607,0.2842832874465468,DNA
Seq_191,0.2653358752943815,0.21773017831109118,0.2309633284737019,0.2859706179208254,DNA
Seq_192,0.26752767527675275,0.1918819188191882,0.25461254612546125,0.2859778597785978,DNA
Seq_193,0.2909720259960441,0.21040548177451257,0.2105467646227748,0.28807572760666855,DNA
Seq_194,0.40476190476190477,0.2619047619047619,0.19047619047619047,0.14285714285714285,DNA
Seq_195,0.27842584284066146,0.2223646541041747,0.2258684784002051,0.27334102465495874,DNA
Seq_196,0.28761851121749743,0.21352357708313777,0.20244688507149786,0.29641102662786695,DNA
Seq_197,0.319634703196347,0.2009132420091324,0.2420091324200913,0.2374429223744292,DNA
Seq_198,0.319634703196347,0.2009132420091324,0.2420091324200913,0.2374429223744292,DNA
Seq_199,0.3051224944320713,0.1453229398663697,0.16703786191536749,0.3825167037861915,DNA
Seq_200,0.19444444444444445,0.3425925925925926,0.3425925925925926,0.12037037037037036,DNA
Seq_201,0.3110760207534401,0.21565531242950597,0.16377171215880892,0.309496954658245,DNA
Seq_202,0.2878787878787879,0.30303030303030304,0.19696969696969696,0.21212121212121213,DNA
Seq_203,0.17324234022890453,0.2893296367384659,0.33056088718276816,0.20686713584986138,DNA
Seq_204,0.24409871244635192,0.211552217453505,0.2580472103004292,0.2863018597997139,DNA
Seq_205,0.2605499936636675,0.23571157014320113,0.24844759852997086,0.2552908376631606,DNA
Seq_206,0.21437260222700477,0.2693927201272574,0.25835126789557405,0.2578834097501638,DNA
Seq_207,0.22149837133550487,0.25171290576210265,0.2709199146355161,0.25586880826687636,DNA
Seq_208,0.2552467385138968,0.26687464549064094,0.25297787861599547,0.2249007373794668,DNA
Seq_209,0.25456334719532714,0.27046760420304117,0.25405542681184723,0.22091362178978446,DNA
Seq_210,0.26627934410758525,0.22832369942196531,0.21847351657425976,0.2869234398961897,DNA
Seq_211,0.2513140443090829,0.2241980645478214,0.23962273419462593,0.2848651569484698,DNA
Seq_212,0.3567567567567568,0.16216216216216217,0.1837837837837838,0.2972972972972973,DNA
Seq_213,0.34146341463414637,0.24390243902439024,0.2073170731707317,0.2073170731707317,DNA
Seq_214,0.2727272727272727,0.23376623376623376,0.11688311688311688,0.37662337662337664,DNA
Seq_215,0.2081207811614366,0.25939094141289226,0.28938012057505025,0.2431081568506209,DNA
Seq_216,0.29848484848484846,0.16363636363636364,0.2409090909090909,0.296969696969697,DNA
Seq_217,0.29848484848484846,0.16363636363636364,0.2409090909090909,0.296969696969697,DNA
Seq_218,0.28450008739730814,0.21816553050166054,0.22386820485929032,0.27346617724174094,DNA
Seq_219,0.21428571428571427,0.25,0.2857142857142857,0.25,DNA
Seq_220,0.17123287671232876,0.2465753424657534,0.3082191780821918,0.273972602739726,DNA
Seq_221,0.15677966101694915,0.2711864406779661,0.3855932203389831,0.1864406779661017,DNA
Seq_222,0.2880968700022847,0.22104180945853324,0.22743888508110577,0.2634224354580763,DNA
Seq_223,0.2040607245971873,0.2615721337431312,0.31130669647014997,0.22306044518953153,DNA
Seq_224,0.13846153846153847,0.27692307692307694,0.4,0.18461538461538463,DNA
Seq_225,0.28579302742179963,0.2006338707454871,0.224610720683478,0.2889623811492352,DNA
Seq_226,0.2532486623155171,0.2305521255953431,0.24828011995060859,0.2679190921385312,DNA
Seq_227,0.29533998559818947,0.2060487604155951,0.2208620512292974,0.277749202756918,DNA
Seq_228,0.18796992481203006,0.3082706766917293,0.2932330827067669,0.21052631578947367,DNA
Seq_229,0.28303501945525295,0.21167315175097276,0.21665369649805447,0.28863813229571983,DNA
Seq_230,0.24756845435725167,0.22284285770087106,0.25088863716261084,0.27870005077926646,DNA
Seq_231,0.2830858618463525,0.21515673194175453,0.23215694713435192,0.26960045907754104,DNA
Seq_232,0.2955495451192525,0.22842389968035406,0.22375215146299485,0.25227440373739857,DNA
Seq_233,0.22900763358778625,0.3435114503816794,0.3435114503816794,0.08396946564885496,DNA
Seq_234,0.2948411461040086,0.2115857672452621,0.21193223157675917,0.28164085507397013,DNA
Seq_235,0.27318763326226014,0.2179637526652452,0.21114072494669509,0.2977078891257996,DNA
Seq_236,0.3142857142857143,0.21904761904761905,0.2,0.26666666666666666,DNA
Seq_237,0.3142857142857143,0.21904761904761905,0.2,0.26666666666666666,DNA
Seq_238,0.27102803738317754,0.22429906542056074,0.11214953271028037,0.3925233644859813,DNA
Seq_239,0.017543859649122806,0.5730994152046783,0.3216374269005848,0.08771929824561403,DNA
Seq_240,0.28454701043449454,0.20449400982719593,0.21846187820902113,0.2924971015292884,DNA
Seq_241,0.22402044293015333,0.3165247018739353,0.27938671209540034,0.18006814310051109,DNA
Seq_242,0.24898295766904893,0.2278724573941726,0.25173172072567346,0.271412864211105,DNA
Seq_243,0.286783042394015,0.20448877805486285,0.17955112219451372,0.32917705735660846,DNA
Seq_244,0.2585127691537306,0.2398597896845268,0.2257135703555333,0.2759138708062093,DNA
Seq_245,0.26259541984732826,0.2565839694656489,0.23091603053435114,0.24990458015267175,DNA
Seq_246,0.24823805794831635,0.19342208300704777,0.23257635082223962,0.32576350822239625,DNA
Seq_247,0.3142857142857143,0.12857142857142856,0.2,0.35714285714285715,DNA
Seq_248,0.27537039617295994,0.24592448098091124,0.23050485346709396,0.2482002693790349,DNA
Seq_249,0.18358208955223881,0.3373134328358209,0.3358208955223881,0.14328358208955225,DNA
Seq_250,0.27365384615384614,0.21457692307692308,0.21619230769230768,0.29557692307692307,DNA
Seq_251,0.29823825503355705,0.21749161073825504,0.22399328859060402,0.2602768456375839,DNA
Seq_252,0.2696615459942469,0.20894791602913276,0.19364710202582777,0.3277434359507926,DNA
Seq_253,0.3418803418803419,0.13675213675213677,0.14102564102564102,0.3803418803418803,DNA
Seq_254,0.2979245475922707,0.22850424291994684,0.22543707187404152,0.24813413761374092,DNA
Seq_255,0.20143093010456797,0.2856356631810677,0.29334067143643366,0.21959273527793066,DNA
Seq_256,0.29778407366184356,0.2058079530506931,0.1991298188809066,0.2972781544065567,DNA
Seq_257,0.2870706833899894,0.21421873168444497,0.19851131168678934,0.3001992732387762,DNA
Seq_258,0.2620296011150196,0.2569854649233424,0.22174288179465057,0.2592420521669875,DNA
Seq_259,0.22255192878338279,0.3115727002967359,0.29376854599406527,0.17210682492581603,DNA
Seq_260,0.3424657534246575,0.1917808219178082,0.1095890410958904,0.3561643835616438,DNA
Seq_261,0.22220819392715108,0.25989520863581844,0.27239441954422067,0.2455021778928098,DNA
Seq_262,0.3157894736842105,0.19736842105263158,0.17105263157894737,0.3157894736842105,DNA
Seq_263,0.1839080459770115,0.3793103448275862,0.20689655172413793,0.22988505747126436,DNA
Seq_264,0.2919681177191907,0.23261802575107296,0.19693439607602697,0.27847946045370936,DNA
Seq_265,0.23429407791038054,0.22494933573519477,0.2704345868047737,0.27032199954965097,DNA
Seq_266,0.25508847294671166,0.24813337424567863,0.22215403498005523,0.27462411782755447,DNA
Seq_267,0.2898202721385433,0.22717019573601105,0.22942588954376775,0.2535836425816779,DNA
Seq_268,0.26211584626720225,0.23029020987331542,0.23014760059895895,0.27744634326052336,DNA
Seq_269,0.16666666666666666,0.32142857142857145,0.15476190476190477,0.35714285714285715,DNA
Seq_270,0.24692886863483257,0.2399940558747771,0.2126510798494155,0.30042599564097483,DNA
Seq_271,0.2647058823529412,0.22009569377990432,0.2092597804672108,0.3059386433999437,DNA
Seq_272,0.25103734439834025,0.3006569847856155,0.23478561549100968,0.21352005532503457,DNA
Seq_273,0.28800388538125304,0.20301117047110248,0.1821272462360369,0.32685769791160757,DNA
Seq_274,0.2979433018343524,0.20643947492196518,0.20708085688630437,0.288536366357378,DNA
Seq_275,0.29725990955041237,0.21330140994945465,0.2197924980047885,0.2696461824953445,DNA
Seq_276,0.2950737491564639,0.20857996722259714,0.20873421382435167,0.28761206979658727,DNA
Seq_277,0.2733118971061093,0.22186495176848875,0.2540192926045016,0.2508038585209003,DNA
Seq_278,0.3274893234434704,0.19858395144976398,0.1952124072825354,0.2787143178242302,DNA
Seq_279,0.2705972565391497,0.2235664991053932,0.22620771917866575,0.2796285251767913,DNA
Seq_280,0.08974358974358974,0.23076923076923078,0.24358974358974358,0.4358974358974359,DNA
Seq_281,0.2750504937163375,0.22113442549371634,0.2171229802513465,0.2866921005385996,DNA
Seq_282,0.26666666666666666,0.24666666666666667,0.21333333333333335,0.2733333333333333,DNA
Seq_283,0.2817806889859292,0.20997088791848617,0.2024502668607472,0.30579815623483747,DNA
Seq_284,0.27797150542990934,0.18760585832420046,0.20633655474743448,0.3280860814984557,DNA
Seq_285,0.29147196261682246,0.21185747663551402,0.19532710280373833,0.30134345794392525,DNA
Seq_286,0.34934497816593885,0.1965065502183406,0.17467248908296942,0.2794759825327511,DNA
Seq_287,0.35403726708074534,0.18633540372670807,0.22981366459627328,0.22981366459627328,DNA
Seq_288,0.2756132756132756,0.2077922077922078,0.2597402597402597,0.25685425685425683,DNA
Seq_289,0.27201617155914926,0.2353664967481104,0.21523993671998592,0.27737739497275443,DNA
Seq_290,0.2150096799908894,0.25395740804008654,0.26978704020043276,0.26124587176859126,DNA
Seq_291,0.27944187048809394,0.21549402004094387,0.21274647128542182,0.29231763818554035,DNA
Seq_292,0.28739962327748586,0.23336968375136313,0.20898185783681966,0.27024883513433134,DNA
Seq_293,0.29283765499190384,0.20448949714970166,0.21081117050773018,0.2918616773506643,DNA
Seq_294,0.2908807482462977,0.21363990646921277,0.254871395167576,0.2406079501169135,DNA
Seq_295,0.240063690366832,0.27166391083348645,0.21195419192847081,0.2763182068712107,DNA
Seq_296,0.3,0.21666666666666667,0.18333333333333332,0.3,DNA
Seq_297,0.29027818023761226,0.20899739206027237,0.2028397565922921,0.29788467110982325,DNA
Seq_298,0.3146206045650833,0.21653300431832204,0.18136952498457742,0.2874768661320173,DNA
Seq_299,0.3146206045650833,0.21653300431832204,0.18136952498457742,0.2874768661320173,DNA
Seq_300,0.24269837167226674,0.2409752735418282,0.29128973895063326,0.22503661583527182,DNA
Seq_301,0.175,0.36666666666666664,0.2777777777777778,0.18055555555555555,DNA
Seq_302,0.27621423559678804,0.2275668511733063,0.22624152178997428,0.2699773914399314,DNA
Seq_303,0.2795051822133066,0.21196924105650283,0.15947843530591777,0.34904714142427284,DNA
Seq_304,0.30939716312056736,0.21719858156028368,0.24379432624113476,0.2296099290780142,DNA
Seq_305,0.2929056924384027,0.22631690739167376,0.20199660152931181,0.2787807986406117,DNA
Seq_306,0.28600929272070214,0.22140275831550998,0.2130073505912432,0.2795805983725447,DNA
Seq_307,0.20132219902574808,0.264857341684064,0.29568545581071676,0.2381350034794711,DNA
Seq_308,0.4411764705882353,0.14705882352941177,0.1323529411764706,0.27941176470588236,DNA
Seq_309,0.3045267489711934,0.23045267489711935,0.25925925925925924,0.205761316872428,DNA
Seq_310,0.2261349172677132,0.24395417904115402,0.26007636826474334,0.26983453542638947,DNA
Seq_311,0.20954613253782228,0.2509269124227573,0.2769656935861922,0.2625612614532282,DNA
Seq_312,0.2652482269503546,0.2404255319148936,0.23049645390070922,0.26382978723404255,DNA
Seq_313,0.28019238665024343,0.22065810311455217,0.23127456155786263,0.2678749486773418,DNA
Seq_314,0.3368055555555556,0.2013888888888889,0.1527777777777778,0.3090277777777778,DNA
Seq_315,0.25554040231844527,0.2735254006137061,0.19638595294919878,0.27454824411864986,DNA
Seq_316,0.23828125,0.24609375,0.1875,0.328125,DNA
Seq_317,0.32515194015895277,0.2131837307152875,0.21248246844319776,0.24918186068256196,DNA
Seq_318,0.2857142857142857,0.21182266009852216,0.31527093596059114,0.18719211822660098,DNA
Seq_319,0.3157894736842105,0.16842105263157894,0.2,0.3157894736842105,DNA
Seq_320,0.18421052631578946,0.3026315789473684,0.23684210526315788,0.27631578947368424,DNA
Seq_321,0.25521937431746644,0.21449219502794373,0.23402068478191046,0.2962677458726794,DNA
Seq_322,0.13810741687979539,0.26854219948849106,0.3350383631713555,0.25831202046035806,DNA
Seq_323,0.2611646338569598,0.2334962745004983,0.19609890370651606,0.3092401879360258,DNA
Seq_324,0.26636155606407325,0.22013729977116706,0.25583524027459953,0.2576659038901602,DNA
Seq_325,0.1810889645114244,0.2557122022362664,0.3339815264948955,0.2292173067574137,DNA
Seq_326,0.2511910037668956,0.2526035896299579,0.24781187680035452,0.24839352980279195,DNA
Seq_327,0.2815514993481095,0.22529335071707954,0.2288787483702738,0.26427640156453713,DNA
Seq_328,0.16883116883116883,0.29004329004329005,0.3463203463203463,0.19480519480519481,DNA
Seq_329,0.2672174346556513,0.2321059753578805,0.2149419557011609,0.2857346342853073,DNA
Seq_330,0.2804659085677455,0.22080014732286726,0.22738363795405367,0.27135030615533356,DNA
Seq_331,0.24842999630587367,0.23808644255633543,0.22118581455485778,0.2922977465829331,DNA
Seq_332,0.2529603315571344,0.22505920663114268,0.25510657193605685,0.26687388987566607,DNA
Seq_333,0.217926070231629,0.2510277195357514,0.2753958164798336,0.255650393752786,DNA
Seq_334,0.3111111111111111,0.15555555555555556,0.13333333333333333,0.4,DNA
Seq_335,0.24561403508771928,0.3684210526315789,0.19298245614035087,0.19298245614035087,DNA
Seq_336,0.25301358912869704,0.23344524380495604,0.2658673061550759,0.24767386091127097,DNA
Seq_337,0.2168428068170999,0.26006855184233074,0.27596877082738264,0.2471198705131867,DNA
Seq_338,0.2909392199798781,0.2212818843581701,0.21897378232822395,0.26880511333372786,DNA
Seq_339,0.33002915451895043,0.19300291545189505,0.2064139941690962,0.2705539358600583,DNA
Seq_340,0.33002915451895043,0.19300291545189505,0.2064139941690962,0.2705539358600583,DNA
Seq_341,0.3118811881188119,0.18316831683168316,0.23267326732673269,0.2722772277227723,DNA
Seq_342,0.2664316662994786,0.22104722038628186,0.2214878460747595,0.2910332672394801,DNA
Seq_343,0.26292858495927257,0.2300940834754057,0.22232746100902948,0.2846498705562922,DNA
Seq_344,0.24113009198423127,0.1938239159001314,0.259526938239159,0.3055190538764783,DNA
Seq_345,0.3611111111111111,0.1111111111111111,0.14814814814814814,0.37962962962962965,DNA
Seq_346,0.25806451612903225,0.2217741935483871,0.19556451612903225,0.3245967741935484,DNA
Seq_347,0.22973771266540643,0.24822778827977315,0.2549031190926276,0.2671313799621928,DNA
Seq_348,0.12195121951219512,0.4878048780487805,0.22764227642276422,0.16260162601626016,DNA
Seq_349,0.3140495867768595,0.2396694214876033,0.2892561983471074,0.15702479338842976,DNA
Seq_350,0.2850051102350708,0.22371879106438897,0.22466783472039714,0.2666082639801431,DNA
Seq_351,0.2296368989205103,0.2433758586849853,0.26692836113837093,0.26005888125613347,DNA
Seq_352,0.18840579710144928,0.2608695652173913,0.2608695652173913,0.2898550724637681,DNA
Seq_353,0.26863125242341995,0.22039550213260953,0.25164792555253973,0.25932531989143076,DNA
Seq_354,0.3011262596324837,0.21932424422050978,0.1997628927089508,0.2797866034380557,DNA
Seq_355,0.26525149976926626,0.2254730041532072,0.2714351638209506,0.23784033225657591,DNA
Seq_356,0.27744235105841275,0.2206299556266822,0.20062559103804467,0.3013021022768604,DNA
Seq_357,0.2974598522317885,0.2297734627831715,0.21585149905355072,0.25691518593148926,DNA
Seq_358,0.2925850800090151,0.20153256704980843,0.21821050259184133,0.2876718503493351,DNA
Seq_359,0.2725636897433469,0.22644189790699876,0.2155033620608012,0.28549105028885313,DNA
Seq_360,0.20987654320987653,0.20987654320987653,0.18518518518518517,0.3950617283950617,DNA
Seq_361,0.29431399631675875,0.19820441988950277,0.22180018416206262,0.2856813996316759,DNA
Seq_362,0.29633576037411946,0.2221630261054875,0.22867459894630912,0.25282661457408395,DNA
Seq_363,0.21677018633540374,0.3386335403726708,0.2812422360248447,0.16335403726708075,DNA
Seq_364,0.28200479181506183,0.21006281162986468,0.23635304021239398,0.27157935634267955,DNA
Seq_365,0.24422442244224424,0.2079207920792079,0.2632013201320132,0.28465346534653463,DNA
Seq_366,0.23172857717580797,0.26009118948638865,0.2820839479683519,0.22609628536945153,DNA
Seq_367,0.2806102126981598,0.21632279136461405,0.22994503305982633,0.2731219628773998,DNA
Seq_368,0.18691588785046728,0.11214953271028037,0.24299065420560748,0.45794392523364486,DNA
Seq_369,0.2665422111595105,0.20690728064716865,0.23812487035884672,0.28842563783447417,DNA
Seq_370,0.4,0.18947368421052632,0.25263157894736843,0.15789473684210525,DNA
Seq_371,0.34545454545454546,0.16363636363636364,0.38181818181818183,0.10909090909090909,DNA
Seq_372,0.2191780821917808,0.2876712328767123,0.3013698630136986,0.1917808219178082,DNA
Seq_373,0.27215713301171607,0.23128876636802206,0.2195037904893177,0.27705031013094417,DNA
Seq_374,0.2696252369610655,0.2162057065085306,0.22393428279784183,0.2902347737325621,DNA
Seq_375,0.3314917127071823,0.15469613259668508,0.26519337016574585,0.24861878453038674,DNA
Seq_376,0.35294117647058826,0.14705882352941177,0.19117647058823528,0.3088235294117647,DNA
Seq_377,0.35476976879735767,0.22469399650281718,0.16767048766271614,0.252865747037109,DNA
Seq_378,0.20606060606060606,0.21414141414141413,0.20606060606060606,0.37373737373737376,DNA
Seq_379,0.15726109857035364,0.28266867318786054,0.3501379483320793,0.20993227990970656,DNA
Seq_380,0.2833526842483552,0.2061148891469011,0.23221098026206669,0.2783214463426771,DNA
Seq_381,0.2701612903225806,0.20766129032258066,0.2600806451612903,0.2620967741935484,DNA
Seq_382,0.25961285801874395,0.24344398703687484,0.24325129193308226,0.2536918630112989,DNA
Seq_383,0.22058823529411764,0.36764705882352944,0.3088235294117647,0.10294117647058823,DNA
Seq_384,0.26868346157900286,0.21424053968588594,0.2033835775271424,0.3136924212079688,DNA
Seq_385,0.3048128342245989,0.16042780748663102,0.25668449197860965,0.27807486631016043,DNA
Seq_386,0.23837209302325582,0.1686046511627907,0.2441860465116279,0.3488372093023256,DNA
Seq_387,0.31868131868131866,0.24175824175824176,0.1978021978021978,0.24175824175824176,DNA
Seq_388,0.24509803921568626,0.3235294117647059,0.17647058823529413,0.2549019607843137,DNA
Seq_389,0.2762633508688028,0.2106381848132207,0.2296083745151177,0.28349008980285884,DNA
Seq_390,0.2803800265134777,0.2063632346442775,0.2421564295183385,0.27110030932390633,DNA
Seq_391,0.379746835443038,0.0379746835443038,0.13924050632911392,0.4430379746835443,DNA
Seq_392,0.2904416611733685,0.2090309822017139,0.22300593276203032,0.27752142386288725,DNA
Seq_393,0.2692954861365133,0.2338868973589875,0.22188894578974322,0.274928670714756,DNA
Seq_394,0.10069444444444445,0.2986111111111111,0.3854166666666667,0.2152777777777778,DNA
Seq_395,0.40425531914893614,0.1276595744680851,0.2553191489361702,0.2127659574468085,DNA
Seq_396,0.1897810218978102,0.34306569343065696,0.25547445255474455,0.2116788321167883,DNA
Seq_397,0.28941133588481865,0.20047384727537818,0.2270821942773829,0.2830326225624203,DNA
Seq_398,0.27939856373429084,0.22698483941751446,0.2198035108717335,0.2738130859764612,DNA
Seq_399,0.2353515625,0.248046875,0.234375,0.2822265625,DNA
Seq_400,0.20148414661569597,0.2714189341128851,0.3082977288059366,0.21879919046548235,DNA
Seq_401,0.2222222222222222,0.3333333333333333,0.24242424242424243,0.20202020202020202,DNA
Seq_402,0.2801445907565195,0.20931233324726742,0.24675101127463636,0.26379206472157674,DNA
Seq_403,0.304369414101291,0.21102284011916583,0.22989076464746772,0.25471698113207547,DNA
Seq_404,0.29411764705882354,0.14705882352941177,0.2647058823529412,0.29411764705882354,DNA
Seq_405,0.18556701030927836,0.21649484536082475,0.24742268041237114,0.35051546391752575,DNA
Seq_406,0.4697986577181208,0.10067114093959731,0.15436241610738255,0.2751677852348993,DNA
Seq_407,0.2,0.29411764705882354,0.29411764705882354,0.21176470588235294,DNA
Seq_408,0.2980769230769231,0.21153846153846154,0.22115384615384615,0.2692307692307692,DNA
Seq_409,0.21914990859232175,0.3226691042047532,0.2861060329067642,0.17207495429616088,DNA
Seq_410,0.17280453257790368,0.23229461756373937,0.39660056657223797,0.19830028328611898,DNA
Seq_411,0.26020072627455465,0.23183598776198783,0.22520229891630686,0.28276098704715064,DNA
Seq_412,0.37254901960784315,0.20588235294117646,0.19607843137254902,0.22549019607843138,DNA
Seq_413,0.2514207149404216,0.2561258783990223,0.25850901313779406,0.233944393522762,DNA
Seq_414,0.2727272727272727,0.2222222222222222,0.26262626262626265,0.24242424242424243,DNA
Seq_415,0.17532467532467533,0.2857142857142857,0.3116883116883117,0.22727272727272727,DNA
Seq_416,0.19591836734693877,0.25918367346938775,0.29183673469387755,0.2530612244897959,DNA
Seq_417,0.3611111111111111,0.2222222222222222,0.1111111111111111,0.3055555555555556,DNA
Seq_418,0.2698526769673015,0.2236794825727632,0.23769313690262306,0.26877470355731226,DNA
Seq_419,0.258266309204647,0.21298778671432828,0.28090557044980635,0.24784033363121835,DNA
Seq_420,0.29950338600451465,0.22835214446952595,0.21616252821670429,0.25598194130925506,DNA
Seq_421,0.3008763388510224,0.22979552093476144,0.2697176241480039,0.19961051606621227,DNA
Seq_422,0.250987275120667,0.23866129482627946,0.23235869001555706,0.2779927400374965,DNA
Seq_423,0.21000612262748186,0.27201959240794193,0.2779235546225837,0.24005073034199248,DNA
Seq_424,0.1517094017094017,0.2692307692307692,0.37393162393162394,0.20512820512820512,DNA
Seq_425,0.2156448202959831,0.28752642706131076,0.2156448202959831,0.28118393234672306,DNA
Seq_426,0.3314285714285714,0.2057142857142857,0.14857142857142858,0.3142857142857143,DNA
Seq_427,0.32441471571906355,0.18729096989966554,0.13712374581939799,0.3511705685618729,DNA
Seq_428,0.258956867379277,0.23218026534887468,0.2450179943062792,0.2638448729655691,DNA
Seq_429,0.3142857142857143,0.17142857142857143,0.05714285714285714,0.45714285714285713,DNA
Seq_430,0.15517241379310345,0.1724137931034483,0.1896551724137931,0.4827586206896552,DNA
Seq_431,0.2833954814652336,0.24742268041237114,0.20596622066242598,0.2632156174599693,DNA
Seq_432,0.3001590773513621,0.18989858818850666,0.18979916484390535,0.3201431696162259,DNA
Seq_433,0.14008179959100203,0.27505112474437626,0.38445807770961143,0.20040899795501022,DNA
Seq_434,0.28,0.23333333333333334,0.19333333333333333,0.29333333333333333,DNA
Seq_435,0.2273374466065496,0.3238411643727258,0.24790381268786585,0.20091757633285873,DNA
Seq_436,0.2797499877923727,0.20772498657160995,0.22896625811807217,0.28355876751794523,DNA
Seq_437,0.19811320754716982,0.25471698113207547,0.1509433962264151,0.39622641509433965,DNA
Seq_438,0.28061068702290076,0.2531297709923664,0.23725190839694657,0.22900763358778625,DNA
Seq_439,0.28701657458563534,0.23107734806629834,0.23888121546961327,0.24302486187845304,DNA
Seq_440,0.15625,0.125,0.3125,0.40625,DNA
Seq_441,0.20454545454545456,0.32323232323232326,0.29545454545454547,0.17676767676767677,DNA
Seq_442,0.2448377581120944,0.15634218289085547,0.26843657817109146,0.3303834808259587,DNA
Seq_443,0.20651903458571785,0.24384175167952227,0.2921124657875093,0.25752674794725056,DNA
Seq_444,0.2656396665010215,0.2685108497598145,0.22450444481254486,0.24134503892661918,DNA
Seq_445,0.26463153801283296,0.21203577678397822,0.21446626482597705,0.30886642037721174,DNA
Seq_446,0.3380281690140845,0.176056338028169,0.22535211267605634,0.2605633802816901,DNA
Seq_447,0.26194225721784775,0.22677165354330708,0.24934383202099739,0.26194225721784775,DNA
Seq_448,0.14545454545454545,0.2727272727272727,0.35454545454545455,0.22727272727272727,DNA
Seq_449,0.2754255051563679,0.21530980129118807,0.23769598390207095,0.2715687096503731,DNA
Seq_450,0.2524752475247525,0.2677551408987053,0.2480959634424981,0.23167364813404417,DNA
Seq_451,0.29312478344800275,0.20526654457258822,0.19096173835568975,0.31064693362371926,DNA
