nameseq,A,C,G,T,label
Seq_1,0.2578397212543554,0.31010452961672474,0.2578397212543554,0.17421602787456447,DNA
Seq_2,0.2207054434458199,0.31914532813294894,0.27887061217568254,0.18127861624554858,DNA
Seq_3,0.2857747074580572,0.2056957563795291,0.2530664034964049,0.25546313266600873,DNA
Seq_4,0.282319391634981,0.22433460076045628,0.1758555133079848,0.31749049429657794,DNA
Seq_5,0.282319391634981,0.22433460076045628,0.1758555133079848,0.31749049429657794,DNA
Seq_6,0.26169551708832667,0.24855747891699956,0.26142920550377274,0.22831779849090103,DNA
Seq_7,0.1308411214953271,0.29906542056074764,0.38317757009345793,0.18691588785046728,DNA
Seq_8,0.25783535311324696,0.22771973812508706,0.23538097228026186,0.2790639364814041,DNA
Seq_9,0.16666666666666666,0.2708333333333333,0.4583333333333333,0.10416666666666667,DNA
Seq_10,0.1951081577831189,0.2632546302841793,0.278665347094585,0.2629718648381168,DNA
Seq_11,0.28373061791252024,0.20851654709557974,0.21777366350381855,0.28997917148808144,DNA
Seq_12,0.23353264065869436,0.241668300333268,0.2575475396980984,0.26725151930993923,DNA
Seq_13,0.24868112543962487,0.24096326690113326,0.2537612348573662,0.25659437280187575,DNA
Seq_14,0.3124,0.204,0.2176,0.266,DNA
Seq_15,0.2928452579034942,0.2119800332778702,0.2154187465335552,0.27975596228508043,DNA
Seq_16,0.36363636363636365,0.15542521994134897,0.1466275659824047,0.3343108504398827,DNA
Seq_17,0.26358695652173914,0.1983695652173913,0.17119565217391305,0.36684782608695654,DNA
Seq_18,0.20155574762316336,0.3384615384615385,0.2933448573898012,0.16663785652549698,DNA
Seq_19,0.20833333333333334,0.2388888888888889,0.2833333333333333,0.26944444444444443,DNA
Seq_20,0.29265140324963074,0.21935007385524372,0.22544313146233383,0.2625553914327917,DNA
Seq_21,0.1991655076495132,0.29346314325452016,0.30598052851182195,0.20139082058414465,DNA
Seq_22,0.32967032967032966,0.15384615384615385,0.21978021978021978,0.2967032967032967,DNA
Seq_23,0.29970544918998526,0.23711340206185566,0.203240058910162,0.2599410898379971,DNA
Seq_24,0.28411426951158997,0.2055717019919189,0.20939958885659601,0.3009144396398951,DNA
Seq_25,0.25892857142857145,0.36607142857142855,0.30357142857142855,0.07142857142857142,DNA
Seq_26,0.3338509316770186,0.15605590062111802,0.20108695652173914,0.3090062111801242,DNA
Seq_27,0.2779430514237144,0.25775605609859753,0.24861878453038674,0.2156821079473013,DNA
Seq_28,0.2731080832259252,0.22026330325906832,0.23016019149327932,0.2764684220217271,DNA
Seq_29,0.3005062126092959,0.2103412004470449,0.2196765498652291,0.2694760370784301,DNA
Seq_30,0.28059606848446417,0.2507926442612555,0.24571972098922004,0.22289156626506024,DNA
Seq_31,0.29603467651308396,0.22545084818322897,0.19633970139669288,0.2821747739069942,DNA
Seq_32,0.23008849557522124,0.22123893805309736,0.3008849557522124,0.24778761061946902,DNA
Seq_33,0.23008849557522124,0.22123893805309736,0.3008849557522124,0.24778761061946902,DNA
Seq_34,0.2818991097922849,0.22255192878338279,0.2522255192878338,0.2433234421364985,DNA
Seq_35,0.14754098360655737,0.4098360655737705,0.3114754098360656,0.13114754098360656,DNA
Seq_36,0.250758015611896,0.257886587962067,0.22495322882394683,0.2664021676020902,DNA
Seq_37,0.16153846153846155,0.28846153846153844,0.3153846153846154,0.23461538461538461,DNA
Seq_38,0.26849456802897054,0.26745990688049665,0.21210553543714433,0.25193998965338854,DNA
Seq_39,0.41353383458646614,0.09022556390977443,0.14285714285714285,0.3533834586466165,DNA
Seq_40,0.28169014084507044,0.19718309859154928,0.28169014084507044,0.23943661971830985,DNA
Seq_41,0.2903225806451613,0.1693548387096774,0.1693548387096774,0.3709677419354839,DNA
Seq_42,0.2903225806451613,0.1693548387096774,0.1693548387096774,0.3709677419354839,DNA
Seq_43,0.26301691729323307,0.23792293233082706,0.23383458646616542,0.2652255639097744,DNA
Seq_44,0.2685116623472788,0.26133839318770824,0.22935949648278414,0.24079044798222882,DNA
Seq_45,0.25025746652935116,0.2729145211122554,0.22657054582904224,0.25025746652935116,DNA
Seq_46,0.2824184566428003,0.23195817706557564,0.19496533697011023,0.2906580293215138,DNA
Seq_47,0.24501020136609597,0.23720393861438835,0.24314734320943848,0.27463851681007717,DNA
Seq_48,0.14563106796116504,0.32038834951456313,0.2524271844660194,0.2815533980582524,DNA
Seq_49,0.16483516483516483,0.26373626373626374,0.17582417582417584,0.3956043956043956,DNA
Seq_50,0.30068236847897867,0.2077922077922078,0.2190182698657275,0.27250715386308605,DNA
Seq_51,0.22324355137523158,0.23229300270770986,0.2751888271341029,0.26927461878295567,DNA
Seq_52,0.2661005903549797,0.2522042474890746,0.23518362339952464,0.24651153875642107,DNA
Seq_53,0.33194372068785827,0.2292860865033872,0.1849921834288692,0.25377800937988537,DNA
Seq_54,0.29090058479532166,0.22250292397660817,0.21235087719298246,0.27424561403508774,DNA
Seq_55,0.2734584450402145,0.2714477211796247,0.23458445040214476,0.2205093833780161,DNA
Seq_56,0.2546103509815586,0.25163593099345627,0.24390243902439024,0.2498512790005949,DNA
Seq_57,0.251016787225331,0.2467039716118466,0.235976525180838,0.26630271598198446,DNA
Seq_58,0.23,0.24,0.31,0.22,DNA
Seq_59,0.2724596963007559,0.20911097732289785,0.2120543180145829,0.30637500836176335,DNA
Seq_60,0.29362940605799287,0.20858036003018218,0.22809097768675218,0.26969925622507274,DNA
Seq_61,0.28441224585183456,0.23206356625379762,0.23463426034120122,0.24888992755316663,DNA
Seq_62,0.24342663273960985,0.22328244274809161,0.2249787955894826,0.30831212892281595,DNA
Seq_63,0.1935483870967742,0.3870967741935484,0.12903225806451613,0.2903225806451613,DNA
Seq_64,0.2550325708968017,0.25356320713131214,0.2277024048586962,0.26370181711318996,DNA
Seq_65,0.27725288689982874,0.20614398585557214,0.23288579479529256,0.2837173324493066,DNA
Seq_66,0.2776880536387217,0.22811138844026818,0.22130866735183283,0.2728918905691773,DNA
Seq_67,0.29796772265391513,0.2041243275552899,0.19894401275154414,0.29896393703925084,DNA
Seq_68,0.14921780986762936,0.2743682310469314,0.3778580024067389,0.19855595667870035,DNA
Seq_69,0.29964328180737215,0.19785969084423305,0.23210463733650416,0.2703923900118906,DNA
Seq_70,0.2593019427066184,0.2540335857754363,0.20925255186038855,0.2774119196575568,DNA
Seq_71,0.2797212878423835,0.21703507928880347,0.22590100913022584,0.2773426237385872,DNA
Seq_72,0.26684561910661436,0.2423429004060844,0.24929451441943698,0.24151696606786427,DNA
Seq_73,0.3019680196801968,0.24046740467404673,0.25522755227552274,0.2023370233702337,DNA
Seq_74,0.23076923076923078,0.3269230769230769,0.25,0.19230769230769232,DNA
Seq_75,0.2727272727272727,0.2,0.18181818181818182,0.34545454545454546,DNA
Seq_76,0.2733896823083649,0.21422325852521132,0.23200233168172543,0.28038472748469834,DNA
Seq_77,0.27077798861480074,0.267741935483871,0.21905123339658444,0.24242884250474384,DNA
Seq_78,0.1951219512195122,0.18699186991869918,0.21951219512195122,0.3983739837398374,DNA
Seq_79,0.3611111111111111,0.16666666666666666,0.09722222222222222,0.375,DNA
Seq_80,0.22051773729626079,0.2799616490891659,0.2588686481303931,0.24065196548418025,DNA
Seq_81,0.2272300469483568,0.27887323943661974,0.2244131455399061,0.26948356807511736,DNA
Seq_82,0.25706771860618016,0.23668639053254437,0.2564102564102564,0.24983563445101906,DNA
Seq_83,0.28939522998296424,0.18419931856899488,0.2280664395229983,0.2983390119250426,DNA
Seq_84,0.25371324643831467,0.23305041931898554,0.22552288572294635,0.28771344851975345,DNA
Seq_85,0.28585946573751453,0.22560975609756098,0.22488385598141697,0.26364692218350755,DNA
Seq_86,0.32338308457711445,0.17412935323383086,0.21890547263681592,0.2835820895522388,DNA
Seq_87,0.27473476437207006,0.22000164487211119,0.23246155111440087,0.27280203964141786,DNA
Seq_88,0.17746478873239438,0.29859154929577464,0.27605633802816903,0.24788732394366197,DNA
Seq_89,0.25961538461538464,0.2548076923076923,0.21153846153846154,0.27403846153846156,DNA
Seq_90,0.16494845360824742,0.29300054259359737,0.3293543136190993,0.21269669017905588,DNA
Seq_91,0.2366751269035533,0.24175126903553298,0.24492385786802032,0.2766497461928934,DNA
Seq_92,0.2366751269035533,0.24175126903553298,0.24492385786802032,0.2766497461928934,DNA
Seq_93,0.1875,0.3125,0.3125,0.1875,DNA
Seq_94,0.26868171305526756,0.23717999840497647,0.22721110136374512,0.2669271871760108,DNA
Seq_95,0.2642007115691326,0.2188075082811925,0.23125996810207336,0.2857318120476015,DNA
Seq_96,0.24590675477239354,0.26894273127753304,0.2483847283406755,0.23676578560939796,DNA
Seq_97,0.26993865030674846,0.2467134092900964,0.23816827344434707,0.24517966695880805,DNA
Seq_98,0.26231125275058803,0.22437210714014721,0.22171636694741634,0.2916002731618484,DNA
Seq_99,0.27474670102015947,0.24549980850248948,0.2255144319487483,0.2542390585286028,DNA
Seq_100,0.22153846153846155,0.2553846153846154,0.21846153846153846,0.3046153846153846,DNA
Seq_101,0.26525416022551607,0.23010821133036283,0.2256069837228335,0.27903064472128764,DNA
Seq_102,0.29619781972879555,0.20632810422759904,0.23530975804307366,0.26216431800053175,DNA
Seq_103,0.17307692307692307,0.23076923076923078,0.3141025641025641,0.28205128205128205,DNA
Seq_104,0.14285714285714285,0.2857142857142857,0.33482142857142855,0.23660714285714285,DNA
Seq_105,0.3066179630425441,0.198109153416416,0.22024065320154707,0.2750322303394929,DNA
Seq_106,0.30985915492957744,0.22535211267605634,0.23943661971830985,0.22535211267605634,DNA
Seq_107,0.13043478260869565,0.2608695652173913,0.3565217391304348,0.25217391304347825,DNA
Seq_108,0.21537128907788014,0.3237262776596582,0.26947003701078825,0.19143239625167335,DNA
Seq_109,0.2764522117082447,0.211527142663105,0.21062163263458142,0.3013990129940689,DNA
Seq_110,0.2867647058823529,0.30392156862745096,0.2647058823529412,0.14460784313725492,DNA
Seq_111,0.3007518796992481,0.14285714285714285,0.20300751879699247,0.3533834586466165,DNA
Seq_112,0.23381720765061367,0.23381720765061367,0.24852034141175006,0.2838452432870226,DNA
Seq_113,0.28387319770886826,0.22190400948054514,0.22476792415563895,0.26945486865494767,DNA
Seq_114,0.2857142857142857,0.22244727749314905,0.20707732634338138,0.28476111044918384,DNA
Seq_115,0.37362637362637363,0.17582417582417584,0.24175824175824176,0.2087912087912088,DNA
Seq_116,0.276536312849162,0.20670391061452514,0.2011173184357542,0.31564245810055863,DNA
Seq_117,0.2571428571428571,0.0761904761904762,0.12380952380952381,0.5428571428571428,DNA
Seq_118,0.25334137272635915,0.28002210833082103,0.2579640237162094,0.20867249522661038,DNA
Seq_119,0.29068092028817105,0.20980711131768534,0.2084592145015106,0.291052753892633,DNA
Seq_120,0.10552763819095477,0.35175879396984927,0.4120603015075377,0.1306532663316583,DNA
Seq_121,0.2470202622169249,0.23212157330154945,0.2267580452920143,0.29410011918951134,DNA
Seq_122,0.24486771325063125,0.24239762871884948,0.24629487320232737,0.2664397848281919,DNA
Seq_123,0.3203125,0.2734375,0.140625,0.265625,DNA
Seq_124,0.2902097902097902,0.2097902097902098,0.21328671328671328,0.2867132867132867,DNA
Seq_125,0.2778326513334274,0.19302949061662197,0.26978975589106813,0.2593481021588825,DNA
Seq_126,0.21428571428571427,0.2857142857142857,0.21428571428571427,0.2857142857142857,DNA
Seq_127,0.257459505541347,0.22549019607843138,0.2144075021312873,0.30264279624893436,DNA
Seq_128,0.26331360946745563,0.25331079177233023,0.20794590025359255,0.2754296985066216,DNA
Seq_129,0.27326099881093935,0.21848989298454222,0.23298156956004756,0.27526753864447084,DNA
Seq_130,0.39285714285714285,0.10714285714285714,0.21428571428571427,0.2857142857142857,DNA
Seq_131,0.3404255319148936,0.1276595744680851,0.2127659574468085,0.3191489361702128,DNA
Seq_132,0.25150602409638556,0.2471762048192771,0.2573418674698795,0.24397590361445784,DNA
Seq_133,0.25806451612903225,0.3004032258064516,0.25268817204301075,0.18884408602150538,DNA
Seq_134,0.2633860180099391,0.22915966072562866,0.22770242498972462,0.27975189627470765,DNA
Seq_135,0.21556563869876183,0.33115434899638546,0.2842420979773898,0.1690379143274629,DNA
Seq_136,0.2,0.3128205128205128,0.2923076923076923,0.19487179487179487,DNA
Seq_137,0.2800199302441455,0.21728948679621327,0.21659192825112109,0.2860986547085202,DNA
Seq_138,0.30894839973873284,0.22664924885695623,0.12998040496407576,0.33442194644023515,DNA
Seq_139,0.28545887961859356,0.21866691115797193,0.21339506738791603,0.2824791418355185,DNA
Seq_140,0.26142595978062155,0.19195612431444242,0.18647166361974407,0.360146252285192,DNA
Seq_141,0.26142595978062155,0.19195612431444242,0.18647166361974407,0.360146252285192,DNA
Seq_142,0.2776255707762557,0.22450532724505326,0.20273972602739726,0.29512937595129374,DNA
Seq_143,0.28192387024189014,0.21470091880742545,0.23954622163885242,0.26382898931183196,DNA
Seq_144,0.2653716847217034,0.26514755323122896,0.24318266716473663,0.22629809488233096,DNA
Seq_145,0.2908137793310035,0.20906140788816774,0.21492760858711932,0.2851972041937094,DNA
Seq_146,0.30864197530864196,0.25925925925925924,0.20987654320987653,0.2222222222222222,DNA
Seq_147,0.30864197530864196,0.25925925925925924,0.20987654320987653,0.2222222222222222,DNA
Seq_148,0.25657976799301485,0.21479356367718597,0.24098790071098916,0.28763876761881,DNA
Seq_149,0.17204301075268819,0.23655913978494625,0.3118279569892473,0.27956989247311825,DNA
Seq_150,0.28116983068240126,0.21894011581030565,0.20882503848127246,0.29106501502602067,DNA
Seq_151,0.20408163265306123,0.30612244897959184,0.3163265306122449,0.17346938775510204,DNA
Seq_152,0.22376681614349775,0.2713004484304933,0.24663677130044842,0.25829596412556055,DNA
Seq_153,0.25637744902039183,0.3029188324670132,0.2392642942822871,0.2014394242303079,DNA
Seq_154,0.28778497044750917,0.20236419926822405,0.21390374331550802,0.2959470869687588,DNA
Seq_155,0.3333333333333333,0.2764227642276423,0.17886178861788618,0.21138211382113822,DNA
Seq_156,0.19390315913788014,0.24933569530558017,0.3072040153528196,0.2495571302037201,DNA
Seq_157,0.2502957579854656,0.24826770322798716,0.2546898766266689,0.2467466621598783,DNA
Seq_158,0.20253164556962025,0.3670886075949367,0.3037974683544304,0.12658227848101267,DNA
Seq_159,0.2627043210875546,0.2272616928305551,0.2461967955979932,0.2638371904838971,DNA
Seq_160,0.2889055753707528,0.24469682748263563,0.20607283649333583,0.26032476065327576,DNA
Seq_161,0.3269230769230769,0.16538461538461538,0.25769230769230766,0.25,DNA
Seq_162,0.26506200924634915,0.22690247303148162,0.21648198429588317,0.29155353342628604,DNA
Seq_163,0.266406122781306,0.22813873961895456,0.23839765510503175,0.2670574824947077,DNA
Seq_164,0.2667432070417145,0.23025896160224518,0.24061742569205255,0.26238040566398774,DNA
Seq_165,0.2722517058377559,0.21739954510993176,0.21459438968915845,0.2957543593631539,DNA
Seq_166,0.33712984054669703,0.15945330296127563,0.2505694760820046,0.2528473804100228,DNA
Seq_167,0.26716459197786996,0.22251728907330567,0.2732503457814661,0.23706777316735822,DNA
Seq_168,0.28297501452643814,0.21836141778036025,0.19953515398024405,0.29912841371295756,DNA
Seq_169,0.33837649112598195,0.22490544079138783,0.20628455048006983,0.23043351760256037,DNA
Seq_170,0.26182641429962883,0.22149682786216338,0.24066127885855687,0.27601547897965095,DNA
Seq_171,0.2802836320661808,0.24739019105771123,0.25152649202284816,0.2207996848532598,DNA
Seq_172,0.2894736842105263,0.19298245614035087,0.18421052631578946,0.3333333333333333,DNA
Seq_173,0.2808219178082192,0.2401039206424185,0.2146905999055267,0.26438356164383564,DNA
Seq_174,0.3380281690140845,0.20330679730557258,0.2271892222902633,0.2314758113900796,DNA
Seq_175,0.3380281690140845,0.20330679730557258,0.2271892222902633,0.2314758113900796,DNA
Seq_176,0.27341964965727344,0.19776593043919777,0.20555132436320556,0.3232630955403233,DNA
Seq_177,0.36538461538461536,0.19230769230769232,0.28846153846153844,0.15384615384615385,DNA
Seq_178,0.2839944328462074,0.23395963813500348,0.22637439109255394,0.2556715379262352,DNA
Seq_179,0.30887372013651876,0.19539249146757678,0.21331058020477817,0.28242320819112626,DNA
Seq_180,0.11538461538461539,0.34615384615384615,0.23076923076923078,0.3076923076923077,DNA
Seq_181,0.2626324368378158,0.22860635696821516,0.21352893235533824,0.2952322738386308,DNA
Seq_182,0.25054208555095603,0.26236940666272424,0.2546816479400749,0.23240685984624482,DNA
Seq_183,0.20750940191677789,0.3098386509765862,0.3057139390998423,0.17693800800679366,DNA
Seq_184,0.2653966493722524,0.23533605291298665,0.24064319378985308,0.2586241039249079,DNA
Seq_185,0.33070866141732286,0.16535433070866143,0.2047244094488189,0.2992125984251969,DNA
Seq_186,0.25761772853185594,0.15789473684210525,0.21329639889196675,0.37119113573407203,DNA
Seq_187,0.25819282317336795,0.22317336792044964,0.22905317769130998,0.2895806312148725,DNA
Seq_188,0.3445378151260504,0.18487394957983194,0.1953781512605042,0.27521008403361347,DNA
Seq_189,0.29449396204715356,0.22654303239409623,0.20651236342725704,0.27245064213149317,DNA
Seq_190,0.14222222222222222,0.28,0.2577777777777778,0.32,DNA
Seq_191,0.18421052631578946,0.2565789473684211,0.34868421052631576,0.21052631578947367,DNA
Seq_192,0.27426699244780095,0.25038871612616614,0.23011994669035984,0.24522434473567303,DNA
Seq_193,0.25892857142857145,0.1875,0.2767857142857143,0.2767857142857143,DNA
Seq_194,0.26476984414642984,0.25661471547662196,0.23686118158753172,0.24175425878941645,DNA
Seq_195,0.2905982905982906,0.19658119658119658,0.1111111111111111,0.4017094017094017,DNA
Seq_196,0.29545454545454547,0.22727272727272727,0.25,0.22727272727272727,DNA
Seq_197,0.299211350215987,0.2203067411722744,0.2070304759640154,0.2734514326477232,DNA
Seq_198,0.17567567567567569,0.24324324324324326,0.2702702702702703,0.3108108108108108,DNA
Seq_199,0.23076078603578878,0.23954330881545724,0.2576023712811505,0.2720935338676035,DNA
Seq_200,0.2323943661971831,0.323943661971831,0.18309859154929578,0.2605633802816901,DNA
Seq_201,0.1950207468879668,0.24896265560165975,0.3278008298755187,0.22821576763485477,DNA
Seq_202,0.2109375,0.234375,0.1328125,0.421875,DNA
Seq_203,0.23213624583487596,0.24301184746390225,0.2573583857830433,0.26749352091817846,DNA
Seq_204,0.24299065420560748,0.34579439252336447,0.2897196261682243,0.12149532710280374,DNA
Seq_205,0.3548387096774194,0.1693548387096774,0.20161290322580644,0.27419354838709675,DNA
Seq_206,0.20912547528517111,0.2332065906210393,0.2991128010139417,0.2585551330798479,DNA
Seq_207,0.27153103875328966,0.21987718664533773,0.22385055988441097,0.2847412147169617,DNA
Seq_208,0.2929471032745592,0.20377833753148614,0.19571788413098237,0.3075566750629723,DNA
Seq_209,0.2264957264957265,0.24786324786324787,0.19658119658119658,0.32905982905982906,DNA
Seq_210,0.29770171149144253,0.2121271393643032,0.20860635696821517,0.28156479217603914,DNA
Seq_211,0.2506587615283267,0.21903820816864294,0.21755599472990778,0.31274703557312256,DNA
Seq_212,0.2344145523047036,0.25201624771884384,0.27220815918054986,0.24136104079590276,DNA
Seq_213,0.3793103448275862,0.21839080459770116,0.1724137931034483,0.22988505747126436,DNA
Seq_214,0.2471927317272356,0.2254491629236423,0.22983870967741934,0.2975193956717027,DNA
Seq_215,0.20907908589830929,0.2827150554282529,0.2895274664024277,0.2186783922710101,DNA
Seq_216,0.3652694610778443,0.17964071856287425,0.2874251497005988,0.16766467065868262,DNA
Seq_217,0.26917613636363635,0.21803977272727273,0.21732954545454544,0.29545454545454547,DNA
Seq_218,0.26456066343895307,0.23134077944489717,0.19802502276976175,0.306073534346388,DNA
Seq_219,0.2693029490616622,0.23699731903485255,0.24946380697050938,0.24423592493297588,DNA
Seq_220,0.2994913692979294,0.2121831070527454,0.20265128759661982,0.28567423605270537,DNA
Seq_221,0.29439252336448596,0.205607476635514,0.24299065420560748,0.2570093457943925,DNA
Seq_222,0.373134328358209,0.23134328358208955,0.17164179104477612,0.22388059701492538,DNA
Seq_223,0.30957683741648107,0.19599109131403117,0.20935412026726058,0.28507795100222716,DNA
Seq_224,0.24549143372407575,0.290238954012624,0.24425157799819658,0.2200180342651037,DNA
Seq_225,0.2421875,0.2846720041322314,0.2450284090909091,0.2281120867768595,DNA
Seq_226,0.2884216481237036,0.20196115406373752,0.1898925136715067,0.31972468414105226,DNA
Seq_227,0.2641509433962264,0.10377358490566038,0.2169811320754717,0.41509433962264153,DNA
Seq_228,0.39197530864197533,0.19135802469135801,0.13580246913580246,0.2808641975308642,DNA
Seq_229,0.29577464788732394,0.20801733477789816,0.27735644637053086,0.218851570964247,DNA
Seq_230,0.2901394745377879,0.2552708400908206,0.22024002594875122,0.23434965942264027,DNA
Seq_231,0.2787983425414365,0.2287292817679558,0.23542817679558012,0.2570441988950276,DNA
Seq_232,0.20261437908496732,0.1830065359477124,0.2679738562091503,0.3464052287581699,DNA
Seq_233,0.20663592717592813,0.2576412986642582,0.29623995816894044,0.23948281599087323,DNA
Seq_234,0.21509433962264152,0.1660377358490566,0.47547169811320755,0.14339622641509434,DNA
Seq_235,0.2814070351758794,0.22975991066443327,0.23887958310068863,0.2499534710589987,DNA
Seq_236,0.2783675395140363,0.20877565463552725,0.21868365180467092,0.2941731540457655,DNA
Seq_237,0.26190003966679887,0.2203490678302261,0.24771915906386355,0.27003173343911147,DNA
Seq_238,0.2810025156060747,0.22570576725985278,0.24042672132674928,0.2528649958073232,DNA
Seq_239,0.2382776865535486,0.2707535121328225,0.23462871738733806,0.2563400839262908,DNA
Seq_240,0.32786885245901637,0.2459016393442623,0.13114754098360656,0.29508196721311475,DNA
Seq_241,0.3007799253984402,0.2122753475754493,0.24923702950152593,0.2377076975245846,DNA
Seq_242,0.15211267605633802,0.3183098591549296,0.29577464788732394,0.23380281690140844,DNA
Seq_243,0.33962264150943394,0.1320754716981132,0.22641509433962265,0.3018867924528302,DNA
Seq_244,0.26094453491713765,0.22262668838011304,0.24216879011399559,0.2742599865887537,DNA
Seq_245,0.28346456692913385,0.16535433070866143,0.31496062992125984,0.23622047244094488,DNA
Seq_246,0.29491525423728815,0.15254237288135594,0.1694915254237288,0.38305084745762713,DNA
Seq_247,0.29914529914529914,0.11965811965811966,0.20512820512820512,0.37606837606837606,DNA
Seq_248,0.24780409901517167,0.2647058823529412,0.251131221719457,0.23635879691243014,DNA
Seq_249,0.21612034421598897,0.3173487486040859,0.2917296196544702,0.1748012875254549,DNA
Seq_250,0.19310344827586207,0.25517241379310346,0.15862068965517243,0.3931034482758621,DNA
Seq_251,0.2940483205657042,0.17501473187978786,0.20919269298762522,0.3217442545668827,DNA
Seq_252,0.2771176556349322,0.217196384312582,0.20786557807260533,0.2978203819798804,DNA
Seq_253,0.2643312101910828,0.1592356687898089,0.22611464968152867,0.3503184713375796,DNA
Seq_254,0.1893939393939394,0.3712121212121212,0.2727272727272727,0.16666666666666666,DNA
Seq_255,0.259163802978236,0.26155021000381823,0.24589537991599847,0.2333906071019473,DNA
Seq_256,0.3829113924050633,0.1550632911392405,0.11708860759493671,0.3449367088607595,DNA
Seq_257,0.15384615384615385,0.358974358974359,0.2948717948717949,0.19230769230769232,DNA
Seq_258,0.18994413407821228,0.2346368715083799,0.33519553072625696,0.24022346368715083,DNA
Seq_259,0.22268907563025211,0.23529411764705882,0.2773109243697479,0.2647058823529412,DNA
Seq_260,0.22627737226277372,0.2116788321167883,0.26277372262773724,0.29927007299270075,DNA
Seq_261,0.22961922854546957,0.23308829602709177,0.24531262905757,0.2919798463698687,DNA
Seq_262,0.21,0.23,0.29,0.27,DNA
Seq_263,0.25632126921170056,0.25260287555775907,0.2056271690629648,0.2854486861675756,DNA
Seq_264,0.21647289995087604,0.26903553299492383,0.28377271982970365,0.23071884722449648,DNA
Seq_265,0.2499184339314845,0.24257748776508972,0.25057096247960847,0.2569331158238173,DNA
Seq_266,0.25,0.1875,0.23295454545454544,0.32954545454545453,DNA
Seq_267,0.27436980423706087,0.22663582729954412,0.23920622150710646,0.25978814695628855,DNA
Seq_268,0.11320754716981132,0.3018867924528302,0.32075471698113206,0.2641509433962264,DNA
Seq_269,0.26849725411882175,0.21377933100349475,0.2602096854717923,0.2575137294058912,DNA
Seq_270,0.28634450585670096,0.22154048983317276,0.21723036357182698,0.27488464073829927,DNA
Seq_271,0.2727272727272727,0.18716577540106952,0.24598930481283424,0.29411764705882354,DNA
Seq_272,0.2604166666666667,0.3333333333333333,0.20833333333333334,0.19791666666666666,DNA
Seq_273,0.27326909704976654,0.21724446210390386,0.24615078970895005,0.26333565113737956,DNA
Seq_274,0.2832054309327037,0.2361275088547816,0.21502361275088547,0.26564344746162927,DNA
Seq_275,0.2396694214876033,0.32231404958677684,0.2066115702479339,0.23140495867768596,DNA
Seq_276,0.2476055119569919,0.26781190137798927,0.24346536488908113,0.24111722177593772,DNA
Seq_277,0.26821587577369965,0.23487892279291997,0.2772287979150831,0.21967640351829731,DNA
Seq_278,0.22131147540983606,0.22131147540983606,0.2786885245901639,0.2786885245901639,DNA
Seq_279,0.2995169082125604,0.2028985507246377,0.19903381642512077,0.2985507246376812,DNA
Seq_280,0.22807017543859648,0.2807017543859649,0.2807017543859649,0.21052631578947367,DNA
Seq_281,0.23996664612261176,0.28550193960047854,0.258456295544357,0.21607511873255267,DNA
Seq_282,0.2388888888888889,0.17222222222222222,0.20555555555555555,0.38333333333333336,DNA
Seq_283,0.29676425269645607,0.22506420133538776,0.2322547508988187,0.24591679506933745,DNA
Seq_284,0.23684210526315788,0.2236842105263158,0.2236842105263158,0.3157894736842105,DNA
Seq_285,0.2338654823350538,0.2852398671628056,0.2662745568759253,0.21462009362621534,DNA
Seq_286,0.2874654013444049,0.21421510478449982,0.2252866745749308,0.2730328192961645,DNA
Seq_287,0.2414885193982581,0.23198733174980204,0.25415676959619954,0.2723673792557403,DNA
Seq_288,0.25182588372772424,0.2579608530528776,0.21034180543382996,0.2798714577855682,DNA
Seq_289,0.2861111111111111,0.225,0.18055555555555555,0.30833333333333335,DNA
Seq_290,0.22075859129828368,0.31757777691681843,0.24431443958002402,0.2173491922048739,DNA
Seq_291,0.3641304347826087,0.20652173913043478,0.19021739130434784,0.2391304347826087,DNA
Seq_292,0.17395888244596733,0.28518713758566155,0.32894043226146547,0.21191354770690565,DNA
Seq_293,0.30027397260273975,0.22155251141552512,0.21753424657534245,0.2606392694063927,DNA
Seq_294,0.16279069767441862,0.37209302325581395,0.11627906976744186,0.3488372093023256,DNA
Seq_295,0.2158824255897246,0.32789922193404963,0.28331480795356306,0.1729035445226627,DNA
Seq_296,0.29638746999815374,0.2182288140808665,0.22419841220998216,0.2611853037109976,DNA
Seq_297,0.2838866396761134,0.1962753036437247,0.23821862348178138,0.28161943319838056,DNA
Seq_298,0.4015151515151515,0.12878787878787878,0.23484848484848486,0.23484848484848486,DNA
Seq_299,0.2961414790996785,0.20032154340836014,0.21993569131832796,0.28360128617363345,DNA
Seq_300,0.2473736868434217,0.2976488244122061,0.27163581790895447,0.18334167083541772,DNA
Seq_301,0.3223913043478261,0.18043478260869567,0.17739130434782607,0.31978260869565217,DNA
Seq_302,0.2730240470826245,0.2706791116832958,0.2444250310359097,0.21187181019817003,DNA
Seq_303,0.07692307692307693,0.4153846153846154,0.27692307692307694,0.23076923076923078,DNA
Seq_304,0.30735930735930733,0.1645021645021645,0.12121212121212122,0.4069264069264069,DNA
Seq_305,0.25287356321839083,0.29310344827586204,0.3045977011494253,0.14942528735632185,DNA
Seq_306,0.2717391304347826,0.16304347826086957,0.21739130434782608,0.34782608695652173,DNA
Seq_307,0.283052847295535,0.23287586164068808,0.2237471278643731,0.2603241631994038,DNA
Seq_308,0.30685920577617326,0.19494584837545126,0.2563176895306859,0.24187725631768953,DNA
Seq_309,0.2211959924859111,0.3245147150907952,0.27598622417031937,0.17830306825297432,DNA
Seq_310,0.2440944881889764,0.2795275590551181,0.27165354330708663,0.2047244094488189,DNA
Seq_311,0.18046132971506107,0.21845318860244234,0.3473541383989145,0.2537313432835821,DNA
Seq_312,0.23822714681440443,0.24653739612188366,0.22437673130193905,0.29085872576177285,DNA
Seq_313,0.32727272727272727,0.05454545454545454,0.34545454545454546,0.2727272727272727,DNA
Seq_314,0.273972602739726,0.2191780821917808,0.228310502283105,0.2785388127853881,DNA
Seq_315,0.29358014966522256,0.22166207168176447,0.2215833005120126,0.26317447814100037,DNA
Seq_316,0.3400431344356578,0.14018691588785046,0.15168943206326385,0.3680805176132279,DNA
Seq_317,0.28502705953096813,0.19122068550811785,0.19122068550811785,0.33253156945279616,DNA
Seq_318,0.38317757009345793,0.16822429906542055,0.12149532710280374,0.32710280373831774,DNA
Seq_319,0.32382892057026474,0.15274949083503056,0.1364562118126273,0.3869653767820774,DNA
Seq_320,0.28225806451612906,0.20967741935483872,0.21774193548387097,0.2903225806451613,DNA
Seq_321,0.1835462134164739,0.2735592879412652,0.3129840088504475,0.22991048979181333,DNA
Seq_322,0.29211341434357874,0.24350726709554443,0.2103883726471289,0.25399094591374793,DNA
Seq_323,0.2818983050847458,0.23511864406779662,0.2263322033898305,0.2566508474576271,DNA
Seq_324,0.27759084791386274,0.21130551816958276,0.19515477792732167,0.31594885598923284,DNA
Seq_325,0.29245338857650194,0.20213080793134064,0.2155075466114235,0.28990825688073396,DNA
Seq_326,0.17068352429869615,0.2847096009482418,0.3212959304622679,0.22331094429079415,DNA
Seq_327,0.2789647750538086,0.21885663289411517,0.22772848968449788,0.27445010236757833,DNA
Seq_328,0.25519031141868515,0.2501441753171857,0.22520184544405997,0.2694636678200692,DNA
Seq_329,0.22,0.26,0.14,0.38,DNA
Seq_330,0.30303030303030304,0.2878787878787879,0.3333333333333333,0.07575757575757576,DNA
Seq_331,0.3940677966101695,0.1440677966101695,0.2478813559322034,0.21398305084745764,DNA
Seq_332,0.255542922114838,0.2270229296949024,0.23668751184385067,0.28074663634640895,DNA
Seq_333,0.3697916666666667,0.14583333333333334,0.15885416666666666,0.3255208333333333,DNA
Seq_334,0.26666666666666666,0.23271375464684016,0.24014869888475837,0.26047087980173483,DNA
Seq_335,0.23876404494382023,0.2303370786516854,0.24719101123595505,0.28370786516853935,DNA
Seq_336,0.26524663677130045,0.22911061285500747,0.22926008968609865,0.27638266068759343,DNA
Seq_337,0.25761772853185594,0.15789473684210525,0.27977839335180055,0.3047091412742382,DNA
Seq_338,0.3387096774193548,0.28225806451612906,0.20161290322580644,0.1774193548387097,DNA
Seq_339,0.40756302521008403,0.2184873949579832,0.16806722689075632,0.20588235294117646,DNA
Seq_340,0.33447098976109213,0.16723549488054607,0.22184300341296928,0.2764505119453925,DNA
Seq_341,0.29430335831251736,0.209443519289481,0.22051068553982792,0.27574243685817373,DNA
Seq_342,0.32727272727272727,0.22424242424242424,0.22424242424242424,0.22424242424242424,DNA
Seq_343,0.21272618014288575,0.27175001669226145,0.26534018828870937,0.25018361487614343,DNA
Seq_344,0.16030534351145037,0.40458015267175573,0.32061068702290074,0.11450381679389313,DNA
Seq_345,0.28073321378760707,0.21328949990037857,0.21976489340506078,0.28621239290695355,DNA
Seq_346,0.21479636918628003,0.2625913728010282,0.27528315527351593,0.24732910273917583,DNA
Seq_347,0.29140775658881507,0.2200557103064067,0.21255624598242984,0.2759802871223484,DNA
Seq_348,0.16346153846153846,0.3173076923076923,0.27884615384615385,0.2403846153846154,DNA
Seq_349,0.35294117647058826,0.23529411764705882,0.1522491349480969,0.25951557093425603,DNA
Seq_350,0.2728442728442728,0.231016731016731,0.23938223938223938,0.25675675675675674,DNA
Seq_351,0.22702702702702704,0.3027027027027027,0.1891891891891892,0.2810810810810811,DNA
Seq_352,0.19696969696969696,0.2878787878787879,0.2777777777777778,0.23737373737373738,DNA
Seq_353,0.225,0.225,0.175,0.375,DNA
Seq_354,0.2641509433962264,0.24056603773584906,0.21091644204851753,0.284366576819407,DNA
Seq_355,0.2807017543859649,0.2631578947368421,0.30701754385964913,0.14912280701754385,DNA
Seq_356,0.26622789389067525,0.25075361736334406,0.2491961414790997,0.23382234726688103,DNA
Seq_357,0.17905405405405406,0.21283783783783783,0.2905405405405405,0.31756756756756754,DNA
Seq_358,0.24503311258278146,0.27483443708609273,0.22847682119205298,0.25165562913907286,DNA
Seq_359,0.375,0.13257575757575757,0.15151515151515152,0.3409090909090909,DNA
Seq_360,0.262687338501292,0.20976744186046511,0.22330749354005167,0.3042377260981912,DNA
Seq_361,0.2744546776539021,0.24158991759573437,0.23276781386330586,0.25118759088705767,DNA
Seq_362,0.2911660505237215,0.23039895255699322,0.20513709180529882,0.27329790511398644,DNA
Seq_363,0.2986111111111111,0.2569444444444444,0.2013888888888889,0.24305555555555555,DNA
Seq_364,0.2034383954154728,0.3316618911174785,0.2987106017191977,0.166189111747851,DNA
Seq_365,0.2804697522944834,0.24977795322214547,0.21780321721109247,0.2519490772722787,DNA
Seq_366,0.28888888888888886,0.28888888888888886,0.26666666666666666,0.15555555555555556,DNA
Seq_367,0.23042865767760112,0.22147313342724895,0.2852686657275106,0.26282954316763935,DNA
Seq_368,0.19602352282273872,0.2797535704284514,0.35200224026883226,0.1722206664799776,DNA
Seq_369,0.2946963216424294,0.2197034502423724,0.20530367835757057,0.2802965497576276,DNA
Seq_370,0.16723549488054607,0.4197952218430034,0.17747440273037543,0.2354948805460751,DNA
Seq_371,0.28136850783182193,0.227040395713108,0.21368507831821928,0.2779060181368508,DNA
Seq_372,0.2727751448130595,0.24223275408109532,0.23749341758820433,0.24749868351764087,DNA
Seq_373,0.3225806451612903,0.15053763440860216,0.21505376344086022,0.3118279569892473,DNA
Seq_374,0.24220654265554842,0.22608509728458415,0.26093649775497113,0.2707718623048963,DNA
Seq_375,0.2433474202387034,0.25370361770306044,0.261180513630242,0.24176844842799425,DNA
Seq_376,0.2633768469373117,0.24888825132692582,0.2338975756706355,0.25383732606512693,DNA
Seq_377,0.2951108870967742,0.23311491935483872,0.2850302419354839,0.18674395161290322,DNA
Seq_378,0.17647058823529413,0.27450980392156865,0.3235294117647059,0.22549019607843138,DNA
Seq_379,0.3078947368421053,0.2125,0.1763157894736842,0.30328947368421055,DNA
Seq_380,0.26362871440591645,0.22549931358221514,0.21478233913467074,0.29608963287719764,DNA
Seq_381,0.25411602097646246,0.28127159640635796,0.2539940647993821,0.21061831781779747,DNA
Seq_382,0.3333333333333333,0.1746031746031746,0.19047619047619047,0.30158730158730157,DNA
Seq_383,0.2750984682713348,0.22109409190371992,0.20962800875273524,0.29417943107221006,DNA
Seq_384,0.21954387990762125,0.24956697459584296,0.25635103926096997,0.2745381062355658,DNA
Seq_385,0.23247084059525405,0.2513741788443491,0.24627966215310362,0.26987531840729323,DNA
Seq_386,0.271505376344086,0.24731182795698925,0.22580645161290322,0.2553763440860215,DNA
Seq_387,0.2852107711828563,0.23163682503877062,0.19526293528831243,0.28788946849006064,DNA
Seq_388,0.22013805522208885,0.2547268907563025,0.2820378151260504,0.24309723889555823,DNA
Seq_389,0.29411764705882354,0.11029411764705882,0.21323529411764705,0.38235294117647056,DNA
Seq_390,0.2678554929317195,0.24965351566109212,0.24762080753949922,0.23487018386768918,DNA
Seq_391,0.27436020665625377,0.25501622011294006,0.2246786014658176,0.24594497176498858,DNA
Seq_392,0.16433566433566432,0.24825174825174826,0.2692307692307692,0.3181818181818182,DNA
Seq_393,0.3076923076923077,0.16666666666666666,0.1794871794871795,0.34615384615384615,DNA
Seq_394,0.2,0.19310344827586207,0.2,0.4068965517241379,DNA
Seq_395,0.20149113757854262,0.2753446497233424,0.28889618306292786,0.23426802963518709,DNA
Seq_396,0.35664335664335667,0.18181818181818182,0.23776223776223776,0.22377622377622378,DNA
Seq_397,0.2517235850569184,0.23248356581689916,0.21420554753888088,0.30158730158730157,DNA
Seq_398,0.2911392405063291,0.2338255977496484,0.20253164556962025,0.27250351617440227,DNA
Seq_399,0.2230769230769231,0.25384615384615383,0.23846153846153847,0.2846153846153846,DNA
Seq_400,0.30708661417322836,0.1968503937007874,0.25196850393700787,0.2440944881889764,DNA
Seq_401,0.25274725274725274,0.2967032967032967,0.23076923076923078,0.21978021978021978,DNA
Seq_402,0.24193548387096775,0.18548387096774194,0.20161290322580644,0.3709677419354839,DNA
Seq_403,0.19014084507042253,0.323943661971831,0.30985915492957744,0.176056338028169,DNA
Seq_404,0.22340425531914893,0.4148936170212766,0.22340425531914893,0.13829787234042554,DNA
Seq_405,0.33209876543209876,0.1693827160493827,0.16864197530864197,0.3298765432098765,DNA
Seq_406,0.29411764705882354,0.3277310924369748,0.18487394957983194,0.19327731092436976,DNA
Seq_407,0.24299065420560748,0.24833110814419226,0.22696929238985314,0.2817089452603471,DNA
Seq_408,0.24386465947044872,0.2478338738564306,0.2518756958226439,0.2564257708504768,DNA
Seq_409,0.22968036529680366,0.26225266362252664,0.22465753424657534,0.28340943683409436,DNA
Seq_410,0.25094779819189267,0.2835617770000972,0.24876057159521728,0.21672985321279284,DNA
Seq_411,0.26534454625329484,0.23584787247395506,0.20685326973766788,0.2919543115350822,DNA
Seq_412,0.26126126126126126,0.15315315315315314,0.07207207207207207,0.5135135135135135,DNA
Seq_413,0.2451014242555028,0.2666810530858869,0.2578981441519206,0.23031937850668968,DNA
Seq_414,0.2775369370963461,0.2283464566929134,0.2402017163584889,0.25391488985225164,DNA
Seq_415,0.2801897829195372,0.21500064994150525,0.21032107110360068,0.2944884960353568,DNA
Seq_416,0.3136704119850187,0.19631710362047441,0.1869538077403246,0.3030586766541823,DNA
Seq_417,0.28412951535741526,0.21236913263537405,0.2229771892116758,0.28052416279553494,DNA
Seq_418,0.22769157802019108,0.25560674842469,0.28152313842401244,0.23517853513110645,DNA
Seq_419,0.2644867549668874,0.24266792809839166,0.23758278145695363,0.2552625354777673,DNA
Seq_420,0.27050483635881806,0.22956141513184047,0.21187226712601034,0.2880614813833311,DNA
Seq_421,0.2829064919594997,0.22960095294818345,0.2662298987492555,0.22126265634306136,DNA
Seq_422,0.29296028880866426,0.2170276774969916,0.20469314079422382,0.28531889290012036,DNA
Seq_423,0.2883116883116883,0.23116883116883116,0.21298701298701297,0.2675324675324675,DNA
Seq_424,0.32934131736526945,0.16766467065868262,0.24550898203592814,0.25748502994011974,DNA
Seq_425,0.2508153796683357,0.23510496577702236,0.24966695760025726,0.2644126969543847,DNA
Seq_426,0.34502191609267374,0.18847839699436444,0.16844082654978085,0.29805886036318097,DNA
Seq_427,0.2169350580781415,0.31876979936642025,0.27422122492080253,0.1900739176346357,DNA
Seq_428,0.2848832084618775,0.20334949316879683,0.21877479065667696,0.29299250771264873,DNA
Seq_429,0.2937994722955145,0.2241424802110818,0.216754617414248,0.2653034300791557,DNA
Seq_430,0.2474506687855913,0.2604952986359423,0.23950470136405774,0.2525493312144087,DNA
Seq_431,0.2660264235913296,0.23680855104310788,0.2415018583326551,0.2556631670329074,DNA
Seq_432,0.27479255619109,0.22379763151534682,0.19785708531378393,0.30355272697977925,DNA
Seq_433,0.4186046511627907,0.13953488372093023,0.2558139534883721,0.18604651162790697,DNA
Seq_434,0.16417910447761194,0.3283582089552239,0.3582089552238806,0.14925373134328357,DNA
Seq_435,0.22384121156493805,0.32021569527306104,0.28350160624139514,0.1724414869206058,DNA
Seq_436,0.33189655172413796,0.15948275862068967,0.16379310344827586,0.3448275862068966,DNA
Seq_437,0.2826950460915836,0.2207149816383122,0.22701041744735068,0.26957955482275353,DNA
Seq_438,0.2066115702479339,0.30578512396694213,0.371900826446281,0.11570247933884298,DNA
Seq_439,0.23225806451612904,0.1935483870967742,0.1870967741935484,0.3870967741935484,DNA
Seq_440,0.26844348400264123,0.22714448646377333,0.2378894291374032,0.26652260039618225,DNA
Seq_441,0.24818433339097354,0.24775203181739583,0.27148538820681306,0.23257824658481757,DNA
Seq_442,0.28165199729180773,0.21996539532084555,0.22169562927856767,0.27668697810877907,DNA
Seq_443,0.25630252100840334,0.24579831932773108,0.19747899159663865,0.3004201680672269,DNA
Seq_444,0.21241050119331742,0.2274761336515513,0.2713305489260143,0.28878281622911695,DNA
Seq_445,0.28378817413905133,0.2158869395711501,0.22530864197530864,0.27501624431448995,DNA
Seq_446,0.29600923482849606,0.22955145118733508,0.19558047493403694,0.2788588390501319,DNA
Seq_447,0.21641791044776118,0.2462686567164179,0.2835820895522388,0.2537313432835821,DNA
Seq_448,0.2861873226111637,0.26348155156102177,0.2109744560075686,0.23935666982024598,DNA
Seq_449,0.2636071736236197,0.2336909703187407,0.25193828804135016,0.25076356801628946,DNA
Seq_450,0.2358490566037736,0.2622641509433962,0.26037735849056604,0.24150943396226415,DNA
