1_105282662_105286408,1.0,0.5,0.3333333333333333,0.5,0.4,0.5,0.42857142857142855,0.125,0.2222222222222222,0.4,0.36363636363636365,0.4166666666666667,0.23076923076923078,0.2857142857142857,0.3333333333333333,0.3125,0.35294117647058826,0.3333333333333333,0.3157894736842105,0.35,0.3333333333333333,0.3181818181818182,0.34782608695652173,0.08333333333333333,0.32,0.34615384615384615,0.2962962962962963,0.32142857142857145,0.3448275862068966,0.1,0.12903225806451613,0.15625,0.3333333333333333,0.29411764705882354,0.34285714285714286,0.3055555555555556,0.24324324324324326,0.3157894736842105,0.3333333333333333,0.35,0.36585365853658536,0.38095238095238093,0.23255813953488372,0.38636363636363635,0.13333333333333333,0.15217391304347827,0.23404255319148937,0.16666666666666666,0.2653061224489796,0.36,0.37254901960784315,0.17307692307692307,0.18867924528301888,0.25925925925925924,0.36363636363636365,0.375,0.38596491228070173,0.20689655172413793,0.22033898305084745,0.38333333333333336,0.2459016393442623,0.3870967741935484,0.2222222222222222,0.390625,0.4,0.22727272727272727,0.23880597014925373,0.23529411764705882,0.391304347826087,0.15714285714285714,0.23943661971830985,0.25,0.2602739726027397,0.22972972972972974,0.24,0.3684210526315789,0.2597402597402597,0.15384615384615385,0.3670886075949367,0.2625,0.2716049382716049,0.36585365853658536,0.2289156626506024,0.36904761904761907,0.3764705882352941,0.23255813953488372,0.3793103448275862,0.38636363636363635,0.39325842696629215,0.4,0.14285714285714285,0.22826086956521738,0.3978494623655914,0.24468085106382978,0.4,0.14583333333333334,0.4020618556701031,0.24489795918367346,0.2222222222222222,0.23,0.39603960396039606,0.24509803921568626,0.39805825242718446,0.14423076923076922,0.1523809523809524,0.16037735849056603,0.16822429906542055,0.24074074074074073,0.3853211009174312,0.21818181818181817,0.38738738738738737,0.24107142857142858,0.168141592920354,0.24561403508771928,0.3826086956521739,0.25,0.2564102564102564,0.2627118644067797,0.16806722689075632,0.26666666666666666,0.2727272727272727,0.36885245901639346,0.37398373983739835,0.3790322580645161,0.384,0.2698412698412698,0.3858267716535433,0.390625,0.3953488372093023,0.4,0.40458015267175573,0.1590909090909091,0.40601503759398494,0.41044776119402987,0.18518518518518517,0.19117647058823528,0.19708029197080293,0.4057971014492754,0.41007194244604317,0.25,0.15602836879432624,0.4084507042253521,0.4125874125874126,0.25,0.15862068965517243,0.410958904109589,0.16326530612244897,0.41216216216216217,0.4161073825503356,0.24666666666666667,0.16556291390728478,0.25,0.1830065359477124,0.4090909090909091,0.25161290322580643,0.1858974358974359,0.25477707006369427,0.25949367088607594,0.18867924528301888,0.2625,0.2670807453416149,0.2716049382716049,0.1901840490797546,0.3902439024390244,0.2727272727272727,0.39156626506024095,0.39520958083832336,0.19047619047619047,0.27218934911242604,0.15294117647058825,0.15789473684210525,0.38953488372093026,0.1907514450867052,0.39080459770114945,0.19428571428571428,0.19886363636363635,0.3898305084745763,0.39325842696629215,0.39664804469273746,0.15555555555555556,0.39779005524861877,0.25824175824175827,0.19672131147540983,0.2608695652173913,0.15675675675675677,0.26344086021505375,0.16042780748663102,0.26595744680851063,0.3862433862433862,0.19473684210526315,0.2670157068062827,0.3854166666666667,0.16062176165803108,0.3865979381443299,0.1641025641025641,0.1683673469387755,0.2639593908629442,0.1919191919191919,0.1708542713567839,0.175,0.1791044776119403,0.2623762376237624,0.2660098522167488,0.2696078431372549,0.37073170731707317,0.18932038834951456,0.3719806763285024,0.375,0.17703349282296652,0.18095238095238095,0.1848341232227488,0.2641509433962264,0.37089201877934275,0.18691588785046728,0.18604651162790697,0.2638888888888889,0.1889400921658986,0.1926605504587156,0.2648401826484018,0.36363636363636365,0.2669683257918552,0.19369369369369369,0.3632286995515695,0.26785714285714285,0.27111111111111114,0.19469026548672566,0.19823788546255505,0.17982456140350878,0.18340611353711792,0.3565217391304348,0.19913419913419914,0.2025862068965517,0.3562231759656652,0.26495726495726496,0.3574468085106383,0.18220338983050846,0.35864978902953587,0.2647058823529412,0.18410041841004185,0.1875,0.1991701244813278,0.35537190082644626,0.20164609053497942,0.20491803278688525,0.3551020408163265,0.35772357723577236,0.3603238866396761,0.18548387096774194,0.18875502008032127,0.204,0.2549800796812749,0.35714285714285715,0.25691699604743085,0.1889763779527559,0.25882352941176473,0.26171875,0.26459143968871596,0.35271317829457366,0.20077220077220076,0.35384615384615387,0.26436781609195403,0.18702290076335878,0.35361216730038025,0.1893939393939394,0.2,0.19172932330827067,0.352059925093633,0.35447761194029853,0.26022304832713755,0.2,0.26199261992619927,0.2647058823529412,0.3516483516483517,0.20072992700729927,0.26545454545454544,0.18840579710144928,0.19133574007220217,0.3489208633093525,0.2007168458781362,0.2642857142857143,0.3487544483985765,0.19148936170212766,0.3498233215547703,0.2640845070422535,0.2,0.34965034965034963,0.26480836236933797,0.3506944444444444,0.1903114186851211,0.35172413793103446,0.2646048109965636,0.3527397260273973,0.35494880546075086,0.35714285714285715,0.26440677966101694,0.2668918918918919,0.19528619528619529,0.2684563758389262,0.35451505016722407,0.27,0.19601328903654486,0.1986754966887417,0.2706270627062706,0.3519736842105263,0.2721311475409836,0.27450980392156865,0.3517915309446254,0.19805194805194806,0.35275080906148865,0.3548387096774194,0.35691318327974275,0.1794871794871795,0.18210862619808307,0.35668789808917195,0.35873015873015873,0.18354430379746836,0.35962145110410093,0.18553459119496854,0.2664576802507837,0.26875,0.27102803738317754,0.18633540372670807,0.2724458204334365,0.27469135802469136,0.19076923076923077,0.27607361963190186,0.1926605504587156,0.35060975609756095,0.2765957446808511,0.18484848484848485,0.1933534743202417,0.27710843373493976,0.3483483483483483,0.19461077844311378,0.19701492537313434,0.18452380952380953,0.27596439169139464,0.34615384615384615,0.1976401179941003,0.18529411764705883,0.3460410557184751,0.1871345029239766,0.18950437317784258,0.19767441860465115,0.2,0.3439306358381503,0.345821325648415,0.20114942528735633,0.2034383954154728,0.26857142857142857,0.34472934472934474,0.3465909090909091,0.34844192634560905,0.2033898305084746,0.2676056338028169,0.1853932584269663,0.20448179271708683,0.20670391061452514,0.20891364902506965,0.18611111111111112,0.34349030470914127,0.1878453038674033,0.209366391184573,0.26373626373626374,0.21095890410958903,0.21311475409836064,0.1880108991825613,0.26358695652173914,0.26558265582655827,0.1891891891891892,0.2668463611859838,0.19086021505376344,0.21179624664879357,0.3342245989304813,0.26666666666666666,0.2127659574468085,0.26790450928381965,0.19047619047619047,0.3324538258575198,0.2131578947368421,0.2677165354330709,0.2696335078534031,0.1906005221932115,0.3307291666666667,0.33246753246753247,0.2694300518134715,0.19121447028423771,0.19329896907216496,0.2699228791773779,0.33076923076923076,0.33248081841432225,0.19387755102040816,0.20865139949109415,0.19543147208121828,0.19746835443037974,0.2676767676767677,0.19899244332493704,0.20854271356783918,0.21052631578947367,0.2125,0.2144638403990025,0.32587064676616917,0.2655086848635236,0.21534653465346534,0.21728395061728395,0.2660098522167488,0.19656019656019655,0.2181372549019608,0.2200488997555012,0.2658536585365854,0.26763990267639903,0.1966019417475728,0.19854721549636803,0.21980676328502416,0.2,0.3173076923076923,0.26618705035971224,0.20095693779904306,0.31742243436754175,0.21904761904761905,0.2209026128266033,0.3175355450236967,0.3191489361702128,0.32075471698113206,0.2,0.20187793427230047,0.22014051522248243,0.32009345794392524,0.20279720279720279,0.3209302325581395,0.20417633410672853,0.2199074074074074,0.2586605080831409,0.22119815668202766,0.2045977011494253,0.20642201834862386,0.2219679633867277,0.20776255707762556,0.20956719817767655,0.3159090909090909,0.2108843537414966,0.21266968325791855,0.255079006772009,0.22072072072072071,0.3146067415730337,0.2219730941704036,0.2550335570469799,0.21205357142857142,0.21380846325167038,0.2222222222222222,0.2549889135254989,0.21460176991150443,0.2229580573951435,0.2555066079295154,0.3098901098901099,0.2236842105263158,0.22538293216630198,0.22707423580786026,0.2549019607843137,0.21304347826086956,0.3080260303687636,0.30952380952380953,0.2267818574514039,0.21336206896551724,0.22795698924731184,0.2296137339055794,0.3083511777301927,0.25213675213675213,0.21321961620469082,0.2148936170212766,0.3078556263269639,0.21610169491525424,0.22832980972515857,0.2510548523206751,0.25263157894736843,0.21638655462184875,0.25366876310272535,0.2175732217573222,0.21920668058455114,0.22083333333333333,0.30353430353430355,0.22199170124481327,0.2525879917184265,0.25413223140495866,0.22268041237113403,0.30246913580246915,0.22381930184804927,0.2540983606557377,0.2556237218813906,0.22448979591836735,0.22606924643584522,0.22764227642276422,0.25557809330628806,0.29959514170040485,0.25656565656565655,0.25806451612903225,0.22736418511066397,0.2289156626506024,0.218436873747495,0.23,0.21956087824351297,0.22111553784860558,0.23061630218687873,0.25595238095238093,0.29504950495049503,0.25691699604743085,0.2583826429980276,0.23031496062992127,0.29469548133595286,0.23137254901960785,0.2191780821917808,0.220703125,0.2222222222222222,0.25680933852140075,0.258252427184466,0.2596899224806202,0.22243713733075435,0.2915057915057915,0.22928709055876687,0.2923076923076923,0.23032629558541268,0.2222222222222222,0.23135755258126195,0.22328244274809161,0.23238095238095238,0.25665399239543724,0.2333965844402277,0.23484848484848486,0.2892249527410208,0.29056603773584905,0.256120527306968,0.2349624060150376,0.2570356472795497,0.2209737827715356,0.22242990654205608,0.22388059701492538,0.2569832402234637,0.258364312267658,0.23376623376623376,0.25925925925925924,0.23475046210720887,0.2859778597785978,0.23572744014732966,0.23713235294117646,0.28623853211009176,0.25824175824175827,0.22120658135283364,0.2591240875912409,0.2222222222222222,0.22363636363636363,0.2250453720508167,0.28442028985507245,0.2585895117540687,0.23465703971119134,0.23603603603603604,0.2589928057553957,0.2244165170556553,0.23655913978494625,0.2826475849731664,0.25892857142857145,0.23707664884135474,0.23843416370106763,0.23978685612788633,0.22340425531914893,0.2247787610619469,0.28091872791519434,0.2257495590828924,0.22711267605633803,0.2565905096660808,0.2578947368421053,0.2591943957968476,0.23776223776223776,0.2600349040139616,0.2264808362369338,0.2782608695652174,0.2604166666666667,0.23743500866551126,0.23875432525951557,0.22625215889464595,0.2775862068965517,0.27882960413080893,0.23883161512027493,0.24013722126929674,0.2585616438356164,0.25982905982905985,0.24061433447098976,0.2776831345826235,0.2602040816326531,0.24108658743633277,0.26101694915254237,0.2233502538071066,0.24155405405405406,0.26138279932546377,0.26262626262626265,0.24201680672268908,0.2634228187919463,0.2747068676716918,0.27591973244147155,0.22203672787979967,0.27666666666666667,0.2628951747088186,0.22259136212624583,0.263681592039801,0.24006622516556292,0.2644628099173554,0.26567656765676567,0.24052718286655683,0.24177631578947367,0.22167487684729065,0.22295081967213115,0.22422258592471359,0.22549019607843138,0.2724306688417618,0.2263843648208469,0.2634146341463415,0.22727272727272727,0.22852512155591573,0.2297734627831715,0.2633279483037157,0.2645161290322581,0.26570048309178745,0.22990353697749197,0.2664526484751204,0.23717948717948717,0.2304,0.26677316293929715,0.2679425837320574,0.26910828025477707,0.2368839427662957,0.23015873015873015,0.23137876386687797,0.26582278481012656,0.23696682464454977,0.23817034700315456,0.26614173228346455,0.2672955974842767,0.23861852433281006,0.2304075235109718,0.2676056338028169,0.2390625,0.23088923556942278,0.26791277258566976,0.2643856920684292,0.2391304347826087,0.2310077519379845,0.2647058823529412,0.26738794435857804,0.26851851851851855,0.23112480739599384,0.26461538461538464,0.23809523809523808,0.26533742331288346,0.2679938744257274,0.2691131498470948,0.2381679389312977,0.23932926829268292,0.2648401826484018,0.26595744680851063,0.23975720789074356,0.2409090909090909,0.24205748865355523,0.2673716012084592,0.2654600301659125,0.26656626506024095,0.24210526315789474,0.22672672672672672,0.26686656671664166,0.24251497005988024,0.26606875934230195,0.2671641791044776,0.2429210134128167,0.2261904761904762,0.22734026745913818,0.2655786350148368,0.26666666666666666,0.2677514792899408,0.2658788774002954,0.26843657817109146,0.2268041237113402,0.2661764705882353,0.24082232011747431,0.24193548387096775,0.2679355783308931,0.22660818713450293,0.24233576642335766,0.2434402332361516,0.2678311499272198,0.2441860465116279,0.2641509433962264,0.26811594202898553,0.24457308248914617,0.24566473988439305,0.22510822510822512,0.22622478386167147,0.2460431654676259,0.2672413793103448,0.26255380200860834,0.24641833810888253,0.22603719599427755,0.22714285714285715,0.2282453637660485,0.24643874643874644,0.26173541963015645,0.2471590909090909,0.22836879432624113,0.26203966005665724,0.26449787835926447,0.24717514124293785,0.2651622002820874,0.2661971830985915,0.24753867791842477,0.24859550561797752,0.2496493688639551,0.2661064425770308,0.25034965034965034,0.22625698324022347,0.22733612273361228,0.25069637883008355,0.25869262865090403,0.22777777777777777,0.2510402219140083,0.2590027700831025,0.22821576763485477,0.2513812154696133,0.2524137931034483,0.22865013774104684,0.2627235213204952,0.25824175824175827,0.22908093278463648,0.23013698630136986,0.23119015047879618,0.23224043715846995,0.2578444747612551,0.25885558583106266,0.2598639455782313,0.23233695652173914,0.2496607869742198,0.23306233062330622,0.23410013531799728,0.2594594594594595,0.2591093117408907,0.24932614555256064,0.2503364737550471,0.2513440860215054,0.25906040268456376,0.23324396782841822,0.2597054886211513,0.2606951871657754,0.25100133511348466,0.252,0.2529960053262317,0.26063829787234044,0.26162018592297476,0.253315649867374,0.23178807947019867,0.2619047619047619,0.2536327608982827,0.2546174142480211,0.2318840579710145,0.2618421052631579,0.25492772667542707,0.2532808398950131,0.23197903014416776,0.25392670157068065,0.2326797385620915,0.2545691906005222,0.25554106910039115,0.23307291666666666,0.25617685305591675,0.2597402597402597,0.25680933852140075,0.23316062176165803,0.23415265200517466,0.2596899224806202,0.26064516129032256,0.25128865979381443,0.25611325611325614,0.2570694087403599,0.2336328626444159,0.2512820512820513,0.23431498079385404,0.23529411764705882,0.2567049808429119,0.25892857142857145,0.25095541401273885,0.25699745547073793,0.25158831003811943,0.23477157360406092,0.2585551330798479,0.25949367088607594,0.2515802781289507,0.2601010101010101,0.2610340479192938,0.23425692695214106,0.23522012578616353,0.2550251256281407,0.26097867001254704,0.2506265664160401,0.25156445556946183,0.235,0.26092384519350814,0.2518703241895262,0.25404732254047324,0.23507462686567165,0.25217391304347825,0.2543424317617866,0.2527881040892193,0.23514851485148514,0.2595797280593325,0.254320987654321,0.2527743526510481,0.2536945812807882,0.23493234932349324,0.23587223587223588,0.2588957055214724,0.25980392156862747,0.2533659730722154,0.254278728606357,0.23565323565323565,0.2524390243902439,0.25334957369062117,0.2591240875912409,0.25394896719319565,0.25970873786407767,0.2606060606060606,0.2542372881355932,0.2551390568319226,0.2560386473429952,0.23401688781664656,0.23493975903614459,0.259927797833935,0.2608173076923077,0.25570228091236497,0.23501199040767387,0.2502994011976048,0.25598086124401914,0.25686977299880526,0.25059665871121717,0.25744934445768775,0.25833333333333336,0.2342449464922711,0.2589073634204275,0.25029655990510086,0.25118483412322273,0.23431952662721894,0.2576832151300236,0.2585596221959858,0.25825471698113206,0.2508833922261484,0.23411764705882354,0.25146886016451236,0.25821596244131456,0.25205158264947247,0.234192037470726,0.2573099415204678,0.25817757009345793,0.23453908984830804,0.2517482517482518,0.2572759022118743,0.25232558139534883,0.2578397212543554,0.25870069605568446,0.23406720741599074,0.2569444444444444,0.25780346820809247,0.2586605080831409,0.25836216839677045,0.2511520737327189,0.25891829689298046,0.25862068965517243,0.2330654420206659,0.2591743119266055,0.2588774341351661,0.2334096109839817,0.2342857142857143,0.23515981735159816,0.23603192702394526,0.24943052391799544,0.2366325369738339,0.2375,0.2576617480136209,0.2585034013605442,0.25934314835787087,0.26018099547511314,0.25649717514124293,0.25733634311512416,0.2480270574971815,0.26013513513513514,0.2609673790776153,0.23595505617977527,0.24803591470258138,0.24887892376681614,0.24972004479283313,0.2505592841163311,0.2558659217877095,0.25669642857142855,0.25975473801560756,0.2505567928730512,0.25139043381535037,0.25666666666666665,0.2341842397336293,0.2516629711751663,0.25249169435215946,0.2345132743362832,0.25303867403314917,0.25386313465783666,0.2348401323042999,0.2356828193832599,0.25742574257425743,0.25384615384615383,0.2579582875960483,0.2543859649122807,0.23548740416210295,0.25820568927789933,0.253551912568306,0.23580786026200873,0.2366412213740458,0.2374727668845316,0.2578890097932535,0.2532608695652174,0.254071661237785,0.25813449023861174,0.25460455037919827,0.25216450216450215,0.2583783783783784,0.2548596112311015,0.255663430420712,0.25862068965517243,0.25941872981700753,0.25591397849462366,0.2513426423200859,0.25643776824034337,0.2572347266881029,0.25160599571734477,0.25882352941176473,0.25747863247863245,0.2518676627534685,0.2579957356076759,0.25878594249201275,0.23297872340425532,0.25823591923485656,0.25902335456475584,0.2513255567338282,0.2584745762711864,0.2328042328042328,0.25898520084566595,0.25976768743400214,0.23312236286919832,0.2507903055848261,0.25157894736842107,0.2576235541535226,0.23319327731092437,0.25918153200419725,0.23375262054507337,0.25759162303664923,0.2583682008368201,0.25914315569487983,0.2599164926931106,0.23357664233576642,0.25833333333333336,0.2601456815816857,0.2588357588357588,0.25960539979231567,0.2603734439834025,0.24870466321243523,0.2494824016563147,0.26059979317476734,0.26136363636363635,0.23219814241486067,0.2618556701030928,0.23274974253347064,0.24897119341563786,0.249743062692703,0.23305954825462014,0.26153846153846155,0.26229508196721313,0.2569089048106448,0.26278118609406953,0.2635342185903984,0.2571428571428571,0.2579001019367992,0.2637474541751528,0.2644964394710071,0.258130081300813,0.2649746192893401,0.23123732251521298,0.232016210739615,0.23279352226720648,0.23356926188068755,0.25757575757575757,0.2341069626639758,0.25806451612903225,0.2588116817724068,0.2635814889336016,0.2592964824120603,0.23393574297188754,0.2637913741223671,0.2595190380761523,0.26426426426426425,0.26,0.23376623376623376,0.26447105788423153,0.26520438683948155,0.26593625498007967,0.2427860696517413,0.25944333996023855,0.2333664349553128,0.26587301587301587,0.23389494549058473,0.2594059405940594,0.2423343224530168,0.2598814229249012,0.23395853899308983,0.24260355029585798,0.23448275862068965,0.23523622047244094,0.2359882005899705,0.24263261296660119,0.2590775269872424,0.23627450980392156,0.2595494613124388,0.26320939334637966,0.26392961876832843,0.236328125,0.25951219512195123,0.23684210526315788,0.2638753651411879,0.24124513618677043,0.24198250728862974,0.26407766990291265,0.26479146459747815,0.2655038759689923,0.2584704743465634,0.24177949709864605,0.242512077294686,0.26544401544401547,0.23529411764705882,0.24277456647398843,0.26564003849855633,0.25769230769230766,0.2430355427473583,0.2658349328214971,0.2348993288590604,0.23563218390804597,0.2430622009569378,0.25717017208413,0.24355300859598855,0.25763358778625955,0.23546234509056244,0.2580952380952381,0.26450999048525214,0.23574144486692014,0.23646723646723647,0.2428842504743833,0.25781990521327014,0.26420454545454547,0.26490066225165565,0.24291115311909262,0.26534466477809254,0.24339622641509434,0.2573044297832234,0.243879472693032,0.257761053621825,0.2349624060150376,0.23568075117370893,0.24390243902439024,0.24461105904404873,0.24531835205992508,0.2637979420018709,0.2644859813084112,0.23529411764705882,0.2453358208955224,0.24603914259086673,0.25605214152700184,0.2641860465116279,0.23513011152416358,0.2562674094707521,0.2569573283858998,0.26413345690454126,0.26481481481481484,0.26549491211840887,0.266173752310536,0.26685133887349954,0.2444649446494465,0.2672811059907834,0.24493554327808473,0.26770929162833484,0.26838235294117646,0.26905417814508725,0.25504587155963304,0.23281393217231897,0.2692307692307692,0.2698993595608417,0.25502742230347347,0.24383561643835616,0.27007299270072993,0.2324521422060164,0.2550091074681239,0.24385805277525022,0.23272727272727273,0.23342415985467757,0.23411978221415608,0.2547597461468722,0.26902173913043476,0.24343891402714932,0.2694394213381555,0.23396567299006324,0.26985559566787004,0.2344454463480613,0.23513513513513515,0.24302430243024303,0.25359712230215825,0.2695417789757412,0.24326750448833034,0.2699551569506726,0.24372759856630824,0.25335720680393914,0.23434704830053668,0.24396782841823056,0.24464285714285713,0.2694023193577163,0.2700534759358289,0.2341941228851291,0.2526690391459075,0.25333333333333335,0.24422735346358793,0.25377107364685003,0.24468085106382978,0.24534986713906112,0.2336283185840708,0.2537577365163572,0.24558303886925795,0.24624889673433362,0.23368606701940034,0.24669603524229075,0.23415492957746478,0.24714160070360597,0.2530755711775044,0.2344161545215101,0.23508771929824562,0.2532865907099036,0.2469352014010508,0.23534558180227472,0.23601398601398602,0.2366812227074236,0.23734729493891799,0.24673060156931126,0.24738675958188153,0.26457789382071367,0.2373913043478261,0.26498696785403997,0.2378472222222222,0.23850823937554205,0.24696707105719237,0.2510822510822511,0.2647058823529412,0.26534140017286084,0.2659758203799655,0.23813632441760138,0.2508620689655172,0.25150732127476316,0.26592082616179,0.2519346517626827,0.2663230240549828,0.23776824034334765,0.2521440823327616,0.26649528706083975,0.2525684931506849,0.2668947818648417,0.2675213675213675,0.2527754056362084,0.25341296928327645,0.26768968456947995,0.24361158432708688,0.23659574468085107,0.26785714285714285,0.24384027187765506,0.26825127334465193,0.2366412213740458,0.25254237288135595,0.26841659610499574,0.2436548223350254,0.2688081149619611,0.23648648648648649,0.2371308016877637,0.2521079258010118,0.2527379949452401,0.26851851851851855,0.2691337258200168,0.2529411764705882,0.2695214105793451,0.2424496644295302,0.2531433361274099,0.2696817420435511,0.2535564853556485,0.24247491638795987,0.2698412698412698,0.24290484140233723,0.2702251876563803,0.235,0.23563696919233973,0.2529118136439268,0.2427265170407315,0.26993355481727577,0.25311203319502074,0.2429519071310116,0.27009113504556753,0.2533112582781457,0.24317617866004962,0.2702479338842975,0.2708505367464905,0.23432343234323433,0.24319868095630667,0.24382207578253706,0.24444444444444444,0.234375,0.2448644207066557,0.2348111658456486,0.24528301886792453,0.2459016393442623,0.25143325143325146,0.2692307692307692,0.2698282910874898,0.24591503267973855,0.2342857142857143,0.23491027732463296,0.24612876935615322,0.23534201954397393,0.2693246541903987,0.23577235772357724,0.24614134849715677,0.2694805194805195,0.27007299270072993,0.23581847649918963,0.23643724696356275,0.24919093851132687,0.2497978981406629,0.26978998384491115,0.27037933817594834,0.23629032258064517,0.24979854955680902,0.27053140096618356,0.23652453740949317,0.23713826366559485,0.23775100401606425,0.24959871589085073,0.2702485966319166,0.23798076923076922,0.23859087269815854,0.2392,0.24940047961630696,0.25,0.26975259377494015,0.24242424242424243,0.24302788844621515,0.24363057324840764,0.2386634844868735,0.24403815580286167,0.2390786338363781,0.2492063492063492,0.26883425852498016,0.2393026941362916,0.2494061757719715,0.2689873417721519,0.26956521739130435,0.24960505529225907,0.2430939226519337,0.23895899053627762,0.2695035460992908,0.24330708661417322,0.26986624704956724,0.24921383647798742,0.2702278083267871,0.24332810047095763,0.24941176470588236,0.27037617554858934,0.27094753328112764,0.2715179968701095,0.24941360437842064,0.2375,0.2498048399687744,0.23790951638065522,0.24240062353858144,0.24299065420560748,0.2708171206225681,0.24339035769828926,0.27117327117327117,0.24378881987577639,0.2443754848719938,0.2713178294573643,0.2447714949651433,0.23684210526315788,0.2374323279195669,0.24497681607418856,0.2478764478764479,0.23765432098765432,0.24518118735543562,0.23805855161787365,0.2455735180908391,0.24615384615384617,0.2382782475019216,0.23886328725038403,0.23944742900997698,0.24616564417177914,0.2467432950191571,0.26875957120980093,0.26931905126243305,0.2392966360856269,0.2696715049656226,0.27022900763358776,0.24561403508771928,0.2461890243902439,0.24676313785224677,0.24733637747336376,0.26996197718631176,0.270516717325228,0.27107061503416857,0.23823975720789076,0.244882486732373,0.24545454545454545,0.27100681302043905,0.27155824508320725,0.23809523809523808,0.23867069486404835,0.24528301886792453,0.2458521870286576,0.2712886209495102,0.27183734939759036,0.24529721595184348,0.23834586466165414,0.23891810668670171,0.24549549549549549,0.245311327831958,0.2391304347826087,0.2397003745318352,0.24550898203592814,0.24607329842931938,0.24514200298953662,0.2703510082150859,0.2462686567164179,0.24683072334079045,0.27049180327868855,0.24497393894266567,0.2708333333333333,0.27137546468401486,0.27191679049034173,0.2383073496659243,0.27225519287833827,0.2446256486286138,0.24592592592592594,0.27239082161361955,0.246301775147929,0.23798965262379895,0.24446085672082718,0.27232472324723245,0.24631268436578171,0.2726602800294768,0.23784977908689248,0.2729948491537896,0.24411764705882352,0.2733284349742836,0.23788546255506607,0.2384446074834923,0.23900293255131966,0.24395604395604395,0.2452415812591508,0.23920994879297733,0.24415204678362573,0.24543462381300218,0.27226277372262775,0.2727935813274982,0.27332361516034986,0.24399126001456664,0.23871906841339155,0.23927272727272728,0.2449127906976744,0.2730573710965868,0.27358490566037735,0.24510514865844815,0.2391304347826087,0.24547429398986242,0.23950795947901593,0.27331887201735355,0.2398843930635838,0.2404332129963899,0.2453102453102453,0.24585436193222782,0.24639769452449567,0.2728581713462923,0.24676258992805755,0.2415528396836808,0.24209770114942528,0.2727925340990668,0.2733142037302726,0.23942652329749103,0.23997134670487105,0.24051539012168932,0.24105865522174535,0.24588992137240887,0.24142857142857144,0.2462526766595289,0.24108416547788872,0.24162508909479685,0.24145299145299146,0.27188612099644127,0.2460881934566145,0.24164889836531628,0.27201704545454547,0.24201561391057488,0.24113475177304963,0.24592487597448617,0.2719546742209632,0.2413305024769993,0.24611032531824611,0.24664310954063604,0.24152542372881355,0.24700070571630206,0.27150916784203105,0.24171952078928824,0.24225352112676057,0.2406755805770584,0.2468354430379747,0.2712579058327477,0.24087078651685392,0.24701754385964914,0.2713884992987377,0.24106517168885774,0.27170868347338933,0.2722183344996501,0.24685314685314685,0.24737945492662475,0.2409217877094972,0.24075366364270762,0.2412831241283124,0.27177700348432055,0.24094707520891365,0.24147529575504523,0.2719054242002782,0.27241139680333565,0.24097222222222223,0.24149895905621097,0.2461858529819695,0.24185724185724186,0.2721606648199446,0.24083044982698962,0.2413554633471646,0.2460262612301313,0.24654696132596685,0.24706694271911664,0.2413793103448276,0.2412129565816678,0.24724517906336088,0.2415691672401927,0.27097661623108665,0.24123711340206186,0.24725274725274726,0.2477693891557996,0.24828532235939643,0.24126113776559288,0.24863013698630138,0.24914442162902123,0.2701778385772914,0.24128503075871496,0.24931693989071038,0.27030716723549486,0.2708049113233288,0.2713019768234492,0.24114441416893734,0.2491490810074881,0.24149659863945577,0.24201223657375934,0.2391304347826087,0.24236252545824846,0.24287652645861602,0.2705084745762712,0.27100271002710025,0.24847664184157076,0.2713125845737483,0.2427315753887762,0.2716216216216216,0.27211343686698175,0.2483130904183536,0.24881995954147,0.2722371967654987,0.2727272727272727,0.23755047106325708,0.2730329522528581,0.24193548387096775,0.24244459368703827,0.2483221476510067,0.27297116029510393,0.23726541554959785,0.2732752846617549,0.24230254350736277,0.23745819397993312,0.2479946524064171,0.2732130928523714,0.24232309746328437,0.2428285523682455,0.23733333333333334,0.24783477681545638,0.2729693741677763,0.27345309381237526,0.27393617021276595,0.2425249169435216,0.24767596281540505,0.24817518248175183,0.2738726790450928,0.27435387673956263,0.24834437086092714,0.24884182660489743,0.2744708994708995,0.2749504296100463,0.2357992073976222,0.27524752475247527,0.2757255936675462,0.24126565589980223,0.24176548089591568,0.23568136932192232,0.24210526315789474,0.23602892833662065,0.2752956636005256,0.242284963887065,0.2755905511811024,0.2360655737704918,0.2758846657929227,0.27635887360838246,0.2768324607329843,0.2419882275997384,0.24248366013071895,0.2769431743958197,0.24281984334203655,0.24592302674494454,0.24641460234680573,0.24299674267100976,0.23502604166666666,0.24658425504229017,0.24317295188556567,0.24691358024691357,0.275974025974026,0.24334847501622323,0.27626459143968873,0.23460790667530784,0.2765544041450777,0.27702265372168283,0.27749029754204396,0.2779573367808662,0.24289405684754523,0.27824402840542284,0.2787096774193548,0.2791747259832366,0.27963917525773196,0.24533161622665808,0.2335907335907336,0.2797427652733119,0.23393316195372751,0.23442517662170842,0.2798459563543004,0.2418216805644644,0.24487179487179486,0.27994875080076875,0.28040973111395645,0.2418426103646833,0.2340153452685422,0.24217252396166133,0.23435504469987228,0.2801531589023612,0.2423469387755102,0.23454429572976418,0.2426751592356688,0.23488224061107574,0.23536895674300254,0.2434837889383344,0.2795425667090216,0.2438095238095238,0.27982233502538073,0.24223208623969564,0.23510773130544993,0.2799240025332489,0.24240506329113923,0.2428842504743833,0.24336283185840707,0.24320909665192672,0.24368686868686867,0.23470031545741324,0.2793190416141236,0.27977315689981097,0.28022670025188917,0.24354940213971052,0.28050314465408804,0.2426147077309868,0.24309045226130654,0.24356559949780288,0.2440401505646173,0.23385579937304074,0.24310776942355888,0.2798998121477771,0.28035043804755944,0.24390243902439024,0.243125,0.24422236102435976,0.24469413233458176,0.24329382407985028,0.24376558603491272,0.23302180685358256,0.24470734744707348,0.24517734909769756,0.24378109452736318,0.23306401491609696,0.24409937888198757,0.2787088764742396,0.27915632754342434,0.23310601363918165,0.24411400247831475,0.24458204334365324,0.24443069306930693,0.24489795918367346,0.23300370828182942,0.2785670166769611,0.27901234567901234,0.2794571252313387,0.23304562268803947,0.2797288971041282,0.2801724137931034,0.23323076923076924,0.24354243542435425,0.23355869698832207,0.24385749385749386,0.24432166973603436,0.23374233128834357,0.24340895156345801,0.27941176470588236,0.24372320881812615,0.2441860465116279,0.27951070336391437,0.2334963325183374,0.24373854612095297,0.23382173382173382,0.23428920073215376,0.2347560975609756,0.2790981109079829,0.279537149817296,0.24345709068776628,0.23479318734793186,0.24316109422492402,0.23511543134872417,0.2434729811778992,0.2433252427184466,0.24378411158277744,0.24424242424242423,0.24348879466989704,0.24394673123486682,0.27828191167574107,0.24425634824667472,0.24471299093655588,0.2783816425120773,0.24502112251056127,0.2436670687575392,0.23387582881253768,0.24518072289156626,0.2781456953642384,0.2785800240673887,0.24353577871316898,0.24519230769230768,0.24384384384384383,0.24429771908763506,0.244751049790042,0.24520383693045564,0.2330736968244458,0.2778443113772455,0.2333931777378815,0.23385167464114834,0.24447101016138673,0.24492234169653523,0.24537313432835822,0.23389021479713604,0.24448419797257007,0.24493444576877235,0.27695056581298394,0.2773809523809524,0.24509220701963116,0.23365041617122473,0.27748068924539515,0.27790973871733965,0.2451038575667656,0.23368920521945433,0.27800829875518673,0.23400473933649288,0.2344582593250444,0.2781065088757396,0.23477232406859846,0.23522458628841608,0.2782043709391612,0.24439197166469895,0.2430678466076696,0.23525943396226415,0.24337065409546257,0.24381625441696114,0.2442613301942319,0.2447058823529412,0.24397413286302175,0.2444183313748531,0.27715795654726955,0.2347417840375587,0.27741935483870966,0.235052754982415,0.24428822495606328,0.24473067915690866,0.27735517846693974,0.24385964912280703,0.2776154295733489,0.2780373831775701,0.27845884413309985,0.24445740956826137,0.27871720116618076,0.23426573426573427,0.24344787419918462,0.23457508731082655,0.23502036067481094,0.2436046511627907,0.23532829750145265,0.24390243902439024,0.24434126523505514,0.2354988399071926,0.24463768115942028,0.27752027809965235,0.24319629415170815,0.2355324074074074,0.2446500867553499,0.24508670520231213,0.23570190641247835,0.24307159353348728,0.27697634160415463,0.2773933102652826,0.23573487031700288,0.23617511520737328,0.24467472654001152,0.23647871116225547,0.24266820011500861,0.2367816091954023,0.2372199885123492,0.2428243398392652,0.27653471026965004,0.2769495412844037,0.24297994269340975,0.2434135166093929,0.2770463651974814,0.23684210526315788,0.24356775300171526,0.24342857142857144,0.27698458023986294,0.2773972602739726,0.24358243011979464,0.27765108323831245,0.27806267806267804,0.2784738041002278,0.2788844621513944,0.2434584755403868,0.2427515633882888,0.24375,0.2441794434980125,0.2446083995459705,0.24276800907543958,0.24319727891156462,0.24362606232294617,0.24462061155152887,0.24391624221844935,0.24434389140271492,0.27755794234030523,0.27796610169491526,0.24449463579898362,0.2782167042889391,0.24421883812746756,0.24464487034949267,0.24507042253521127,0.27815315315315314,0.2785593697242544,0.2440944881889764,0.2450815064643058,0.2786516853932584,0.2442448062886019,0.2452300785634119,0.2327537857543466,0.27858744394618834,0.24425770308123249,0.24468085106382978,0.2327923894795747,0.2332214765100671,0.24482951369480158,0.2446927374301676,0.2780569514237856,0.24497767857142858,0.2331288343558282,0.27814938684503904,0.2445682451253482,0.24498886414253898,0.23316638842515303,0.24527252502780866,0.24569205113952194,0.24444444444444444,0.24597445863409217,0.27746947835738067,0.23294509151414308,0.23337028824833703,0.24598337950138505,0.27740863787375414,0.24626452684006642,0.24668141592920353,0.23327805417357655,0.24696132596685083,0.2473771397018222,0.27704194260485654,0.24324324324324326,0.2772877618522602,0.23305785123966943,0.2775330396475771,0.24325811777655476,0.2777777777777778,0.27817482133040133,0.24670329670329672,0.24327292696320704,0.2327113062568606,0.2781130005485464,0.23300438596491227,0.27835616438356164,0.2787513691128149,0.24302134646962234,0.2434354485776805,0.2788408966648442,0.23278688524590163,0.24576734025122884,0.2789301310043668,0.27932351336606653,0.24318429661941113,0.2795640326975477,0.27995642701525053,0.24550898203592814,0.2801958650707291,0.23219140837411636,0.24565217391304348,0.24606192286800652,0.24267100977198697,0.24633749321758003,0.23210412147505424,0.23252032520325203,0.27952329360780065,0.24634542501353546,0.27976190476190477,0.24229313142239048,0.28,0.28038897893030795,0.24244060475161988,0.28062601187263897,0.2810140237324703,0.23180592991913745,0.28125,0.23209477652127086,0.24542518837459634,0.2420656266810113,0.28118279569892474,0.2815690488984417,0.24221267454350162,0.28180354267310787,0.2821888412017167,0.28257372654155494,0.2829581993569132,0.24209962506695232,0.2831905781584582,0.24451578384162653,0.24224598930481284,0.23089257081774453,0.23130341880341881,0.2423918846769888,0.28281750266808964,0.2832,0.23134328358208955,0.23175279701651572,0.2832800851970181,0.2437466737626397,0.23191489361702128,0.23232323232323232,0.2438894792773645,0.24429102496016994,0.24150743099787686,0.24456233421750664,0.23223753976670203,0.23264440911499734,0.2330508474576271,0.24457384859714135,0.282010582010582,0.24484399788471709,0.2452431289640592,0.2329635499207607,0.24076029567053855,0.23324538258575198,0.28164556962025317,0.2820242488139167,0.24499473129610116,0.2822538177988415,0.2331578947368421,0.2824829037348764,0.28286014721345953,0.24487651077246453,0.24527310924369747,0.2398950131233596,0.24554039874081846,0.24016780283167277,0.23270440251572327,0.24567836563645887,0.24607329842931938,0.23286237571951857,0.24633891213389122,0.23314166231050706,0.24660397074190177,0.24699738903394255,0.2395615866388309,0.23995826812728221,0.28102189781021897,0.24700364773319436,0.24010416666666667,0.2404997397188964,0.2809573361082206,0.23244929797191888,0.24688149688149688,0.28103896103896103,0.23260643821391486,0.24701608718214843,0.2328838174273859,0.2332814930015552,0.24715025906735752,0.23355774210253755,0.23395445134575568,0.24728401448525608,0.28024819027921405,0.24754521963824289,0.23915289256198347,0.24780588538977802,0.24819401444788441,0.23929860752965446,0.23350515463917526,0.23956723338485317,0.2481977342945417,0.23365928975810601,0.23405349794238683,0.27917737789203084,0.2795477903391572,0.24807395993836673,0.2797741273100616,0.2483324781939456,0.23897435897435898,0.2337262942080984,0.24846311475409835,0.2339989759344598,0.2389969293756397,0.2792838874680307,0.23415132924335377,0.2795094532447624,0.23442288049029622,0.23889739663093415,0.2479591836734694,0.2345741968383478,0.23496432212028542,0.23892002037697402,0.2790224032586558,0.27938931297709924,0.24771108850457782,0.23487544483985764,0.23526422764227642,0.27932960893854747,0.24771573604060915,0.2480974124809741,0.27941176470588236,0.2483527622909275,0.23809523809523808,0.23848101265822785,0.2793522267206478,0.23469903894790087,0.27957532861476236,0.27993936331480546,0.2383838383838384,0.2801615345784957,0.2386478304742684,0.2476046394351992,0.28024193548387094,0.2478589420654912,0.23867069486404835,0.23905385002516355,0.24798792756539234,0.23931623931623933,0.24824120603015076,0.24861878453038674,0.23343373493975902,0.2488710486703462,0.24924774322968907,0.23909774436090225,0.23947895791583165,0.2789183775663495,0.24924924924924924,0.23961980990495246,0.24,0.24037981009495252,0.23276723276723277,0.27858212680978534,0.23303393213572854,0.2488778054862843,0.2333000997008973,0.24015944195316394,0.24900398406374502,0.27824788451966154,0.27860696517412936,0.2401790154152163,0.2788270377733598,0.23298559364133134,0.27904667328699106,0.24863523573200993,0.2400793650793651,0.24888448190381754,0.2789890981169475,0.24913323427439327,0.2495049504950495,0.23998020781791193,0.2403560830860534,0.2787938704893722,0.2791501976284585,0.24938271604938272,0.24975320829220138,0.27923038973852987,0.23175542406311636,0.279448003942829,0.2497536945812808,0.2397833579517479,0.24015748031496062,0.279390063944909,0.2497541789577188,0.2501228501228501,0.27946954813359526,0.27982326951399117,0.25024533856722275,0.23099558607160373,0.27990196078431373,0.2802547770700637,0.25024485798237023,0.28046989720998533,0.2309197651663405,0.2806845965770171,0.25024437927663734,0.23106985832926233,0.28076171875,0.28111273792093705,0.23121951219512196,0.23842028278888347,0.28118908382066277,0.23867510959571359,0.24975657254138267,0.23114355231143552,0.23881322957198445,0.2498784637822071,0.239067055393586,0.25012141816415734,0.28058252427184466,0.2309558466763707,0.2390882638215325,0.23121667474551624,0.2805232558139535,0.2314769975786925,0.23184898354307842,0.28059990324141265,0.2809477756286267,0.28129531174480427,0.23864734299516907,0.2491549975857074,0.23166023166023167,0.2812349252291365,0.2815814850530376,0.2385542168674699,0.23892100192678228,0.24891670678863745,0.23917228103946103,0.23136123136123135,0.28125,0.2316194137433926,0.23919308357348704,0.2486797887662026,0.24904030710172745,0.23932853717026378,0.2809204218600192,0.23957834211787254,0.24904214559386972,0.24940162757300144,0.24976076555023924,0.2501195600191296,0.23948374760994265,0.23076923076923078,0.2502387774594078,0.25059665871121717,0.23950381679389313,0.23080591320934668,0.2797902764537655,0.25059552167698906,0.28,0.23940980485483104,0.280209324452902,0.25059438896814074,0.2509505703422053,0.23040380047505937,0.23076923076923078,0.23113431419079258,0.23908918406072105,0.2797534376481745,0.23933649289099526,0.2505921364282331,0.27982954545454547,0.2801703738760057,0.2805108798486282,0.28085106382978725,0.28119092627599246,0.28153046764289086,0.23890462700661,0.2817366682397357,0.23018867924528302,0.23055162659123055,0.23892554194156457,0.24964672633066415,0.25,0.23905882352941177,0.2502351834430856,0.25058768218147626,0.23026315789473684,0.28088304368248,0.2507042253521127,0.2388549976536837,0.28095684803001875,0.2812939521800281,0.281630740393627,0.2388758782201405,0.2818352059925094,0.28217126813289656,0.2502338634237605,0.2823749415614773,0.2827102803738318,0.28304530593180754,0.238562091503268,0.23891740550629958,0.22901119402985073,0.24988344988344988,0.22926374650512582,0.2501164415463437,0.2388268156424581,0.2391810144253141,0.28232558139534886,0.2501162250116225,0.2504646840148699,0.25081281932187643,0.23909006499535748,0.28213457076566123,0.2824675324675325,0.23922114047287898,0.25069508804448565,0.25104214914312184,0.23935185185185184,0.23970384081443777,0.22802960222016652,0.2820157189089228,0.22828096118299446,0.2397228637413395,0.2820867959372115,0.22842639593908629,0.2822878228782288,0.2826187183033656,0.22857142857142856,0.28281897742975587,0.23941068139963168,0.22871606074551312,0.2828886844526219,0.2832183908045977,0.23943014705882354,0.23977951309141018,0.2401285583103765,0.22854520422212024,0.2830275229357798,0.2833562585969739,0.24014665444546288,0.24049473202015575,0.24084249084249085,0.2411899313501144,0.2415370539798719,0.2830361225422954,0.22806215722120657,0.24805847418912746,0.2415525114155251,0.22820629849383842,0.28284671532846717,0.24806201550387597,0.24840474020054695,0.24145785876993167,0.24180327868852458,0.2485207100591716,0.24203821656050956,0.22783083219645292,0.2822727272727273,0.22807814629713766,0.24205267938237965,0.2823422605537903,0.2826678765880218,0.22811791383219954,0.24796010879419764,0.22836429542365203,0.24818840579710144,0.2286102308736985,0.22895927601809954,0.28222523744911804,0.22920433996383363,0.22955264347040216,0.24796747967479674,0.22979683972911963,0.24819494584837545,0.23004059539918809,0.281785392245266,0.2821090581342947,0.2301801801801802,0.28230526789734356,0.24032403240324032,0.24066576698155645,0.24100719424460432,0.2301123595505618,0.2821203953279425,0.23035473731477324,0.28231597845601436,0.24091520861372812,0.2825112107623318,0.2828328103989243,0.2410394265232975,0.2413793103448276,0.2466427931960609,0.22997762863534676,0.2826475849731664,0.2829682610639249,0.24664879356568364,0.24698526127735596,0.2830357142857143,0.24721106648817492,0.2408563782337199,0.2831029870708872,0.28342245989304815,0.22939866369710468,0.2836153161175423,0.24076546506453048,0.28380782918149466,0.24099599822143175,0.22933333333333333,0.2296756996890271,0.2411190053285968,0.22991566799822458,0.24622892635314997,0.2465631929046563,0.24689716312056736,0.2410279131590607,0.22984942426926483,0.24701195219123506,0.23008849557522124,0.2410437859354268,0.2471264367816092,0.2474591250552364,0.23012367491166077,0.247682119205298,0.24801412180052956,0.23026025584472873,0.24074074074074073,0.28162185985015425,0.23039647577092512,0.2818141787758697,0.24075704225352113,0.2410910690717114,0.28188214599824096,0.2413186813186813,0.23022847100175747,0.24154589371980675,0.24187884108867427,0.23036419482229048,0.2469298245614035,0.24199912319158265,0.24233128834355827,0.2812089356110381,0.23029772329246936,0.2814004376367615,0.23053368328958881,0.23087013554875382,0.2465034965034965,0.24202708606378331,0.2423580786026201,0.28109995635093843,0.23080279232111692,0.28129088530309637,0.23103748910200522,0.2814814814814815,0.2421602787456446,0.24249020461471485,0.2815491731940818,0.2309699869508482,0.23130434782608697,0.2816166883963494,0.28192875760208513,0.24229266174554928,0.24522569444444445,0.231236442516269,0.2818733738074588,0.23146944083224968,0.2820623916811092,0.24209614551754005,0.28225108225108225,0.24231934227607096,0.28243944636678203,0.2313013402507566,0.23163353500432152,0.24233261339092874,0.24265975820379965,0.28226154510142426,0.23166522864538394,0.24407072013799053,0.24439655172413793,0.24256785868160274,0.2446167097329888,0.2449418854928971,0.2452667814113597,0.24559139784946238,0.2815993121238177,0.24581005586592178,0.2422680412371134,0.23100042936882784,0.24248927038626608,0.28142428142428144,0.28173241852487135,0.23103300471495927,0.2819194515852613,0.24539614561027837,0.23116438356164384,0.2314933675652546,0.28186484174508125,0.2419837537409149,0.28205128205128205,0.24220418624519435,0.2425277540563621,0.24498506188647035,0.24274744027303755,0.24520255863539445,0.24552429667519182,0.24584576054537707,0.24275979557069846,0.24308216262239252,0.24340425531914894,0.2437260740110591,0.2304421768707483,0.24394390140246494,0.2306711979609176,0.28067940552016984,0.24405772495755518,0.24522698345354263,0.2455470737913486,0.23060618906316235,0.2309322033898305,0.2803896653960186,0.2806943268416596,0.2809987304274228,0.23096446700507614,0.28118393234672306,0.28148774302620455,0.24503591043514997,0.23099662162162163,0.24525116082735332,0.2814345991561181,0.2311261071277942,0.24283305227655985,0.23135271807838179,0.2451558550968829,0.23157894736842105,0.23190235690235692,0.2810265039966344,0.28132884777123635,0.2816309373686423,0.2319327731092437,0.2818143637127257,0.244752308984047,0.24213176668065464,0.2424496644295302,0.23186582809224318,0.28164291701592625,0.2819438625890239,0.24455611390284757,0.24487233151946422,0.24518828451882846,0.24550397323295692,0.2817725752508361,0.23150856665273714,0.24561403508771928,0.2818371607515658,0.28213689482470783,0.28243637880684186,0.2414512093411176,0.2826177573989162,0.28291666666666665,0.2832153269471054,0.24521232306411325,0.2455264253017062,0.24126455906821964,0.23076923076923078,0.2830423940149626,0.24553385957623597,0.24127906976744187,0.2831050228310502,0.23070539419087138,0.28328494400663623,0.24129353233830847,0.24160795690012432,0.24192212096106047,0.23064182194616978,0.24503311258278146,0.23086470831609432,0.23118279569892472,0.24183546920214966,0.28264462809917357,0.24204874019000414,0.2828241123038811,0.2831200990507635,0.23102310231023102,0.231340206185567,0.24443528441879636,0.2830655129789864,0.23146622734761121,0.2832441333882256,0.2316872427983539,0.23200329082682025,0.23231907894736842,0.24126592683929304,0.28307313064913725,0.24147843942505134,0.2438423645320197,0.2831350020517029,0.2834290401968827,0.23206232062320623,0.24139344262295082,0.2322818517001229,0.2833742833742834,0.2325010233319689,0.2835515548281506,0.24335378323108384,0.24121013900245297,0.23252962811606048,0.23284313725490197,0.24336463862801144,0.2330612244897959,0.23337413300693594,0.24347471451876018,0.23359152058703628,0.2436837815810921,0.2439918533604888,0.23371335504885993,0.2824582824582825,0.2339300244100895,0.24034160227734852,0.24390243902439024,0.24055262088581877,0.24086108854589763,0.2440113682501015,0.24107142857142858,0.2413793103448276,0.2818329278183293,0.23348196189704093,0.2820097244732577,0.24382341028756582,0.23360323886639675,0.24119789558883042,0.281957928802589,0.24140719773554387,0.23362974939369444,0.24161616161616162,0.24353796445880452,0.24384335890189746,0.24414850686037126,0.24162968939088342,0.24193548387096775,0.24425634824667472,0.24214343271555197,0.24244865082561418,0.23309178743961353,0.28088531187122734,0.24255832662912308,0.2440691596300764,0.23311897106109325,0.2426677380474086,0.24417670682730924,0.28061019670814935,0.2443820224719101,0.2807862013638187,0.24458700882117082,0.23286573146292586,0.280849358974359,0.2811373648378054,0.244595676541233,0.2420968387354942,0.2448,0.24510195921631348,0.2422062350119904,0.2808629644426688,0.23242811501597443,0.24510978043912177,0.2326416600159617,0.24212205823693658,0.2452153110047847,0.24551614188919887,0.24223107569721117,0.23257666268418956,0.24243630573248406,0.2455232789494628,0.2458233890214797,0.24254473161033796,0.24602543720190778,0.24632499006754072,0.2426528991262907,0.2794759825327511,0.24642857142857144,0.24276080920269735,0.2430610626486915,0.24336107808164884,0.2793185419968304,0.24356435643564356,0.24623911322248615,0.24376731301939059,0.24406645569620253,0.24634242783708976,0.23122529644268774,0.24417226392730146,0.27883096366508686,0.2313462297670746,0.27900552486187846,0.23155818540433926,0.27917981072555204,0.24398896334253053,0.23167848699763594,0.24576604962583695,0.27913385826771653,0.24399842581660763,0.27930763178599527,0.244199764058199,0.2794811320754717,0.2455795677799607,0.23134328358208955,0.23164507263447193,0.24411302982731553,0.24558650451157316,0.24588235294117647,0.24421795374362995,0.2445141065830721,0.2788875832354093,0.24588880187940484,0.2790606653620352,0.2793427230046948,0.2444270629644114,0.2310398749022674,0.2794060179757718,0.2796875,0.24443576727840688,0.24551131928181108,0.2797502926258291,0.24570982839313574,0.27992202729044835,0.28020265003897116,0.24581223217763926,0.2441588785046729,0.24445309458933437,0.23035019455252917,0.28004667444574094,0.24455676516329705,0.24485036921881073,0.24514374514374515,0.28,0.2802795031055901,0.2452464105549088,0.2300232738557021,0.24505622334238078,0.2802325581395349,0.24525377760557923,0.24515879163439194,0.2802942315137437,0.2453560371517028,0.24526112185686655,0.2296983758700696,0.2454580595284113,0.28013910355486865,0.24526844341444573,0.2803088803088803,0.2454650714010035,0.22955246913580246,0.280370227535673,0.28064764841942946,0.24547206165703275,0.2808166409861325,0.2456680785521756,0.28098537336412627,0.229318968834167,0.28115384615384614,0.24452133794694347,0.22943889315910837,0.2812139838647714,0.24539170506912442,0.2813819577735125,0.24558710667689945,0.2443421557345608,0.28144171779141103,0.24568800306630892,0.24444444444444444,0.24588280352355418,0.24617151607963247,0.28128587830080365,0.24636572302983933,0.24435946462715105,0.24655963302752293,0.24455483377913642,0.24484339190221543,0.2466590301641848,0.2450381679389313,0.24532621136970623,0.2807017543859649,0.24666412504765536,0.24542682926829268,0.24685714285714286,0.28065498857578064,0.24704986676817664,0.2454337899543379,0.24572080639026245,0.24600760456273765,0.24705435195743064,0.2473404255319149,0.246107102164831,0.2270311313591496,0.247438330170778,0.27996965098634297,0.24611300720515739,0.24639878695981804,0.24744221295945434,0.24659090909090908,0.2798182506626278,0.2800908402725208,0.2474460839954597,0.22655068078668683,0.22684310018903592,0.24640967498110355,0.24744994333207404,0.2466012084592145,0.22687806719516798,0.2467924528301887,0.2795171633345907,0.22699849170437406,0.2272898605352431,0.27957799547852297,0.24670433145009416,0.22740963855421686,0.24689499435453519,0.22761474793077502,0.2279052275291463,0.24661654135338346,0.2792183389703119,0.22802404207362886,0.22831393165602704,0.2286036036036036,0.2791744840525328,0.24643660915228807,0.24634420697412823,0.22863568215892055,0.24653428250281004,0.22883895131086143,0.2291276675402471,0.24663173652694612,0.2787130564908343,0.22924457741211668,0.22953271028037384,0.22982062780269058,0.2786701531565185,0.2789395070948469,0.24561403508771928,0.2791044776119403,0.24580380455054085,0.24608501118568232,0.24636600819977636,0.22950819672131148,0.2297951582867784,0.23008190618019358,0.24637141793822107,0.23028273809523808,0.24544440312383786,0.24646840148698884,0.23039762170196953,0.24665676077265974,0.23059784626810248,0.24536005939123978,0.24564007421150277,0.27781899109792285,0.24582869855394884,0.27798369162342473,0.24601704334938868,0.2462962962962963,0.2302850796001481,0.23056994818652848,0.24602293747687753,0.27773668639053256,0.24621072088724585,0.24611973392461198,0.24639822681935722,0.24630723781388478,0.24658545588778147,0.2774907749077491,0.24640354112873478,0.24668141592920353,0.24659049023221527,0.2468680913780398,0.2773480662983425,0.22974963181148747,0.2465955097534045,0.2299484915378955,0.2302317028319235,0.24669117647058825,0.27710400588019113,0.24687729610580456,0.2772677194271025,0.24632892804698972,0.27743119266055044,0.23000733675715335,0.24642464246424642,0.2467008797653959,0.2301209234151704,0.2304029304029304,0.2467960454046137,0.23060029282576866,0.23088181485547019,0.24689100219458668,0.23107861060329069,0.23135964912280702,0.23164048227986847,0.23192111029948867,0.24680540343190946,0.24708029197080292,0.24553082816490332,0.23194748358862144,0.24571636893911775,0.23214285714285715,0.2459016393442623,0.275673707210488,0.24681470695303967,0.24708879184861718,0.23208439432520916,0.24581818181818182,0.23227917121046893,0.2754360465116279,0.27569923719578643,0.24691358024691357,0.24573502722323048,0.24709724238026126,0.2756619513964454,0.275924583031182,0.24574121058354476,0.27608695652173915,0.24592538935168418,0.27624909485879795,0.24610930148389432,0.2463820549927641,0.2314647377938517,0.24656543745480838,0.23165883628478495,0.24638728323699421,0.27591188154568436,0.24657039711191336,0.23168531216167448,0.24639249639249639,0.24666426253155427,0.2469358327325162,0.2317117117117117,0.23198847262247838,0.24702916816708678,0.275377969762419,0.24613170205109752,0.24640287769784172,0.2319309600862999,0.2753414809489576,0.24685591088753145,0.2755028735632184,0.23195691202872532,0.24694903086862885,0.2321492644420524,0.2460545193687231,0.23234134098243098,0.24623655913978496,0.2468649229666786,0.23244985673352436,0.24633011099176513,0.2465998568360773,0.24686940966010734,0.23247496423462088,0.24669288523417948,0.24696211579699787,0.23258306538049303,0.24678571428571427,0.247054623348804,0.2740899357601713,0.23260792008562256,0.24679029957203993,0.23279857397504455,0.24697077690662866,0.273957962237264,0.2329059829059829,0.2741189035243859,0.24697508896797152,0.23301316257559587,0.2332859174964438,0.2740846071809456,0.2462686567164179,0.233392539964476,0.24644886363636365,0.27405040823571175,0.24662881476224272,0.23341610500177368,0.24645390070921985,0.2467210209145693,0.2469879518072289,0.24725469358838115,0.233356940509915,0.24637168141592922,0.2735314932767162,0.24725857799787762,0.2736916548797737,0.24743725698126545,0.2332155477031802,0.24761568350406216,0.24611581920903955,0.24779385810095306,0.2332392378263938,0.23350970017636685,0.2461212976022567,0.27317589002467396,0.24770965468639888,0.24797463895737937,0.27323943661971833,0.2734952481520591,0.24806474313863477,0.23320436158986985,0.23347398030942335,0.2734622144112478,0.24806746310611386,0.24833157709870038,0.24859550561797752,0.24534924534924535,0.23333333333333334,0.24868467204489653,0.27314165497896215,0.2488608482299334,0.2452697967764541,0.23327495621716288,0.27310924369747897,0.23346167308365418,0.2732680195941218,0.27352221056313397,0.2486013986013986,0.24501922404753582,0.24528301886792453,0.2455466294097101,0.24860335195530725,0.2331588132635253,0.24563852058618282,0.24869201255667944,0.23326359832635984,0.2729173928197978,0.2731707317073171,0.24869383490073146,0.23328690807799443,0.2453880960668291,0.2487821851078636,0.2333913043478261,0.2454798331015299,0.24887035106013208,0.24913134120917305,0.2726641194859326,0.27291666666666664,0.2454009024644221,0.2730742539902845,0.2733263961151578,0.24895977808599168,0.24540727902946274,0.24566874566874566,0.23276757880152407,0.2489612188365651,0.2731048805815161,0.2491349480968858,0.24558976132826013,0.2327109266943292,0.24576564120290356,0.27297857636489287,0.2732297063903282,0.27348066298342544,0.24887814981014844,0.23257418909592822,0.24560193170058642,0.23275862068965517,0.24577731816614962,0.27325982081323225,0.27351016190148125,0.24862258953168045,0.24888123924268502,0.2326221610461115,0.24905400756793947,0.2733837689133425,0.2492265383293228,0.23264604810996564,0.24527653727241497,0.24931318681318682,0.273257809818057,0.23266986959505834,0.24939965694682675,0.23285322359396435,0.2495714775454234,0.24982864976010966,0.27303871188763273,0.2328767123287671,0.23313933584388907,0.24982888432580425,0.2500855285665412,0.2445280437756498,0.25025641025641027,0.24470266575529734,0.23300307482063545,0.2503415300546448,0.25059747354045747,0.2447098976109215,0.27226202661207777,0.27251023192360163,0.2328673712921923,0.2447171097477846,0.23304940374787053,0.23331062670299726,0.27238678924072185,0.27263444520081687,0.2728819326301463,0.23333333333333334,0.249914994899694,0.23351461590754588,0.24430852871219844,0.272758152173913,0.24448217317487267,0.2447386286490156,0.27281981676280964,0.23337856173677068,0.2729738894540522,0.27322033898305087,0.2734666214842426,0.24932249322493225,0.2495767016593295,0.24441435341909276,0.23316412859560068,0.2496617050067659,0.2333446060196145,0.24442190669371197,0.24467725582967217,0.27297297297297296,0.24957784532252617,0.24476704929101958,0.2730340870739116,0.23313090418353577,0.23338954468802697,0.2730950775455158,0.27334007414897205,0.24460916442048516,0.24924216908049848,0.2734006734006734,0.24469875462807136,0.24932705248990578,0.24487050117726203,0.27336919973100204,0.23294117647058823,0.2493279569892473,0.24487739334900907,0.23304231027535258,0.2332997650218194,0.2493288590604027,0.24488426702448843,0.27297116029510393,0.2450553134428428,0.23324396782841822,0.24522613065326634,0.24547890154052243,0.27284901238701037,0.24899598393574296,0.23318835731013718,0.2454849498327759,0.2728184553660983,0.23328877005347592,0.24557300367524224,0.2458249832999332,0.272787979966611,0.24599465954606142,0.24858191524858192,0.24616410940627084,0.2464154718239413,0.27266666666666667,0.23292235921359547,0.2728181212524983,0.2331002331002331,0.2333555259653795,0.24825291181364392,0.23353293413173654,0.2484203525108081,0.23371010638297873,0.23396477234961782,0.24584717607973422,0.23414148123546993,0.23439575033200533,0.23464985064719548,0.23490378234903783,0.24577114427860697,0.23507957559681697,0.2479284057010275,0.23525513585155733,0.24577674726730706,0.271523178807947,0.24793114862628268,0.24586366644606222,0.271584518690043,0.23511904761904762,0.23537190082644627,0.271645736946464,0.23554674595308886,0.24570673712021135,0.24760647078243644,0.24785478547854786,0.23556581986143188,0.24571240105540898,0.2713484998351467,0.24588002636783124,0.24612850082372323,0.27140974967061926,0.23542970036219954,0.24753127057274524,0.2714708785784798,0.2355263157894737,0.23577770470240053,0.2715318869165023,0.23595136378573775,0.2362023653088042,0.23645320197044334,0.24720945502298095,0.23662618969478175,0.2368766404199475,0.24532633650377172,0.24721311475409835,0.23697148475909538,0.24541284403669725,0.24729773992793974,0.2455795677799607,0.2369885433715221,0.23723821989528796,0.24730127576054955,0.23741007194244604,0.2455050670153645,0.23758169934640522,0.24567134923227704,0.23775310254735468,0.2699967352269017,0.2470626631853786,0.24567699836867862,0.24592302674494454,0.24714704923377895,0.26988265971316816,0.2375366568914956,0.2472312703583062,0.26994464343861935,0.24576822916666666,0.27009437032216077,0.23747560182173064,0.23772357723577237,0.24577373211963588,0.2378940526486838,0.23814165042235216,0.2698928223449172,0.2457792207792208,0.270042194092827,0.24594419208306295,0.2701913720402206,0.24610894941634243,0.24635332252836303,0.24659753726506806,0.24619371558147068,0.23769430051813473,0.2699902881191324,0.2702265372168285,0.23778712390812035,0.23803363518758086,0.2463627546071775,0.27020038784744665,0.2381260096930533,0.2464470284237726,0.24669034549564095,0.24693350548741122,0.24717650855114554,0.23806451612903226,0.2473395678813286,0.24758220502901354,0.24782468578794714,0.23807989690721648,0.24798711755233493,0.23824855119124275,0.26939169616993885,0.2384169884169884,0.24477323898359601,0.24790996784565916,0.2385085181613629,0.23875321336760927,0.2691937038226791,0.24470134874759153,0.2478330658105939,0.23876765083440307,0.23901187038819377,0.2447081462475946,0.23917922411029177,0.24775641025641026,0.24799743671900032,0.2447149263292761,0.23919308357348704,0.24807938540332908,0.24832,0.24856046065259116,0.2683082826990726,0.2391304347826087,0.23937360178970918,0.268370607028754,0.23954008304056212,0.24840357598978288,0.2684328120012767,0.24856413529036375,0.23955342902711324,0.23979591836734693,0.26840930825629583,0.24378585086042065,0.23988531379420197,0.24012738853503185,0.24036930913721744,0.2683004455760662,0.2685332484887051,0.2436386768447837,0.2686804451510334,0.24380165289256198,0.24785510009532888,0.24809402795425667,0.24388694823753573,0.24,0.24817518248175183,0.2439720812182741,0.2483349191246432,0.2400126823081801,0.24849445324881142,0.26806083650190116,0.2486537852391511,0.2682077264091197,0.2437480215257993,0.2683544303797468,0.23979753242644733,0.2685009487666034,0.2484982611444831,0.23988621997471554,0.2685624012638231,0.24857864813644978,0.23997473950110515,0.26862373737373735,0.2401388450615336,0.24037854889589905,0.24061810154525387,0.24306431273644388,0.2407815947053262,0.2684310018903592,0.24818897637795276,0.26857682619647355,0.24079320113314448,0.24292007551919445,0.2431582258571878,0.26855345911949685,0.24080477837158126,0.2410433689503457,0.26861451460885954,0.26884422110552764,0.247723704866562,0.24105461393596986,0.2412927518042046,0.24780426599749059,0.26873628096582003,0.2689655172413793,0.2425571921027891,0.24780701754385964,0.248042593172565,0.24264245460237946,0.26885758998435055,0.2409261576971214,0.26900218955270566,0.24796747967479674,0.24101281650515785,0.2425,0.2689784442361762,0.2410993129294191,0.26912269747112083,0.24781523096129837,0.2424336973478939,0.24111041796631316,0.24134705332086062,0.24158354114713218,0.24181988158304768,0.24205607476635513,0.24229212083463095,0.24221668742216687,0.24245253657018362,0.24268823895457373,0.26842923794712287,0.24720149253731344,0.2421510724277277,0.24269732753262896,0.2423112767940354,0.24254658385093167,0.26823967711890717,0.24270639354438237,0.24294135898231461,0.2425558312655087,0.24310077519379844,0.24333539987600744,0.24264022311744654,0.26796778190830234,0.24341901517497677,0.2436532507739938,0.26802847415660785,0.2682549504950495,0.2684812867305908,0.24613481756338898,0.2686244204018547,0.24351050679851668,0.24374420759962928,0.24397776405188387,0.24205001543686322,0.24228395061728394,0.24251774143782784,0.26835286859962987,0.24267653407338885,0.2438347718865598,0.2440677966101695,0.24430067775723968,0.2682476131813982,0.24261083743842365,0.24284395198522624,0.2683076923076923,0.24423254383266688,0.2444649446494465,0.2683676606209653,0.2446220036877689,0.24270353302611367,0.24477886977886978,0.2683451028553884,0.24493554327808473,0.24516722921141454,0.24539877300613497,0.24563017479300828,0.2458614347026364,0.24609255286546122,0.24417892156862744,0.2462480857580398,0.24219228413962032,0.26782981328435873,0.246328029375765,0.24411134903640258,0.24648318042813455,0.2467135432589422,0.24419315403422984,0.2676443629697525,0.24434941967012827,0.24183206106870228,0.24206349206349206,0.24443088190418066,0.24466137888956682,0.24641659042390973,0.2448170731707317,0.24657116732703444,0.2449725776965265,0.2418519646664636,0.2466504263093788,0.2450532724505327,0.24528301886792453,0.24551262549437178,0.26672749391727496,0.24566737610215872,0.2465045592705167,0.246733515648739,0.24696233292831105,0.2456726389310659,0.24711596842744385,0.26646433990895296,0.2412014563106796,0.24719441916894147,0.24560339599757428,0.24734768111548955,0.24575757575757576,0.2662829445622539,0.24742580254391278,0.24765364819860733,0.2478813559322034,0.26626323751891073,0.24077434966727163,0.24100393105533716,0.24546553808948005,0.2456935630099728,0.2661631419939577,0.24765931742675928,0.2457729468599034,0.2662239661937821,0.2664453832226916,0.26666666666666666,0.24065138721351026,0.2475128127826349,0.2456298975286317,0.24585718589936728,0.24759036144578314,0.24601023788015658,0.24623720650210718,0.2663256093891062,0.2463898916967509,0.2475187969924812,0.2477450390859892,0.24797114517583407,0.24639423076923078,0.24001201562030638,0.24654654654654654,0.24797358150705495,0.24669867947178872,0.24812481248124812,0.23995200959808038,0.2482758620689655,0.2485011990407674,0.24872640095894516,0.26542840023966446,0.26564839772386944,0.2464071856287425,0.26578868602214906,0.26600837821663675,0.24648519294047264,0.24671052631578946,0.23946188340807176,0.24835624626419606,0.24678816850911264,0.23954599761051373,0.24693938489101225,0.23970149253731343,0.23992837958818264,0.24015513126491647,0.24038174768863704,0.24686940966010734,0.24798807749627422,0.2470202622169249,0.24813821864760202,0.24836212030970817,0.2485858886573385,0.2488095238095238,0.24695031240702173,0.24895895300416418,0.26464466250371693,0.24910820451843044,0.24695393759286777,0.2647058823529412,0.2491832491832492,0.2494061757719715,0.23953695458593055,0.24955489614243323,0.24977751409077426,0.24673784104389088,0.26445300919063147,0.23947836395969177,0.2397037037037037,0.23992890995260663,0.24666864080544862,0.24955595026642985,0.24001183782184077,0.24970414201183433,0.2466725820763088,0.2498521584861029,0.24002364765001477,0.25,0.2638109305760709,0.2466036621382162,0.2500738116327133,0.23996458087367178,0.2401888462673355,0.24660766961651917,0.24682984370392214,0.24705188679245282,0.24020041261420572,0.24042427813789038,0.2406480117820324,0.2497055359246172,0.24992640565204594,0.2630959387875221,0.26331273904089436,0.2635294117647059,0.24669214936783299,0.24044679600235155,0.24977960622979722,0.24676850763807284,0.2499265785609398,0.2501467997651204,0.24038743762841208,0.24677230046948356,0.2469932531534174,0.2404692082111437,0.26297273526824977,0.24706916764361078,0.24992675065924408,0.2630345635618043,0.24714494875549048,0.2631733021077283,0.24026924202516828,0.24722059684025746,0.24744077215560106,0.2497076023391813,0.2630809704764689,0.2402104032729398,0.2404323692667251,0.2473714953271028,0.24759124087591242,0.24051371862230006,0.2629121680770353,0.24941656942823803,0.24963546223388744,0.2629737609329446,0.24978140483823957,0.25,0.24031459364986893,0.24053581828771112,0.24716157205240175,0.24738067520372525,0.24759965085830665,0.262652705061082,0.2477464379179994,0.2627906976744186,0.24033711130485325,0.2495642068564788,0.2404879465582341,0.24070847851335656,0.2409288824383164,0.2411491584445734,0.24949231215549753,0.24738979118329466,0.2476080023195129,0.26231884057971017,0.24775427412344248,0.24797219003476245,0.24094989863886476,0.24927620150550087,0.2622286541244573,0.26244212962962965,0.24934914665895286,0.2625795257374205,0.24082104654524428,0.2476878612716763,0.2626408552441491,0.24927787406123628,0.2494946578111464,0.26270207852193994,0.26291486291486293,0.24754760530871323,0.2494952408422267,0.24769319492502884,0.26289997117324876,0.2478386167146974,0.2480553154710458,0.24827188940092165,0.26288511373452345,0.2484168105929764,0.24920863309352517,0.2494246260069045,0.2628702904802991,0.2484186313973548,0.2486346651336591,0.24885057471264369,0.2493536340132146,0.24899483055715108,0.23944875107665806,0.24913892078071181,0.24935437589670015,0.2495697074010327,0.24921135646687698,0.26232798165137616,0.24935511607910577,0.2495702005730659,0.24978516184474361,0.24942726231386025,0.24964214142570856,0.24985689753863766,0.2620886981402003,0.25,0.26222476408350015,0.2501429388221841,0.2386396113175193,0.2502857142857143,0.2493573264781491,0.250428326670474,0.24950042820439622,0.2497146118721461,0.26191155492154067,0.2504278379920137,0.26204733390362134,0.25057012542759405,0.2507836990595611,0.24957264957264957,0.26203360865850184,0.25085421412300685,0.24964417876458866,0.250996015936255,0.2512091038406828,0.2514220705346985,0.26187091270969576,0.23763501989766914,0.2514919011082694,0.25170454545454546,0.24936097699517182,0.2518455423055082,0.2617087709338632,0.25198637911464244,0.26184397163120565,0.2521270561542825,0.24922030053870145,0.2522675736961451,0.25247945593652593,0.2526912181303116,0.24922118380062305,0.24943374858437145,0.23690914237192187,0.2495755517826825,0.2497878359264498,0.25254524886877827,0.24992931863160872,0.2526851328434144,0.2500706414241311,0.2528248587570621,0.2502118045749788,0.25042348955392435,0.26079593564775616,0.2505643340857788,0.25077574047954865,0.25098702763677383,0.2362559909782915,0.2525366403607666,0.2510566356720203,0.23633802816901409,0.2511968459588848,0.2604166666666667,0.25133689839572193,0.23635340461451884,0.2514767932489452,0.23650168728908885,0.2521788023615406,0.23664980326025858,0.23686428772127002,0.25140449438202245,0.23701207525975848,0.2515440763615946,0.2598933483019927,0.2516835016835017,0.25189340813464234,0.25182277061132924,0.25203252032520324,0.25980941704035876,0.23676099747828525,0.2518207282913165,0.2520302436292355,0.2522396416573348,0.2367758186397985,0.2369893676552882,0.2523076923076923,0.2595078299776286,0.25244618395303325,0.23700391280044716,0.2372170997485331,0.25139664804469275,0.25160569673275623,0.2518146286990508,0.25927993301702484,0.251953125,0.23709902370990238,0.2373117679866146,0.25202118762196823,0.2522296544035674,0.23739203120646418,0.2590529247910863,0.252297410192147,0.23747216035634744,0.2524352908433064,0.25264329437952143,0.2528511821974965,0.2374860956618465,0.2588268001112038,0.2529182879377432,0.25896082245068075,0.25305555555555553,0.25326298250485973,0.253470294280955,0.25090202608936996,0.23723640399556048,0.2510402219140083,0.23738214087631726,0.2533961741059052,0.2536031042128603,0.23746190080354668,0.2584487534626039,0.2509000276931598,0.2511074197120709,0.25851093274287296,0.2587161040398451,0.25338865836791147,0.2588495575221239,0.2535250207354161,0.23714759535655058,0.2373583862945565,0.2535911602209945,0.2507594587130627,0.25096631695196026,0.25117306099917197,0.23730684326710816,0.23751724137931035,0.23772752344180917,0.25117176730079954,0.2513781697905182,0.2581978506475613,0.2515151515151515,0.23767557146791518,0.2516519823788546,0.2518579686209744,0.25206384149697303,0.2580467675378267,0.25825082508250824,0.25268078086334894,0.23749312809235845,0.25281670788678207,0.253021978021978,0.23757209557813788,0.2517847336628226,0.2530881141916003,0.25329308452250276,0.25349794238683127,0.25370268787712563,0.25171373731834384,0.2519188596491228,0.23732529460126062,0.2536986301369863,0.25390304026294164,0.25191675794085433,0.25212154393649056,0.25725232621784344,0.2538987688098495,0.25410284463894967,0.2573147388569866,0.23701476216511755,0.23722328505056026,0.23743169398907105,0.25402895383774926,0.2542326597487712,0.2571662571662572,0.25163755458515286,0.2518417462482947,0.254228041462084,0.2544314153258795,0.25463467829880043,0.25483783047151815,0.25177111716621253,0.25687823481340233,0.2549019607843137,0.25183773482167165,0.25503538377789875,0.23673469387755103,0.25516866158868334,0.2368778895838999,0.2553017944535073,0.25169883120413156,0.2565217391304348,0.2567237163814181,0.25692558392178166,0.251696986152593,0.251900108577633,0.25508819538670285,0.25529028757460664,0.25684838622186057,0.25189804772234275,0.2553537544049878,0.25203252032520324,0.2554863180709835,0.2361863488624052,0.2520985648524235,0.2523010286951814,0.25656292286874155,0.2554112554112554,0.25236678387882067,0.25554353704705246,0.2360097323600973,0.23621621621621622,0.252364225884896,0.2525661804430038,0.25546853902241423,0.2526997840172786,0.2556005398110661,0.2558014031300594,0.2560021580793094,0.25620280474649404,0.2359126449177676,0.2563342318059299,0.25572621934788464,0.23599137931034483,0.23619714516563425,0.25228863758750675,0.2363391655450875,0.23654467168998924,0.2555824589722895,0.23668639053254437,0.25571390158644797,0.25591397849462366,0.2561139478634776,0.2557764642665234,0.25624496373892025,0.2518796992481203,0.25583892617449666,0.2560386473429952,0.23638314998658438,0.23658798283261803,0.251810136765889,0.23672922252010725,0.25596354864647547,0.25187566988210075,0.2368068577551567,0.2370112479914301,0.25194109772423023,0.25214132762312635,0.25234145036125233,0.25548421615837347,0.23696175447980744,0.25240641711229944,0.2526062550120289,0.23703901656867984,0.25273844509751536,0.2553418803418803,0.2528704939919893,0.23705285638013882,0.2530024019215372,classic
