1_40529248_40532055,1.0,0.5,0.6666666666666666,0.25,0.4,0.3333333333333333,0.42857142857142855,0.375,0.4444444444444444,0.1,0.45454545454545453,0.5,0.5384615384615384,0.14285714285714285,0.2,0.1875,0.47058823529411764,0.2222222222222222,0.47368421052631576,0.5,0.23809523809523808,0.2727272727272727,0.17391304347826086,0.20833333333333334,0.28,0.15384615384615385,0.2962962962962963,0.39285714285714285,0.41379310344827586,0.2,0.41935483870967744,0.28125,0.30303030303030304,0.14705882352941177,0.17142857142857143,0.19444444444444445,0.21621621621621623,0.18421052631578946,0.23076923076923078,0.35,0.36585365853658536,0.2619047619047619,0.27906976744186046,0.36363636363636365,0.37777777777777777,0.21739130434782608,0.1702127659574468,0.22916666666666666,0.2653061224489796,0.24,0.27450980392156865,0.34615384615384615,0.3584905660377358,0.2777777777777778,0.2909090909090909,0.16071428571428573,0.2982456140350877,0.22413793103448276,0.23728813559322035,0.25,0.32786885245901637,0.25806451612903225,0.2857142857142857,0.328125,0.3384615384615385,0.3484848484848485,0.3582089552238806,0.36764705882352944,0.37681159420289856,0.14285714285714285,0.23943661971830985,0.25,0.2602739726027397,0.36486486486486486,0.14666666666666667,0.2631578947368421,0.36363636363636365,0.24358974358974358,0.25316455696202533,0.3625,0.14814814814814814,0.25609756097560976,0.3614457831325301,0.36904761904761907,0.3764705882352941,0.1511627906976744,0.25287356321839083,0.26136363636363635,0.15730337078651685,0.23333333333333334,0.3626373626373626,0.3695652173913043,0.25806451612903225,0.26595744680851063,0.15789473684210525,0.16666666666666666,0.36082474226804123,0.17346938775510204,0.18181818181818182,0.22,0.18811881188118812,0.19607843137254902,0.34951456310679613,0.25,0.3523809523809524,0.19811320754716982,0.21495327102803738,0.35185185185185186,0.22018348623853212,0.2,0.22522522522522523,0.24107142857142858,0.20353982300884957,0.21052631578947367,0.21739130434782608,0.22413793103448276,0.23076923076923078,0.22033898305084745,0.23529411764705882,0.325,0.3305785123966942,0.3360655737704918,0.21951219512195122,0.22580645161290322,0.232,0.23015873015873015,0.33070866141732286,0.234375,0.21705426356589147,0.23846153846153847,0.3282442748091603,0.3333333333333333,0.21804511278195488,0.22388059701492538,0.3333333333333333,0.23529411764705882,0.3357664233576642,0.34057971014492755,0.22302158273381295,0.22857142857142856,0.3404255319148936,0.34507042253521125,0.23076923076923078,0.3472222222222222,0.22758620689655173,0.2054794520547945,0.23129251700680273,0.20945945945945946,0.21476510067114093,0.23333333333333334,0.2185430463576159,0.3355263157894737,0.23529411764705882,0.22077922077922077,0.22580645161290322,0.23717948717948717,0.33121019108280253,0.21518987341772153,0.3333333333333333,0.2375,0.33540372670807456,0.2222222222222222,0.3374233128834356,0.22560975609756098,0.3393939393939394,0.2289156626506024,0.23353293413173654,0.3392857142857143,0.3431952662721893,0.23529411764705882,0.2046783625730994,0.23837209302325582,0.2254335260115607,0.2413793103448276,0.22857142857142856,0.23295454545454544,0.23728813559322035,0.20224719101123595,0.329608938547486,0.20555555555555555,0.20994475138121546,0.32967032967032966,0.3333333333333333,0.21195652173913043,0.23243243243243245,0.3333333333333333,0.33689839572192515,0.23404255319148937,0.3386243386243386,0.21052631578947367,0.21465968586387435,0.3385416666666667,0.34196891191709844,0.34536082474226804,0.3487179487179487,0.22959183673469388,0.233502538071066,0.23737373737373738,0.21105527638190955,0.24,0.21393034825870647,0.3415841584158416,0.21674876847290642,0.2107843137254902,0.23902439024390243,0.24271844660194175,0.2463768115942029,0.21634615384615385,0.3349282296650718,0.21904761904761905,0.24644549763033174,0.25,0.22065727699530516,0.3317757009345794,0.25116279069767444,0.2222222222222222,0.3317972350230415,0.25229357798165136,0.2009132420091324,0.33181818181818185,0.334841628959276,0.33783783783783783,0.21973094170403587,0.22321428571428573,0.2,0.24778761061946902,0.2026431718061674,0.3333333333333333,0.33624454148471616,0.3391304347826087,0.22077922077922077,0.34051724137931033,0.34334763948497854,0.34615384615384615,0.34893617021276596,0.24152542372881355,0.19831223628691982,0.3487394957983193,0.24267782426778242,0.2,0.2157676348547718,0.34710743801652894,0.20164609053497942,0.20491803278688525,0.3469387755102041,0.34959349593495936,0.2145748987854251,0.35080645161290325,0.23694779116465864,0.216,0.21912350597609562,0.20238095238095238,0.20553359683794467,0.20866141732283464,0.21176470588235294,0.234375,0.2140077821011673,0.21705426356589147,0.33976833976833976,0.21923076923076923,0.21455938697318008,0.22137404580152673,0.22433460076045628,0.22727272727272727,0.21509433962264152,0.33458646616541354,0.33707865168539325,0.21641791044776118,0.22676579925650558,0.337037037037037,0.22878228782287824,0.3382352941176471,0.34065934065934067,0.22992700729927007,0.23272727272727273,0.213768115942029,0.21660649819494585,0.21942446043165467,0.23297491039426524,0.21785714285714286,0.23487544483985764,0.3333333333333333,0.21908127208480566,0.22183098591549297,0.23508771929824562,0.3321678321678322,0.3344947735191638,0.2152777777777778,0.2179930795847751,0.23448275862068965,0.21993127147766323,0.3321917808219178,0.2354948805460751,0.3333333333333333,0.22033898305084745,0.3344594594594595,0.2222222222222222,0.22483221476510068,0.33444816053511706,0.22666666666666666,0.33554817275747506,0.33774834437086093,0.22772277227722773,0.33881578947368424,0.34098360655737703,0.22875816993464052,0.23127035830618892,0.3409090909090909,0.343042071197411,0.23225806451612904,0.3440514469453376,0.23397435897435898,0.20447284345047922,0.2229299363057325,0.20634920634920634,0.34177215189873417,0.22397476340694006,0.34276729559748426,0.20689655172413793,0.225,0.3426791277258567,0.3447204968944099,0.22910216718266255,0.20679012345679013,0.3446153846153846,0.23006134969325154,0.345565749235474,0.2225609756097561,0.2066869300911854,0.22424242424242424,0.22658610271903323,0.2289156626506024,0.23123123123123124,0.3413173652694611,0.20597014925373133,0.20833333333333334,0.22551928783382788,0.34023668639053256,0.23008849557522124,0.22647058823529412,0.2316715542521994,0.23391812865497075,0.20699708454810495,0.23546511627906977,0.23768115942028986,0.3352601156069364,0.3371757925072046,0.22413793103448276,0.23782234957020057,0.2057142857142857,0.23931623931623933,0.22443181818181818,0.3342776203966006,0.2062146892655367,0.3352112676056338,0.33707865168539325,0.20728291316526612,0.22346368715083798,0.3370473537604457,0.225,0.22714681440443213,0.3370165745856354,0.22865013774104684,0.33791208791208793,0.2054794520547945,0.22950819672131148,0.23160762942779292,0.23097826086956522,0.23306233062330622,0.23243243243243245,0.20485175202156333,0.23387096774193547,0.3324396782841823,0.20588235294117646,0.23466666666666666,0.3324468085106383,0.20689655172413793,0.23544973544973544,0.3324538258575198,0.33421052631578946,0.2283464566929134,0.33507853403141363,0.2297650130548303,0.234375,0.2051948051948052,0.20725388601036268,0.2351421188630491,0.23711340206185566,0.22879177377892032,0.23846153846153847,0.24040920716112532,0.32908163265306123,0.33078880407124683,0.33248730964467005,0.20506329113924052,0.2398989898989899,0.24181360201511334,0.20603015075376885,0.24310776942355888,0.33,0.3316708229426434,0.22388059701492538,0.24317617866004962,0.3316831683168317,0.3333333333333333,0.33497536945812806,0.22358722358722358,0.22549019607843138,0.33496332518337407,0.22682926829268293,0.22871046228710462,0.23058252427184467,0.2324455205811138,0.23429951690821257,0.3325301204819277,0.33413461538461536,0.23501199040767387,0.23684210526315788,0.3341288782816229,0.2357142857142857,0.19714964370546317,0.3341232227488152,0.2364066193853428,0.33490566037735847,0.33647058823529413,0.3380281690140845,0.19672131147540983,0.23598130841121495,0.23776223776223776,0.23953488372093024,0.23201856148491878,0.24074074074074073,0.19630484988452657,0.24193548387096775,0.24367816091954023,0.33256880733944955,0.3340961098398169,0.23059360730593606,0.3348519362186788,0.33636363636363636,0.3378684807256236,0.23076923076923078,0.19413092550790068,0.23198198198198197,0.19550561797752808,0.23318385650224216,0.23937360178970918,0.19642857142857142,0.33407572383073497,0.24,0.3348115299334812,0.336283185840708,0.23178807947019867,0.1960352422907489,0.23296703296703297,0.19736842105263158,0.23413566739606126,0.23580786026200873,0.19825708061002179,0.33260869565217394,0.33405639913232105,0.23593073593073594,0.23542116630669546,0.23706896551724138,0.23870967741935484,0.23605150214592274,0.23768736616702354,0.19658119658119658,0.23880597014925373,0.32978723404255317,0.19745222929936307,0.19915254237288135,0.20084566596194503,0.20253164556962025,0.32842105263157895,0.20378151260504201,0.20545073375262055,0.23430962343096234,0.2359081419624217,0.32708333333333334,0.3284823284823285,0.32987551867219916,0.33126293995859213,0.20454545454545456,0.2329896907216495,0.205761316872428,0.23408624229979466,0.23565573770491804,0.3292433537832311,0.20612244897959184,0.20773930753564154,0.32926829268292684,0.20892494929006086,0.23481781376518218,0.3292929292929293,0.33064516129032256,0.22937625754527163,0.20883534136546184,0.23046092184368738,0.33,0.20958083832335328,0.33067729083665337,0.23061630218687873,0.21031746031746032,0.2316831683168317,0.3300395256916996,0.23076923076923078,0.33070866141732286,0.2318271119842829,0.23333333333333334,0.23483365949119372,0.236328125,0.2300194931773879,0.23735408560311283,0.32815533980582523,0.23062015503875968,0.2379110251450677,0.3281853281853282,0.23121387283236994,0.32884615384615384,0.33013435700575816,0.23754789272030652,0.33078393881453155,0.3320610687022901,0.23809523809523808,0.23954372623574144,0.2409867172675522,0.3314393939393939,0.332703213610586,0.3339622641509434,0.24105461393596986,0.33458646616541354,0.24202626641651032,0.24344569288389514,0.33457943925233646,0.24440298507462688,0.33519553072625696,0.24535315985130113,0.3358070500927644,0.337037037037037,0.33826247689463956,0.33948339483394835,0.24493554327808473,0.3400735294117647,0.3412844036697248,0.2454212454212454,0.34186471663619744,0.24635036496350365,0.3424408014571949,0.19454545454545455,0.3430127041742287,0.21920289855072464,0.19529837251356238,0.34296028880866425,0.21981981981981982,0.3435251798561151,0.34470377019748655,0.24372759856630824,0.34525939177101966,0.3464285714285714,0.24420677361853832,0.3469750889679715,0.3481349911190053,0.24468085106382978,0.24601769911504426,0.24734982332155478,0.21693121693121692,0.2482394366197183,0.3462214411247803,0.21754385964912282,0.2486865148861646,0.34615384615384615,0.19022687609075042,0.24912891986062718,0.21739130434782608,0.1909722222222222,0.21837088388214904,0.34429065743944637,0.19170984455958548,0.2482758620689655,0.1927710843373494,0.24914089347079038,0.19382504288164665,0.25,0.2170940170940171,0.21843003412969283,0.2504258943781942,0.2193877551020408,0.25127334465195245,0.3389830508474576,0.2521150592216582,0.19256756756756757,0.25295109612141653,0.2542087542087542,0.3378151260504202,0.3389261744966443,0.21775544388609716,0.19230769230769232,0.21869782971619364,0.22,0.33777038269550747,0.3388704318936877,0.22056384742951907,0.25165562913907286,0.33884297520661155,0.2524752475247525,0.3393739703459638,0.2532894736842105,0.2200328407224959,0.1901639344262295,0.220949263502455,0.2222222222222222,0.3376835236541599,0.22312703583061888,0.22439024390243903,0.25162337662337664,0.3371150729335494,0.22491909385113268,0.1890145395799677,0.22580645161290322,0.22705314009661837,0.18971061093247588,0.22792937399678972,0.22916666666666666,0.1904,0.23003194888178913,0.23125996810207336,0.2484076433121019,0.3322734499205087,0.23174603174603176,0.24881141045958796,0.3322784810126582,0.24960505529225907,0.250788643533123,0.33228346456692914,0.23113207547169812,0.25117739403453687,0.23197492163009403,0.23317683881064163,0.2515625,0.23400936037441497,0.235202492211838,0.3297045101088647,0.3307453416149068,0.23565891472868217,0.33126934984520123,0.18547140649149924,0.2361111111111111,0.3312788906009245,0.23692307692307693,0.23809523809523808,0.24846625766871167,0.18529862174578868,0.23853211009174313,0.3297709923664122,0.23932926829268292,0.2404870624048706,0.32978723404255317,0.330804248861912,0.33181818181818185,0.24659606656580937,0.24773413897280966,0.33182503770739064,0.2394578313253012,0.18345864661654135,0.24024024024024024,0.2413793103448276,0.18413173652694612,0.242152466367713,0.18507462686567164,0.18628912071535023,0.2425595238095238,0.2436849925705795,0.24480712166172106,0.24592592592592594,0.3269230769230769,0.32791728212703103,0.24631268436578171,0.3284241531664212,0.18529411764705883,0.2422907488986784,0.2434017595307918,0.2445095168374817,0.24561403508771928,0.24671532846715327,0.32653061224489793,0.24745269286754004,0.32703488372093026,0.32801161103047893,0.24347826086956523,0.1837916063675832,0.24421965317919075,0.24675324675324675,0.2478386167146974,0.1841726618705036,0.24856321839080459,0.32568149210903874,0.18481375358166188,0.24320457796852646,0.24428571428571427,0.24821683309557774,0.3247863247863248,0.32574679943101,0.32670454545454547,0.24397163120567375,0.24504249291784702,0.32673267326732675,0.24717514124293785,0.2454160789844852,0.24647887323943662,0.24753867791842477,0.3258426966292135,0.3267882187938289,0.3277310924369748,0.32867132867132864,0.24581005586592178,0.24686192468619247,0.3286908077994429,0.32962447844228093,0.24722222222222223,0.3300970873786408,0.33102493074792244,0.2475795297372061,0.24861878453038674,0.1793103448275862,0.3305785123966942,0.3314993122420908,0.3324175824175824,0.3333333333333333,0.17945205479452056,0.2421340629274966,0.18032786885245902,0.3328785811732606,0.24659400544959129,0.3333333333333333,0.18070652173913043,0.24151967435549526,0.24254742547425473,0.18132611637347767,0.24324324324324326,0.24426450742240216,0.33153638814016173,0.2449528936742934,0.1814516129032258,0.3315436241610738,0.3324396782841823,0.3333333333333333,0.18181818181818182,0.33377837116154874,0.18266666666666667,0.24234354194407456,0.24335106382978725,0.3333333333333333,0.1830238726790451,0.24370860927152319,0.2447089947089947,0.18361955085865259,0.24538258575197888,0.1844532279314888,0.33157894736842103,0.240473061760841,0.18503937007874016,0.24115334207077327,0.331151832460733,0.18562091503267975,0.24151436031331594,0.33116036505867014,0.33203125,0.24187256176853056,0.33246753246753247,0.185473411154345,0.3329015544041451,0.33376455368693403,0.18604651162790697,0.1870967741935484,0.24097938144329897,0.1879021879021879,0.3329048843187661,0.24005134788189988,0.18846153846153846,0.2407170294494238,0.33248081841432225,0.18901660280970625,0.24107142857142858,0.332484076433121,0.24173027989821882,0.24269377382465057,0.33248730964467005,0.24334600760456274,0.24430379746835443,0.3324905183312263,0.18813131313131312,0.3329129886506936,0.3337531486146096,0.18867924528301888,0.18969849246231155,0.19071518193224593,0.24310776942355888,0.23529411764705882,0.24375,0.23595505617977527,0.3316708229426434,0.23661270236612703,0.23756218905472637,0.23850931677018633,0.18982630272952852,0.19083023543990088,0.19183168316831684,0.19283065512978986,0.19382716049382717,0.24167694204685575,0.2376847290640394,0.23862238622386223,0.32800982800982803,0.32883435582822085,0.23897058823529413,0.23990208078335373,0.19315403422982885,0.32844932844932845,0.32926829268292684,0.33008526187576126,0.2396593673965937,0.330498177399757,0.1929611650485437,0.2387878787878788,0.2397094430992736,0.3301088270858525,0.3309178743961353,0.24004825090470447,0.3313253012048193,0.33212996389891697,0.3329326923076923,0.33373349339735897,0.3345323741007194,0.237125748502994,0.3349282296650718,0.33572281959378736,0.33651551312649164,0.33730631704410013,0.3380952380952381,0.1902497027348395,0.19121140142517815,0.33807829181494664,0.33886255924170616,0.33964497041420116,0.19148936170212766,0.23494687131050768,0.33962264150943394,0.3404004711425206,0.19176470588235295,0.1927144535840188,0.3403755868544601,0.34114888628370454,0.19320843091334894,0.19415204678362574,0.3411214953271028,0.23337222870478413,0.19463869463869463,0.2339930151338766,0.23255813953488372,0.1951219512195122,0.339907192575406,0.19582850521436848,0.19675925925925927,0.2323699421965318,0.3394919168591224,0.1972318339100346,0.23271889400921658,0.3394706559263521,0.23333333333333334,0.33983926521239954,0.34059633027522934,0.23367697594501718,0.2345537757437071,0.3405714285714286,0.1963470319634703,0.2348916761687571,0.34054669703872437,0.3412969283276451,0.22954545454545455,0.1963677639046538,0.23015873015873015,0.1970554926387316,0.19796380090497737,0.23389830508474577,0.23476297968397292,0.33934611048478014,0.22972972972972974,0.33970753655793023,0.2303370786516854,0.23120089786756454,0.2320627802690583,0.3393057110862262,0.3400447427293065,0.2335195530726257,0.3404017857142857,0.23411371237458195,0.23496659242761692,0.3403781979977753,0.2311111111111111,0.195338512763596,0.19623059866962306,0.23145071982281284,0.2323008849557522,0.19668508287292819,0.33885209713024284,0.3395810363836825,0.197136563876652,0.19801980198019803,0.3395604395604396,0.3402854006586169,0.2324561403508772,0.23329682365826945,0.3402625820568928,0.34098360655737703,0.34170305676855894,0.34242093784078514,0.19716775599128541,0.34276387377584333,0.34347826086956523,0.23235613463626492,0.3438177874186551,0.3445287107258938,0.2326839826839827,0.2281081081081081,0.3444924406047516,0.19633225458468176,0.23275862068965517,0.1969860064585576,0.1978494623655914,0.34371643394199786,0.3444206008583691,0.23258306538049303,0.2334047109207709,0.19786096256684493,0.1987179487179487,0.343649946638207,0.3443496801705757,0.23322683706070288,0.3446808510638298,0.34537725823591925,0.19851380042462846,0.23329798515376457,0.2245762711864407,0.19894179894179895,0.19978858350951373,0.34424498416050686,0.20042194092827004,0.2328767123287671,0.22421052631578947,0.20084121976866456,0.22478991596638656,0.20146904512067157,0.34276729559748426,0.2324607329842932,0.34309623430962344,0.2330198537095089,0.23382045929018788,0.20125130344108447,0.34270833333333334,0.23413111342351717,0.34303534303534305,0.34371754932502596,0.34439834024896265,0.3450777202072539,0.34575569358178054,0.20062047569803515,0.2334710743801653,0.20123839009287925,0.23402061855670103,0.345005149330587,0.345679012345679,0.34635149023638234,0.3470225872689938,0.3476923076923077,0.20081967213114754,0.2016376663254862,0.3476482617586912,0.20224719101123595,0.2193877551020408,0.20285423037716616,0.34725050916496947,0.23194303153611392,0.2032520325203252,0.23248730964467004,0.34685598377281945,0.23302938196555217,0.21862348178137653,0.2032355915065723,0.3464646464646465,0.34712411705348134,0.23286290322580644,0.21852970795568982,0.3470824949698189,0.21909547738693466,0.23293172690763053,0.20260782347041123,0.23346693386773548,0.21921921921921922,0.22,0.34565434565434566,0.2025948103792415,0.2333000997008973,0.3456175298804781,0.20298507462686566,0.34592445328031807,0.2035749751737835,0.20436507936507936,0.3458870168483647,0.20495049504950494,0.20573689416419386,0.23221343873517786,0.21816386969397827,0.21893491124260356,0.3448275862068966,0.3454724409448819,0.2192723697148476,0.2200392927308448,0.20510304219823355,0.20588235294117646,0.34476003917727716,0.2309197651663405,0.34506353861192574,0.345703125,0.3463414634146341,0.20565302144249512,0.23076923076923078,0.3463035019455253,0.3469387755102041,0.34757281553398056,0.34820562560620755,0.2054263565891473,0.23039690222652467,0.21760154738878143,0.20579710144927535,0.3474903474903475,0.3481195756991321,0.348747591522158,0.34937439846005774,0.20576923076923076,0.34966378482228627,0.3502879078694818,0.20613614573346117,0.20689655172413793,0.22870813397129186,0.21606118546845124,0.2072588347659981,0.34923664122137404,0.34985700667302194,0.22857142857142856,0.22930542340627974,0.20722433460076045,0.20797720797720798,0.22960151802656548,0.34881516587677724,0.20833333333333334,0.20908230842005676,0.21455576559546313,0.34844192634560905,0.3490566037735849,0.34967012252591895,0.20903954802259886,0.22859830667920977,0.20958646616541354,0.21032863849765257,0.21106941838649157,0.22867853795688847,0.21161048689138576,0.2291861552853134,0.34766355140186916,0.2119514472455649,0.2294776119402985,0.2124883504193849,0.2132216014897579,0.21395348837209302,0.21189591078066913,0.3463324048282266,0.3469387755102041,0.21408711770157554,0.21481481481481482,0.21554116558741906,0.21164510166358594,0.2123730378578024,0.3459409594095941,0.34654377880184334,0.2154696132596685,0.2125114995400184,0.21599264705882354,0.21671258034894397,0.3458715596330275,0.3464711274060495,0.34706959706959706,0.22598353156450138,0.3473491773308958,0.21643835616438356,0.22627737226277372,0.3473108477666363,0.2167577413479053,0.3475887170154686,0.3481818181818182,0.21707538601271573,0.22595281306715065,0.21033544877606528,0.21739130434782608,0.34751131221719456,0.34810126582278483,0.21770551038843722,0.2184115523465704,0.21911632100991885,0.22522522522522523,0.20972097209720972,0.21942446043165467,0.22012578616352202,0.2253141831238779,0.20986547085201793,0.22043010752688172,0.3455684870188004,0.34615384615384615,0.225201072386059,0.3464285714285714,0.22033898305084745,0.22103386809269163,0.2252894033837934,0.34608540925266906,0.3466666666666667,0.347246891651865,0.34782608695652173,0.3484042553191489,0.22054915854738708,0.22123893805309736,0.22458001768346597,0.3480565371024735,0.34863195057369817,0.22134038800705466,0.22466960352422907,0.3485915492957746,0.20668425681618294,0.22144112478031636,0.20719929762949957,0.3482456140350877,0.2077125328659071,0.22154115586690018,0.2222222222222222,0.22377622377622378,0.20786026200873362,0.22251308900523561,0.3469921534437663,0.3475609756097561,0.20800696257615317,0.20869565217391303,0.22241529105125976,0.2230902777777778,0.3469210754553339,0.22270363951473138,0.22337662337662337,0.3468858131487889,0.222990492653414,0.2236614853195164,0.22346850733390855,0.34655172413793106,0.347114556416882,0.3476764199655766,0.3482373172828891,0.22336769759450173,0.22317596566523606,0.3481989708404803,0.34875749785775495,0.3493150684931507,0.3498716852010265,0.3504273504273504,0.2228864218616567,0.2235494880546075,0.35038363171355497,0.35093696763202725,0.22382978723404257,0.22448979591836735,0.221750212404418,0.20458404074702885,0.22476675148430875,0.35,0.3505503810330229,0.22165820642978004,0.22231614539306846,0.20439189189189189,0.22447257383966246,0.34991568296795955,0.35046335299073295,0.351010101010101,0.22455845248107653,0.35126050420168065,0.2040302267002519,0.22483221476510068,0.22548197820620286,0.3509212730318258,0.22092050209205022,0.3511705685618729,0.22556390977443608,0.22120200333889817,0.22602168473728107,0.22666666666666666,0.2273105745212323,0.22129783693843594,0.2028262676641729,0.3496677740863787,0.350207468879668,0.22719734660033167,0.2212096106048053,0.20281456953642385,0.22746071133167908,0.228099173553719,0.20313790255986788,0.2037953795379538,0.34872217642209397,0.22817133443163098,0.2288065843621399,0.2294407894736842,0.23007395234182415,0.20361247947454844,0.34782608695652173,0.3483606557377049,0.23013923013923013,0.2037643207855974,0.23058053965658218,0.2312091503267974,0.34775510204081633,0.21859706362153344,0.3480032599837001,0.3485342019543974,0.21887713588283156,0.23089430894308943,0.21933387489845654,0.3482142857142857,0.34874290348742903,0.3492706645056726,0.3497975708502024,0.23058252427184467,0.2190784155214228,0.34975767366720517,0.20177562550443906,0.35,0.23045930701047543,0.23107890499194847,0.23169750603378922,0.23231511254019294,0.21847389558232932,0.2014446227929374,0.3488372093023256,0.23237179487179488,0.21857485988791034,0.2016,0.23261390887290168,0.34824281150159747,0.3487629688747007,0.21850079744816586,0.349003984063745,0.23248407643312102,0.23309466984884647,0.21860095389507153,0.2335186656076251,0.23412698412698413,0.21887390959555908,0.3478605388272583,0.34837688044338877,0.20015822784810128,0.2339920948616601,0.34834123222748814,0.34885556432517756,0.34936908517350157,0.34988179669030733,0.23385826771653542,0.1998426435877262,0.23427672955974843,0.23487824037706206,0.217425431711146,0.2,0.3487460815047022,0.34925606891151134,0.34976525821596244,0.2001563721657545,0.20078125,0.20140515222482436,0.23400936037441497,0.20187061574434917,0.23442367601246106,0.3486381322957198,0.20217729393468117,0.34887334887334887,0.234472049689441,0.20248254460822343,0.23488372093023255,0.34856700232378,0.23529411764705882,0.2026295436968291,0.21483771251931993,0.23552123552123552,0.2361111111111111,0.2151117964533539,0.3474576271186441,0.2155504234026174,0.2023076923076923,0.3474250576479631,0.2357910906298003,0.21565617805065235,0.2361963190184049,0.2367816091954023,0.23736600306278713,0.23794950267788828,0.23853211009174313,0.3460656990068755,0.23893129770992366,0.2395118230358505,0.24009146341463414,0.21477532368621477,0.2009132420091324,0.3452471482889734,0.2013677811550152,0.23993925588458617,0.34522003034901366,0.21455648218347234,0.34545454545454546,0.23996971990915972,0.21482602118003025,0.24036281179138322,0.34516616314199394,0.21509433962264152,0.3453996983408748,0.2155237377543331,0.34563253012048195,0.200150489089541,0.3458646616541353,0.2396694214876033,0.24024024024024024,0.34583645911477867,0.34632683658170915,0.24044943820224718,0.2148203592814371,0.24083769633507854,0.2414050822122571,0.2150858849887976,0.3455223880597015,0.24161073825503357,0.21535022354694486,0.19880863737900223,0.2418154761904762,0.3449814126394052,0.24219910846953938,0.24276169265033407,0.19881305637982197,0.3446997776130467,0.24296296296296296,0.2146558105107328,0.34467455621301774,0.24316334072431633,0.1986706056129985,0.34464944649446494,0.19911504424778761,0.19970523212969787,0.24300441826215022,0.3443708609271523,0.2139705882352941,0.19985304922850844,0.24302496328928047,0.24358033749082905,0.24413489736070382,0.3435897435897436,0.3440702781844802,0.24433065106071689,0.2448830409356725,0.34404674945215485,0.3445255474452555,0.21298322392414296,0.34475218658892126,0.3452294246176256,0.3457059679767103,0.19854545454545455,0.34593023255813954,0.3464052287581699,0.3468795355587808,0.34735315445975345,0.24347826086956523,0.21216509775524983,0.3473227206946454,0.24367317425885757,0.19797687861271676,0.34729241877256317,0.1984126984126984,0.3475126171593367,0.24351585014409222,0.34773218142548595,0.21151079136690648,0.19841840402588065,0.2435344827586207,0.19885139985642497,0.3472022955523673,0.34767025089605735,0.1991404011461318,0.24337866857551896,0.24391988555078684,0.34739099356683345,0.34785714285714286,0.24411134903640258,0.21041369472182597,0.19885958660014255,0.19943019943019943,0.34733096085409254,0.34779516358463725,0.3482587064676617,0.3487215909090909,0.24343506032647266,0.24397163120567375,0.3486888731396173,0.34915014164305946,0.24416135881104034,0.20933521923620935,0.3491166077738516,0.2097457627118644,0.19830628087508823,0.34908321579689705,0.24383368569415081,0.20985915492957746,0.34904996481351164,0.19831223628691982,0.2438510189739986,0.2443820224719101,0.3487719298245614,0.20967741935483872,0.34898388227049754,0.3494397759103641,0.34989503149055284,0.3503496503496504,0.24388539482879107,0.20949720670391062,0.35031402651779486,0.3507670850767085,0.35121951219512193,0.3516713091922006,0.3521224773834377,0.24339360222531292,0.24391938846421127,0.24444444444444444,0.3518390006939625,0.3522884882108183,0.35273735273735274,0.24445983379501385,0.24498269896193772,0.24550484094052558,0.3524533517622668,0.19544198895027623,0.24568668046928915,0.3524137931034483,0.2074431426602343,0.3526170798898072,0.35306262904335856,0.2077028885832187,0.19518900343642612,0.35302197802197804,0.24502402196293754,0.20781893004115226,0.19533927347498287,0.2452054794520548,0.19575633127994524,0.24555403556771546,0.3520164046479836,0.2459016393442623,0.35221843003412967,0.2073669849931787,0.24608043626448534,0.20776566757493187,0.20830496936691628,0.20884353741496597,0.3514615907545887,0.20923913043478262,0.351663272233537,0.19470827679782904,0.2094915254237288,0.1951219512195122,0.1956668923493568,0.19621109607577808,0.24475997295469912,0.20945945945945946,0.2099932478055368,0.19635627530364372,0.34996628455832773,0.24460916442048516,0.19663299663299663,0.34993270524899056,0.3503698722259583,0.20967741935483872,0.2102081934184016,0.3503355704697987,0.24413145539906103,0.21045576407506703,0.21098459477561957,0.1961178045515395,0.34983277591973244,0.24398395721925134,0.24448897795591182,0.2109479305740988,0.2114743162108072,0.196,0.24450366422385075,0.24500665778961384,0.19627411842980705,0.19680851063829788,0.3481727574750831,0.34860557768924305,0.3490378234903782,0.3494694960212202,0.21073558648111332,0.21125827814569537,0.21178027796161483,0.3492063492063492,0.21216126900198282,0.34940554821664466,0.19603960396039605,0.3496042216358839,0.35003295978905735,0.24308300395256918,0.2119815668202765,0.24342105263157895,0.19592373438527286,0.3495400788436268,0.3499671700590939,0.35039370078740156,0.1960655737704918,0.24311926605504589,0.24361493123772102,0.35013089005235604,0.35055591890124266,0.2437908496732026,0.21097322011757022,0.195822454308094,0.1963470319634703,0.196870925684485,0.1973941368078176,0.24348958333333334,0.1977878985035784,0.19830949284785435,0.24366471734892786,0.3487012987012987,0.3491239454899416,0.34954604409857326,0.34996759559300067,0.20984455958549222,0.35016181229773463,0.24320827943078913,0.24369747899159663,0.35012919896640826,0.24402840542285345,0.19741935483870968,0.2443584784010316,0.34987113402061853,0.3502897617514488,0.19755469755469757,0.24437299035369775,0.2448586118251928,0.24534360950545922,0.2086007702182285,0.2456703014753047,0.24615384615384617,0.34913516976297243,0.3495518565941101,0.20857325655790146,0.20907928388746802,0.2095846645367412,0.1966794380587484,0.3490746649649011,0.3494897959183674,0.20968769917144678,0.21019108280254778,0.19669000636537237,0.24491094147582698,0.19707565162110616,0.19758576874205844,0.1980952380952381,0.3483502538071066,0.2447685478757134,0.20975918884664133,0.19822672577580747,0.19873417721518988,0.24478178368121442,0.19911504424778761,0.3474415666456096,0.20959595959595959,0.21009463722397476,0.3474148802017655,0.24448645242596093,0.34760705289672544,0.34801762114537443,0.19874213836477989,0.2099308610936518,0.3479899497487437,0.21029504080351538,0.2107904642409034,0.21128526645768025,0.243734335839599,0.24420788979336255,0.34730913642052563,0.19824890556597874,0.3475,0.24422236102435976,0.24469413233458176,0.24516531503431066,0.2456359102244389,0.21059190031152647,0.2459526774595268,0.3466085874299938,0.19776119402985073,0.19825978868862648,0.19875776397515527,0.24581005586592178,0.21029776674937964,0.19900805951642903,0.19950433705080545,0.21052631578947367,0.2110148514851485,0.24551638837353124,0.24598269468479605,0.34465719579987647,0.2462962962962963,0.19925971622455274,0.1997533908754624,0.2002464571780653,0.2105911330049261,0.344,0.2109471094710947,0.20036877688998156,0.343980343980344,0.2007366482504604,0.3441717791411043,0.34457388105456777,0.2107843137254902,0.3447642375995101,0.24479804161566707,0.2452599388379205,0.34474327628361856,0.21075137446548564,0.21123321123321123,0.3447223917022575,0.21158536585365853,0.3449116392443632,0.3453105968331303,0.2446743761412051,0.2451338199513382,0.19939209726443768,0.3450789793438639,0.1997571341833637,0.24514563106796117,0.2110369921164342,0.24545454545454545,0.34463961235614776,0.2112590799031477,0.21173623714458562,0.34461910519951633,0.3450151057401813,0.21195652173913043,0.24502112251056127,0.19903498190591074,0.24532851115129597,0.19939759036144578,0.3443708609271523,0.19975932611311673,0.24533974744437764,0.20012019230769232,0.24564564564564564,0.2112845138055222,0.21175764847030593,0.20023980815347722,0.20071899340922708,0.20119760479041915,0.24536205864751645,0.3427033492822967,0.34309623430962344,0.24551971326164876,0.20119402985074628,0.34307875894988066,0.2456768038163387,0.21096543504171633,0.20131030375223347,0.24583333333333332,0.2462819750148721,0.24673008323424495,0.24717765894236482,0.342042755344418,0.24747774480712167,0.34223013048635825,0.24777711914641376,0.3424170616113744,0.24807578448786263,0.342603550295858,0.34299231224127735,0.24822695035460993,0.20968694624926165,0.2101534828807556,0.24837758112094396,0.2104952830188679,0.34236888626988804,0.21083627797408716,0.34255444379046496,0.19941176470588234,0.3427395649617872,0.24794359576968272,0.1996476805637111,0.2482394366197183,0.34252199413489737,0.2104337631887456,0.24838898652606914,0.24882903981264637,0.19953188999414861,0.24912280701754386,0.3419053185271771,0.2102803738317757,0.21074138937536485,0.19953325554259044,0.34169096209912536,0.34207459207459207,0.24868957483983692,0.19965075669383003,0.34205933682373474,0.34244186046511627,0.199883788495061,0.20034843205574912,0.2008125362739408,0.2099767981438515,0.24811594202898551,0.21031286210892236,0.2009264620729589,0.2482638888888889,0.34123770965876227,0.3416184971098266,0.341998844598498,0.24826789838337182,0.24870167339873053,0.209919261822376,0.20057636887608069,0.201036866359447,0.24870466321243523,0.3411967779056387,0.34157561817136284,0.34195402298850575,0.3423319931074095,0.34270952927669346,0.20940906483075158,0.34288990825688076,0.34326647564469914,0.3436426116838488,0.3440183171150544,0.20022883295194507,0.24757004002287022,0.20057142857142857,0.20102798400913763,0.24771689497716895,0.34341129492298916,0.24800456100342075,0.24843304843304842,0.20842824601366744,0.20091064314171883,0.3430034129692833,0.24843661171119955,0.20113636363636364,0.3429869392390687,0.34335981838819524,0.34373227453204763,0.24829931972789115,0.20793201133144476,0.3437146092865232,0.2484436898698359,0.248868778280543,0.2006783493499152,0.24915254237288137,0.34330886504799546,0.34367945823927765,0.20078962210941906,0.3438556933483653,0.24901408450704227,0.24943693693693694,0.24985931344963422,0.20078740157480315,0.34345137717819,0.25,0.25042111173498033,0.25084175084175087,0.34324172742568704,0.34360986547085204,0.34397759103641457,0.34434490481522956,0.20033575825405708,0.2505592841163311,0.2509782001117943,0.25139664804469275,0.2518146286990508,0.20535714285714285,0.34355828220858897,0.25195094760312153,0.34373259052924793,0.19988864142538976,0.34390651085141904,0.25194660734149055,0.2001111728738188,0.25222222222222224,0.2526374236535258,0.3435072142064373,0.2529118136439268,0.20454545454545456,0.253185595567867,0.25359911406423036,0.2540121748754842,0.25442477876106195,0.3427307904919845,0.3430939226519337,0.19933738266151296,0.2544150110375276,0.3430777716492002,0.3434399117971334,0.19944903581267218,0.3436123348017621,0.3439735828288387,0.34433443344334436,0.25398570643210555,0.19945054945054946,0.19989017023613398,0.2030735455543359,0.20351069665386726,0.20010964912280702,0.34356164383561644,0.343921139101862,0.20361247947454844,0.20404814004376368,0.2531437944231821,0.3437158469945355,0.2042599672310213,0.25327510917030566,0.25368248772504093,0.2044711014176663,0.1994550408719346,0.19989106753812635,0.34295046271094176,0.34330794341675736,0.2044589450788472,0.2532608695652174,0.3432916892992939,0.253528773072747,0.20455778621812262,0.25379609544468545,0.25420054200542,0.3429035752979415,0.2046561992420141,0.2050865800865801,0.2055164954029205,0.20594594594594595,0.19881145326850352,0.34233261339092874,0.34268753372908795,0.20604099244875945,0.19892183288409704,0.3426724137931034,0.1992460958535272,0.3428417653390743,0.3431952662721893,0.20591397849462365,0.2063406770553466,0.20676691729323307,0.20719269994632314,0.2521459227467811,0.19892761394101877,0.342443729903537,0.3427959292983396,0.3431477516059957,0.20706260032102727,0.3433155080213904,0.1988241582041689,0.2516025641025641,0.25200213561131873,0.20704375667022412,0.25226666666666664,0.20735607675906184,0.2525306339904102,0.25292864749733757,0.253326237360298,0.2074468085106383,0.20786815523657629,0.20828905419766205,0.2533191715347849,0.34129511677282376,0.19787798408488064,0.19830328738069988,0.1987281399046105,0.3411016949152542,0.34145050291159346,0.3417989417989418,0.2078265468006346,0.2526427061310782,0.25303750660327523,0.19852164730728616,0.2532981530343008,0.25369198312236285,0.2076963626779125,0.25395152792413067,0.3407056345444971,0.2542105263157895,0.19831667543398213,0.2544689800210305,0.34051497635312666,0.34086134453781514,0.2545931758530184,0.20724029380902415,0.2548505506030414,0.19811320754716982,0.34049240440020956,0.34083769633507854,0.3411826268969126,0.20711297071129708,0.3413486670151594,0.34169278996865204,0.197911227154047,0.19832985386221294,0.19874804381846636,0.3415015641293014,0.3418447107868682,0.3421875,0.3425299323269131,0.1987513007284079,0.19916796671866874,0.20634095634095634,0.252987012987013,0.2533748701973001,0.2537623248572911,0.20643153526970953,0.20684292379471228,0.20725388601036268,0.25375453133091663,0.34109730848861286,0.19865494050698396,0.19906928645294725,0.2537467700258398,0.3409090909090909,0.3412493546721735,0.3415892672858617,0.34192882929345025,0.2536082474226804,0.1988665636269964,0.3419155509783728,0.3422542460113227,0.20627572016460904,0.3424164524421594,0.34275436793422404,0.1987673343605547,0.25308008213552363,0.3427398665982555,0.34307692307692306,0.3434136340338288,0.2530737704918033,0.2534562211981567,0.2538382804503582,0.20562659846547315,0.25408997955010226,0.25447112927950943,0.2548518896833504,0.2552322613578356,0.20561224489795918,0.25548189699133095,0.3419979612640163,0.20580743759551706,0.20621181262729124,0.255470737913486,0.2558494404883011,0.25622775800711745,0.34146341463414637,0.2564753682072118,0.20609137055837565,0.20649416539827498,0.34127789046653145,0.25646224024328435,0.19655521783181357,0.1969620253164557,0.20647773279352227,0.20687910976226606,0.20728008088978767,0.20768064679130874,0.2080808080808081,0.19687026754164563,0.2558022199798184,0.19717599596570853,0.2560483870967742,0.3395465994962217,0.2079556898288016,0.25616507297433316,0.25653923541247486,0.2081447963800905,0.20854271356783918,0.33902561526870917,0.2565261044176707,0.19668840943301555,0.33901705115346037,0.25664160401002506,0.1968937875751503,0.2083124687030546,0.33883883883883886,0.19709854927463732,0.339,0.20839580209895053,0.2562437562437562,0.20868696954568147,0.2090818363273453,0.20947630922693267,0.25623130608175476,0.20976581963129048,0.19671314741035856,0.33797909407665505,0.19701492537313434,0.33814022874191946,0.3384691848906561,0.33879781420765026,0.1971201588877855,0.19751861042183622,0.33878968253968256,0.2553296975706495,0.3389494549058474,0.2555720653789004,0.2089108910891089,0.338941118258288,0.19732937685459942,0.3391003460207612,0.20899209486166007,0.20938271604938272,0.20977295162882528,0.2101628021706956,0.33875739644970415,0.21044849679645145,0.3389162561576355,0.3392417528311177,0.2106299212598425,0.3393999016232169,0.33972468043264503,0.21081081081081082,0.33988212180746563,0.2538046146293569,0.21099116781157998,0.25404610102991665,0.25441176470588234,0.19598236158745713,0.2546523016650343,0.19627998042094957,0.19667318982387474,0.25476772616136917,0.19696969696969696,0.197361993160723,0.2548828125,0.33821376281112736,0.2551219512195122,0.21014139444173574,0.3382066276803119,0.21042377009254748,0.3383641674780915,0.3386861313868613,0.33900778210116733,0.33932912007778315,0.3396501457725947,0.19669742593491987,0.1970873786407767,0.3396409509946628,0.3399612027158099,0.20988851187590887,0.34011627906976744,0.25375302663438254,0.19699903194578897,0.19738751814223512,0.19777562862669246,0.19816336394393427,0.3396135265700483,0.3399323998068566,0.34025096525096526,0.20935841775205016,0.3404050144648023,0.20963855421686747,0.19797687861271676,0.25276841598459315,0.3402309913378248,0.253006253006253,0.19807692307692307,0.3402210475732821,0.1983669548511047,0.34037445991358617,0.2528790786948177,0.25323741007194245,0.1984659635666347,0.20891231432678486,0.2092911877394636,0.20966969842029679,0.21004784688995215,0.3395504543280727,0.252868068833652,0.210224558050645,0.21060171919770773,0.2529832935560859,0.21087786259541985,0.33905579399141633,0.3393708293612965,0.3396855645545498,0.21095238095238095,0.21132793907663017,0.21170313986679354,0.33951497860199714,0.33982889733840305,0.3401425178147268,0.25213675213675213,0.21167536782154722,0.2523719165085389,0.2119487908961593,0.1966824644549763,0.197063003315964,0.19744318181818182,0.2522479886417416,0.25260170293282874,0.21182033096926714,0.21219281663516068,0.21256495040151158,0.19735599622285174,0.19773478055686644,0.33820754716981133,0.2522395096652522,0.19792648444863337,0.2524729156853509,0.19821092278719396,0.25270588235294117,0.3377234242709313,0.2529384109073813,0.21193609022556392,0.2531705025833725,0.33755868544600937,0.25340215861098075,0.25375234521575984,0.2541022034692921,0.25445173383317715,0.2117096018735363,0.21207865168539325,0.2545624707533926,0.21234798877455566,0.33660589060308554,0.2546728971962617,0.25502101821578704,0.21241830065359477,0.3364442370508633,0.2126865671641791,0.255011655011655,0.21295433364398883,0.19655333022822544,0.19692737430167598,0.33597021870637506,0.3362790697674419,0.19711761971176198,0.33643122676579923,0.19739897816999535,0.33658310120705665,0.3368909512761021,0.212430426716141,0.25405656003708854,0.21269694161260427,0.19731357109773043,0.25416666666666665,0.25451180009254976,0.2548566142460685,0.2552011095700416,0.21256931608133087,0.2554272517321016,0.21283471837488457,0.2556529764651592,0.25599630996309963,0.33517750115260486,0.33548387096774196,0.25610317825886686,0.19659300184162062,0.2563276576161988,0.33532658693652256,0.25655172413793104,0.21231617647058823,0.1966008268259072,0.3351698806244261,0.33547498852684715,0.3357798165137615,0.21228794131132508,0.25618698441796517,0.21255153458543288,0.2129120879120879,0.2562929061784897,0.2131747483989021,0.2135345221764975,0.2563985374771481,0.21379625399725902,0.25662100456621006,0.19580100410771337,0.21395985401459855,0.21431828545371637,0.1959890610756609,0.21457858769931662,0.2563752276867031,0.25671370050068276,0.2570518653321201,0.1959981809913597,0.21454545454545454,0.33303044070876875,0.2148047229791099,0.33318202451202905,0.19600725952813067,0.1963718820861678,0.21486854034451497,0.2152242863615768,0.21557971014492755,0.21593481213218652,0.216289592760181,0.216644052464948,0.25587703435804704,0.19611387257117036,0.19647696476964768,0.19683972911963882,0.25586642599277976,0.33152909336941816,0.2164111812443643,0.21676430824695808,0.19684684684684683,0.19720846465556055,0.21692169216921692,0.3310841205578048,0.19739208633093525,0.21707865168539325,0.3310871518418688,0.2173327346205658,0.25493716337522443,0.21758636159712877,0.3309417040358744,0.33124159569699685,0.33154121863799285,0.2548141513658755,0.21754700089525514,0.2550335570469799,0.1967799642218247,0.21770227983907017,0.1970509383378016,0.19740955783832068,0.21785714285714286,0.25479696564033916,0.21810883140053525,0.2550156041016496,0.21836007130124777,0.1973273942093541,0.19768477292965272,0.19804183355585225,0.19839857651245552,0.19875500222321033,0.3293333333333333,0.21812527765437584,0.1989342806394316,0.19928983577452286,0.19964507542147295,0.32904656319290465,0.21808510638297873,0.32919805050952594,0.2537643932683791,0.2182381584772023,0.21858407079646017,0.21892967713401149,0.2537577365163572,0.1992929739284136,0.21908127208480566,0.32847682119205296,0.1994704324801412,0.2192324658138509,0.19973544973544974,0.21947994711326577,0.32819383259911894,0.21972699251431088,0.22007042253521128,0.19973603167619886,0.20008795074758134,0.22021978021978023,0.327768014059754,0.2204655248133509,0.20017559262510976,0.22071083808688022,0.20043859649122808,0.2209557211749233,0.3273444347063979,0.32763907139728426,0.22110332749562173,0.2214442013129103,0.22178477690288714,0.22212505465675558,0.22246503496503497,0.22280471821756226,0.32707423580786027,0.22304670449585334,0.32722513089005234,0.32751853467073705,0.32781168265039234,0.22309368191721132,0.22343205574912892,0.25032651284283847,0.22367275892080069,0.2240104393214441,0.1991304347826087,0.19947848761408082,0.22415291051259775,0.22448979591836735,0.3268229166666667,0.22472885032537962,0.3269731136166522,0.19939315127871696,0.32712305025996535,0.22477262884365526,0.22510822510822512,0.19948074426655127,0.22534602076124569,0.2490272373540856,0.22558340535868626,0.3265658747300216,0.22582037996545767,0.32671558049201554,0.22605694564279552,0.326865028029323,0.22629310344827586,0.22662645411460577,0.24849267872523687,0.22686181661644425,0.22719449225473323,0.32645161290322583,0.32674118658641443,0.3270305113880533,0.24828178694158076,0.19836839845427223,0.19871244635193133,0.19905619905619906,0.22684391080617497,0.19931418774110587,0.22707797772065125,0.22740899357601713,0.199486301369863,0.1998288403936671,0.24764756201881952,0.2479692176143651,0.2,0.22725331055104656,0.2480785653287788,0.2274861288945796,0.24829351535836178,0.24861407249466952,0.1999147485080989,0.22752449936088623,0.24872231686541738,0.20008514261387825,0.20042553191489362,0.20076563164610803,0.2274659863945578,0.2010199745006375,0.22769753610875107,0.20127388535031848,0.20161290322580644,0.20195163343232922,0.3231552162849873,0.22763883001271726,0.22796610169491524,0.24777636594663277,0.2480948348856901,0.2280998730427423,0.22842639593908629,0.22875264270613108,0.24809805579036348,0.2289818335445712,0.2014358108108108,0.22921063739974673,0.20168776371308017,0.2479966258962463,0.24831365935919056,0.2292456805731142,0.2017691659646167,0.32126315789473686,0.22937710437710437,0.24821203197307531,0.32127838519764507,0.22950819672131148,0.22983193277310923,0.23015539689206216,0.2304785894206549,0.3210239194292908,0.24790268456375839,0.2482180293501048,0.32103939647946356,0.20108923334729786,0.3211892797319933,0.32147341984093764,0.2301255230125523,0.20117105813467168,0.23035117056856189,0.24780610112829085,0.20133667502088554,0.20167014613778705,0.3209515859766277,0.20191906549853983,0.23019182652210174,0.20216756982075865,0.23041666666666666,0.3206997084548105,0.23064113238967526,0.3208489388264669,0.23086522462562395,0.320997920997921,0.2310889443059019,0.23140839218944745,0.23172757475083056,0.3208800332088003,0.23195020746887968,0.20157610949813357,0.23217247097844113,0.32076253626191464,0.2323943661971831,0.20165631469979295,0.2326158940397351,0.2329333884981382,0.20181968569065342,0.24555601488218273,0.24586776859504134,0.20198265179677818,0.3199834847233691,0.3202641353693768,0.23267326732673269,0.2020618556701031,0.23289365210222587,0.32014833127317677,0.23311367380560133,0.20214079868258542,0.23333333333333334,0.20238584944467297,0.20271381578947367,0.24496506370735718,0.23336072308956451,0.24517453798767966,0.20279146141215107,0.2453836684448092,0.20303527481542247,0.23329233292332924,0.24549180327868853,0.20319541171650962,0.2035217035217035,0.24559967253376996,0.2037643207855974,0.2331288343558282,0.24570727718724447,0.20392317123007764,0.2042483660130719,0.2045732952225398,0.20489795918367346,0.23296613627090984,0.20513866231647634,0.23318385650224216,0.20537897310513448,0.23340122199592667,0.23371335504885993,0.20553520553520555,0.20585842148087877,0.31638877592517284,0.24471544715447155,0.20601381552214548,0.20633631194151097,0.20665854648802273,0.24472402597402598,0.20689655172413793,0.24493106244931062,0.20713417105796514,0.3156401944894652,0.3159173754556501,0.31619433198380564,0.23269931201942534,0.3163430420711974,0.2329154872624343,0.2332255456750202,0.23353535353535354,0.20678513731825526,0.20710536939846588,0.20742534301856336,0.24405002016942315,0.23346774193548386,0.23377670294236194,0.24415793714746173,0.20741039065646397,0.20772946859903382,0.2442655935613682,0.24456958970233306,0.20788098110172898,0.20819935691318328,0.24467657693852954,0.24497991967871485,0.24528301886792453,0.24558587479935795,0.3140794223826715,0.2457898957497995,0.31422845691382767,0.2327724358974359,0.23307969563476172,0.2077662129703763,0.23329331732693076,0.2456,0.31387445021991206,0.31414868105515587,0.23332001598082303,0.2336261980830671,0.3141716566866267,0.2338387869114126,0.31431990426804945,0.23405103668261562,0.23435631725787165,0.3143426294820717,0.24492234169653523,0.2070063694267516,0.20732192598487864,0.3142402545743834,0.2341948310139165,0.23449920508744038,0.24473579658323402,0.2347100873709293,0.24493846764589122,0.3138888888888889,0.20706069020230067,0.3140364789849326,0.3143083630598494,0.24484944532488115,0.23445544554455444,0.23475851148060173,0.23506133755441236,0.23536392405063292,0.23566627125345987,0.23596837944664031,0.2445673646779929,0.23617693522906794,0.24476904855902093,0.31333859510655093,0.23629191321499013,0.20623028391167192,0.31336223886480097,0.2364066193853428,0.31350925561244586,0.23661417322834646,0.24439197166469895,0.23682140047206923,0.2060558395595753,0.24449685534591195,0.3131630648330059,0.20620581304006286,0.23674911660777384,0.2445054945054945,0.2369556688897607,0.2447058823529412,0.2061936495491964,0.24490595611285265,0.3125734430082256,0.23688332028191073,0.20626223091976517,0.23708920187793428,0.23738756355103638,0.3123534010946052,0.23759280969128566,0.237890625,0.31237797735259665,0.23809523809523808,0.3125243854857589,0.23829953198127926,0.20584795321637428,0.24395946999220577,0.31242695753798205,0.2383177570093458,0.20591669910471,0.23852140077821013,0.20614546868922598,0.20645412130637636,0.20676253400699574,0.24358974358974358,0.3118446601941748,0.31211180124223603,0.23826154443150951,0.24359968968192397,0.3121364870104692,0.2065891472868217,0.3122820612165827,0.20681642137877615,0.23809523809523808,0.20704334365325078,0.20735009671179883,0.31206496519721577,0.24313877077696172,0.20749613601236477,0.23792970258787177,0.24324324324324326,0.23813199536858357,0.23842592592592593,0.20748168145005785,0.23862760215882806,0.23892100192678228,0.2076271186440678,0.24297266076241816,0.2390300230946882,0.23932281646787226,0.31076923076923074,0.23952326028450596,0.3109146810146042,0.2397233960814445,0.24001536098310292,0.24261036468330135,0.24290099769762089,0.24319140774836978,0.24348159509202455,0.2399386738213875,0.24022988505747125,0.20681731137495213,0.24042879019908117,0.20704171450440106,0.20734506503442998,0.20764818355640535,0.2404434250764526,0.2407336645013374,0.24293353705118412,0.2432226040473463,0.20763358778625954,0.240747806180847,0.2433257055682685,0.24094548227220738,0.24352134146341464,0.24114285714285713,0.30845392231530844,0.24362390559573657,0.24124809741248096,0.24381894256371245,0.20722433460076045,0.24135309768148994,0.2439209726443769,0.24154956323585264,0.24183750949126803,0.24212523719165086,0.2071320182094082,0.24232081911262798,0.24374526156178924,0.2072754831375521,0.24242424242424243,0.24271109428246876,0.3069644208932627,0.24290578887627695,0.24319213313161875,0.3069943289224953,0.24338624338624337,0.20702682281828486,0.24358006042296074,0.2072480181200453,0.24301886792452831,0.24368162957374576,0.24396681749622925,0.30644553335846214,0.24415975885455915,0.2071563088512241,0.20745481927710843,0.24275498682724878,0.24416854778028593,0.2444528018051899,0.2075187969924812,0.24464487034949267,0.24492862509391436,0.3056702966579046,0.30593093093093093,0.2450281425891182,0.245311327831958,0.3059617547806524,0.20727136431784107,0.3061071562382915,0.24531835205992508,0.20741295394983153,0.24176646706586827,0.2454171343060232,0.2419596110695587,0.20747663551401868,0.24551569506726456,0.24579753455360479,0.2460791635548917,0.24636058230683092,0.20746268656716418,0.24170085788884743,0.2464578672632364,0.24189340290719344,0.20752608047690016,0.24655493482309124,0.304542069992554,0.24674358020096762,0.2418154761904762,0.20751208627742657,0.20780669144981412,0.241917502787068,0.24219910846953938,0.24656516895655403,0.20786933927245732,0.24230055658627087,0.24666172106824927,0.303670745272525,0.2079318013343217,0.24675805854020008,0.24222222222222223,0.20807108478341355,0.2083641746854182,0.24232334443211248,0.20857988165680474,0.24251386321626617,0.24279379157427938,0.24639822681935722,0.2086410635155096,0.24289405684754523,0.24317343173431735,0.2434526005164146,0.20870206489675516,0.24622189458164392,0.24355195283714076,0.3020257826887661,0.3022827687776141,0.24622745675377256,0.246504782928624,0.2467819051121736,0.24705882352941178,0.24733553840499817,0.2083027185892726,0.24752111641571795,0.24779735682819384,0.301651376146789,0.247982391782832,0.24825815914924826,0.24853372434017595,0.20813484792964457,0.20842490842490843,0.2486268766019773,0.20863836017569545,0.20892791803878522,0.24871982443306512,0.2420475319926874,0.20906432748538012,0.24881256850566313,0.24214755295836377,0.20920043811610076,0.30036496350364966,0.20941262313024445,0.2487235594456601,0.24899744804958074,0.30029154518950435,0.24918032786885247,0.20939548434085944,0.24936294139060794,0.24163027656477437,0.2495452891960713,0.20945454545454545,0.24972737186477645,0.25,0.2502724300762804,0.25054466230936817,0.20943738656987296,0.25072568940493467,0.2096481682988756,0.20993473531544599,0.29902138455962307,0.24094202898550723,0.2100688156465049,0.2990586531498914,0.24104234527687296,0.24131693198263388,0.2502712477396022,0.21005061460592914,0.21033610408384532,0.24132947976878613,0.29866377753701695,0.2415162454873646,0.21039335979790688,0.2417027417027417,0.24990984493328525,0.2501802451333814,0.21045045045045044,0.2503602305475504,0.25063017644940583,0.2980561555075594,0.250809643756747,0.210431654676259,0.2509888529306005,0.29798705966930267,0.2511678045274883,0.21048850574712644,0.21077199281867146,0.2979181622397703,0.25116612845353425,0.2980631276901004,0.24058802438149873,0.25125448028673836,0.25152275170189897,0.25179083094555876,0.2978875760830648,0.21045096635647817,0.2518783542039356,0.21065808297567953,0.21094029317125493,0.25196568977841316,0.2522329403358342,0.24,0.21099607283113173,0.24018558172733762,0.24045665358544416,0.2521398002853067,0.24064171122994651,0.24091233071988596,0.21090131813323834,0.21118233618233617,classic
