2_87276349_87279366,1.0,1.0,1.0,0.25,0.2,0.3333333333333333,0.2857142857142857,0.125,0.2222222222222222,0.4,0.2727272727272727,0.4166666666666667,0.3076923076923077,0.35714285714285715,0.2,0.1875,0.35294117647058826,0.2222222222222222,0.21052631578947367,0.35,0.38095238095238093,0.2727272727272727,0.391304347826087,0.20833333333333334,0.4,0.4230769230769231,0.4444444444444444,0.21428571428571427,0.4482758620689655,0.16666666666666666,0.22580645161290322,0.1875,0.42424242424242425,0.4411764705882353,0.45714285714285713,0.2222222222222222,0.1891891891891892,0.4473684210526316,0.20512820512820512,0.225,0.43902439024390244,0.23809523809523808,0.4418604651162791,0.45454545454545453,0.4666666666666667,0.1956521739130435,0.14893617021276595,0.4583333333333333,0.22448979591836735,0.46,0.47058823529411764,0.4807692307692308,0.22641509433962265,0.14814814814814814,0.23636363636363636,0.25,0.15789473684210525,0.1724137931034483,0.4406779661016949,0.16666666666666666,0.2459016393442623,0.25806451612903225,0.2698412698412698,0.28125,0.4153846153846154,0.2878787878787879,0.29850746268656714,0.16176470588235295,0.17391304347826086,0.4,0.4084507042253521,0.2916666666666667,0.410958904109589,0.2972972972972973,0.41333333333333333,0.14473684210526316,0.2987012987012987,0.41025641025641024,0.4177215189873418,0.1625,0.14814814814814814,0.4146341463414634,0.1686746987951807,0.4166666666666667,0.4235294117647059,0.43023255813953487,0.27586206896551724,0.14772727272727273,0.2808988764044944,0.4222222222222222,0.16483516483516483,0.15217391304347827,0.27956989247311825,0.1702127659574468,0.4105263157894737,0.4166666666666667,0.422680412371134,0.42857142857142855,0.43434343434343436,0.27,0.43564356435643564,0.14705882352941177,0.4368932038834951,0.2692307692307692,0.4380952380952381,0.44339622641509435,0.4485981308411215,0.14814814814814814,0.1559633027522936,0.2636363636363636,0.2702702702702703,0.4375,0.1504424778761062,0.43859649122807015,0.4434782608695652,0.4482758620689655,0.26495726495726496,0.4491525423728814,0.453781512605042,0.4583333333333333,0.4628099173553719,0.4672131147540984,0.14634146341463414,0.1532258064516129,0.464,0.15873015873015872,0.16535433070866143,0.4609375,0.24806201550387597,0.13846153846153847,0.25190839694656486,0.45454545454545453,0.45864661654135336,0.4626865671641791,0.16296296296296298,0.25,0.1386861313868613,0.45652173913043476,0.2517985611510791,0.2571428571428571,0.14184397163120568,0.4507042253521127,0.16083916083916083,0.2569444444444444,0.16551724137931034,0.2602739726027397,0.2653061224489796,0.4391891891891892,0.4429530201342282,0.26666666666666666,0.44370860927152317,0.4473684210526316,0.45098039215686275,0.13636363636363635,0.2645161290322581,0.14102564102564102,0.1464968152866242,0.15822784810126583,0.44025157232704404,0.2625,0.4409937888198758,0.4444444444444444,0.26380368098159507,0.2682926829268293,0.2727272727272727,0.4397590361445783,0.4431137724550898,0.44642857142857145,0.15384615384615385,0.1411764705882353,0.14619883040935672,0.26744186046511625,0.27167630057803466,0.14942528735632185,0.15428571428571428,0.2727272727272727,0.15254237288135594,0.2752808988764045,0.27932960893854747,0.4222222222222222,0.281767955801105,0.4230769230769231,0.28415300546448086,0.28804347826086957,0.2918918918918919,0.15053763440860216,0.29411764705882354,0.2978723404255319,0.30158730158730157,0.15263157894736842,0.4083769633507853,0.4114583333333333,0.15544041450777202,0.29896907216494845,0.14358974358974358,0.14795918367346939,0.40609137055837563,0.15151515151515152,0.40703517587939697,0.155,0.4079601990049751,0.41089108910891087,0.15270935960591134,0.1568627450980392,0.4097560975609756,0.28640776699029125,0.15942028985507245,0.40865384615384615,0.16267942583732056,0.16666666666666666,0.2843601895734597,0.4056603773584906,0.4084507042253521,0.2850467289719626,0.28837209302325584,0.4074074074074074,0.16589861751152074,0.16972477064220184,0.2876712328767123,0.14545454545454545,0.40271493212669685,0.40540540540540543,0.28699551569506726,0.29017857142857145,0.29333333333333333,0.4026548672566372,0.16740088105726872,0.17105263157894737,0.4017467248908297,0.29130434782608694,0.4025974025974026,0.4051724137931034,0.2918454935622318,0.2948717948717949,0.1702127659574468,0.2966101694915254,0.29957805907172996,0.1722689075630252,0.39748953974895396,0.4,0.17427385892116182,0.40082644628099173,0.40329218106995884,0.1762295081967213,0.1346938775510204,0.4024390243902439,0.4048582995951417,0.40725806451612906,0.13654618473895583,0.408,0.1752988047808765,0.2857142857142857,0.2885375494071146,0.29133858267716534,0.17647058823529413,0.29296875,0.13618677042801555,0.13953488372093023,0.29343629343629346,0.29615384615384616,0.17624521072796934,0.3931297709923664,0.17870722433460076,0.29545454545454547,0.39245283018867927,0.18045112781954886,0.2958801498127341,0.13805970149253732,0.3903345724907063,0.2962962962962963,0.14022140221402213,0.2977941176470588,0.3882783882783883,0.29927007299270075,0.1781818181818182,0.14130434782608695,0.3862815884476534,0.17985611510791366,0.1827956989247312,0.29642857142857143,0.18505338078291814,0.3829787234042553,0.2968197879858657,0.2992957746478873,0.3017543859649123,0.1853146853146853,0.18815331010452963,0.1909722222222222,0.30103806228373703,0.3758620689655172,0.37800687285223367,0.3801369863013699,0.13651877133105803,0.38095238095238093,0.38305084745762713,0.13851351351351351,0.2962962962962963,0.18791946308724833,0.38127090301003347,0.38333333333333336,0.3853820598006645,0.18874172185430463,0.13861386138613863,0.29276315789473684,0.3836065573770492,0.29411764705882354,0.14006514657980457,0.29545454545454547,0.3818770226537217,0.2967741935483871,0.1864951768488746,0.1891025641025641,0.14057507987220447,0.2961783439490446,0.2984126984126984,0.30063291139240506,0.3028391167192429,0.3050314465408805,0.3730407523510972,0.375,0.14018691588785046,0.37577639751552794,0.30340557275541796,0.3055555555555556,0.37538461538461537,0.18404907975460122,0.14067278287461774,0.3048780487804878,0.3069908814589666,0.3090909090909091,0.18429003021148035,0.3102409638554217,0.36936936936936937,0.3712574850299401,0.14029850746268657,0.18452380952380953,0.18694362017804153,0.3698224852071006,0.1887905604719764,0.37058823529411766,0.14076246334310852,0.14327485380116958,0.3032069970845481,0.3691860465116279,0.18840579710144928,0.3699421965317919,0.19020172910662825,0.3706896551724138,0.14326647564469913,0.3,0.301994301994302,0.1903409090909091,0.36827195467422097,0.192090395480226,0.36901408450704226,0.19382022471910113,0.3697478991596639,0.1424581005586592,0.298050139275766,0.3,0.1440443213296399,0.3011049723756906,0.1928374655647383,0.19505494505494506,0.3013698630136986,0.3633879781420765,0.19618528610354224,0.3641304347826087,0.36585365853658536,0.3,0.14285714285714285,0.3010752688172043,0.30294906166219837,0.3048128342245989,0.30666666666666664,0.19414893617021275,0.14323607427055704,0.30687830687830686,0.3087071240105541,0.35789473684210527,0.35958005249343833,0.3612565445026178,0.30809399477806787,0.3619791666666667,0.3090909090909091,0.19170984455958548,0.36175710594315247,0.19329896907216496,0.36246786632390743,0.3076923076923077,0.3631713554987212,0.19387755102040816,0.30788804071246817,0.3629441624365482,0.13924050632911392,0.30808080808080807,0.14105793450881612,0.36180904522613067,0.3634085213032581,0.3075,0.3092269326683292,0.36318407960199006,0.31017369727047145,0.36386138613861385,0.19012345679012346,0.14039408866995073,0.3095823095823096,0.3112745098039216,0.36185819070904646,0.1902439024390244,0.1922141119221411,0.3106796116504854,0.31234866828087166,0.35990338164251207,0.1927710843373494,0.13942307692307693,0.3597122302158273,0.31100478468899523,0.14081145584725538,0.19285714285714287,0.3586698337292161,0.1943127962085308,0.19621749408983452,0.3089622641509434,0.35764705882352943,0.30985915492957744,0.1405152224824356,0.3107476635514019,0.14219114219114218,0.19534883720930232,0.3109048723897912,0.3541666666666667,0.3117782909930716,0.3548387096774194,0.19540229885057472,0.19724770642201836,0.19908466819221968,0.2009132420091324,0.3530751708428246,0.35454545454545455,0.2018140589569161,0.14027149321266968,0.14221218961625282,0.3063063063063063,0.35280898876404493,0.20179372197309417,0.203579418344519,0.20535714285714285,0.2071269487750557,0.30444444444444446,0.30598669623059865,0.3075221238938053,0.141280353200883,0.30837004405286345,0.3098901098901099,0.1425438596491228,0.31072210065645517,0.34497816593886466,0.1437908496732026,0.3108695652173913,0.34490238611713664,0.3116883116883117,0.34557235421166305,0.3125,0.34623655913978496,0.3133047210300429,0.3468950749464668,0.14316239316239315,0.34754797441364604,0.2,0.14437367303609341,0.3474576271186441,0.3107822410147992,0.31223628691983124,0.14526315789473684,0.3130252100840336,0.31446540880503143,0.3158995815899582,0.19832985386221294,0.31666666666666665,0.34303534303534305,0.34439834024896265,0.14492753623188406,0.31611570247933884,0.1463917525773196,0.3168724279835391,0.1971252566735113,0.3422131147540984,0.34355828220858897,0.1469387755102041,0.14867617107942974,0.3150406504065041,0.34279918864097364,0.3441295546558704,0.19595959595959597,0.34475806451612906,0.1488933601609658,0.15060240963855423,0.1963927855711423,0.312,0.19760479041916168,0.3426294820717131,0.34393638170974156,0.34523809523809523,0.3108910891089109,0.31225296442687744,0.3136094674556213,0.14960629921259844,0.1512770137524558,0.3137254901960784,0.3424657534246575,0.314453125,0.3157894736842105,0.1517509727626459,0.31650485436893205,0.34108527131782945,0.19342359767891681,0.1525096525096525,0.19460500963391136,0.3403846153846154,0.15355086372360843,0.31417624521072796,0.1950286806883365,0.1965648854961832,0.33904761904761904,0.31368821292775667,0.19734345351043645,0.3390151515151515,0.34026465028355385,0.15283018867924528,0.3126177024482109,0.31390977443609025,0.19699812382739212,0.3146067415730337,0.15327102803738318,0.19776119402985073,0.15456238361266295,0.33643122676579923,0.33766233766233766,0.3388888888888889,0.34011090573012936,0.1974169741697417,0.19889502762430938,0.31066176470588236,0.3394495412844037,0.31135531135531136,0.340036563071298,0.1989051094890511,0.3406193078324226,0.3418181818181818,0.1996370235934664,0.30978260869565216,0.1518987341772152,0.3104693140794224,0.3117117117117117,0.33992805755395683,0.1992818671454219,0.2007168458781362,0.3112701252236136,0.15178571428571427,0.33868092691622104,0.3398576512455516,0.152753108348135,0.3102836879432624,0.15398230088495576,0.31095406360424027,0.15520282186948853,0.31161971830985913,0.31282952548330406,0.3140350877192982,0.3362521891418564,0.19755244755244755,0.31413612565445026,0.3153310104529617,0.3356521739130435,0.1545138888888889,0.31542461005199307,0.1972318339100346,0.19861830742659758,0.33448275862068966,0.19965576592082615,0.15463917525773196,0.313893653516295,0.20034246575342465,0.15555555555555556,0.31399317406143346,0.2010221465076661,0.20238095238095238,0.3310696095076401,0.33220338983050846,0.155668358714044,0.3327702702702703,0.33389544688026984,0.15656565656565657,0.334453781512605,0.3104026845637584,0.31155778894472363,0.31270903010033446,0.2003338898163606,0.3333333333333333,0.33444259567387685,0.2009966777408638,0.2023217247097844,0.31125827814569534,0.15537190082644628,0.15676567656765678,0.3113673805601318,0.20230263157894737,0.31198686371100165,0.33114754098360655,0.20294599018003273,0.1568627450980392,0.31158238172920066,0.20358306188925082,0.3121951219512195,0.3133116883116883,0.31442463533225284,0.156957928802589,0.3150242326332795,0.15806451612903225,0.31561996779388085,0.3167202572347267,0.20224719101123595,0.3173076923076923,0.3184,0.3242811501597444,0.3253588516746411,0.15764331210191082,0.32591414944356123,0.326984126984127,0.32805071315372425,0.20094936708860758,0.315955766192733,0.31703470031545744,0.32755905511811023,0.32861635220125784,0.20094191522762953,0.15673981191222572,0.3286384976525822,0.3296875,0.31513260530421217,0.20093457943925233,0.3157076205287714,0.20186335403726707,0.31627906976744186,0.3281733746130031,0.20247295208655333,0.1558641975308642,0.32819722650231126,0.20307692307692307,0.31490015360983103,0.3282208588957055,0.1562021439509954,0.3149847094801223,0.31603053435114503,0.15701219512195122,0.1582952815829528,0.32674772036474165,0.3277693474962064,0.3287878787878788,0.20121028744326777,0.3293051359516616,0.20211161387631976,0.2033132530120482,0.20451127819548873,0.3123123123123123,0.20539730134932535,0.20658682634730538,0.2077727952167414,0.15671641791044777,0.3263785394932936,0.20833333333333334,0.32689450222882616,0.20919881305637983,0.30962962962962964,0.3106508875739645,0.15657311669128507,0.32595870206489674,0.31075110456553756,0.3264705882352941,0.15712187958883994,0.31085043988269795,0.3118594436310395,0.3128654970760234,0.31386861313868614,0.15743440233236153,0.3245997088791849,0.32558139534883723,0.3265602322206096,0.15797101449275364,0.15918958031837915,0.3265895953757225,0.32756132756132755,0.15994236311239193,0.16115107913669063,0.3275862068965517,0.3098995695839311,0.2034383954154728,0.32761087267525035,0.32857142857142857,0.16119828815977175,0.32905982905982906,0.33001422475106684,0.3309659090909091,0.33191489361702126,0.20254957507082152,0.3323903818953324,0.3333333333333333,0.3342736248236953,0.3056338028169014,0.3066104078762307,0.3342696629213483,0.3071528751753156,0.33473389355742295,0.3076923076923077,0.308659217877095,0.30962343096234307,0.20055710306406685,0.3337969401947149,0.15833333333333333,0.15950069348127602,0.30886426592797783,0.3333333333333333,0.16022099447513813,0.30896551724137933,0.30991735537190085,0.1609353507565337,0.31043956043956045,0.3113854595336077,0.19863013698630136,0.33105335157318744,0.1994535519125683,0.20054570259208732,0.3106267029972752,0.20136054421768707,0.16032608695652173,0.310719131614654,0.3116531165311653,0.16102841677943167,0.31216216216216214,0.31309041835357626,0.3140161725067385,0.32705248990578734,0.16129032258064516,0.31409395973154364,0.32707774798927614,0.3279785809906292,0.3141711229946524,0.315086782376502,0.316,0.32756324900133155,0.1981382978723404,0.3160690571049137,0.3275862068965517,0.32847682119205296,0.32936507936507936,0.19815059445178335,0.15963060686015831,0.32938076416337286,0.33026315789473687,0.19842312746386334,0.16010498687664043,0.3132372214941022,0.31413612565445026,0.32941176470588235,0.3302872062663185,0.16036505867014342,0.3307291666666667,0.31339401820546164,0.16103896103896104,0.3138780804150454,0.31476683937823835,0.16170763260025872,0.32945736434108525,0.1625806451612903,0.1958762886597938,0.16344916344916344,0.32904884318766064,0.1643132220795892,0.3294871794871795,0.31241997439180536,0.1649616368286445,0.16602809706257982,0.3125,0.31337579617834393,0.3142493638676845,0.3278271918678526,0.19416243654822335,0.19518377693282637,0.3278481012658228,0.32869785082174463,0.16540404040404041,0.1664564943253468,0.3123425692695214,0.3132075471698113,0.1670854271356784,0.3136762860727729,0.32706766917293234,0.3141426783479349,0.1675,0.16853932584269662,0.314214463840399,0.3150684931506849,0.1927860696517413,0.315527950310559,0.3163771712158809,0.16852540272614622,0.31683168316831684,0.3238566131025958,0.32469135802469135,0.32552404438964244,0.1921182266009852,0.32595325953259535,0.1928746928746929,0.19386503067484662,0.31495098039215685,0.19461444308445533,0.19559902200489,0.16727716727716727,0.32439024390243903,0.16808769792935443,0.19586374695863748,0.3134872417982989,0.3143203883495146,0.3151515151515151,0.19612590799031476,0.31559854897218864,0.322463768115942,0.16767189384800965,0.3156626506024096,0.32250300842358604,0.3233173076923077,0.19567827130852342,0.16786570743405277,0.3149700598802395,0.3157894736842105,0.31660692951015534,0.1957040572792363,0.16805721096543505,0.32142857142857145,0.3222354340071344,0.19596199524940616,0.19691577698695137,0.3222748815165877,0.1680473372781065,0.32269503546099293,0.3140495867768595,0.31485849056603776,0.1967020023557126,0.31529411764705884,0.3219741480611046,0.31572769953051644,0.3223915592028136,0.19672131147540983,0.3157894736842105,0.32242990654205606,0.3162193698949825,0.317016317016317,0.3178114086146682,0.3186046511627907,0.32171893147502906,0.16589327146171692,0.16685979142526072,0.31828703703703703,0.3213872832369942,0.1951501154734411,0.3217993079584775,0.31797235023041476,0.3222094361334868,0.19540229885057472,0.16647531572904709,0.16743119266055045,0.16838487972508592,0.3169336384439359,0.3177142857142857,0.3184931506849315,0.3204104903078677,0.31890660592255127,0.31968145620022753,0.32045454545454544,0.32122587968217936,0.19387755102040816,0.32163080407701017,0.167420814479638,0.31864406779661014,0.19413092550790068,0.32130777903043967,0.32207207207207206,0.19460067491563554,0.32247191011235954,0.3176206509539843,0.32286995515695066,0.16685330347144456,0.19463087248322147,0.31731843575418994,0.31808035714285715,0.3188405797101449,0.321826280623608,0.1946607341490545,0.3188888888888889,0.3218645948945616,0.31929046563192903,0.32004429678848284,0.32079646017699115,0.32154696132596683,0.32229580573951433,0.3230429988974642,0.19383259911894274,0.3234323432343234,0.31978021978021975,0.16465422612513722,0.32346491228070173,0.3198247535596933,0.1936542669584245,0.32349726775956283,0.1648471615720524,0.31952017448200654,0.3202614379084967,0.16539717083786726,0.32065217391304346,0.19326818675352878,0.3210412147505423,0.3217768147345612,0.16558441558441558,0.3210810810810811,0.32181425485961124,0.3225458468176915,0.3232758620689655,0.3207750269106566,0.1924731182795699,0.32116004296455425,0.19313304721030042,0.1939978563772776,0.3222698072805139,0.1946524064171123,0.16452991452991453,0.32017075773745995,0.3208955223880597,0.1650692225772098,0.32127659574468087,0.32199787460148777,0.1942675159235669,0.16542948038176034,0.3199152542372881,0.19470899470899472,0.19556025369978858,0.32101372756071805,0.3217299578059072,0.3224446786090622,0.1957894736842105,0.19663512092534174,0.3182773109243697,0.32214060860440713,0.3228511530398323,0.32356020942408376,0.19665271966527198,0.16405433646812956,0.3235908141962422,0.19708029197080293,0.32395833333333335,0.31633714880332986,0.32432432432432434,0.32502596053997923,0.16390041493775934,0.32538860103626943,0.16459627329192547,0.32574974146845914,0.32644628099173556,0.31475748194014447,0.3268041237113402,0.31513903192584963,0.31584362139917693,0.19527235354573483,0.3264887063655031,0.1641025641025641,0.32684426229508196,0.32753326509723646,0.3282208588957055,0.195097037793667,0.32857142857142857,0.3292558613659531,0.1955193482688391,0.1963377416073245,0.32926829268292684,0.3299492385786802,0.3306288032454361,0.19655521783181357,0.3309716599190283,0.3316481294236603,0.19696969696969696,0.33198789101917253,0.3326612903225806,0.3333333333333333,0.19718309859154928,0.19798994974874373,0.16164658634538154,0.3329989969909729,0.19839679358717435,0.16216216216216217,0.163,0.16383616383616384,0.16467065868263472,0.3320039880358923,0.33266932270916333,0.3333333333333333,0.3061630218687873,0.3336643495531281,0.3343253968253968,0.19722497522299307,0.19801980198019803,0.3056379821958457,0.19861660079051383,0.3336623889437315,0.3057199211045365,0.19901477832512315,0.16338582677165353,0.19960668633235004,0.16404715127701375,0.30520117762512267,0.3323529411764706,0.16454456415279137,0.30528375733855184,0.30596285434995113,0.306640625,0.1648780487804878,0.16569200779727095,0.3310613437195716,0.3317120622568093,0.30612244897959184,0.16601941747572815,0.3317167798254122,0.3323643410852713,0.3330106485963214,0.16634429400386846,0.1671497584541063,0.305019305019305,0.3326904532304725,0.19653179190751446,0.1973051010587103,0.1673076923076923,0.3045148895292987,0.16794625719769674,0.3317353787152445,0.33237547892720304,0.33301435406698565,0.33365200764818354,0.19675262655205347,0.19751908396946566,0.16777883698760723,0.3028571428571429,0.30352045670789723,0.3041825095057034,0.30484330484330485,0.3055028462998102,0.3061611374407583,0.3068181818181818,0.1967833491012299,0.16729678638941398,0.3305004721435316,0.30660377358490565,0.3308199811498586,0.3314500941619586,0.33207902163687675,0.19642857142857142,0.3323943661971831,0.3330206378986867,0.3336457357075914,0.16666666666666666,0.33395696913002804,0.19626168224299065,0.16713352007469653,0.16791044776119404,0.3336439888164026,0.19646182495344505,0.1972093023255814,0.30297397769516726,0.30362116991643456,0.33302411873840443,0.3336422613531047,0.1675925925925926,0.303422756706753,0.333641404805915,0.19667590027700832,0.3339483394833948,0.3032258064516129,0.19705340699815838,0.19779208831646733,0.16727941176470587,0.3333333333333333,0.30275229357798167,0.19798350137488543,0.3333333333333333,0.302836230558097,0.1983546617915905,0.3333333333333333,0.1989051094890511,0.19963536918869645,0.3333333333333333,0.20018198362147407,0.16636363636363635,0.20072661217075385,0.30127041742286753,0.3327289211242067,0.16666666666666666,0.3013574660633484,0.33273056057866185,0.3333333333333333,0.2003610108303249,0.20108205590622183,0.3333333333333333,0.30063006300630063,0.2014388489208633,0.20215633423180593,0.20287253141831238,0.20358744394618833,0.16577060931899643,0.3321396598030439,0.29964221824686943,0.3002680965147453,0.20357142857142857,0.16592328278322926,0.20409982174688057,0.16651825467497774,0.16725978647686832,0.33066666666666666,0.29928952042628776,0.16770186335403728,0.16843971631205673,0.2993799822852081,0.20353982300884957,0.16887709991158267,0.3295053003533569,0.20388349514563106,0.3298059964726631,0.2986784140969163,0.2992957746478873,0.16886543535620052,0.3295254833040422,0.20368744512730466,0.3298245614035088,0.33041191936897457,0.3309982486865149,0.2983377077865267,0.29895104895104896,0.2995633187772926,0.20331588132635253,0.2040104620749782,0.33013937282229966,0.3307223672758921,0.2991304347826087,0.20417028670721113,0.1675347222222222,0.2992194275802255,0.33015597920277295,0.2995670995670996,0.30017301038062283,0.33016421780466726,0.33074265975820377,0.3002588438308887,0.3310344827586207,0.16709732988802756,0.3003442340791738,0.16766981943250214,0.33075601374570446,0.20257510729613734,0.1680960548885077,0.33076263924592975,0.16866438356164384,0.16937553464499572,0.1700854700854701,0.29888983774551664,0.2022184300341297,0.329923273657289,0.17035775127768313,0.2987234042553191,0.29931972789115646,0.29991503823279525,0.20203735144312393,0.17048346055979643,0.20254237288135593,0.29974597798475866,0.3003384094754653,0.32797971259509723,0.20270270270270271,0.32827004219409284,0.30016863406408095,0.3007582139848357,0.17003367003367004,0.3010933557611438,0.17058823529411765,0.20235096557514692,0.20302013422818793,0.3269069572506287,0.3274706867671692,0.300418410041841,0.3277591973244147,0.3007518796992481,0.2028380634390651,0.32777314428690574,0.20333333333333334,0.32805995004163196,0.3003327787021631,0.30091438071487947,0.3014950166112957,0.2033195020746888,0.20398009950248755,0.3272576636288318,0.16887417218543047,0.3010752688172043,0.32727272727272727,0.20396366639141206,0.16914191419141913,0.32728771640560594,0.32784184514003295,0.16954732510288065,0.3001644736842105,0.2037797863599014,0.3275862068965517,0.3002461033634126,0.2040983606557377,0.20475020475020475,0.32733224222585927,0.3000817661488144,0.3006535947712418,0.1689795918367347,0.3270799347471452,0.3276283618581907,0.16938110749185667,0.17005695687550854,0.17073170731707318,0.3273761169780666,0.299512987012987,0.32765612327656124,0.29983792544570503,0.20323886639676114,0.20388349514563106,0.20452708164915118,0.327140549273021,0.327683615819209,0.20483870967741935,0.2989524576954069,0.20531400966183574,0.29927594529364443,0.3271704180064309,0.327710843373494,0.29935794542536115,0.29991980753809144,0.16907051282051283,0.32746196957566054,0.328,0.16946442845723422,0.20447284345047922,0.16999201915403034,0.3277511961722488,0.29880478087649404,0.32802547770700635,0.20445505171042164,0.2988871224165342,0.2994440031771247,0.20476190476190476,0.29976209357652656,0.30031695721077656,0.20506730007917656,0.20569620253164558,0.1691699604743083,0.16982622432859398,0.2999210734017364,0.2058359621451104,0.30023640661938533,0.30078740157480316,0.20613690007867821,0.3011006289308176,0.3244304791830322,0.30141287284144425,0.30196078431372547,0.2061128526645768,0.206734534064213,0.30203442879499215,0.3236903831118061,0.16875,0.16939890710382513,0.30187207488299533,0.3024162120031177,0.32320872274143303,0.16964980544747083,0.3234836702954899,0.32400932400932403,0.17003105590062112,0.17067494181536075,0.3015503875968992,0.3020914020139427,0.17105263157894737,0.1716937354988399,0.30216383307573413,0.1722007722007722,0.1728395061728395,0.32228218966846567,0.3020030816640986,0.2040030792917629,0.20461538461538462,0.30207532667179093,0.30261136712749614,0.204911742133538,0.3029141104294479,0.2053639846743295,0.17228177641653905,0.3205814843152257,0.30275229357798167,0.2055003819709702,0.32061068702290074,0.32112890922959575,0.32164634146341464,0.20563594821020564,0.1719939117199391,0.32167300380228137,0.30167173252279633,0.17236142748671224,0.30197268588770865,0.3025018953752843,0.17272727272727273,0.3028009084027252,0.17322239031770045,0.30309901738473166,0.30362537764350456,0.32,0.30392156862745096,0.20422004521477016,0.17319277108433734,0.3039879608728367,0.30451127819548873,0.31930879038317056,0.17342342342342343,0.304576144036009,0.17391304347826086,0.3048689138576779,0.20359281437125748,0.318623784592371,0.30493273542600896,0.3188946975354742,0.3194029850746269,0.3049962714392245,0.3055141579731744,0.31943410275502604,0.17336309523809523,0.31970260223048325,0.20282317979197623,0.20341499628804752,0.17359050445103857,0.3046701260192735,0.31925925925925924,0.17394522575869725,0.17455621301775148,0.17516629711751663,0.20310192023633677,0.203690036900369,0.2042772861356932,0.318349299926308,0.31885125184094254,0.31935246504782927,0.20441176470588235,0.2049963262307127,0.31938325991189426,0.17461482024944974,0.3020527859237537,0.30256410256410254,0.30307467057101023,0.17483540599853695,0.31871345029239767,0.30314097881665447,0.318978102189781,0.175054704595186,0.31924198250728864,0.3029861616897305,0.3034934497816594,0.304,0.3190406976744186,0.3042846768336964,0.20319303338171263,0.1747643219724438,0.3188405797101449,0.20347574221578565,0.17510853835021709,0.175704989154013,0.3186416184971098,0.2036101083032491,0.30303030303030304,0.3035328046142754,0.30403458213256485,0.3182145428365731,0.3043165467625899,0.203450754852624,0.3182471264367816,0.30437903804737976,0.20373027259684362,0.31827956989247314,0.31876790830945556,0.17465998568360774,0.3040057224606581,0.3187991422444603,0.3192857142857143,0.31977159172019987,0.30385164051355207,0.203136136849608,0.3198005698005698,0.3202846975088968,0.30369843527738266,0.30419331911869224,0.3203125,0.3044712562100781,0.3049645390070922,0.3054571226080794,0.20254957507082152,0.3198867657466384,0.17326732673267325,0.3201413427561837,0.3050847457627119,0.305575158786168,0.20239774330042312,0.2029598308668076,0.3056338028169014,0.3194933145672062,0.3059071729957806,0.20309205903021785,0.17275280898876405,0.17333333333333334,0.3190743338008415,0.31955150665732307,0.17366946778711484,0.3198040587823653,0.3048951048951049,0.32005590496156533,0.3051675977653631,0.20237264480111655,0.3200836820083682,0.30522648083623694,0.20264623955431754,0.1732776617954071,0.3198887343532684,0.3050729673384295,0.1736111111111111,0.17418459403192227,0.17475728155339806,0.20235620235620236,0.3192520775623269,0.2027681660899654,0.31950207468879666,0.304077401520387,0.20303867403314918,0.3195307108350587,0.20344827586206896,0.2039972432804962,0.3037190082644628,0.20440467997247075,0.30398899587345257,0.30446735395189,0.30494505494505497,0.17364447494852436,0.31824417009602196,0.31871144619602465,0.17397260273972603,0.30458590006844627,0.1744186046511628,0.1749829118250171,0.20355191256830601,0.17542662116040955,0.20395634379263303,0.17586912065439672,0.30381471389645776,0.31722260040844114,0.3040816326530612,0.3174711080897349,0.30434782608695654,0.3048200950441276,0.20352781546811397,0.3050847457627119,0.3055555555555556,0.2037914691943128,0.30581867388362655,0.31643002028397565,0.30608108108108106,0.31667792032410536,0.1747638326585695,0.31692515171948754,0.20350404312668463,0.30572390572390573,0.17496635262449528,0.31674512441156694,0.20362903225806453,0.17528542646071188,0.2040268456375839,0.3165660630449363,0.17560321715817695,0.30475552578700604,0.31659973226238286,0.17591973244147158,0.17647058823529413,0.17702070808283232,0.30440587449933243,0.20346897931954636,0.204,0.2045303131245836,0.20505992010652463,0.17697937458416502,0.3038563829787234,0.2053156146179402,0.2058432934926959,0.20637027206370273,0.31432360742705573,0.3035122597746852,0.31456953642384106,0.30377233620119126,0.30423280423280424,0.3146067415730337,0.20607661822985468,0.17623762376237623,0.31464379947229554,0.17666446934739619,0.31488801054018445,0.20605661619486504,0.30328947368421055,0.3037475345167653,0.17674113009198422,0.314510833880499,0.20603674540682415,0.17704918032786884,0.3145478374836173,0.17747216764898494,0.3147905759162304,0.31523871811641596,0.3156862745098039,0.30241672109732204,0.31592689295039167,0.2054794520547945,0.1773142112125163,0.1778501628664495,0.3157552083333333,0.20559531554977228,0.3016905071521456,0.30214424951267055,0.20584415584415586,0.2063595068137573,0.20687418936446172,0.3020090732339598,0.3024611398963731,0.20711974110032363,0.3027166882276843,0.17711700064641242,0.3029715762273902,0.31375080697224017,0.3032258064516129,0.1773049645390071,0.30347938144329895,0.3039278815196394,0.20656370656370657,0.30418006430868166,0.2069408740359897,0.3127809890815671,0.31322207958921694,0.20718409236690186,0.31346153846153846,0.31390134529147984,0.20742637644046094,0.3141394753678823,0.3145780051150895,0.3150159744408946,0.17624521072796934,0.31525207402680283,0.3156887755102041,0.207138304652645,0.3019108280254777,0.302355187778485,0.30279898218829515,0.1760966306420852,0.31512071156289706,0.3028571428571429,0.2068527918781726,0.17628408370323398,0.20722433460076045,0.17669411019632678,0.30253164556962026,0.3029728020240354,0.20733249051833122,0.3139608338597599,0.3143939393939394,0.20757097791798107,0.17654476670870115,0.3144297416509137,0.3022670025188917,0.20767778477029578,0.20817610062893083,0.17661847894406035,0.3021356783919598,0.31387319522912743,0.17691342534504392,0.3141065830721003,0.31453634085213034,0.3149655604257984,0.17709637046307886,0.3151969981238274,0.2075,0.30106183635227984,0.20786516853932585,0.30131004366812225,0.30174563591022446,0.3146417445482866,0.17683686176836863,0.3148724331051649,0.30161691542288555,0.20758234928527036,0.2080745341614907,0.2085661080074488,0.31451612903225806,0.17668939863608182,0.31474597273853777,0.30092879256965943,0.17698019801980197,0.20841063698206555,0.3145859085290482,0.17726991970352068,0.20864197530864198,0.3146206045650833,0.3002466091245376,0.3006777572396796,0.17733990147783252,0.17784615384615385,0.3007380073800738,0.31407498463429623,0.17813267813267813,0.17863720073664824,0.3141104294478528,0.20784794604537093,0.17892156862745098,0.3000612369871402,0.20807833537331702,0.20856269113149847,0.31356968215158926,0.17898594990836897,0.3137973137973138,0.29957291031116534,0.20853658536585365,0.31383302864107254,0.20889159561510354,0.2994522215459525,0.29987834549878345,0.17872340425531916,0.3134872417982989,0.20886460230722526,0.20934466019417475,0.29957550030321406,0.31333333333333335,0.29981829194427617,0.20944309927360774,0.3133696309739867,0.2998790810157195,0.20966767371601208,0.17814009661835747,0.17863608931804467,0.3130277442702051,0.3134418324291742,0.2993975903614458,0.29981938591210117,0.17870036101083034,0.3132892363199038,0.2998798076923077,0.3003003003003003,0.3007202881152461,0.20875824835032994,0.3129496402877698,0.3007789095266627,0.2089820359281437,0.2094554159186116,0.31279904306220097,0.3132098027495517,0.17801672640382318,0.30029850746268655,0.2094272076372315,0.31305903398926654,0.3134684147794994,0.20964860035735558,0.3136904761904762,0.2998215348007139,0.17776456599286564,0.3137254901960784,0.2998812351543943,0.17804154302670624,0.20937129300118623,0.2098399525785418,0.29976303317535546,0.17821195973949083,0.3,0.3128326434062685,0.3132387706855792,0.3136444181925576,0.1782762691853601,0.17876106194690267,0.29952830188679247,0.3134944018856806,0.1790341578327444,0.31371394938198943,0.17941176470588235,0.17989417989417988,0.18037602820211515,0.2988843217850851,0.20833333333333334,0.2991202346041056,0.2995310668229777,0.18043350908025776,0.2997658079625293,0.2083089526038619,0.20877192982456141,0.2092343658679135,0.20969626168224298,0.3117338003502627,0.3121353558926488,0.2099125364431487,0.18006993006993008,0.2987769365171811,0.3119906868451688,0.2990110529377545,0.29941860465116277,0.2998256827425915,0.30023228803716606,0.20951828206616366,0.2099767981438515,0.31130434782608696,0.31170336037079954,0.31210191082802546,0.3125,0.20994794679005205,0.31271676300578033,0.29924898902368574,0.312933025404157,0.31332948643969993,0.3137254901960784,0.31412103746397696,0.298963133640553,0.178468624064479,0.3141542002301496,0.3145485911443358,0.2988505747126437,0.17863296955772545,0.1791044776119403,0.20883534136546184,0.29873853211009177,0.31404011461318054,0.31443298969072164,0.2987979393245564,0.29919908466819223,0.2995997712978845,0.3,0.20845231296402056,0.3139269406392694,0.3143183114660582,0.314709236031927,0.31509971509971507,0.17824601366742596,0.2993739328400683,0.17861205915813425,0.17907902217168845,0.31477272727272726,0.3151618398637138,0.3155505107832009,0.3159387407827567,0.17913832199546487,0.3161473087818697,0.2984144960362401,0.2071307300509338,0.207579185520362,0.3159977388355003,0.3163841807909605,0.2077922077922078,0.2082392776523702,0.2086858432036097,0.31623449830890643,0.20901408450704226,0.2972972972972973,0.29769274057400114,0.3160854893138358,0.209106239460371,0.29775280898876405,0.2094329028635598,0.20987654320987653,0.1777902411665732,0.17825112107623317,0.29747899159663865,0.31522956326987683,0.29770565193060994,0.2980984340044743,0.17831190609278927,0.29832402234636873,0.20938023450586266,0.29854910714285715,0.2989403234802008,0.2993311036789298,0.20947075208913649,0.29955456570155903,0.17807456872565386,0.29977753058954393,0.30016675931072817,0.31333333333333335,0.300388672959467,0.30077691453940064,0.20909595119245702,0.20953436807095344,0.31301939058171746,0.3133997785160576,0.2097399003873824,0.30033185840707965,0.31343283582089554,0.3005524861878453,0.31363887355052456,0.3140176600441501,0.3006067291781577,0.30099228224917307,0.30137741046831956,0.2092511013215859,0.17666483214089157,0.30143014301430143,0.17702034084661902,0.17747252747252748,0.20922570016474465,0.20965971459934138,0.17772901810202962,0.3125,0.1780821917808219,0.3127053669222344,0.31308155446086483,0.300328227571116,0.17823947512301805,0.3005464480874317,0.3009284543965046,0.20906113537117904,0.31260229132569556,0.17829880043620502,0.3008174386920981,0.30119825708061004,0.301578660860098,0.31229597388465724,0.30179445350734097,0.20869565217391303,0.17816404128191202,0.3121606948968513,0.30168204015192623,0.3123644251626898,0.3018970189701897,0.3125677139761647,0.20844612885760694,0.31277056277056275,0.20876149269875607,0.312972972972973,0.3133441383036197,0.20896328293736502,0.3135456017269293,0.313915857605178,0.3008086253369272,0.20905172413793102,0.30102315562735593,0.3013993541442411,0.30177514792899407,0.20913978494623656,0.3019881783987104,0.20945220193340494,0.31293612453032743,0.3133047210300429,0.3136729222520107,0.3140407288317256,0.3015532940546331,0.31423982869379014,0.1760299625468165,0.3144385026737968,0.3014430785676109,0.3018162393162393,0.3021890016017085,0.20864461045891142,0.20906666666666668,0.20948827292110875,0.3137986148108684,0.1757188498402556,0.3139968068121341,0.17606382978723403,0.3014354066985646,0.3018065887353879,0.17631439192777482,0.30201698513800423,0.31352785145888595,0.20890774125132555,0.3137254901960784,0.3140889830508475,0.31445209105346744,0.30158730158730157,0.30195663670015865,0.2087737843551797,0.31431590068674065,0.3146779303062302,0.20897097625329816,0.20938818565400844,0.17554032683183976,0.31454162276080083,0.3149025803054239,0.2094736842105263,0.300894266175697,0.17560462670872765,0.20966894377299003,0.31460084033613445,0.31496062992125984,0.31532004197271774,0.2097535395909806,0.31551362683438156,0.3001571503404924,0.3157068062827225,0.3160648874934589,0.3002092050209205,0.17511761630946157,0.3004179728317659,0.31592689295039167,0.17536534446764093,0.3161189358372457,0.20907194994786235,0.20948410630536737,0.17552083333333332,0.31598125976054137,0.17585848074921956,0.20956838273530942,0.20997920997921,0.31584415584415587,0.3161993769470405,0.31655422937208094,0.21006224066390042,0.3167444271643339,0.17564766839378237,0.29829104091144487,0.29865424430641824,0.21003621314019658,0.17580144777662876,0.31627906976744186,0.31663223140495866,0.2101187403200826,0.31682146542827655,0.31717380092831354,0.31752577319587627,0.29778464708912933,0.21009268795056643,0.3175501801338137,0.31790123456790126,0.17532133676092546,0.3180883864337102,0.29738058551617874,0.175564681724846,0.17598768599281683,0.20974358974358975,0.17631983598154793,0.17674180327868852,0.296979006656426,0.3172978505629478,0.20971867007672634,0.3174846625766871,0.2968829841594277,0.1767109295199183,0.29709035222052066,0.3173469387755102,0.17695053544110148,0.31753312945973494,0.2969943963321447,0.17718940936863545,0.17760814249363868,0.31739572736520855,0.17793594306049823,0.3175813008130081,0.3179278821736922,0.3182741116751269,0.31861998985286655,0.31896551724137934,0.3193106943740497,0.20820668693009117,0.20860759493670886,0.2090080971659919,0.17754172989377845,0.29524772497472196,0.31884790298130367,0.3191919191919192,0.29530540131246846,0.20887991927346114,0.31921331316187596,0.29536290322580644,0.3193954659949622,0.3197381671701913,0.20885757423251133,0.29527162977867205,0.31975867269984914,0.29547738693467335,0.2958312405826218,0.31977911646586343,0.17661816357250376,0.2958876629889669,0.2962406015037594,0.20841683366733466,0.17676514772158236,0.17717717717717718,0.2961480740370185,0.1775,0.17791104447776113,0.2962037962037962,0.20818771842236644,0.1781437125748503,0.29625935162094763,0.2966101694915254,0.2969606377678127,0.20816733067729085,0.2971627675460428,0.3174129353233831,0.2973644952759821,0.31759443339960236,0.31793343268753105,0.17775571002979146,0.31811414392059556,0.29712301587301587,0.2077342588001983,0.29732408325074333,0.17781079742446756,0.2975247524752475,0.3176645225136071,0.318001978239367,0.31833910034602075,0.2075098814229249,0.31851851851851853,0.20779861796643634,0.20818944252590035,0.3185404339250493,0.20847708230655496,0.3187192118226601,0.3190546528803545,0.20866141732283464,0.17707820954254797,0.20894788593903638,0.1773955773955774,0.17779960707269155,0.31860579283259693,0.20902845927379785,0.295242766061795,0.29558823529411765,0.29593336599706027,0.2962781586679726,0.2090063631913852,0.2964774951076321,0.31784841075794623,0.3181818181818182,0.20908646800195407,0.20947265625,0.29624206930209857,0.1770731707317073,0.17747440273037543,0.2962962962962963,0.29663906478324403,0.17770204479065238,0.3172749391727494,0.29669260700389105,0.20904229460379192,0.3172983479105928,0.2967459932005828,0.3174757281553398,0.29694323144104806,0.3176527643064985,0.3179835191468735,0.3183139534883721,0.31864406779661014,0.20861568247821877,0.2965650701499758,0.29690522243713735,0.17689705171580475,0.17729468599033815,0.3182037662964751,0.2084942084942085,0.3183791606367583,0.2965284474445516,0.20867469879518072,0.20905587668593448,0.2965816080885893,0.29692011549566893,0.3179413179413179,0.2971153846153846,0.2974531475252283,0.17675312199807877,0.1771483437349976,0.31765834932821496,0.20863309352517986,0.2972195589645254,0.317680881648299,0.31800766283524906,0.17711823839157492,0.3181818181818182,0.296987087517934,0.17734225621414915,0.2971810797897754,0.17765042979942694,0.2973747016706444,0.31774809160305345,0.20791607057701478,0.3179218303145853,0.29728442115292997,0.20809523809523808,0.2974773917182294,0.20837297811607994,0.29766999524488824,0.31749049429657794,0.3178147268408551,0.3181386514719848,0.2975794969150451,0.20825426944971537,0.2977714556661925,0.2981042654028436,0.20843202273803885,0.17660984848484848,0.29815428300993846,0.3174077578051088,0.3177304964539007,0.31805293005671076,0.31837505904581953,0.17658168083097261,0.31854648419065595,0.31886792452830187,0.3191890617633192,0.1767200754005655,0.17710786622703723,0.2970809792843691,0.2974117647058824,0.2977422389463782,0.1772449459332393,0.31860902255639095,0.20713950211366838,0.20751173708920187,0.2975129047395589,0.1772983114446529,0.2977027660571964,0.3181818181818182,0.3185011709601874,0.3188202247191011,0.3191389798783341,0.3194574368568756,0.20710612435717626,0.297196261682243,0.17702008407286315,0.31932773109243695,0.297246850209986,0.20708955223880596,0.31934731934731936,0.17707362534948742,0.29715882626921286,0.20716945996275604,0.2973476035365286,0.1772093023255814,0.31892143189214317,0.1775092936802974,0.3190896423594984,0.2971216341689879,0.31925754060324824,0.17764378478664192,0.29717199814557255,0.3192771084337349,0.31959240389069016,0.2972222222222222,0.2063859324386858,0.17761332099907493,0.31946370781322236,0.3197781885397412,0.17782909930715934,0.31994459833795014,0.3202584217812644,0.17804428044280443,0.29644997694790226,0.2967741935483871,0.29709811146936893,0.2974217311233886,0.3198343304187759,0.1780128794848206,0.17839080459770115,0.31985294117647056,0.20532843362425357,0.2970615243342516,0.2973841211564938,0.20550458715596331,0.17835855112333793,0.29743354720439963,0.2977553825011452,0.2980769230769231,0.20549199084668193,0.17840805123513268,0.205761316872428,0.31855575868372943,0.20603015075376885,0.20639269406392693,0.2975810132359653,0.17837591240875914,0.297765617875057,0.29808568824065634,0.1785876993166287,0.2982695810564663,0.17888029130632682,0.17925386715195632,0.17962710322874034,0.29818181818181816,0.20581553839164016,0.3169845594913715,0.2982296867907399,0.20598911070780399,0.31700680272108844,0.29827742520398914,0.20616221114635253,0.29846014492753625,0.29877772747849707,0.3167420814479638,0.1791044776119403,0.31690777576853524,0.29868956168097605,0.17931345980126467,0.29887133182844244,0.20577617328519857,0.29905277401894453,0.17944093778178538,0.2992338891392519,0.29954954954954954,0.3160738406123368,0.29972997299729975,0.30004498425551057,0.30035971223021585,0.2053932584269663,0.31581311769991016,0.17916479568926807,0.17953321364452424,0.3001345895020188,0.31569506726457397,0.30031376064545046,0.20519713261648745,0.30049261083743845,0.20546105640107432,0.2058165548098434,0.3152951699463327,0.30040232454179705,0.3154602323503128,0.3005806163465833,0.30089285714285713,0.30120481927710846,0.3015165031222123,0.3152028533214445,0.2054367201426025,0.31536748329621384,0.20569902048085487,0.31553182020471743,0.31583629893238435,0.17830146731880836,0.3008888888888889,0.31585961794757883,0.31616341030195383,0.31646693297825124,0.3007985803016859,0.20532150776053215,0.17819148936170212,0.3163491360212672,0.316651904340124,0.31695440460380697,0.3172566371681416,0.205218929677134,0.3001768346595933,0.30048608042421565,0.17800353356890458,0.30066225165562915,0.17828773168578993,0.30083811204234673,0.3165784832451499,0.3010136624063464,0.31674008810572685,0.2047556142668428,0.31690140845070425,0.20501539815222172,0.31706244503078274,0.30065934065934063,0.17794376098418277,0.3170838823012736,0.3173836698858648,0.1781483106625713,0.30043859649122806,0.3007452871547567,0.2046450482033304,0.3171265878230399,0.20490367775831875,0.3172866520787746,0.31758530183727035,0.20507214691735898,0.30026223776223776,0.3005679335954565,0.3174672489082969,0.20515058926233087,0.31762652705061084,0.20540776275621456,0.2057541412380122,0.3176470588235294,0.20601045296167247,0.31780583369612536,0.206266318537859,0.3179643323183993,0.3182608695652174,0.2994350282485876,0.2997393570807993,0.31828050369083805,0.2999131944444444,0.31843817787418655,0.31873373807458805,0.29995665366276547,0.20580589254766032,0.3187527067994803,0.1761904761904762,0.20597144093466033,0.29974048442906576,0.30004323389537396,0.3184961106309421,0.3002159827213823,0.20595854922279794,0.30038843331894693,0.17601380500431407,0.2061233290211298,0.20646551724137932,0.3179663937957777,0.30017226528854435,0.20662935858803272,0.2069707401032702,0.3178494623655914,0.20722269991401548,0.31800601633003867,0.29982817869415807,0.20738514383855733,0.3180257510729614,0.29987129987129985,0.3181818181818182,0.3000428632661809,0.3003427592116538,0.17516059957173447,0.175513698630137,0.17586649550706032,0.30025662959794697,0.1761436511329628,0.1764957264957265,0.30029901751388294,0.20666097352690008,0.2069995731967563,0.31697952218430037,0.3002132196162047,0.30051150895140666,0.3008095440988496,0.3011073253833049,0.30140485312899107,0.3017021276595745,0.31646108039132287,0.1760204081632653,0.3166170845728857,0.3169073916737468,0.30148619957537154,0.20628183361629882,0.3169282986847688,0.3015267175572519,0.20644340822382365,0.20677966101694914,0.30156713257094453,0.20702794242167655,0.17562420651713923,0.3164128595600677,0.3014799154334038,0.17582417582417584,0.30164765525982257,0.30194256756756754,0.20683832840861122,0.30210970464135023,0.30240404892450445,0.17580101180438448,0.3025705857564265,0.3028643639427127,0.176,0.31523569023569026,0.17627261253681112,0.3027754415475189,0.3030685161832703,0.31512605042016806,0.20621587568248634,0.17632241813602015,0.3151489718841796,0.31543624161073824,0.17651991614255766,0.3155909471919531,0.2061164641809803,0.3157453936348409,0.20636249476768523,0.20669456066945607,0.17649519029694688,0.3156354515050167,0.31592143752611784,0.31620718462823727,0.3164926931106472,0.3167779632721202,0.30120984564038383,0.31693077564637195,0.2063359733222176,0.20666666666666667,0.30112453144523116,0.20691090757701916,0.20724094881398253,0.3165557404326123,0.1758835758835759,0.17622610141313383,0.3007893643539676,0.20722591362126247,0.30095475300954755,0.3012448132780083,0.3015346329323932,0.20729684908789386,0.1761292996270203,0.3015741507870754,0.315527950310559,0.30173841059602646,0.17625155151013652,0.20719602977667495,0.31541959487391485,0.30165289256198347,0.17637339942172656,0.31544178364987613,0.31572430870821294,0.3015676567656766,0.2070103092783505,0.3017312448474856,0.3156159868149979,0.30189456342668863,0.30218196788801976,0.30246913580246915,0.30275606746194983,0.20682565789473684,0.302918207973695,0.20706655710764174,0.20739219712525667,0.3148604269293924,0.31514156750102584,0.31542247744052504,0.2074620746207462,0.20778688524590164,0.30233510856206475,0.3153153153153153,0.30249693000409333,0.31546644844517185,0.17505112474437629,0.30253475061324614,0.3028197793216183,0.30310457516339867,0.30338913842384646,0.17510204081632652,0.30354957160342716,0.3038336052202284,0.3041174072564207,0.3145884270578647,0.30427698574338086,0.31473941368078173,0.20675620675620676,0.30431244914564687,0.30459536396909315,0.3048780487804878,0.3051605038602194,0.314378554021121,0.20665854648802273,0.3051948051948052,0.20689655172413793,0.305352798053528,0.17430077016619375,0.3140194489465154,0.30538679627379506,0.17449392712550607,0.3055443140428976,0.3058252427184466,0.30610594419733117,0.30638641875505257,0.17454545454545456,0.17487883683360259,0.30641905530884134,0.3131557707828894,0.3065752319483663,0.30685483870967745,0.30713422007255137,0.3074133763094279,0.31292790978654855,0.3075684380032206,0.30784708249496984,0.20555108608205952,0.17450743868114194,0.31270096463022506,0.3077541181197268,0.20562248995983937,0.3127258129265355,0.307784911717496,0.30806257521058966,0.31275060144346434,0.30821643286573147,0.30849358974358976,0.30877052462955545,0.31265012009607684,0.3129251700680272,0.3088,0.20511795281887246,0.30895283772981613,0.3092289252896524,0.30950479233226835,0.3097804391217565,0.3100558659217877,0.20502592740327083,0.310207336523126,0.3104822638501395,0.2051792828685259,0.3118279569892473,0.1731687898089172,0.31197771587743733,0.31026252983293556,0.3121272365805169,0.3124006359300477,0.310290027810886,0.20492454328832407,0.31044065105200475,0.3107142857142857,0.2050773502578342,0.20539254559873116,0.31074118113357113,0.2056259904912837,0.3108910891089109,0.2058590657165479,0.3110407597942224,0.3113132911392405,0.31158560695927245,0.3110671936758893,0.20584749111023312,0.20616113744075829,0.31148835373075406,0.31097079715864245,0.17199211045364893,0.3115141955835962,0.3117855735120221,0.3108747044917258,0.20598660890114218,0.2062992125984252,0.3116883116883117,0.20653029110936272,0.3106567046795124,0.20676100628930819,0.31159135559921414,0.3118617439120189,0.20691009030231644,0.31043956043956045,0.3107100823852491,0.20705882352941177,0.31164249313994513,0.17123824451410657,0.31061496278887585,0.31088488645262335,0.3111545988258317,0.3114241001564945,0.20688306609307783,0.31157154026583267,0.20711215318483783,0.3109375,0.207340882467786,0.20765027322404372,0.3109637143971908,0.3112324492979719,0.17076023391812867,0.3113795791114575,0.3116478379431243,0.3119158878504673,0.20747372518489685,0.1708171206225681,0.3103850641773629,0.17107309486780714,0.31169840652934316,0.31041181041181043,0.1712621359223301,0.17158385093167702,0.3116026387272022,0.20713731574864236,0.3117487398216363,0.20736434108527133,0.20767144517628827,0.20797831138652206,0.3116531165311653,0.30959752321981426,0.2081237911025145,0.17130703789636503,0.31155778894472363,0.30950540958268935,0.309772112784859,0.20810810810810812,0.1713624083365496,0.3097993827160494,0.2082529888160432,0.3111025443330763,0.3113680154142582,0.30970724191063176,0.1713515594917212,0.3113933795227098,0.3116583301269719,0.3096153846153846,0.30988081507112647,0.3101460415065334,0.31041106415674224,0.20775729646697388,0.20806142034548944,0.17114351496546432,0.3110855389336402,0.3113496932515337,0.31161364507474126,0.3118773946360153,0.2079662964381463,0.31202143950995403,0.20818982013011864,0.20849273144605968,0.17093690248565965,0.1712538226299694,0.31180741306839893,0.3090145148968678,0.20847651775486828,0.30916030534351147,0.17130866081648227,0.3115942028985507,0.1715592832634388,0.3090701219512195,0.30933333333333335,0.3095963442498096,0.20822230681385612,0.3097412480974125,0.3100038037276531,0.1714828897338403,0.31090839984796653,0.20820668693009117,0.2085074060007596,0.3109339407744875,0.3096774193548387,0.3099393019726859,0.1714069017823284,0.1717210007581501,0.30996589617279274,0.31022727272727274,0.2082544490723211,0.31037093111279335,0.310253499810821,0.2083963691376702,0.20869565217391303,0.31027966742252455,0.31054023422742727,0.31080060422960726,0.3110607776519441,0.17132075471698113,0.30969445492267067,0.30995475113122173,0.20844327176781002,0.20874152223059533,0.1713747645951036,0.31061746987951805,0.3108769288671434,0.208803611738149,0.209101165851824,0.31090225563909774,0.3111612175873732,0.3091660405709992,0.3094254600075103,0.17117117117117117,0.30956848030018763,0.30982745686421603,0.20884889388826397,0.17128935532233883,0.310603222180592,0.17153558052434456,0.3107450393111194,0.31100299401197606,0.20875420875420875,0.30927449513836947,0.20897196261682244,0.20926756352765322,0.3093014568546881,0.3095593726661688,0.3105636431504293,0.20932835820895523,0.30958597538232,0.3105891126025354,0.2094670145359672,0.3096125186289121,0.30986964618249535,0.310126582278481,0.1708224786006699,0.31026785714285715,0.31052435849758275,0.3100371747211896,0.20921590486807878,0.20950965824665677,0.20980319346453769,0.3103192279138827,0.3098330241187384,0.2099406528189911,0.3099740452354468,0.31022979985174204,0.2100778065950352,0.31037037037037035,0.3098852276934469,0.1702442635085122,0.3103958564557899,0.21005917159763313,0.30979667282809614,0.3100517368810052,0.31030661248614705,0.17023633677991137,0.31007751937984496,0.2099630996309963,0.17041682036149022,0.3101032448377581,0.30998894213048284,0.17059690493736182,0.3101289134438306,0.31038291605301915,0.17077659182922342,0.3105224429727741,0.3107760205958073,0.3095588235294118,0.3098125689084895,0.3100661278471712,0.310319500550863,0.17070484581497797,0.1710091743119266,0.17131327953044753,0.3102310231023102,0.17155425219941348,0.31000366434591425,0.31025641025641026,0.20871475649945076,0.17166910688140558,0.3102817416758141,0.20885149963423555,0.20914076782449725,0.30957602339181284,0.3098282791377421,0.3100803506208912,0.20920043811610076,0.20948905109489052,0.17147026632615833,0.3096280087527352,0.17170980678089684,0.3097667638483965,0.3100182149362477,0.20939548434085944,0.20968329086275939,0.309315866084425,0.30956711531465986,0.3098181818181818,0.20974191203198836,0.17151162790697674,0.17181256810751908,0.30973129992737836,0.1720508166969147,0.20972423802612483,0.30903155603917304,0.3096446700507614,0.20985864443639,0.3090579710144927,0.30930822165881927,0.3095582910934106,0.30944625407166126,0.2098408104196816,0.3095840867992767,0.3098336948662328,0.3093603180339718,0.309971098265896,0.30949801372336583,0.3097472924187726,0.20967159870083002,0.3098845598845599,0.20988099531193652,0.21016582552271088,0.30954954954954955,0.30979827089337175,0.3100468131076701,0.21022318214542837,0.21050737675422815,0.30935251798561153,0.30960086299892126,0.3098490294751977,0.310097017606899,0.3103448275862069,0.3095152603231598,0.30976310122038764,0.3103695730175816,0.17037302725968437,0.3105055575475081,0.310752688172043,0.20996058760300967,0.17048710601719197,0.3107769423558897,0.17072297780959197,0.310912343470483,0.3090128755364807,0.3110475509474437,0.20979270907791278,0.31118256520185783,0.30892857142857144,0.31131738664762587,0.30906495360456815,0.2097752408134142,0.30920114122681885,0.20998217468805705,0.17034925160370634,0.3092269326683292,0.3108974358974359,0.3093627625489498,0.3096085409252669,0.30985414443258624,0.3108108108108108,0.31105581230003554,0.30987917555081734,0.3101243339253996,0.20951704545454544,0.17003904863329783,0.31014904187366926,0.17027314650585315,0.3102836879432624,0.20950017724211273,0.3104181431608788,0.310308182784272,0.2096317280453258,0.3104424778761062,0.17020523708421798,0.3102228510788822,0.3104667609618105,0.3103570166136444,0.17031802120141343,0.17061109148710704,0.3103813559322034,0.3102717966819626,0.310515172900494,0.1707231040564374,0.17101551480959098,0.31018681706027496,0.31042988019732204,0.31032053539978866,0.20880281690140845,0.20908130939809927,0.3103448275862069,0.31023566654941964,0.31047819971870605,0.31036906854130053,0.17076598735066761,0.3105022831050228,0.17099719101123595,0.3102843102843103,0.3105263157894737,0.1711680112241319,0.1714586255259467,0.31019978969505785,0.17168885774351786,0.3103327495621716,0.31022408963585435,0.31046552327616384,0.3107067879636109,0.31024833857992307,0.3104895104895105,0.3107305138063614,0.3106219426974144,0.3108627314006287,0.31110335195530725,0.3106457242582897,0.3108862526168876,0.31112661318451346,0.1711994421199442,0.31090972464273264,0.2073170731707317,0.17136886102403343,0.310933147632312,0.3111729899060216,0.3114126652748782,0.31165217391304345,0.3118915159944367,0.17135905457073342,0.31028492008339126,0.3119138589788121,0.3121527777777778,0.3123915307185005,0.1714087439278279,0.3100936524453694,0.3124133148404993,0.31022530329289427,0.31046431046431044,0.31070315206096294,0.171398891966759,0.31221876081689165,0.3124567474048443,0.312694569353165,0.31051175656984786,0.31282405807120633,0.3130615065653075,0.3105354058721934,0.3131906077348066,0.3106662064204349,0.31331953071083507,0.17109348051052087,0.31344827586206897,0.3136849362288866,0.3104755341144039,0.17120220461591457,0.3106060606060606,0.3135972461273666,0.31383344803854096,0.3106295149638803,0.3108665749656121,0.31110347198349947,0.31374570446735395,0.20474063895568534,0.17101648351648352,0.3110195674562307,0.20487302676733013,0.3111492281303602,0.20507544581618656,0.17106616386698664,0.3132282385195339,0.17129153819801302,0.31095890410958904,0.31324888736733997,0.20499657768651608,0.17139924734861445,0.31326949384404923,0.31076923076923074,0.31100478468899523,0.3112401776563034,0.20491803278688525,0.3113690679412769,0.20511945392491468,0.3114977823268509,0.31275579809004095,0.17115581316058642,0.3115201090661213,0.17137989778534923,0.3116485013623978,0.3118828736806265,0.17154526889040164,0.3120108880571623,0.3122448979591837,0.3124787487249235,0.1716519374575119,0.17193340129119947,0.3125,0.31171477079796267,0.31262729124236255,0.3128605361384459,0.31173677069199457,0.20413699559172602,0.20440677966101695,0.31277533039647576,0.1717479674796748,0.2045377582119878,0.3114421123899797,0.17191201353637903,0.3125845737483085,0.3114643219479202,0.3116970926301555,0.31192970598175057,0.20439189189189189,0.31239446133063153,0.20459149223497636,0.17178535268309147,0.1720647773279352,0.31231028667790894,0.3115306810519218,0.31243680485338726,0.20451482479784366,0.31256315257662515,0.3114478114478115,0.3126893301918546,0.31157469717362046,0.20450723175243862,0.3117014122394082,0.3126050420168067,0.20463709677419356,0.31273093718508566,0.20483546004029551,0.3128566633098355,0.3130872483221476,0.31331767863133175,0.3135479543930248,0.31109621186724773,0.20475871313672922,0.1711892797319933,0.3134628265237776,0.3136926682289923,0.3139223560910308,0.31415189026430246,0.31070234113712375,0.2046138415245737,0.3141711229946524,0.20481122619445372,0.31429525718102874,0.31452420701168615,0.2049399198931909,0.3103103103103103,0.31054036024016013,0.1707235745248416,0.171,0.31422859046984336,0.3104596935376416,0.17116217116217117,0.31424766977363516,0.3144758735440932,0.31037924151696605,0.20452278017958098,0.2047872340425532,0.31040212695247593,0.3106312292358804,0.31086017934241117,0.3140770252324037,0.20477928974444076,0.31420039814200396,0.3107794361525705,0.20490716180371352,0.3109048723897912,0.17064280980781976,classic
