3_28315619_28318215,1.0,0.5,0.6666666666666666,0.5,0.2,0.5,0.2857142857142857,0.5,0.1111111111111111,0.3,0.45454545454545453,0.3333333333333333,0.38461538461538464,0.14285714285714285,0.2,0.375,0.17647058823529413,0.3888888888888889,0.21052631578947367,0.2,0.38095238095238093,0.22727272727272727,0.2608695652173913,0.25,0.28,0.34615384615384615,0.2962962962962963,0.32142857142857145,0.3448275862068966,0.3333333333333333,0.22580645161290322,0.25,0.2727272727272727,0.29411764705882354,0.3142857142857143,0.3055555555555556,0.32432432432432434,0.34210526315789475,0.358974358974359,0.375,0.2926829268292683,0.38095238095238093,0.3953488372093023,0.29545454545454547,0.4,0.10869565217391304,0.2978723404255319,0.3958333333333333,0.40816326530612246,0.3,0.4117647058823529,0.4230769230769231,0.4339622641509434,0.2962962962962963,0.10909090909090909,0.42857142857142855,0.2982456140350877,0.1206896551724138,0.1864406779661017,0.13333333333333333,0.4098360655737705,0.1935483870967742,0.14285714285714285,0.40625,0.2,0.2727272727272727,0.40298507462686567,0.27941176470588236,0.4057971014492754,0.2,0.2112676056338028,0.2777777777777778,0.3972602739726027,0.21621621621621623,0.13333333333333333,0.2236842105263158,0.14285714285714285,0.15384615384615385,0.22784810126582278,0.375,0.16049382716049382,0.23170731707317074,0.25301204819277107,0.23809523809523808,0.24705882352941178,0.36046511627906974,0.16091954022988506,0.25,0.25842696629213485,0.35555555555555557,0.26373626373626374,0.2717391304347826,0.16129032258064516,0.2765957446808511,0.16842105263157894,0.22916666666666666,0.23711340206185566,0.2755102040816326,0.1717171717171717,0.28,0.2871287128712871,0.23529411764705882,0.32038834951456313,0.28846153846153844,0.17142857142857143,0.1792452830188679,0.2336448598130841,0.28703703703703703,0.29357798165137616,0.23636363636363636,0.18018018018018017,0.29464285714285715,0.3008849557522124,0.23684210526315788,0.1826086956521739,0.3017241379310345,0.2905982905982906,0.3050847457627119,0.18487394957983194,0.19166666666666668,0.30578512396694213,0.19672131147540983,0.2845528455284553,0.2903225806451613,0.224,0.30158730158730157,0.2283464566929134,0.3046875,0.31007751937984496,0.2846153846153846,0.19083969465648856,0.22727272727272727,0.2857142857142857,0.23134328358208955,0.3037037037037037,0.23529411764705882,0.30656934306569344,0.2826086956521739,0.28776978417266186,0.2357142857142857,0.2907801418439716,0.29577464788732394,0.23776223776223776,0.18055555555555555,0.18620689655172415,0.1917808219178082,0.2925170068027211,0.23648648648648649,0.19463087248322147,0.29333333333333333,0.2980132450331126,0.23684210526315788,0.3006535947712418,0.19480519480519481,0.27741935483870966,0.28205128205128205,0.28662420382165604,0.2911392405063291,0.1949685534591195,0.2,0.2919254658385093,0.29012345679012347,0.22699386503067484,0.2926829268292683,0.2,0.2891566265060241,0.20359281437125748,0.2916666666666667,0.28994082840236685,0.20588235294117646,0.29239766081871343,0.22093023255813954,0.2947976878612717,0.28735632183908044,0.2057142857142857,0.21022727272727273,0.21468926553672316,0.29213483146067415,0.29608938547486036,0.2833333333333333,0.287292817679558,0.29120879120879123,0.29508196721311475,0.21195652173913043,0.2972972972972973,0.2903225806451613,0.2994652406417112,0.30319148936170215,0.30687830687830686,0.3105263157894737,0.20418848167539266,0.20833333333333334,0.21243523316062177,0.28350515463917525,0.3076923076923077,0.21428571428571427,0.2182741116751269,0.2222222222222222,0.3065326633165829,0.225,0.19900497512437812,0.22772277227722773,0.3054187192118227,0.3088235294117647,0.3121951219512195,0.27184466019417475,0.3140096618357488,0.22596153846153846,0.2727272727272727,0.19523809523809524,0.1990521327014218,0.3113207547169811,0.27230046948356806,0.2757009345794392,0.27906976744186046,0.3101851851851852,0.31336405529953915,0.2798165137614679,0.3150684931506849,0.3181818181818182,0.19457013574660634,0.1981981981981982,0.21524663677130046,0.21875,0.2222222222222222,0.22566371681415928,0.2290748898678414,0.19736842105263158,0.27074235807860264,0.30869565217391304,0.19913419913419914,0.2025862068965517,0.22746781115879827,0.20512820512820512,0.2680851063829787,0.2711864406779661,0.20675105485232068,0.27310924369747897,0.22594142259414227,0.22916666666666666,0.27385892116182575,0.23140495867768596,0.2345679012345679,0.20491803278688525,0.23673469387755103,0.27235772357723576,0.20647773279352227,0.20967741935483872,0.23694779116465864,0.212,0.2151394422310757,0.2698412698412698,0.21739130434782608,0.23622047244094488,0.2196078431372549,0.26953125,0.23735408560311283,0.2713178294573643,0.27413127413127414,0.27692307692307694,0.2796934865900383,0.2366412213740458,0.21673003802281368,0.2803030303030303,0.2188679245283019,0.22180451127819548,0.2696629213483146,0.2798507462686567,0.27137546468401486,0.2740740740740741,0.28044280442804426,0.23161764705882354,0.27472527472527475,0.23357664233576642,0.28,0.2826086956521739,0.2743682310469314,0.27697841726618705,0.23297491039426524,0.2785714285714286,0.28113879003558717,0.2801418439716312,0.2332155477031802,0.28169014084507044,0.28421052631578947,0.27972027972027974,0.2857142857142857,0.20833333333333334,0.28719723183391005,0.23103448275862068,0.27835051546391754,0.2089041095890411,0.28668941979522183,0.2789115646258503,0.2305084745762712,0.23310810810810811,0.2356902356902357,0.2080536912751678,0.21070234113712374,0.21333333333333335,0.2757475083056478,0.2814569536423841,0.27722772277227725,0.23355263157894737,0.2360655737704918,0.21241830065359477,0.23778501628664495,0.24025974025974026,0.21359223300970873,0.27419354838709675,0.21543408360128619,0.2403846153846154,0.24281150159744408,0.24522292993630573,0.21587301587301588,0.21835443037974683,0.24605678233438485,0.22012578616352202,0.26959247648902823,0.26875,0.27102803738317754,0.2701863354037267,0.21981424148606812,0.2222222222222222,0.27076923076923076,0.27300613496932513,0.2691131498470948,0.27134146341463417,0.2735562310030395,0.23939393939393938,0.2719033232628399,0.2740963855421687,0.21921921921921922,0.23952095808383234,0.2208955223880597,0.22321428571428573,0.22551928783382788,0.22781065088757396,0.23008849557522124,0.2676470588235294,0.2375366568914956,0.2309941520467836,0.26822157434402333,0.2703488372093023,0.2318840579710145,0.23410404624277456,0.26512968299711814,0.23563218390804597,0.2693409742120344,0.23714285714285716,0.2336182336182336,0.26988636363636365,0.26345609065155806,0.23728813559322035,0.2647887323943662,0.23314606741573032,0.23529411764705882,0.2681564245810056,0.2646239554317549,0.2361111111111111,0.26869806094182824,0.23756906077348067,0.2396694214876033,0.23351648351648352,0.2684931506849315,0.24043715846994534,0.2615803814713896,0.26358695652173914,0.26558265582655827,0.26756756756756755,0.2695417789757412,0.271505376344086,0.23056300268096513,0.2647058823529412,0.26666666666666666,0.23670212765957446,0.23872679045092837,0.2671957671957672,0.2691292875989446,0.26842105263157895,0.2283464566929134,0.23036649214659685,0.2689295039164491,0.2682291666666667,0.2701298701298701,0.2694300518134715,0.22997416020671835,0.2706185567010309,0.27249357326478146,0.2743589743589744,0.26854219948849106,0.27040816326530615,0.23155216284987276,0.27411167512690354,0.2759493670886076,0.2702020202020202,0.2770780856423174,0.27889447236180903,0.2706766917293233,0.28,0.22443890274314215,0.27114427860696516,0.22580645161290322,0.2722772277227723,0.27901234567901234,0.22660098522167488,0.2800982800982801,0.2818627450980392,0.2273838630806846,0.22926829268292684,0.22384428223844283,0.2815533980582524,0.28329297820823246,0.22946859903381642,0.28433734939759037,0.23076923076923078,0.2853717026378897,0.23205741626794257,0.2649164677804296,0.22142857142857142,0.22327790973871733,0.23222748815165878,0.28368794326241137,0.2240566037735849,0.2635294117647059,0.22535211267605634,0.2646370023419204,0.2266355140186916,0.22843822843822845,0.2651162790697674,0.2296983758700696,0.22916666666666666,0.26558891454965355,0.2304147465437788,0.26666666666666666,0.268348623853211,0.2768878718535469,0.2694063926940639,0.27107061503416857,0.22727272727272727,0.2290249433106576,0.22850678733031674,0.23024830699774265,0.2747747747747748,0.2696629213483146,0.2713004484304933,0.23042505592841164,0.23214285714285715,0.23385300668151449,0.22666666666666666,0.22838137472283815,0.2345132743362832,0.2693156732891832,0.2709251101321586,0.23516483516483516,0.2719298245614035,0.2363238512035011,0.2685589519650655,0.2374727668845316,0.26956521739130435,0.27114967462039047,0.27056277056277056,0.27213822894168466,0.27370689655172414,0.23655913978494625,0.27467811158798283,0.23768736616702354,0.27564102564102566,0.22174840085287847,0.22340425531914893,0.22505307855626328,0.23728813559322035,0.23890063424947147,0.24050632911392406,0.2736842105263158,0.22478991596638656,0.24109014675052412,0.22594142259414227,0.27348643006263046,0.2625,0.22661122661122662,0.26348547717842324,0.2732919254658385,0.27479338842975204,0.23917525773195877,0.2757201646090535,0.26283367556468173,0.26434426229508196,0.2392638036809816,0.2653061224489796,0.24032586558044808,0.266260162601626,0.2738336713995943,0.26720647773279355,0.2404040404040404,0.27419354838709675,0.27565392354124746,0.24096385542168675,0.24248496993987975,0.276,0.2435129740518962,0.27689243027888444,0.2644135188866799,0.24404761904761904,0.27722772277227725,0.2450592885375494,0.2465483234714004,0.21653543307086615,0.2475442043222004,0.27647058823529413,0.2622309197651663,0.263671875,0.27680311890838205,0.2782101167315175,0.24660194174757283,0.27906976744186046,0.21470019342359767,0.2625482625482625,0.279383429672447,0.26346153846153847,0.2648752399232246,0.2796934865900383,0.28107074569789675,0.24427480916030533,0.2819047619047619,0.24524714828897337,0.24667931688804554,0.2481060606060606,0.28166351606805295,0.2830188679245283,0.2843691148775895,0.26127819548872183,0.24765478424015008,0.2846441947565543,0.20934579439252338,0.26119402985074625,0.24767225325884543,0.2843866171003718,0.24860853432282004,0.25,0.2513863216266174,0.25276752767527677,0.2541436464088398,0.28308823529411764,0.25504587155963304,0.25824175824175827,0.20658135283363802,0.2591240875912409,0.2550091074681239,0.25636363636363635,0.20689655172413793,0.25905797101449274,0.25678119349005424,0.259927797833935,0.2072072072072072,0.20863309352517986,0.26032315978456017,0.2777777777777778,0.20930232558139536,0.25535714285714284,0.26024955436720143,0.2099644128113879,0.2113676731793961,0.26063829787234044,0.2761061946902655,0.254416961130742,0.26102292768959434,0.2764084507042254,0.27768014059753954,0.2543859649122807,0.25569176882662,0.256993006993007,0.2582897033158813,0.2770034843205575,0.2591304347826087,0.2604166666666667,0.2772963604852686,0.26124567474048443,0.25734024179620035,0.25862068965517243,0.27710843373493976,0.25945017182130586,0.27787307032590053,0.2791095890410959,0.25982905982905985,0.2593856655290102,0.2606473594548552,0.2789115646258503,0.2037351443123939,0.26101694915254237,0.20473773265651438,0.27871621621621623,0.2580101180438449,0.27946127946127947,0.280672268907563,0.25838926174496646,0.25963149078726966,0.2591973244147157,0.2604340567612688,0.26,0.20299500831946754,0.260797342192691,0.27860696517412936,0.27980132450331124,0.25950413223140495,0.28052805280528054,0.2602965403624382,0.26151315789473684,0.2019704433497537,0.20327868852459016,0.25859247135842883,0.25980392156862747,0.2039151712887439,0.26058631921824105,0.2780487804878049,0.2792207792207792,0.2593192868719611,0.2605177993527508,0.27948303715670436,0.2806451612903226,0.25925925925925924,0.20257234726688103,0.26003210272873195,0.25961538461538464,0.2608,0.26038338658146964,0.27910685805422647,0.2802547770700637,0.26073131955484896,0.2619047619047619,0.20126782884310618,0.2626582278481013,0.25908372827804105,0.26025236593059936,0.2614173228346457,0.2783018867924528,0.2621664050235479,0.2617554858934169,0.27856025039123633,0.2625,0.26365054602184085,0.278816199376947,0.27993779160186627,0.281055900621118,0.19844961240310077,0.26006191950464397,0.26120556414219476,0.2623456790123457,0.28043143297380585,0.19846153846153847,0.2626728110599078,0.28067484662576686,0.26033690658499237,0.26146788990825687,0.28091603053435116,0.19817073170731708,0.2617960426179604,0.2811550151975684,0.2822458270106222,0.2833333333333333,0.19818456883509833,0.26132930513595165,0.26244343891402716,0.19879518072289157,0.2586466165413534,0.2822822822822823,0.28335832083958024,0.2619760479041916,0.26307922272047835,0.19850746268656716,0.19970193740685543,0.28273809523809523,0.20059435364041606,0.20178041543026706,0.2562962962962963,0.20266272189349113,0.2821270310192024,0.2831858407079646,0.2606774668630339,0.2838235294117647,0.2026431718061674,0.25513196480938416,0.2840409956076135,0.25584795321637427,0.2029197080291971,0.2565597667638484,0.2590975254730713,0.20348837209302326,0.204644412191582,0.20579710144927535,0.20694645441389292,0.20809248554913296,0.2554112554112554,0.20893371757925072,0.21007194244604316,0.2801724137931034,0.2812051649928264,0.21060171919770773,0.25464949928469244,0.2557142857142857,0.21112696148359486,0.28062678062678065,0.25604551920341395,0.28125,0.25673758865248225,0.2818696883852691,0.2828854314002829,0.2528248587570621,0.21015514809590974,0.2112676056338028,0.2559774964838256,0.28230337078651685,0.28330995792426367,0.211484593837535,0.2125874125874126,0.2835195530726257,0.28451882845188287,0.21309192200557103,0.2141863699582754,0.25416666666666665,0.24965325936199723,0.2146814404432133,0.2503457814661134,0.2513812154696133,0.21517241379310345,0.25206611570247933,0.28198074277854196,0.21565934065934067,0.252400548696845,0.2534246575342466,0.2161422708618331,0.2814207650273224,0.25102319236016374,0.28201634877384196,0.2163265306122449,0.2826086956521739,0.25237449118046135,0.28319783197831977,0.28416779431664413,0.2851351351351351,0.252361673414305,0.215633423180593,0.2853297442799462,0.2862903225806452,0.21610738255033557,0.2479892761394102,0.21686746987951808,0.25133689839572193,0.21762349799732977,0.252,0.2529960053262317,0.25398936170212766,0.24701195219123506,0.2838196286472148,0.247682119205298,0.24867724867724866,0.28401585204755614,0.2849604221635884,0.2490118577075099,0.21578947368421053,0.2851511169513798,0.28608923884514437,0.2162516382699869,0.28664921465968585,0.24836601307189543,0.24934725848563968,0.28683181225554105,0.2877604166666667,0.2886866059817945,0.2896103896103896,0.21530479896238652,0.21632124352331605,0.21733505821474774,0.24806201550387597,0.21806451612903227,0.24871134020618557,0.2882882882882883,0.2493573264781491,0.24646983311938384,0.21794871794871795,0.21895006402048656,0.21994884910485935,0.24904214559386972,0.2869897959183674,0.2878980891719745,0.22010178117048346,0.22109275730622618,0.2880710659898477,0.2889733840304182,0.22151898734177214,0.24778761061946902,0.28914141414141414,0.22194199243379573,0.24307304785894207,0.2893081761006289,0.29020100502512564,0.29109159347553326,0.24686716791979949,0.24780976220275344,0.2425,0.2209737827715356,0.243142144638404,0.24408468244084683,0.2898009950248756,0.2906832298136646,0.29156327543424315,0.29244114002478316,0.2933168316831683,0.24351050679851668,0.2938271604938272,0.21948212083847102,0.2438423645320197,0.2939729397293973,0.2199017199017199,0.2441717791411043,0.24387254901960784,0.2937576499388005,0.24449877750611246,0.2442002442002442,0.2939024390243902,0.29476248477466505,0.24452554744525548,0.2454434993924666,0.24393203883495146,0.24606060606060606,0.24455205811138014,0.24546553808948005,0.21739130434782608,0.24607961399276237,0.2469879518072289,0.21780986762936222,0.24759615384615385,0.24849939975990396,0.2446043165467626,0.29101796407185626,0.2452153110047847,0.24611708482676226,0.24821002386634844,0.2908224076281287,0.2488095238095238,0.291319857312723,0.2921615201900237,0.2491103202846975,0.25,0.25088757396449707,0.2919621749408983,0.21487603305785125,0.21580188679245282,0.24381625441696114,0.25058823529411767,0.29142185663924797,0.215962441314554,0.21688159437280188,0.2505854800936768,0.2912280701754386,0.29205607476635514,0.2928821470245041,0.24242424242424243,0.25029103608847497,0.2930232558139535,0.2938443670150987,0.21577726218097448,0.2421784472769409,0.25,0.29364161849710985,0.24249422632794457,0.2433679354094579,0.29377880184331795,0.24395857307249713,0.2942528735632184,0.29506314580941445,0.24426605504587157,0.29553264604810997,0.2963386727688787,0.29714285714285715,0.24429223744292236,0.2976054732041049,0.2984054669703872,0.2445961319681456,0.2988636363636364,0.246311010215664,0.21201814058956917,0.2129105322763307,0.21380090497737556,0.2983050847457627,0.24604966139954854,0.2987598647125141,0.24662162162162163,0.24746906636670415,0.298876404494382,0.2996632996632997,0.242152466367713,0.2127659574468085,0.29977628635346754,0.2424581005586592,0.24330357142857142,0.24414715719063546,0.21269487750556793,0.24582869855394884,0.24444444444444444,0.24639289678135406,0.24722838137472283,0.2978959025470653,0.21238938053097345,0.24751381215469614,0.24392935982339956,0.29768467475192945,0.24779735682819384,0.24422442244224424,0.24835164835164836,0.2491767288693743,0.21162280701754385,0.2497261774370208,0.25054704595185995,0.29617486338797816,0.29694323144104806,0.25081788440567065,0.2113289760348584,0.2513601741022851,0.2967391304347826,0.2975027144408252,0.21149674620390455,0.2123510292524377,0.24134199134199133,0.21297297297297296,0.296976241900648,0.2977346278317152,0.21336206896551724,0.24973089343379978,0.2978494623655914,0.29860365198711064,0.24034334763948498,0.24115755627009647,0.2494646680942184,0.2983957219251337,0.29914529914529914,0.24119530416221985,0.2995735607675906,0.2417465388711395,0.3,0.24867162592986186,0.30042462845010615,0.2492046659597031,0.25,0.30052910052910053,0.3012684989429176,0.21013727560718057,0.2109704641350211,0.24025289778714437,0.21157894736842106,0.24079915878023134,0.21218487394957983,0.24134312696747115,0.24213836477987422,0.21256544502617802,0.24267782426778242,0.24346917450365727,0.21294363256784968,0.24713242961418144,0.24791666666666667,0.2133194588969823,0.21413721413721415,0.24299065420560748,0.21473029045643152,0.24352331606217617,0.2443064182194617,0.2450879007238883,0.24586776859504134,0.2951496388028896,0.2463917525773196,0.21421215242018538,0.21502057613168724,0.2949640287769784,0.24537987679671458,0.2153846153846154,0.2459016393442623,0.21596724667349027,0.24539877300613497,0.24616956077630234,0.24693877551020407,0.24566768603465852,0.29327902240325865,0.21566632756866735,0.21646341463414634,0.24568527918781727,0.29310344827586204,0.21681864235055726,0.21761133603238866,0.24570273003033366,0.21818181818181817,0.2462159434914228,0.2923387096774194,0.2930513595166163,0.24647887323943662,0.29346733668341707,0.29417670682730923,0.2948846539618857,0.2955911823647295,0.24624624624624625,0.243,0.21678321678321677,0.2435129740518962,0.2951146560319043,0.24402390438247012,0.21691542288557214,0.24453280318091453,0.24528301886792453,0.24603174603174602,0.21704658077304262,0.24455445544554455,0.2176063303659743,0.29347826086956524,0.2458045409674235,0.2465483234714004,0.21773399014778325,0.2470472440944882,0.29301868239921336,0.24361493123772102,0.24435721295387636,0.24705882352941178,0.21743388834476005,0.2181996086105675,0.21896383186705767,0.2470703125,0.2917073170731707,0.2475633528265107,0.2921129503407984,0.2480544747081712,0.2925170068027211,0.24854368932038834,0.2492725509214355,0.25,0.29235237173281703,0.293036750483559,0.293719806763285,0.25,0.2507232401157184,0.2514450867052023,0.2165543792107796,0.2173076923076923,0.2516810758885687,0.2927063339731286,0.29338446788111217,0.2940613026819923,0.2516746411483254,0.2944550669216061,0.2521489971346705,0.2948473282442748,0.23832221163012393,0.23904761904761904,0.2159847764034253,0.25190114068441066,0.2526115859449193,0.21631878557874762,0.23886255924170616,0.2168560606060606,0.21759697256385999,0.21833648393194707,0.2521246458923513,0.2188679245283019,0.2525918944392083,0.2919020715630885,0.23800564440263405,0.2387218045112782,0.292018779342723,0.23921200750469043,0.23992502343017807,0.21816479400749064,0.2404115996258185,0.29158878504672897,0.29225023342670403,0.24067164179104478,0.2506989748369059,0.25139664804469275,0.25209302325581395,0.2527881040892193,0.2915506035283194,0.2532467532467532,0.21686746987951808,0.2916666666666667,0.2534690101757632,0.2541589648798521,0.2169898430286242,0.2177121771217712,0.2184331797235023,0.2541436464088398,0.23827046918123276,0.29044117647058826,0.2910927456382002,0.25412844036697246,0.2914757103574702,0.29212454212454214,0.23787740164684354,0.23857404021937842,0.25388127853881276,0.291970802919708,0.292616226071103,0.23861566484517305,0.23930846223839855,0.21636363636363637,0.23978201634877383,0.2531760435571688,0.25385312783318226,0.2164855072463768,0.2914027149321267,0.29204339963833637,0.2926829268292683,0.2933212996389892,0.23895401262398558,0.2936936936936937,0.29432943294329433,0.2949640287769784,0.215633423180593,0.23877917414721722,0.295067264573991,0.239247311827957,0.23992837958818264,0.2513416815742397,0.21537086684539766,0.2517857142857143,0.215878679750223,0.23975044563279857,0.29385574354407834,0.21619217081850534,0.24,0.24067495559502664,0.2511091393078971,0.24113475177304963,0.24180690876882197,0.215929203539823,0.21662245800176835,0.2924028268551237,0.21712268314210062,0.21781305114638447,0.2185022026431718,0.25,0.24098504837291118,0.218804920913884,0.21949078138718173,0.25,0.21998247151621383,0.2504378283712785,0.2904636920384952,0.2202797202797203,0.22096069868995633,0.22164048865619546,0.25021795989537926,0.2221254355400697,0.2228024369016536,0.2234782608695652,0.22415291051259775,0.2387152777777778,0.24978317432784042,0.2391681109185442,0.23982683982683983,0.24048442906574394,0.22385479688850476,0.24093264248704663,0.22433132010353754,0.2413793103448276,0.2248062015503876,0.22547332185886404,0.22613929492691315,0.24140893470790378,0.248068669527897,0.24871355060034306,0.2853470437017995,0.24143835616438356,0.22583404619332764,0.24188034188034188,0.2852263023057216,0.2858361774744027,0.2259164535379369,0.22657580919931858,0.28595744680851065,0.22704081632653061,0.22769753610875107,0.22835314091680814,0.22900763358778625,0.22966101694915253,0.24047417442845045,0.23011844331641285,0.2848689771766695,0.28547297297297297,0.24050632911392406,0.2411467116357504,0.2417860151642797,0.2297979797979798,0.2851135407905803,0.2857142857142857,0.24181360201511334,0.2424496644295302,0.24308466051969824,0.24371859296482412,0.24351464435146444,0.24414715719063546,0.24394319131161235,0.2287145242070117,0.22935779816513763,0.24416666666666667,0.22980849292256453,0.28369384359401,0.24355777223607647,0.23006644518272426,0.23070539419087138,0.24378109452736318,0.2311516155758078,0.24420529801324503,0.24317617866004962,0.23140495867768596,0.2320396366639141,0.28217821782178215,0.2827699917559769,0.2833607907742998,0.24279835390946503,0.23190789473684212,0.2325390304026294,0.23316912972085385,0.2428219852337982,0.2336065573770492,0.28255528255528256,0.28314238952536824,0.2837285363859362,0.23366013071895425,0.2342857142857143,0.23491027732463296,0.24123879380603097,0.28338762214983715,0.24165988608624897,0.283739837398374,0.2347684809098294,0.2353896103896104,0.2360097323600973,0.24149108589951376,0.24048582995951417,0.24110032362459546,0.2360549717057397,0.23667205169628433,0.23728813559322035,0.23790322580645162,0.24093473005640612,0.28180354267310787,0.2413515687851971,0.24196141479099678,0.242570281124498,0.24317817014446227,0.243785084202085,0.24439102564102563,0.24499599679743794,0.2368,0.2454036770583533,0.23722044728434505,0.28012769353551475,0.23843700159489634,0.23904382470119523,0.24522292993630573,0.2394590294351631,0.27980922098569155,0.2454328832406672,0.2365079365079365,0.23711340206185566,0.23771790808240886,0.2454473475851148,0.27927215189873417,0.2458498023715415,0.2377567140600316,0.23835832675611682,0.23817034700315456,0.23877068557919623,0.23937007874015748,0.24547600314712825,0.23977987421383648,0.27808326787117044,0.2456828885400314,0.24,0.24059561128526646,0.23727486296006264,0.2777777777777778,0.24081313526192338,0.278125,0.24512099921935987,0.24102964118564743,0.24162120031176929,0.2367601246105919,0.24202334630350195,0.24261275272161742,0.236985236985237,0.27717391304347827,0.24282389449185415,0.2775193798449612,0.24322230828814873,0.23684210526315788,0.2776488785769528,0.24343122102009274,0.24324324324324326,0.2777777777777778,0.27833461835003853,0.24345146379044685,0.2432640492686682,0.23615384615384616,0.2436587240584166,0.24423963133640553,0.24328472755180353,0.2361963190184049,0.27739463601532566,0.277947932618683,0.2364192807957154,0.24388379204892965,0.24446142093200918,0.24274809160305344,0.2776506483600305,0.2782012195121951,0.24295506473724296,0.24429223744292236,0.24486692015209124,0.2454407294832827,0.24297646165527714,0.24355083459787558,0.24564063684609552,0.24393939393939393,0.27706283118849356,0.2443267776096823,0.24489795918367346,0.23413897280966767,0.24528301886792453,0.27677224736048267,0.2449133383571967,0.24548192771084337,0.24529721595184348,0.24586466165413534,0.2464312546957175,0.24549549549549549,0.23330832708177043,0.27586206896551724,0.23370786516853934,0.27619760479041916,0.24607329842931938,0.24663677130044842,0.24719940253920836,0.24776119402985075,0.23340790454884414,0.2481371087928465,0.2755026061057334,0.2760416666666667,0.24386617100371746,0.24814264487369986,0.27616926503340755,0.24851632047477745,0.24388435878428466,0.24888888888888888,0.24944485566247224,0.2440828402366864,0.2756836659275684,0.24963072378138848,0.24428044280442804,0.275811209439528,0.24981577008106118,0.24447717231222385,0.2501839587932303,0.2757352941176471,0.2446730345334313,0.24522760646108663,0.27586206896551724,0.2763929618768328,0.27692307692307694,0.22986822840409957,0.24506217995610827,0.24561403508771928,0.2768444119795471,0.245985401459854,0.27716994894237784,0.22959183673469388,0.24836125273124546,0.24890829694323144,0.24581818181818182,0.22965116279069767,0.24909222948438633,0.2764876632801161,0.24945612762871647,0.25,0.22954380883417813,0.276410998552822,0.2299349240780911,0.24494219653179192,0.24548736462093862,0.24963924963924963,0.2761355443403028,0.25,0.24550035997120231,0.2460431654676259,0.2501797268152408,0.2464080459770115,0.2290021536252692,0.2467718794835007,0.25017921146953404,0.2507163323782235,0.24695776664280603,0.2510729613733906,0.2516082916368835,0.24714285714285714,0.25196288365453245,0.2282453637660485,0.22879543834640056,0.22934472934472935,0.2298932384341637,0.25177809388335703,0.2523098791755508,0.2727272727272727,0.2526614620298084,0.2730496453900709,0.2296243798724309,0.24575070821529746,0.2526539278131635,0.2531824611032532,0.25371024734982334,0.22951977401129944,0.25405786873676783,0.2454160789844852,0.2544045102184637,0.24577464788732395,0.24630541871921183,0.2545710267229255,0.2550948699929726,0.2710674157303371,0.2463157894736842,0.2713884992987377,0.27189908899789766,0.22829131652661064,0.2722183344996501,0.22867132867132867,0.2543675751222921,0.25488826815642457,0.25540823447313327,0.22873082287308227,0.27177700348432055,0.2722841225626741,0.24495476687543494,0.22878998609179416,0.2293259207783183,0.2298611111111111,0.23039555863983344,0.25450762829403606,0.23076923076923078,0.27146814404432135,0.27197231833910035,0.27247579529737204,0.24395300621976504,0.24447513812154695,0.25396825396825395,0.2303448275862069,0.25430737422467264,0.2548209366391185,0.23055746730901583,0.2716643741403026,0.24398625429553264,0.2445054945054945,0.2546328071379547,0.2551440329218107,0.23029472241261137,0.27123287671232876,0.25530458590006844,0.2715458276333789,0.24401913875598086,0.25546448087431695,0.23003412969283277,0.27148703956343795,0.2556237218813906,0.23024523160762944,0.2559564329475834,0.2714285714285714,0.256288239292998,0.25679347826086957,0.23014256619144602,0.257123473541384,0.2305084745762712,0.27100271002710025,0.25727826675693977,0.2577807848443843,0.2420554428668019,0.24256756756756756,0.27076299797434167,0.25775978407557354,0.2710721510451787,0.24258760107816713,0.2579124579124579,0.2711978465679677,0.24277067921990586,0.25806451612903225,0.2585627938213566,0.25906040268456376,0.2595573440643863,0.2707774798927614,0.24246483590087073,0.2429718875502008,0.2709030100334448,0.2713903743315508,0.259185036740147,0.2596795727636849,0.2428285523682455,0.2713333333333333,0.2598267821452365,0.24300932090545938,0.260146373918829,0.22672872340425532,0.22724252491694352,0.24302788844621515,0.2435301924353019,0.27055702917771884,0.243870112657389,0.2596026490066225,0.2600926538716082,0.22685185185185186,0.24388631857237278,0.26023778071334214,0.24422442244224424,0.2605540897097625,0.26104152933421226,0.24440052700922266,0.22646477946017116,0.26907894736842103,0.2445759368836292,0.26938239159001315,0.26986211424819434,0.27034120734908135,0.260327868852459,0.2608125819134993,0.22593320235756384,0.27028795811518325,0.2707652060170046,0.27124183006535946,0.2717178314826911,0.260443864229765,0.2609262883235486,0.27183833116036504,0.27231270358306187,0.2610677083333333,0.24268054651919324,0.2613784135240572,0.24301494476933072,0.2720779220779221,0.26151849448410125,0.2619974059662776,0.26247569669475046,0.26295336787564766,0.2634304207119741,0.2425614489003881,0.24305106658047834,0.26356589147286824,0.22336991607488701,0.26387096774193547,0.26434558349451964,0.2706185567010309,0.22343850611719254,0.2709137709137709,0.27138263665594853,0.26413881748071977,0.22350674373795762,0.27150192554557123,0.2642719692110327,0.22371794871794873,0.2645739910313901,0.2413572343149808,0.2712731925783749,0.2647058823529412,0.26517571884984026,0.2656449553001277,0.22335673261008296,0.24107142857142858,0.26577437858508607,0.24140127388535032,0.22342457033736474,0.26590330788804073,0.2663699936427209,0.241423125794155,0.2419047619047619,0.2696700507614213,0.24223208623969564,0.24271229404309252,0.26979100696643443,0.22278481012658227,0.2700822264389627,0.2427307206068268,0.24320909665192672,0.22285353535353536,0.26498422712933756,0.26544766708701134,0.22306238185255198,0.22355163727959698,0.26935179358086847,0.26540880503144654,0.26587052168447517,0.2663316582914573,0.2667922159447583,0.2233375156838143,0.22382445141065832,0.22431077694235588,0.2667501565435191,0.2246558197747184,0.241400875547217,0.241875,0.26670830730793255,0.2671660424469413,0.26762320648783533,0.2674563591022444,0.26791277258566976,0.26774595267745954,0.268201617921593,0.26803482587064675,0.22374145431945308,0.24099378881987576,0.2681564245810056,0.2686104218362283,0.2690638561686299,0.2695167286245353,0.2674922600619195,0.2233910891089109,0.26777983920841064,0.2694684796044499,0.2680667078443484,0.2697530864197531,0.26835286859962987,0.2688039457459926,0.2692544670363524,0.2229064039408867,0.26953846153846156,0.2693726937269373,0.2390903503380455,0.23955773955773957,0.2694904849600982,0.26993865030674846,0.2691600245248314,0.2696078431372549,0.2700551132884262,0.22215422276621788,0.26972477064220185,0.2701711491442543,0.2388515577275504,0.2698412698412698,0.23917022574740696,0.2701219512195122,0.27056672760511885,0.27101096224116933,0.2714546561168594,0.22141119221411193,0.22188449848024316,0.26913730255164037,0.23861566484517305,0.26941747572815533,0.2698605215281989,0.22181818181818183,0.2707450030284676,0.2711864406779661,0.2220205686630369,0.22249093107617895,0.2380664652567976,0.2693236714975845,0.26976463488231744,0.27020506634499397,0.2706449668474985,0.2704819277108434,0.27092113184828415,0.2713598074608905,0.27059530968129886,0.23737980769230768,0.2714714714714715,0.27190876350540216,0.27234553089382124,0.27038369304556353,0.2708208508088676,0.22095808383233534,0.236983842010772,0.22129186602870812,0.2707710699342499,0.2712066905615293,0.23701492537313432,0.23747016706443913,0.2713178294573643,0.27115613825983315,0.2715902322811197,0.22083333333333333,0.27186198691255203,0.23721759809750298,0.2709447415329768,0.2375296912114014,0.27181008902077153,0.2206405693950178,0.2720806164789567,0.22097156398104265,0.27057430432208407,0.27218934911242604,0.22117090479006504,0.22163120567375885,0.2705256940342587,0.27213695395513576,0.27256637168141595,0.27299528301886794,0.27342368886269885,0.22143698468786807,0.22189523248969983,0.23588235294117646,0.2698412698412698,0.23619271445358403,0.273047563123899,0.23650234741784038,0.23695014662756597,0.22157092614302462,0.2694786174575278,0.26990632318501173,0.22176711527208895,0.23684210526315788,0.22209234365867914,0.26985981308411217,0.23701109165207238,0.2701283547257876,0.22215743440233235,0.2703962703962704,0.27140361094933024,0.22235157159487776,0.2705061082024433,0.27151162790697675,0.22254503195816386,0.27177700348432055,0.2721996517701683,0.27262180974477956,0.27304347826086955,0.22247972190034762,0.2356687898089172,0.27314814814814814,0.26951995373048004,0.2699421965317919,0.2732524552281918,0.2702078521939954,0.2706289671090594,0.2710495963091119,0.27146974063400575,0.2730414746543779,0.2734599884858952,0.27387802071346373,0.23461759631972398,0.271264367816092,0.2716829408385985,0.23478760045924224,0.2719449225473322,0.23509174311926606,0.273352435530086,0.22050400916380297,0.27361190612478536,0.2717391304347826,0.22069754145225842,0.23485714285714285,0.23529411764705882,0.271689497716895,0.27210496292070735,0.2725199543899658,0.2205128205128205,0.2727790432801822,0.2731929425156517,0.2724687144482366,0.27345082433200685,0.27386363636363636,0.22032935831913686,0.2741203178206583,0.22064662507090188,0.22108843537414966,0.2339943342776204,0.2740656851642129,0.27164685908319186,0.27205882352941174,0.27416619559072924,0.22090395480225988,0.22134387351778656,0.2742663656884876,0.27467569091934574,0.2750845546786922,0.27154929577464787,0.22128378378378377,0.23297692740574,0.2750281214848144,0.27543563799887577,0.23314606741573032,0.2711959573273442,0.2716049382716049,0.2753785754346607,0.23318385650224216,0.23361344537815126,0.2715565509518477,0.2753217683268047,0.2757270693512304,0.27613191727221914,0.2201117318435754,0.22054718034617532,0.27120535714285715,0.22085889570552147,0.2714604236343367,0.27186629526462397,0.272271714922049,0.23260990539788537,0.2725250278086763,0.27515286270150086,0.27555555555555555,0.27595780122154356,0.22031076581576026,0.2723239046034387,0.23226164079822617,0.27590027700831027,0.2203765227021041,0.23242944106253458,0.27599557522123896,0.27197346600331673,0.23259668508287293,0.27609055770292656,0.27207505518763797,0.23276337562051846,0.2723263506063947,0.2727272727272727,0.2329295154185022,0.2729774353329664,0.2755775577557756,0.2732270478284772,0.27582417582417584,0.2328390993959363,0.27607025246981337,0.2764673614920461,0.2730263157894737,0.21863013698630138,0.21905805038335158,0.2764094143404488,0.27680525164113784,0.23236741388737014,0.23278688524590163,0.23320589841616604,0.2767467248908297,0.27714129841789414,0.21864776444929115,0.27193460490463217,0.21895424836601307,0.27708219923788785,0.27747551686615884,0.21914083741163676,0.21956521739130436,0.27756653992395436,0.21986970684039087,0.2202930005425936,0.27765726681127983,0.27100271002710025,0.271397616468039,0.2717920952896589,0.22023809523809523,0.2206598161168199,0.2772972972972973,0.23122636412749864,0.2316414686825054,0.23205612520237454,0.27130528586839264,0.27169811320754716,0.2769396551724138,0.2719439956919763,0.2201291711517761,0.27218934911242604,0.2768817204301075,0.23159591617409994,0.23200859291084855,0.2721417069243156,0.27682403433476394,0.232171581769437,0.2770632368703108,0.23245848955543652,0.2328693790149893,0.27180310326377743,0.272192513368984,0.2330304649919829,0.2767094017094017,0.27709556860651363,0.27748132337246534,0.21866666666666668,0.2777185501066098,0.2717101758124667,0.27209797657082,0.27780734433209153,0.21861702127659574,0.21903242955874536,0.23219978746014877,0.23260754115772703,0.27176220806794055,0.27214854111405834,0.21898197242841994,0.2771595124536301,0.21927966101694915,0.2196929592376919,0.2201058201058201,0.2321523003701745,0.2769556025369979,0.2202852614896989,0.2713833157338965,0.2717678100263852,0.27689873417721517,0.27727991565629945,0.2718651211801897,0.27224855186940494,0.2773684210526316,0.27774855339295107,0.21976866456361724,0.22017866526537047,0.22058823529411764,0.27769028871391077,0.2780692549842602,0.2716308337703199,0.2720125786163522,0.2723939235201676,0.22041884816753926,0.2726321297749869,0.2777196652719665,0.2728698379508625,0.27324973876698017,0.27362924281984335,0.22025052192066805,0.22065727699530516,0.2773722627737226,0.2777488275143304,0.22083333333333333,0.27798021863612704,0.27835587929240374,0.2787311492459698,0.2791060291060291,0.2794805194805195,0.27258566978193144,0.27970939283860924,0.22821576763485477,0.2286158631415241,0.27979274611398963,0.2801657172449508,0.21997929606625258,0.22038282462493533,0.22854188210961737,0.2718346253229974,0.22882231404958678,0.2720702116675271,0.27966976264189886,0.22898401237751417,0.27989690721649485,0.22926326635754765,0.2801235839340886,0.22954194544518786,0.21965020576131689,0.22982005141388176,0.27132579650565264,0.2717000513610683,0.2797741273100616,0.280143663417137,0.2194871794871795,0.2803690415171707,0.2807377049180328,0.2196620583717358,0.2292732855680655,0.2710997442455243,0.28067484662576686,0.28104241185487994,0.2814096016343207,0.28177641653905056,0.28214285714285714,0.21927587965323814,0.2823649337410805,0.2705043301069791,0.22861507128309572,0.22900763358778625,0.2706002034587996,0.2709710218607016,0.2820121951219512,0.2823768410360589,0.27106598984771574,0.28259766615931,0.21855983772819473,0.282818043588444,0.28318135764944274,0.21873417721518987,0.22823886639676114,0.270612038442084,0.28311425682507585,0.22839818089944416,0.2833333333333333,0.270570418980313,0.27093844601412714,0.2713061018658598,0.21824596774193547,0.2282115869017632,0.2713997985901309,0.21841972823351788,0.2283702213279678,0.2825540472599296,0.2829145728643216,0.2832747363134103,0.2836345381526104,0.21826392373306572,0.21865596790371114,0.22807017543859648,0.22845691382765532,0.2704056084126189,0.2707707707707708,0.2831415707853927,0.2285,0.2708645677161419,0.2712287712287712,0.27159261108337496,0.28293413173652693,0.228428927680798,0.2288135593220339,0.2830094668659691,0.28336653386454186,0.21752115480338477,0.22885572139303484,0.22923918448533068,0.28330019880715707,0.2707401887729757,0.2711022840119166,0.2714640198511166,0.2718253968253968,0.2721864154685176,0.22893954410307235,0.2828132738979693,0.28316831683168314,0.2835230084116774,0.22898120672601385,0.22936233316856156,0.22974308300395258,0.2834567901234568,0.2714708785784798,0.2718302910705476,0.28353057199211046,0.2720551996057171,0.21576354679802956,0.28360413589364847,0.21604330708661418,0.2164289227742253,0.283677482792527,0.27174447174447175,0.28388998035363455,0.21649484536082475,0.2718351324828263,0.2167729279058362,0.2284313725490196,0.2288094071533562,0.28354554358472084,0.2290748898678414,0.27152641878669276,0.27188264058679706,0.21652003910068426,0.28334147532975085,0.28369140625,0.21669106881405564,0.27170731707317075,0.2837640175524135,0.2168615984405458,0.22844617632732586,0.27166504381694256,0.27201946472019467,0.22859922178988326,0.2289742343218279,0.28328474246841595,0.21661000485672657,0.27184466019417475,0.27219796215429404,0.2725509214354995,0.2166747455162385,0.21705426356589147,0.21743341404358354,0.2725072604065828,0.2728592162554427,0.27321083172147004,0.28226196230062833,0.27342995169082124,0.2172863351038146,0.21766409266409267,0.21804148576941632,0.2820636451301832,0.28240963855421686,0.28275529865125243,0.2729898892633606,0.273339749759384,0.22703222703222703,0.22740384615384615,0.2825564632388275,0.2829010566762728,0.28324531925108015,0.28358925143953934,0.2273381294964029,0.2277085330776606,0.22807858169621467,0.2725095785440613,0.28338918142651986,0.2727272727272727,0.2730750836920134,0.2734225621414914,0.28332537028189203,0.2163323782234957,0.27350835322195705,0.2833969465648855,0.2837386742966142,0.2840800762631077,0.28442115292996667,0.21619047619047618,0.216563541170871,0.2844909609895338,0.21683309557774608,0.21720532319391636,0.2845605700712589,0.2849002849002849,0.21737066919791173,0.27229601518026564,0.2726410621147463,0.2848341232227488,0.21743249644718143,0.22585227272727273,0.22621864647420728,0.22658467360454115,0.2723404255319149,0.2726843100189036,0.22673594709494568,0.2728989612842304,0.22699386503067484,0.27311320754716983,0.27345591702027344,0.27379830348727613,0.2835609985869053,0.2740112994350282,0.2743529411764706,0.28363123236124177,0.2839680300893277,0.2161654135338346,0.21653358384217944,0.27417840375586855,0.28390427029563586,0.28424015009380865,0.2742616033755274,0.274601686972821,0.22576112412177987,0.2841760299625468,0.27468413664014973,0.21608980355472404,0.28424497428705003,0.2845794392523365,0.2849135917795423,0.2161531279178338,0.22538497433504434,0.2849813432835821,0.22564102564102564,0.2851817334575955,0.2738705170004658,0.21601489757914338,0.27408096789204284,0.28511627906976744,0.28544862854486286,0.2741635687732342,0.2856479331165815,0.2743732590529248,0.28584686774942,0.28617810760667906,0.22484932777005098,0.22520852641334568,0.27420101899027327,0.22546296296296298,0.2744099953725127,0.2150786308973173,0.2154415164123902,0.2855822550831793,0.21570438799076214,0.22530009233610343,0.27411167512690354,0.28551660516605165,0.27431996311664364,0.2746543778801843,0.2749884845693229,0.2154696132596685,0.21583064887252645,0.28518859245630174,0.28551724137931034,0.22472426470588236,0.2746899402847956,0.27502295684113864,0.22487379531895366,0.27522935779816515,0.22512608895002292,0.2754353803849679,0.27576729271644523,0.2760989010989011,0.22517162471395882,0.22552607502287284,0.2761774119798811,0.276508226691042,0.28414801279122887,0.27671232876712326,0.27704244637151987,0.2773722627737226,0.2777017783857729,0.2780309936189608,0.214123006833713,0.27823315118397085,0.28356850250341376,0.28389444949954507,0.2783083219645293,0.2786363636363636,0.2789641072239891,0.22434150772025432,0.2791647753064004,0.279491833030853,0.27981859410430837,0.28014505893019037,0.21341187131853195,0.28306159420289856,0.2833861475780896,0.2239819004524887,0.2799638172772501,0.28028933092224234,0.280614550384094,0.2809394760614273,0.2812641083521445,0.2815884476534296,0.2129003157419937,0.2132551848512173,0.28165840468679587,0.21351351351351353,0.22332282755515534,0.28172817281728174,0.28205128205128205,0.2823741007194245,0.21348314606741572,0.2825696316262354,0.2828917826672654,0.283213644524237,0.22296994167788245,0.22331838565022422,0.2236665172568355,0.2831541218637993,0.2834751455441111,0.21307072515666964,0.28053691275167786,0.2133273703041145,0.28073312472060796,0.21358355674709562,0.2233139794551139,0.2236607142857143,0.22400713966979027,0.28055307760927745,0.2135532768613464,0.21390374331550802,0.2806236080178174,0.22395369545859306,0.28081886960391633,0.2139679715302491,0.21431747443308136,0.224,0.2145713016437139,0.22424511545293072,0.28140257434531735,0.22448979591836735,0.22483370288248336,0.21453900709219859,0.21488701816570668,0.2812223206377325,0.22487826471890218,0.27964601769911507,0.21494913754975675,0.27984084880636606,0.22492266902342023,0.2252650176678445,0.21501103752759382,0.21535745807590467,0.27966475518306133,0.2156084656084656,0.27985896870868227,0.21585903083700442,0.22501100836635843,0.27992957746478875,0.2798064232292125,0.22515391380826738,0.2254945054945055,0.2157293497363796,0.2160737812911726,0.2796312554872695,0.22553751645458534,0.27982456140350875,0.21613327487943884,0.2791411042944785,0.21638195356986423,0.27933450087565675,0.22538293216630198,0.2795275590551181,0.2164407520769567,0.21678321678321677,0.2795980777632154,0.2170305676855895,0.22522915757311218,0.27966841186736474,0.22546881814217182,0.2798605056669573,0.2784313725490196,0.21689895470383275,0.217239878101872,0.2175805047867711,0.22531535450195736,0.27956521739130435,0.21773142112125163,0.2797567332754127,0.2778983933999132,0.22526041666666666,0.27809110629067246,0.27840416305290544,0.22540095361941917,0.27946273830155977,0.2256388046773495,0.27965367965367965,0.21722198182604932,0.2781141868512111,0.2784262862083874,0.22558340535868626,0.2794816414686825,0.22582037996545767,0.27967198964177814,0.2799827437446074,0.22595946528676153,0.27801724137931033,0.22619560534252478,0.27993109388458226,0.2802410675850194,0.28055077452667815,0.22623655913978494,0.21625107480653483,0.21658788139235066,0.21692439862542956,0.2803778445684843,0.28068669527896994,0.280995280995281,0.22598627787307032,0.2168881268752679,0.2262210796915167,0.2766595289079229,0.2170376712328767,0.2173727000427899,0.2262617621899059,0.2176143651132963,0.28034188034188035,0.22639897479709525,0.21776259607173357,0.2266325224071703,0.2802901023890785,0.22686567164179106,0.22719522591645352,0.21772475500639113,0.227427597955707,0.28011919965942955,0.2753191489361702,0.2803062526584432,0.2755102040816326,0.2758181045473863,0.2803738317757009,0.28067940552016984,0.2270797962648557,0.27577428935086973,0.22731128074639526,0.22763883001271726,0.21694915254237288,0.21728081321473952,0.2756138865368332,0.22767668218366482,0.2800338409475465,0.21733615221987315,0.2802197802197802,0.22771440642163077,0.28040540540540543,0.21739130434782608,0.21772151898734177,0.28047237452551665,0.21795952782462058,0.22756005056890014,0.2746419545071609,0.22778947368421051,0.2281144781144781,0.27471602860748845,0.21783010933557612,0.22824716267339218,0.2180672268907563,0.21839563208735827,0.27455919395465994,0.21863197650020982,0.22818791946308725,0.2746331236897275,0.2749371332774518,0.22832006702974444,0.2185929648241206,0.21892005023022185,0.22845188284518828,0.27854454203262236,0.2746655518394649,0.218972001671542,0.2284878863826232,0.22881002087682673,0.27462437395659434,0.2190237797246558,0.22894078398665554,0.2192580241767403,0.22916666666666666,0.27446897126197417,0.27477102414654453,0.27756970453599666,0.2192179700499168,0.21954261954261955,0.2776392352452203,0.2289156626506024,0.2196843853820598,0.22000830220008302,0.22904564315352696,0.27747822480298634,0.22014925373134328,0.22917530045586407,0.27381938690969343,0.27412008281573497,0.2293046357615894,0.2201075713694663,0.22043010752688172,0.2769739561802398,0.22933884297520662,0.22057001239157373,0.2295623451692816,0.22988031366075112,0.2768151815181518,0.22061855670103092,0.23000824402308326,0.273176761433869,0.27347611202635913,0.276657060518732,0.2205761316872428,0.22994652406417113,0.2767269736842105,0.27332511302918205,0.23007395234182415,0.27351129363449694,0.2204433497536946,0.2765695527287649,0.2206726825266612,0.23001230012300122,0.2209016393442623,0.27652601392871773,0.22113022113022113,0.22144903806794924,0.27291325695581015,0.2298568507157464,0.27309893704006544,0.2214957090314671,0.2761437908496732,0.2764393630053083,0.22979591836734695,0.2215422276621787,0.2300163132137031,0.22176926212800652,0.23023634881825591,0.2725050916496945,0.22190553745928338,0.2726902726902727,0.2729861676159479,0.22204148027653517,0.275609756097561,0.275904104022755,0.272948822095857,0.22208688591149006,0.27313311688311687,0.22231237322515213,0.22952149229521493,0.2732063234698014,0.22244732576985413,0.22964763061968407,0.22995951417004049,0.2225819506272764,0.2301779935275081,0.23048928427011728,0.274858528698464,0.2727272727272727,0.2730210016155089,0.2224465078724263,0.22276029055690072,0.23033481242436465,0.22298387096774194,0.23055219669488108,0.27276390008058016,0.23076923076923078,0.23107890499194847,0.22293762575452716,0.2232502011263073,0.27261761158021713,0.23110932475884244,0.27280032141422256,0.22329317269076304,0.27338418305901246,0.22351524879614768,0.23104693140794225,0.272654370489174,0.2312625250501002,0.27283653846153844,0.223468161794153,0.27301841473178545,0.2729091636654662,0.2312,0.23150739704118353,0.2729816147082334,0.2728725529364762,0.2731629392971246,0.2315369261477046,0.23184357541899442,0.22297566812923814,0.22328548644338117,0.2730171383021124,0.22350597609561754,0.23178016726403824,0.2320859872611465,0.27218463987266217,0.23229912490055687,0.27236580516898606,0.2726550079491256,0.22328168454509337,0.272835583796664,0.27312425565700676,0.22341269841269842,0.2733042443474812,0.23195876288659795,0.2734839476813318,0.2737717908082409,0.2740594059405941,0.22327790973871733,0.23189552829442026,0.2713607594936709,0.2321075523922499,0.23241106719367588,0.2738048202291584,0.2740916271721959,0.27121989735491514,0.22296764009471193,0.2232741617357002,0.27129337539432175,0.2739456050453291,0.27423167848699764,0.2745175265852698,0.2748031496062992,0.23179850452577724,0.23210070810385522,0.23240267400707826,0.2708333333333333,0.27465618860510804,0.2749410840534171,0.270906949352179,0.22252747252747251,0.2228324833267948,0.27098039215686276,0.27126617012936105,0.22296238244514108,0.22326674500587543,0.2235708692247455,0.27123287671232876,0.2742566510172144,0.2745404771216269,0.23143080531665364,0.27471668620554907,0.27109375,0.2233502538071066,0.22365339578454332,0.2313694888802185,0.2710608424336973,0.22378167641325536,0.2240841777084957,0.23139851967276978,0.22429906542056074,0.23160762942779292,0.2739299610894942,0.23181641384675222,0.23211508553654744,0.22425184609405363,0.22455322455322455,0.2737864077669903,0.23214285714285715,0.2739619712844393,0.22459270752521335,0.26987204342768517,0.2248062015503876,0.27005036807438976,0.23199070487993803,0.23228803716608595,0.22484520123839008,0.22514506769825918,0.2699149265274555,0.22535755701584848,0.22565687789799072,0.26998841251448435,0.22586872586872586,0.23195677344654572,0.27276234567901236,0.2321635171615889,0.23245952197378567,0.22581888246628132,0.2261171032357473,0.2726222564497497,classic
