4_131448249_131452296,1.0,0.5,0.6666666666666666,0.75,0.4,0.16666666666666666,0.42857142857142855,0.125,0.4444444444444444,0.2,0.18181818181818182,0.3333333333333333,0.23076923076923078,0.35714285714285715,0.4,0.4375,0.47058823529411764,0.2777777777777778,0.15789473684210525,0.2,0.42857142857142855,0.2727272727272727,0.21739130434782608,0.25,0.16,0.38461538461538464,0.25925925925925924,0.17857142857142858,0.2413793103448276,0.26666666666666666,0.1935483870967742,0.21875,0.2727272727272727,0.29411764705882354,0.22857142857142856,0.2222222222222222,0.2972972972972973,0.3157894736842105,0.3333333333333333,0.275,0.21951219512195122,0.23809523809523808,0.20930232558139536,0.3181818181818182,0.26666666666666666,0.21739130434782608,0.23404255319148937,0.3125,0.2653061224489796,0.32,0.21568627450980393,0.2692307692307692,0.32075471698113206,0.2222222222222222,0.32727272727272727,0.3392857142857143,0.2631578947368421,0.3448275862068966,0.2033898305084746,0.21666666666666667,0.22950819672131148,0.24193548387096775,0.20634920634920634,0.328125,0.2153846153846154,0.3333333333333333,0.23880597014925373,0.22058823529411764,0.2318840579710145,0.24285714285714285,0.23943661971830985,0.3194444444444444,0.2465753424657534,0.32432432432432434,0.24,0.25,0.3246753246753247,0.3333333333333333,0.25316455696202533,0.2,0.3333333333333333,0.34146341463414637,0.20481927710843373,0.25,0.3411764705882353,0.22093023255813954,0.25287356321839083,0.20454545454545456,0.33707865168539325,0.2111111111111111,0.21978021978021978,0.33695652173913043,0.21505376344086022,0.22340425531914893,0.24210526315789474,0.25,0.2268041237113402,0.23469387755102042,0.32323232323232326,0.33,0.24752475247524752,0.20588235294117646,0.3300970873786408,0.33653846153846156,0.20952380952380953,0.24528301886792453,0.2523364485981308,0.25925925925925924,0.3302752293577982,0.20909090909090908,0.3333333333333333,0.25892857142857145,0.21238938053097345,0.2631578947368421,0.33043478260869563,0.2672413793103448,0.20512820512820512,0.211864406779661,0.2184873949579832,0.26666666666666666,0.32231404958677684,0.22131147540983606,0.2032520325203252,0.3225806451612903,0.208,0.2222222222222222,0.2125984251968504,0.3203125,0.2558139534883721,0.26153846153846155,0.26717557251908397,0.2727272727272727,0.21052631578947367,0.27611940298507465,0.21481481481481482,0.3088235294117647,0.2773722627737226,0.21014492753623187,0.2805755395683453,0.2857142857142857,0.3049645390070922,0.2887323943661972,0.2937062937062937,0.20833333333333334,0.30344827586206896,0.3082191780821918,0.2925170068027211,0.3108108108108108,0.20134228187919462,0.31333333333333335,0.2913907284768212,0.20394736842105263,0.20261437908496732,0.2922077922077922,0.2967741935483871,0.3076923076923077,0.29936305732484075,0.3037974683544304,0.20125786163522014,0.20625,0.19875776397515527,0.30246913580246915,0.3006134969325153,0.3048780487804878,0.3090909090909091,0.3132530120481928,0.2994011976047904,0.19642857142857142,0.3136094674556213,0.2,0.2046783625730994,0.29651162790697677,0.31213872832369943,0.20689655172413793,0.19428571428571428,0.19886363636363635,0.2937853107344633,0.29775280898876405,0.20670391061452514,0.3,0.30386740331491713,0.3076923076923077,0.3114754098360656,0.29891304347826086,0.20540540540540542,0.20967741935483872,0.1925133689839572,0.19680851063829788,0.2962962962962963,0.3,0.3036649214659686,0.19791666666666666,0.3005181347150259,0.20103092783505155,0.20512820512820512,0.3010204081632653,0.20304568527918782,0.20707070707070707,0.2964824120603015,0.205,0.208955223880597,0.297029702970297,0.20689655172413793,0.2107843137254902,0.2146341463414634,0.21844660194174756,0.2222222222222222,0.28846153846153844,0.20574162679425836,0.22380952380952382,0.22748815165876776,0.23113207547169812,0.2347417840375587,0.2850467289719626,0.28837209302325584,0.2824074074074074,0.20276497695852536,0.20642201834862386,0.2100456621004566,0.2863636363636364,0.28054298642533937,0.22972972972972974,0.28699551569506726,0.28125,0.2311111111111111,0.2345132743362832,0.23788546255506607,0.2807017543859649,0.2838427947598253,0.20434782608695654,0.23809523809523808,0.20689655172413793,0.21030042918454936,0.2777777777777778,0.28085106382978725,0.23728813559322035,0.2109704641350211,0.21428571428571427,0.2384937238493724,0.2791666666666667,0.2821576763485477,0.21487603305785125,0.23868312757201646,0.2827868852459016,0.2163265306122449,0.23983739837398374,0.2834008097165992,0.21774193548387097,0.24096385542168675,0.284,0.2868525896414343,0.2619047619047619,0.24110671936758893,0.2440944881889764,0.28627450980392155,0.24609375,0.2607003891050584,0.26356589147286824,0.21235521235521235,0.2846153846153846,0.28735632183908044,0.2900763358778626,0.21292775665399238,0.2916666666666667,0.2943396226415094,0.2593984962406015,0.2397003745318352,0.2126865671641791,0.26022304832713755,0.24074074074074073,0.24354243542435425,0.2610294117647059,0.21245421245421245,0.28832116788321166,0.21454545454545454,0.21739130434782608,0.22021660649819494,0.28776978417266186,0.25806451612903225,0.2892857142857143,0.2597864768683274,0.2907801418439716,0.29328621908127206,0.2605633802816901,0.2631578947368421,0.26573426573426573,0.2682926829268293,0.2152777777777778,0.2179930795847751,0.2896551724137931,0.2920962199312715,0.2191780821917808,0.26621160409556316,0.2687074829931973,0.29152542372881357,0.2195945945945946,0.29292929292929293,0.2953020134228188,0.26755852842809363,0.27,0.2956810631229236,0.2185430463576159,0.22112211221122113,0.29605263157894735,0.21967213114754097,0.2222222222222222,0.2964169381107492,0.2662337662337662,0.22006472491909385,0.267741935483871,0.2958199356913183,0.2692307692307692,0.2971246006389776,0.27070063694267515,0.273015873015873,0.2974683544303797,0.2744479495268139,0.2169811320754717,0.21630094043887146,0.21875,0.21806853582554517,0.2204968944099379,0.29411764705882354,0.2962962962962963,0.29846153846153844,0.21779141104294478,0.2996941896024465,0.3018292682926829,0.2188449848024316,0.21818181818181817,0.26586102719033233,0.21987951807228914,0.21921921921921922,0.26646706586826346,0.2208955223880597,0.2976190476190476,0.2997032640949555,0.22189349112426035,0.26548672566371684,0.3,0.22287390029325513,0.26608187134502925,0.21574344023323616,0.29941860465116277,0.22318840579710145,0.30057803468208094,0.3025936599423631,0.3045977011494253,0.30659025787965616,0.30857142857142855,0.2222222222222222,0.3096590909090909,0.26062322946175637,0.211864406779661,0.2140845070422535,0.2612359550561798,0.26330532212885155,0.30726256983240224,0.2200557103064067,0.2638888888888889,0.2659279778393352,0.22099447513812154,0.26721763085399447,0.21153846153846154,0.2684931506849315,0.22131147540983606,0.22343324250681199,0.26902173913043476,0.21138211382113822,0.21351351351351353,0.215633423180593,0.22311827956989247,0.21715817694369974,0.2967914438502674,0.224,0.2978723404255319,0.29973474801061006,0.30158730158730157,0.3034300791556728,0.2236842105263158,0.22572178477690288,0.2617801047120419,0.3028720626631854,0.2265625,0.3038961038961039,0.30569948186528495,0.22739018087855298,0.22938144329896906,0.3059125964010283,0.3076923076923077,0.309462915601023,0.2576530612244898,0.22900763358778625,0.20812182741116753,0.23037974683544304,0.23232323232323232,0.30730478589420657,0.2562814070351759,0.3082706766917293,0.31,0.256857855361596,0.25870646766169153,0.31017369727047145,0.2599009900990099,0.2617283950617284,0.2044334975369458,0.3095823095823096,0.20588235294117646,0.2616136919315403,0.22682926829268293,0.22871046228710462,0.308252427184466,0.23002421307506055,0.2318840579710145,0.20481927710843373,0.20673076923076922,0.20863309352517986,0.3062200956937799,0.2100238663484487,0.23095238095238096,0.2327790973871734,0.3056872037914692,0.2553191489361702,0.2099056603773585,0.3058823529411765,0.2323943661971831,0.30679156908665106,0.2336448598130841,0.3076923076923077,0.30930232558139537,0.2529002320185615,0.20833333333333334,0.3094688221709007,0.23271889400921658,0.3103448275862069,0.20871559633027523,0.2517162471395881,0.2328767123287671,0.3097949886104784,0.2340909090909091,0.23582766439909297,0.30995475113122173,0.23702031602708803,0.23873873873873874,0.3101123595505618,0.2399103139013453,0.24161073825503357,0.31026785714285715,0.24721603563474387,0.20444444444444446,0.24833702882483372,0.25,0.3090507726269316,0.2511013215859031,0.3098901098901099,0.31140350877192985,0.25164113785557984,0.25327510917030566,0.2549019607843137,0.23695652173913043,0.31019522776572667,0.2012987012987013,0.2548596112311015,0.3103448275862069,0.2021505376344086,0.2553648068669528,0.23554603854389722,0.23717948717948717,0.3091684434968017,0.31063829787234043,0.23779193205944799,0.23940677966101695,0.3107822410147992,0.24050632911392406,0.31157894736842107,0.3130252100840336,0.24109014675052412,0.3138075313807531,0.25052192066805845,0.2520833333333333,0.24116424116424118,0.3132780082987552,0.2422360248447205,0.24380165289256198,0.3134020618556701,0.19547325102880658,0.25051334702258726,0.24385245901639344,0.3128834355828221,0.2510204081632653,0.24439918533604887,0.3130081300813008,0.24543610547667344,0.25101214574898784,0.24646464646464647,0.1935483870967742,0.2515090543259557,0.3112449799196787,0.25250501002004005,0.312,0.24550898203592814,0.31274900398406374,0.24652087475149106,0.24801587301587302,0.31287128712871287,0.2509881422924901,0.1913214990138067,0.31299212598425197,0.3143418467583497,0.19215686274509805,0.25048923679060664,0.314453125,0.25146198830409355,0.3151750972762646,0.31650485436893205,0.2441860465116279,0.19148936170212766,0.25096525096525096,0.3159922928709056,0.2519230769230769,0.2533589251439539,0.24329501915708812,0.3154875717017208,0.2538167938931298,0.2438095238095238,0.3155893536121673,0.25426944971537,0.2556818181818182,0.2570888468809074,0.24339622641509434,0.18832391713747645,0.2575187969924812,0.1894934333958724,0.24344569288389514,0.24485981308411214,0.2462686567164179,0.31098696461824954,0.25650557620817843,0.25788497217068646,0.2462962962962963,0.18853974121996303,0.24723247232472326,0.24861878453038674,0.25735294117647056,0.30825688073394497,0.30952380952380953,0.2577696526508227,0.3102189781021898,0.24772313296903462,0.3109090909090909,0.3121597096188748,0.24818840579710144,0.3128390596745027,0.3140794223826715,0.3153153153153153,0.25539568345323743,0.25673249551166966,0.24731182795698925,0.25760286225402507,0.25892857142857145,0.24777183600713013,0.18327402135231316,0.31261101243339257,0.31382978723404253,0.2584070796460177,0.31448763250883394,0.25925925925925924,0.18309859154929578,0.18453427065026362,0.18596491228070175,0.2591943957968476,0.3129370629370629,0.2443280977312391,0.259581881533101,0.18608695652173912,0.3125,0.25996533795493937,0.24394463667820068,0.3126079447322971,0.3137931034482759,0.25989672977624784,0.24398625429553264,0.24528301886792453,0.2602739726027397,0.18461538461538463,0.18600682593856654,0.2606473594548552,0.2619047619047619,0.31069609507640067,0.2627118644067797,0.2639593908629442,0.3108108108108108,0.24283305227655985,0.26430976430976433,0.18487394957983194,0.3104026845637584,0.31155778894472363,0.26421404682274247,0.18530884808013356,0.265,0.31114808652246256,0.3122923588039867,0.24046434494195687,0.18543046357615894,0.2413223140495868,0.24257425742574257,0.26359143327841844,0.26480263157894735,0.18555008210180624,0.26557377049180325,0.26677577741407527,0.3088235294117647,0.26753670473083196,0.2687296416938111,0.26991869918699185,0.24025974025974026,0.2706645056726094,0.24110032362459546,0.24232633279483037,0.18387096774193548,0.18518518518518517,0.3054662379421222,0.2696629213483146,0.3060897435897436,0.3072,0.26996805111821087,0.3078149920255183,0.3089171974522293,0.24006359300476948,0.24126984126984127,0.3090332805071315,0.310126582278481,0.2685624012638231,0.3107255520504732,0.31181102362204727,0.24056603773584906,0.2684458398744113,0.18181818181818182,0.18309859154929578,0.3109375,0.26833073322932915,0.2398753894080997,0.3110419906687403,0.18322981366459629,0.3116279069767442,0.18421052631578946,0.23956723338485317,0.18518518518518517,0.31124807395993837,0.24,0.1858678955453149,0.18711656441717792,0.2649310872894334,0.18807339449541285,0.18931297709923664,0.23932926829268292,0.1902587519025875,0.19148936170212766,0.19271623672230653,0.2636363636363636,0.23903177004538578,0.1933534743202417,0.19457013574660634,0.2394578313253012,0.19548872180451127,0.24024024024024024,0.19640179910044978,0.19760479041916168,0.2406576980568012,0.3029850746268657,0.2608047690014903,0.30357142857142855,0.30460624071322434,0.19732937685459942,0.1985185185185185,0.3047337278106509,0.25997045790251105,0.19911504424778761,0.30486008836524303,0.3058823529411765,0.19970631424375918,0.20087976539589442,0.2020497803806735,0.25877192982456143,0.2029197080291971,0.23615160349854228,0.23726346433770015,0.30377906976744184,0.3047895500725689,0.23768115942028986,0.20260492040520983,0.30491329479768786,0.23809523809523808,0.23919308357348704,0.30503597122302156,0.30603448275862066,0.23959827833572453,0.25501432664756446,0.2017167381974249,0.24,0.2553495007132668,0.24074074074074073,0.2019914651493599,0.3039772727272727,0.3049645390070922,0.20254957507082152,0.3055162659123055,0.2401129943502825,0.306064880112835,0.24084507042253522,0.2419127988748242,0.3061797752808989,0.3071528751753156,0.3081232492997199,0.24195804195804196,0.25139664804469275,0.200836820083682,0.201949860724234,0.30737134909596664,0.20277777777777778,0.3079056865464632,0.203601108033241,0.20470262793914246,0.3080110497237569,0.2496551724137931,0.20523415977961432,0.3081155433287483,0.23901098901098902,0.30864197530864196,0.3095890410958904,0.2393980848153215,0.20491803278688525,0.24829467939972716,0.20572207084468666,0.23945578231292516,0.24864130434782608,0.2062415196743555,0.2073170731707317,0.2489851150202977,0.25,0.30634278002699056,0.238544474393531,0.2072678331090175,0.3064516129032258,0.24966442953020135,0.20777479892761394,0.20883534136546184,0.25,0.25100133511348466,0.20933333333333334,0.237017310252996,0.21010638297872342,0.3041168658698539,0.21087533156498675,0.2370860927152318,0.23809523809523808,0.3038309114927345,0.30474934036939316,0.23847167325428195,0.21052631578947367,0.30486202365308807,0.2388451443569554,0.21100917431192662,0.30497382198952877,0.23921568627450981,0.30548302872062666,0.23989569752281617,0.2109375,0.24577373211963588,0.3051948051948052,0.21141374837872892,0.24611398963730569,0.21216041397153945,0.23901808785529716,0.2129032258064516,0.21391752577319587,0.21492921492921493,0.3033419023136247,0.21566110397946084,0.3038461538461538,0.21638924455825864,0.21739130434782608,0.24393358876117496,0.30357142857142855,0.2445859872611465,0.21755725190839695,0.24523506988564167,0.24619289340101522,0.21799746514575413,0.30253164556962026,0.21871049304677623,0.23484848484848486,0.21941992433795712,0.3022670025188917,0.24528301886792453,0.3027638190954774,0.24592220828105396,0.24686716791979949,0.23404255319148937,0.2475,0.2484394506866417,0.21820448877805487,0.2191780821917808,0.22014925373134328,0.30062111801242236,0.24813895781637718,0.23296158612143741,0.23391089108910892,0.23485784919653893,0.24814814814814815,0.21948212083847102,0.2204433497536946,0.2988929889298893,0.29975429975429974,0.22085889570552147,0.3002450980392157,0.3011015911872705,0.2334963325183374,0.23443223443223443,0.22073170731707317,0.22168087697929353,0.23479318734793186,0.3001215066828676,0.30097087378640774,0.22181818181818183,0.22276029055690072,0.24425634824667472,0.3007246376811594,0.2448733413751508,0.23373493975903614,0.23465703971119134,0.3004807692307692,0.22208883553421369,0.22302158273381295,0.24431137724550897,0.30023923444976075,0.23416965352449223,0.2350835322195704,0.2359952324195471,0.24404761904761904,0.23662306777645659,0.2375296912114014,0.298932384341637,0.29976303317535546,0.22130177514792898,0.24349881796690306,0.22195985832349469,0.24410377358490565,0.2226148409893993,0.23647058823529413,0.2984723854289072,0.24413145539906103,0.24501758499413834,0.2224824355971897,0.23625730994152047,0.2371495327102804,0.22287047841306884,0.23776223776223776,0.22351571594877764,0.23837209302325582,0.2961672473867596,0.29698375870069604,0.22363847045191193,0.22453703703703703,0.2254335260115607,0.2967667436489607,0.2422145328719723,0.24308755760368664,0.22554660529344073,0.2264367816091954,0.22732491389207807,0.2958715596330275,0.2279495990836197,0.2288329519450801,0.23542857142857143,0.2363013698630137,0.23717217787913342,0.24145785876993167,0.29465301478953354,0.2375,0.22814982973893302,0.2290249433106576,0.2944507361268403,0.23755656108597284,0.2384180790960452,0.23927765237020315,0.294250281848929,0.23986486486486486,0.23959505061867267,0.24044943820224718,0.22783389450056116,0.2937219730941704,0.23964165733482642,0.2941834451901566,0.22793296089385476,0.23995535714285715,0.29431438127090304,0.23942093541202672,0.24026696329254726,0.22777777777777777,0.2286348501664817,0.24057649667405764,0.2292358803986711,0.2411504424778761,0.23867403314917127,0.23951434878587197,0.2414553472987872,0.2422907488986784,0.22882288228822883,0.24285714285714285,0.29088913282107576,0.23903508771929824,0.2289156626506024,0.24288840262582057,0.22950819672131148,0.2390829694323144,0.23991275899672845,0.2298474945533769,0.28944504896626766,0.24239130434782608,0.2301845819761129,0.23101952277657267,0.23943661971830985,0.288961038961039,0.23135135135135135,0.24190064794816415,0.24271844660194175,0.23168103448275862,0.2432723358449946,0.23225806451612904,0.2878625134264232,0.2886266094420601,0.2433011789924973,0.2890792291220557,0.24385026737967913,0.23183760683760685,0.24439701173959444,0.2889125799573561,0.24494142705005326,0.23617021276595745,0.2316684378320935,0.28874734607218683,0.23647932131495228,0.23728813559322035,0.28888888888888886,0.23784355179704017,0.23125659978880675,0.23839662447257384,0.28872497365648053,0.2431578947368421,0.231335436382755,0.24369747899159663,0.23189926547743966,0.2379454926624738,0.2324607329842932,0.2384937238493724,0.2330198537095089,0.23382045929018788,0.2346193952033368,0.23541666666666666,0.2861602497398543,0.23596673596673598,0.24195223260643822,0.23651452282157676,0.23730569948186528,0.2857142857142857,0.2378490175801448,0.23863636363636365,0.239422084623323,0.23608247422680412,0.24098867147270855,0.2397119341563786,0.2846865364850976,0.2402464065708419,0.24102564102564103,0.24180327868852458,0.24257932446264074,0.24028629856850717,0.2410623084780388,0.24285714285714285,0.28338430173292556,0.23421588594704684,0.24109867751780265,0.24288617886178862,0.283248730964467,0.2839756592292089,0.24316109422492402,0.24392712550607287,0.24469160768452983,0.23333333333333334,0.24520686175580222,0.23387096774193547,0.28298086606243705,0.2454728370221328,0.2834170854271357,0.28413654618473894,0.24573721163490472,0.24649298597194388,0.24724724724724725,0.284,0.28471528471528473,0.24750499001996007,0.2851445663010967,0.2858565737051793,0.24776119402985075,0.23658051689860835,0.24826216484607747,0.2857142857142857,0.23686818632309217,0.2485148514851485,0.2858555885262117,0.23715415019762845,0.24876604146100692,0.2859960552268245,0.2374384236453202,0.22933070866141733,0.23008849557522124,0.24852652259332023,0.23061825318940138,0.2852941176470588,0.2859941234084231,0.28669275929549903,0.2873900293255132,0.23046875,0.23609756097560974,0.2475633528265107,0.24829600778967867,0.2490272373540856,0.24975704567541301,0.23009708737864076,0.23084384093113483,0.25,0.2313649564375605,0.2852998065764023,0.23478260869565218,0.25,0.2854387656702025,0.2350674373795761,0.2858517805582291,0.2865384615384615,0.23054755043227665,0.23128598848368523,0.286673058485139,0.28735632183908044,0.23444976076555024,0.23135755258126195,0.24832855778414517,0.24904580152671757,0.23164918970448045,0.2866666666666667,0.23215984776403426,0.2338403041825095,0.24881291547958215,0.23244781783681215,0.23412322274881517,0.23295454545454544,0.2336802270577105,0.2485822306238185,0.24929178470254956,0.2849056603773585,0.24976437323279924,0.2504708097928437,0.25117591721542804,0.2518796992481203,0.23286384976525823,0.28424015009380865,0.2521087160262418,0.25280898876404495,0.23292797006548177,0.23177570093457944,0.23249299719887956,0.2835820895522388,0.25256290773532153,0.2532588454376164,0.25395348837209303,0.28345724907063197,0.25441039925719594,0.25510204081632654,0.2557924003707136,0.23148148148148148,0.25624421831637373,0.23105360443622922,0.2566943674976916,0.23154981549815498,0.2571428571428571,0.23204419889502761,0.2575896964121435,0.28125,0.23232323232323232,0.23302752293577983,0.23373052245646195,0.23443223443223443,0.25709057639524246,0.2577696526508227,0.23470319634703196,0.229014598540146,0.22971741112123975,0.2795992714025501,0.23475887170154686,0.28,0.22979109900090827,0.23049001814882034,0.23118766999093382,0.2563405797101449,0.27963800904977376,0.2314647377938517,0.2565492321589883,0.2319494584837545,0.2795311091073039,0.23243243243243245,0.23312331233123312,0.27967625899280574,0.23360287511230907,0.25583482944344704,0.27982062780269057,0.23207885304659498,0.23366159355416294,0.27996422182468694,0.23413762287756926,0.23482142857142857,0.280107047279215,0.23529411764705882,0.23597506678539626,0.2802491103202847,0.2808888888888889,0.2539964476021314,0.23070097604259096,0.23581560283687944,0.23649247121346323,0.23097345132743363,0.2537577365163572,0.2314487632508834,0.2321270962047661,0.23633156966490299,0.23259911894273128,0.23327464788732394,0.2339489885664028,0.23462214411247803,0.2783143107989464,0.23596491228070177,0.2366345311130587,0.2373029772329247,0.25196850393700787,0.23776223776223776,0.2777292576419214,0.23821989528795812,0.23365300784655624,0.25174216027874563,0.23846823324630112,0.25217391304347825,0.23370981754995657,0.2769097222222222,0.23850823937554205,0.2391681109185442,0.2519480519480519,0.25259515570934254,0.2394122731201383,0.24006908462867013,0.24072476272648835,0.23275862068965517,0.23341946597760552,0.27538726333907054,0.23387790197764402,0.2345360824742268,0.24034334763948498,0.25128644939965694,0.2519280205655527,0.2345890410958904,0.2523524379811805,0.2743589743589744,0.23484201537147736,0.2354948805460751,0.25234441602728047,0.2393526405451448,0.23574468085106384,0.25255102040816324,0.23959218351741715,0.24023769100169778,0.2527565733672604,0.2533898305084746,0.23539373412362405,0.272419627749577,0.2400676246830093,0.2533783783783784,0.24050632911392406,0.2723440134907251,0.2409435551811289,0.2415824915824916,0.2531539108494533,0.23445378151260504,0.24181360201511334,0.2533557046979866,0.2539815590947192,0.24204355108877723,0.24267782426778242,0.25418060200668896,0.2706766917293233,0.25459098497495825,0.27105921601334443,0.2425,0.24313072439633637,0.27121464226289516,0.24355777223607647,0.2441860465116279,0.25394190871369293,0.23217247097844113,0.2543496271748136,0.2326158940397351,0.2547559966914806,0.2553719008264463,0.24360033030553263,0.24422442244224424,0.26957955482275353,0.23228995057660626,0.26995884773662554,0.25493421052631576,0.25554642563681185,0.2561576354679803,0.25676784249384743,0.2573770491803279,0.26945126945126946,0.2700490998363339,0.25756336876533115,0.2704248366013072,0.2310204081632653,0.24225122349102773,0.24286878565607173,0.25732899022801303,0.24328722538649308,0.2577235772357724,0.25832656376929325,0.2305194805194805,0.24330900243309003,0.2585089141004862,0.2591093117408907,0.23058252427184467,0.23120452708164915,0.2431340872374798,0.2679580306698951,0.2314516129032258,0.2586623690572119,0.2318840579710145,0.26790024135156876,0.25884244372990356,0.26827309236947794,0.2592295345104334,0.2421812349639134,0.26842948717948717,0.2594075260208166,0.26,0.2685851318944844,0.26038338658146964,0.2418196328810854,0.2687400318979266,0.24223107569721117,0.2603503184713376,0.22991249005568815,0.2424483306836248,0.26846703733121524,0.26031746031746034,0.22997620935765264,0.2606973058637084,0.24228028503562946,0.26819620253164556,0.26877470355731226,0.26066350710900477,0.24230465666929754,0.24290220820189273,0.24349881796690306,0.22913385826771654,0.22974036191974823,0.26808176100628933,0.23016496465043204,0.2684458398744113,0.23058823529411765,0.25940438871473354,0.23101018010963195,0.23161189358372458,0.2595777951524629,0.23203125,0.2677595628415301,0.24180967238689546,0.2681215900233827,0.25934579439252337,0.25992217898832687,0.2682737169517885,0.24164724164724163,0.2422360248447205,0.2684251357641583,0.24263565891472869,0.2687838884585593,0.2592879256965944,0.242846094354215,0.24343122102009274,0.26872586872586873,0.24382716049382716,0.2690824980724749,0.2588597842835131,0.2294072363356428,0.2592307692307692,0.2436587240584166,0.25960061443932414,0.2686108979278588,0.22929447852760737,0.24367816091954023,0.25957120980091886,0.22953328232593725,0.24388379204892965,0.26814362108479756,0.2297709923664122,0.26849733028222733,0.2690548780487805,0.26961157654226964,0.2298325722983257,0.23041825095057034,0.24316109422492402,0.2695520121488231,0.2306525037936267,0.2699014404852161,0.23106060606060605,0.23164269492808479,0.23222390317700453,0.2328042328042328,0.26963746223564955,0.270188679245283,0.2707390648567119,0.23285606631499622,0.23343373493975902,0.2708803611738149,0.2714285714285714,0.2336589030803907,0.240990990990991,0.2415603900975244,0.25487256371814093,0.2554307116104869,0.2559880239520958,0.25654450261780104,0.23318385650224216,0.24122479462285287,0.25671641791044775,0.24161073825503357,0.2697466467958271,0.2568875651526433,0.23288690476190477,0.241635687732342,0.26968796433878156,0.23311061618411286,0.25667655786350146,0.2335063009636768,0.2696296296296296,0.2701702442635085,0.27071005917159763,0.2409460458240946,0.2710487444608567,0.25608856088560883,0.25663716814159293,0.2328666175386883,0.2709867452135493,0.24061810154525387,0.2566176470588235,0.2571638501102131,0.2327459618208517,0.2707263389581805,0.27126099706744866,0.2717948717948718,0.27232796486090777,0.25676664228237017,0.2573099415204678,0.239590942293645,0.27226277372262775,0.2727935813274982,0.27332361516034986,0.2316096139839767,0.27365356622998543,0.23927272727272728,0.2565406976744186,0.2570806100217865,0.27358490566037735,0.27411167512690354,0.2746376811594203,0.25706010137581464,0.2575976845151954,0.2306579898770788,0.2745664739884393,0.23104693140794225,0.2748917748917749,0.23143475126171592,0.25720461095100866,0.23758099352051837,0.27482014388489207,0.23795830337886412,0.27514367816091956,0.2383345297918162,0.27546628407460544,0.27598566308243727,0.25644699140401145,0.25697924123120974,0.23032904148783978,0.23087919942816298,0.23785714285714285,0.2755174875089222,0.25677603423680456,0.2573057733428368,0.25783475783475784,0.2754448398576512,0.23044096728307253,0.2757640369580668,0.23082386363636365,0.27608232789212206,0.2574468085106383,0.23671155209071582,0.2762039660056657,0.25760792639773533,0.2765205091937765,0.23674911660777384,0.2768361581920904,0.2300635144671842,0.23695345557122707,0.2769556025369979,0.23732394366197182,0.2568613652357495,0.2770745428973277,0.2572030920590302,0.23735955056179775,0.2575438596491228,0.2769985974754558,0.2291520672740014,0.22969187675070027,0.27711686494051785,0.2573426573426573,0.22990915443745633,0.236731843575419,0.2575017445917655,0.2580195258019526,0.25853658536585367,0.23676880222841226,0.2588726513569937,0.2760778859527121,0.27658095899930507,0.2590277777777778,0.2768910478834143,0.27739251040221913,0.2591822591822592,0.22853185595567868,0.23598615916955018,0.25933609958506226,0.2598479612992398,0.27693370165745856,0.2360248447204969,0.26,0.2605099931082012,0.2362258953168044,0.26083964211975225,0.2764786795048143,0.23642611683848797,0.2767857142857143,0.2772820864790666,0.2606310013717421,0.27758738862234406,0.26095890410958905,0.2778918548939083,0.2359781121751026,0.2611073137388927,0.2616120218579235,0.23617747440273038,0.2776261937244202,0.2365371506475801,0.2615803814713896,0.27773995915588834,0.23673469387755103,0.26172671651937457,0.27785326086956524,0.2620502376103191,0.2781546811397558,0.27864406779661016,0.2791327913279133,0.23628977657413677,0.2368064952638701,0.2616632860040568,0.23716216216216215,0.27886563133018233,0.2793522267206478,0.2231962238705327,0.27964959568733155,0.2801346801346801,0.2611036339165545,0.2367182246133154,0.28024193548387094,0.23707186030893218,0.2610738255033557,0.26156941649899396,0.2801608579088472,0.22237106496985934,0.23694779116465864,0.26153846153846155,0.22259358288770054,0.2798931195724783,0.2616822429906542,0.23682454969979988,0.262,0.262491672218521,0.2796271637816245,0.2222222222222222,0.22273936170212766,0.26245847176079734,0.2795484727755644,0.23623092236230922,0.2625994694960212,0.26308813783962887,0.22251655629139072,0.23626737260092653,0.26322751322751325,0.22273628552544614,0.27873183619550856,0.2363036303630363,0.279023746701847,0.23665128543177325,0.2628458498023715,0.27913100724160633,0.27960526315789475,0.26298487836949375,0.22207621550591328,0.23637557452396585,0.2795275590551181,0.22229508196721312,0.23656618610747052,0.2226588081204977,0.262434554973822,0.22302158273381295,0.2627450980392157,0.26322664924885697,0.22323759791122716,0.23613829093281147,0.2633637548891786,0.2234527687296417,0.263671875,0.236174365647365,0.22366710013003901,0.26380766731643923,0.2772727272727273,0.27774172615184944,0.23605706874189364,0.2235904082955282,0.26360103626943004,0.26407766990291265,0.27749029754204396,0.2359405300581771,0.2235142118863049,0.26404131697869593,0.2361290322580645,0.27724049000644746,0.2777061855670103,0.2781712813908564,0.27863577863577865,0.2790996784565916,0.2634961439588689,0.279383429672447,0.2355584082156611,0.23604874919820398,0.2794871794871795,0.27994875080076875,0.22215108834827144,0.236084452975048,0.26278772378516624,0.263258785942492,0.2222222222222222,0.2227185705169113,0.27933673469387754,0.26322498406628425,0.26369426751592356,0.2641629535327817,0.23536895674300254,0.2358550540368722,0.2789072426937738,0.26412698412698415,0.2645939086294416,0.26506024096385544,0.23574144486692014,0.26535782140595315,0.23607594936708862,0.2656546489563567,0.2781289506953224,0.22109917877447885,0.2657828282828283,0.23596214511041008,0.266078184110971,0.277882797731569,0.22103274559193956,0.23599748269351795,0.2660377358490566,0.22124450031426776,0.22173366834170855,0.2222222222222222,0.22271016311166875,0.23573667711598745,0.2656641604010025,0.23606762680025048,0.2765957446808511,0.2770481550969356,0.23625,0.2654590880699563,0.27715355805243447,0.2364316905801622,0.23690773067331672,0.23738317757009345,0.23785803237858033,0.26509023024268824,0.23818407960199006,0.2653822249844624,0.23850931677018633,0.26567349472377405,0.23883374689826303,0.26596404215747055,0.2757125154894672,0.2390092879256966,0.2660891089108911,0.2665429808286951,0.2391841779975278,0.23965410747374924,0.21975308641975308,0.27513880320789635,0.23982737361282366,0.24029574861367836,0.24076354679802955,0.24123076923076922,0.2656826568265683,0.27473878303626303,0.2414004914004914,0.21915285451197053,0.2656441717791411,0.27467811158798283,0.27512254901960786,0.24127372933251684,0.24173806609547124,0.24220183486238533,0.24266503667481662,0.21869273060476482,0.27472527472527475,0.24283099450884685,0.2646341463414634,0.21876904326630103,0.24299634591961022,0.2647595861229458,0.21897810218978103,0.2650455927051672,0.27399756986634266,0.24286581663630843,0.2651699029126214,0.2189205579138872,0.2193939393939394,0.21986674742580253,0.2427360774818402,0.2734422262552934,0.2430471584038694,0.2646525679758308,0.2433574879227053,0.24381412190706095,0.2195416164053076,0.244122965641953,0.24457831325301205,0.2727272727272727,0.273164861612515,0.21948286229705352,0.21995192307692307,0.24444444444444444,0.22028811524609843,0.27294541091781643,0.263189448441247,0.2444577591372079,0.2634730538922156,0.2639138240574506,0.2727272727272727,0.2199641362821279,0.24432497013142174,0.24477611940298508,0.272673031026253,0.24508050089445438,0.2634088200238379,0.24538415723645027,0.2726190476190476,0.21951219512195122,0.2633769322235434,0.24539512774806893,0.24584323040380046,0.24629080118694363,0.24673784104389088,0.21932424422050978,0.26303317535545023,0.2468916518650089,0.2715976331360947,0.21939680662329983,0.2470449172576832,0.2474896633195511,0.21959858323494688,0.2713864306784661,0.24764150943396226,0.2197996464348851,0.2714958775029446,0.22012948793407888,0.24764705882352941,0.26161081716637274,0.22032902467685075,0.27128596594245447,0.22065727699530516,0.26158357771261,0.2473622508792497,0.2478031634446397,0.22072599531615925,0.2480983031012288,0.2614035087719298,0.2483927527761543,0.27044392523364486,0.2708698190309399,0.220536756126021,0.27113702623906705,0.26107226107226106,0.24810716365754223,0.24854481955762514,0.24898196625945318,0.261046511627907,0.2492736780941313,0.2497096399535424,0.261172373766686,0.2703016241299304,0.2614492753623188,0.26187717265353416,0.2495657209033005,0.25,0.26200115673799884,0.21907514450867052,0.2622761409589833,0.26270207852193994,0.26947489901904215,0.21914648212226068,0.2195965417867435,0.22004608294930875,0.26252158894645944,0.22036823935558114,0.26279470960322027,0.24885057471264369,0.24928202182653647,0.2629161882893226,0.2495697074010327,0.22018348623853212,0.2681948424068768,0.24971363115693013,0.2684602175157413,0.25,0.2624356775300172,0.22,0.220445459737293,0.2682648401826484,0.24985738733599544,0.22063854047890535,0.2501424501424501,0.22095671981776766,0.26807057484348323,0.22127417519908987,0.26151222285389425,0.2215909090909091,0.2220329358319137,0.2224744608399546,0.22291548496880317,0.2613378684807256,0.2674220963172805,0.26160815402038506,0.2676853423882286,0.2228506787330317,0.2679479932165065,0.24858757062146894,0.2490118577075099,0.2612866817155756,0.24929498025944727,0.2677564825253664,0.22253521126760564,0.24943693693693694,0.24985931344963422,0.2609673790776153,0.22259696458684655,0.22303370786516855,0.2672655811341943,0.2676767676767677,0.2495793606281548,0.26065022421524664,0.24985994397759104,0.26763717805151177,0.2501398992725238,0.2606263982102908,0.22247065399664617,0.22290502793296088,0.26744835287548857,0.26060267857142855,0.2498605688789738,0.26755852842809363,0.2607242339832869,0.22271714922049,0.223149693934335,0.2497219132369299,0.26737076153418565,0.2677777777777778,0.26041088284286507,0.24972253052164262,0.25013865779256794,0.22283813747228381,0.26038781163434904,0.26744186046511625,0.26784726065301606,0.2682522123893805,0.2603648424543947,0.24972375690607734,0.2501380452788515,0.26048565121412803,0.26806398234969664,0.2607497243660419,0.26831955922865014,0.2687224669603524,0.2691249312052834,0.24972497249724973,0.26937877954920286,0.25,0.2213069741900055,0.2217343578485181,0.2501371365880417,0.2598684210526316,0.269041095890411,0.22179627601314347,0.26929392446633826,0.22210065645514224,0.2498633132859486,0.26939890710382514,0.269797924631349,0.25927947598253276,0.2220403709765412,0.26990185387131954,0.25940054495912807,0.2494553376906318,0.2221012520413718,0.26985854189336234,0.27025557368134856,0.24945652173913044,0.25909831613253664,0.25950054288816504,0.2702116115029843,0.24945770065075923,0.221680216802168,0.24972914409534128,0.2701678397401191,0.27056277056277056,0.22174148188209844,0.25891891891891894,0.24959481361426256,0.2591792656587473,0.24986508364813814,0.2594390507011866,0.2215633423180593,0.22198275862068967,0.26978998384491115,0.25941872981700753,0.27003765465303925,0.24946236559139784,0.24986566362170876,0.22180451127819548,0.25013419216317767,0.25912017167381973,0.250402144772118,0.22186495176848875,0.26941617568291376,0.2698072805139186,0.25896201177100053,0.25935828877005346,0.2699091394975949,0.25,0.25040042712226374,0.2700106723585913,0.2704,0.25906183368869934,0.27064464571124136,0.27103301384451545,0.2501330494944119,0.25053191489361704,0.25890483785220625,0.2592986184909671,0.2708443972384493,0.27123142250530785,0.2716180371352785,0.25026511134676566,0.2591414944356121,0.2505296610169492,0.250926416093171,0.2714285714285714,0.25118984664198835,0.21934460887949261,0.27152667723190704,0.2587117212249208,0.21952506596306068,0.25896624472573837,0.25092250922509224,0.2513171759747102,0.25908372827804105,0.25157894736842107,0.2193582325092057,0.2518401682439537,0.2590646347871781,0.2704831932773109,0.25196850393700787,0.25236096537250785,0.2527530152071316,0.2531446540880503,0.2587742273441592,0.27015706806282724,0.21873364730507588,0.21914225941422594,0.25875588081547307,0.27011494252873564,0.25274151436031334,0.2531315240083507,0.2190923317683881,0.27007299270072993,0.21938509640437728,0.2703125,0.25299323269130664,0.2533818938605619,0.2579303172126885,0.25363825363825365,0.25402597402597404,0.2580477673935618,0.2584327970939284,0.254149377593361,0.2545360290305858,0.25854922279792747,0.2589331952356292,0.2546583850931677,0.26901189860320746,0.25904860392967943,0.26925064599483206,0.25464876033057854,0.2591636551368095,0.2595459236326109,0.2692109334708613,0.2597938144329897,0.26944873776403916,0.21730175077239958,0.25990735975295937,0.26954732510288065,0.2601542416452442,0.2697841726618705,0.26040061633281975,0.27002053388090347,0.2606464853771165,0.261025641025641,0.26140440799589953,0.21670081967213115,0.2698412698412698,0.21699078812691913,0.21739130434782608,0.21779141104294478,0.26980071538068473,0.2609805924412666,0.2521694742215416,0.2612244897959184,0.2616012238653748,0.25229357798165136,0.25267447784004077,0.26171079429735233,0.26208651399491095,0.26907426246185145,0.26944585663446874,0.2525406504065041,0.2529202640934485,0.26954314720812184,0.21664129883307964,0.2616632860040568,0.26964014191586416,0.25278622087132724,0.26987341772151896,0.25303643724696356,0.21648963075366717,0.2532861476238625,0.2612430520464881,0.25353535353535356,0.26148409893992935,0.26185671039354186,0.21633888048411498,0.2691532258064516,0.21662468513853905,0.25327291037260824,0.2692501258178158,0.26156941649899396,0.21669180492709905,0.21708542713567838,0.26167754897036666,0.2620481927710843,0.26241846462619167,0.26278836509528586,0.2631578947368421,0.2685370741482966,0.25237856785177765,0.26326326326326327,0.2526263131565783,0.2685,0.25287356321839083,0.2162837162837163,0.26859710434348477,0.25299401197604793,0.2688279301745636,0.2691924227318046,0.25311410064773293,0.2694223107569721,0.26231956197112993,0.25323383084577117,0.2536051715564396,0.21570576540755468,0.26229508196721313,0.21598808341608738,0.26253101736972706,0.26884920634920634,0.25334655428854735,0.2537165510406343,0.2689450222882615,0.2623762376237624,0.2627412172191984,0.26904055390702275,0.26940187839841817,0.2628458498023715,0.2632098765432099,0.2694965449160908,0.26985693142575234,0.26331360946745563,0.26367668802365696,0.26403940886699506,0.21467257508616444,0.25246062992125984,0.26414166256763405,0.26450344149459193,0.2525798525798526,0.2691552062868369,0.2646048109965636,0.25269872423945045,0.26924963217263365,0.2529411764705882,0.21411073003429693,0.2644466209598433,0.25305922662750857,0.2534246575342466,0.26894865525672373,0.2644183773216031,0.21397166585246702,0.25341796875,0.2645192776964373,0.26878048780487807,0.26474890297415893,0.253411306042885,0.26887481734047736,0.26484907497565724,0.21362530413625305,0.2689688715953307,0.264948954788527,0.2691933916423712,0.25303545410393397,0.25339805825242717,0.264919941775837,0.2691561590688652,0.2535142995637421,0.2693798449612403,0.25375302663438254,0.2647628267182962,0.26511852926947266,0.26547388781431336,0.26582890285161914,0.26618357487922706,0.21245774987928537,0.21283783783783783,0.2662807525325615,0.2685631629701061,0.2689156626506024,0.25289017341040465,0.2532498796340876,0.26900866217516844,0.2126022126022126,0.2658653846153846,0.21287842383469485,0.26609029779058596,0.26884301488238116,0.2528790786948177,0.26618705035971224,0.26893576222435284,0.21274556780067083,0.25287356321839083,0.2661560555289612,0.2665071770334928,0.2529890004782401,0.26864244741873805,0.2666029622551362,0.2125119388729704,0.21288782816229118,0.21326335877862596,0.2684787792083929,0.2688274547187798,0.2691757979990472,0.2523809523809524,0.2660637791527844,0.2664129400570885,0.26676176890156916,0.2523764258555133,0.2669833729216152,0.26733143399810066,0.2686283815851922,0.2689753320683112,0.25225225225225223,0.25260663507109005,0.2690667929891047,0.26704545454545453,0.25272124940842405,0.2672658467360454,0.25295508274231676,0.2533081285444234,0.26877657061880017,0.267233238904627,0.26757904672015104,0.21132075471698114,0.26874115983026875,0.2115928369462771,0.2529439472444654,0.2674199623352166,0.2531764705882353,0.2676387582314205,0.2679830747531735,0.2683270676691729,0.2531705025833725,0.268075117370892,0.2684185828249648,0.2682926829268293,0.25316455696202533,0.253514526710403,0.268384074941452,0.26825842696629215,0.25362657931679927,0.2684752104770814,0.26881720430107525,0.26822429906542056,0.253619803829986,0.2689075630252101,0.26831544563695753,0.26865671641791045,0.26899766899766897,0.26933830382106244,0.2095947834187238,0.2686219739292365,0.20986505351326198,0.26930232558139533,0.2696420269642027,0.2100371747211896,0.2684626103111937,0.26973073351903437,0.2700696055684455,0.27040816326530615,0.2707464070468243,0.26830398517145504,0.27095877721167205,0.20972222222222223,0.25173530772790376,0.27104532839962997,0.26814609338881185,0.2712569316081331,0.2715935334872979,0.2719298245614035,0.2681125980618366,0.272140221402214,0.27247579529737204,0.2511520737327189,0.27268539843390144,0.20902394106813996,0.20938794293603313,0.26770929162833484,0.26804597701149424,0.2725183823529412,0.26825907211759303,0.209366391184573,0.2505736576411198,0.2724770642201835,0.26822558459422285,0.27268560953253895,0.2730187814933578,0.2733516483516483,0.25034324942791764,0.2506861848124428,0.2089620484682213,0.2093235831809872,0.2096847875742348,0.2100456621004566,0.2505705157462346,0.26733576642335766,0.26766985864113085,0.21011850501367366,0.2505694760820046,0.2509107468123862,0.267637687756031,0.2679708826205642,0.25102319236016374,0.25136363636363634,0.2716946842344389,0.2720254314259764,0.2723558783477077,0.20961887477313976,0.2675736961451247,0.2724388032638259,0.20978704123244224,0.26766304347826086,0.2100497962879131,0.21040723981900453,0.2677521483491633,0.2721518987341772,0.21057388160867602,0.27235772357723576,0.2501128668171558,0.27256317689530685,0.21064501578709968,0.2727682596934175,0.2672374943668319,0.26756756756756755,0.2678973435389464,0.2682268226822682,0.2496626180836707,0.26843525179856115,0.21033707865168538,0.21069182389937108,0.26852267624607096,0.21095152603231598,0.2494392104082548,0.2717488789237668,0.21111609143881668,0.2114695340501792,0.24944021495745633,0.26812891674127126,0.24966442953020135,0.26833631484794274,0.21144389807778274,0.21179624664879357,0.2684234033050469,0.21205357142857142,0.249442213297635,0.26851025869759143,0.21221578243423986,0.21256684491978609,0.27037861915367484,0.2684772929652716,0.24922118380062305,0.26868327402135234,0.21253890618052468,0.21288888888888888,0.2132385606397157,0.2135879218472469,0.24900133155792276,0.2684117125110914,0.26962305986696233,0.24911347517730498,0.24944616747895437,0.2683790965456156,0.249667994687915,0.25,0.26846528084918175,0.21308576480990274,0.2691117984975696,0.21333922261484098,0.24988962472406182,0.26919682259488087,0.21349801499779444,0.25,0.26795945350374617,0.25022026431718064,0.25055041831792163,0.2680457746478873,0.2683677958644963,0.21328056288478453,0.25054945054945055,0.26845342706502634,0.2507685551163812,0.2510974539069359,0.2132514260640632,0.21359649122807017,0.2512056115738711,0.2677475898334794,0.2514235654840123,0.2136602451838879,0.26783369803063456,0.21391076115485563,0.21425448185395715,0.2679195804195804,0.2512013979903888,0.21441048034934498,0.2671322566564819,0.26788830715532286,0.2511993022241605,0.26721883173496075,0.2514161220043573,0.26742160278745647,0.25163256421419244,0.2519582245430809,0.21400608960417572,0.2673913043478261,0.25206431986093003,0.26715899218071243,0.21406860616587062,0.2521701388888889,0.2672451193058568,0.26712922810060713,0.2141309059384482,0.2673310225303293,0.267215244694673,0.2675324675324675,0.2674167027260926,0.2517301038062284,0.26761781236489407,0.2139152981849611,0.2673866090712743,0.25172711571675305,0.2675873974967631,0.26747195858498707,0.2677878395860285,0.2517241379310345,0.2137009909521758,0.26744186046511625,0.2677572105036591,0.2676419965576592,0.21376344086021506,0.2515047291487532,0.2677266867211001,0.26804123711340205,0.2674967797337913,0.21373390557939914,0.2681252681252681,0.2684391080617496,0.2511787398199743,0.2686375321336761,0.26723768736616704,0.21361301369863014,0.26743688489516476,0.2686056458511548,0.26763574176998717,0.21367521367521367,0.26783425886373347,0.2681468830059778,0.2684592402902262,0.26834470989761094,0.21364605543710022,0.26854219948849106,0.2684277801448658,0.26873935264054516,0.26862494678586635,0.26893617021276595,0.21352615908124203,0.2495748299319728,0.2685932851678708,0.21367884451996602,0.2140127388535032,0.26867572156196945,0.2685617310140008,0.268871925360475,0.26918185671894873,0.26864406779661015,0.2689538331215587,0.26926333615580017,0.26914938637325436,0.2694585448392555,0.24862579281183933,0.2489433643279797,0.26911702577101815,0.26942567567567566,0.2693119459687632,0.26962025316455696,0.21299029945170814,0.2487352445193929,0.24905183312262957,0.2691659646166807,0.2694736842105263,0.2697811447811448,0.27008834665544806,0.27039529015979813,0.2126944094157209,0.27058823529411763,0.2708945821083578,0.27120067170445006,0.27150650440621066,0.2483221476510067,0.26834381551362685,0.2715842414082146,0.271889400921659,0.21231155778894473,0.26831310171619926,0.2686192468619247,0.27185278126306983,0.2721571906354515,0.21228583368157125,0.21261487050960734,0.2722338204592902,0.21285475792988315,0.2682519816437213,0.27231025854879065,0.27261358899541477,0.24708333333333332,0.26822157434402333,0.268526228143214,0.2725759467332501,0.21256239600665558,0.2128898128898129,0.21321695760598502,0.26838388034898214,0.26868770764119604,0.26899128268991285,0.24647302904564317,0.269182911654915,0.24668325041459369,0.21301284707832574,0.21333885666942834,0.2691511387163561,0.24668874172185432,0.27141083988415393,0.2692307692307692,0.21331128565522944,0.24669421487603305,0.21354812061131764,0.2138728323699422,0.2141972761040033,0.2145214521452145,0.2688659793814433,0.2691673536685903,0.2694684796044499,0.2697693574958814,0.2700699876492384,0.27037037037037037,0.21431509666803786,0.2701480263157895,0.21454993834771888,0.21487263763352507,0.21519507186858317,0.27011494252873564,0.27041444398851044,0.26989335520918784,0.27060270602706027,0.2151639344262295,0.24498156493240475,0.27067977067977067,0.27097830536225953,0.26963993453355156,0.27116564417177913,0.24488961569910056,0.2697180220678382,0.24509803921568626,0.27113107390771746,0.2714285714285714,0.2717258261933905,0.24510603588907015,0.2694659600489197,0.2143439282803586,0.21466395112016293,0.24511400651465798,0.27146927146927147,0.27176566314076483,0.269215128100854,0.2146341463414634,0.2694026818366518,0.2717303005686434,0.27202598457166055,0.27232142857142855,0.27261663286004056,0.272911597729116,0.21443048236724768,0.273095623987034,0.21466180639935195,0.21497975708502023,0.26871711857547553,0.215210355987055,0.21552769915082895,0.2687954729183509,0.2727272727272727,0.2689822294022617,0.2692773516350424,0.26957223567393057,0.24324324324324326,0.26975806451612905,0.2724707779121322,0.21514907332796132,0.21546516310914215,0.21578099838969403,0.21609657947686117,0.26950925181013674,0.2698029754724568,0.2721061093247588,0.2723985536359984,0.26987951807228916,0.21597751906864712,0.27247191011235955,0.2699558764540714,0.272654370489174,0.2160320641282565,0.21634615384615385,0.24189026832198637,0.2421937550040032,0.2725090036014406,0.2728,0.2730907636945222,0.21622701838529176,0.27327207351178584,0.26916932907348246,0.27345309381237526,0.2693535514764565,0.2736338252891903,0.26953748006379585,0.24153049023515344,0.2737051792828685,0.27399442453205897,0.24164012738853502,0.2693991245523279,0.21559268098647574,0.2739562624254473,0.215818759936407,0.21613031386571316,0.2692613185067514,0.24136562127828504,0.26944444444444443,0.2697342324474415,0.2160983346550357,0.2734839476813318,0.2737717908082409,0.2697029702970297,0.273950910530483,0.2742382271468144,0.2697784810126582,0.27006722024515617,0.2158102766798419,0.2702489134729356,0.2160347551342812,0.27398341887090405,0.27426992896606156,0.27455621301775146,0.2748422712933754,0.2751281040599133,0.2698975571315997,0.21583300512012604,0.21614173228346456,0.2699724517906336,0.27498033044846576,0.2162799842705466,0.2165880503144654,0.23929273084479372,0.26983503534956793,0.23949744797801334,0.27472527472527475,0.269909768536681,0.27019607843137255,0.2747941983535868,0.27507836990595613,0.2753623188405797,0.23923257635082223,0.23953033268101762,0.2699530516431925,0.27532264372311305,0.27560594214229867,0.27002735443532627,0.27578125,0.2760640374853573,0.2392661982825917,0.26999609832227855,0.27613104524180965,0.2764132553606238,0.2766952455183164,0.2769770159719517,0.23909657320872274,0.23939275982872713,0.27704280155642025,0.27732399844418515,0.2776049766718507,0.23940924990283716,0.2777777777777778,0.27805825242718446,0.2783385093167702,0.2689173457508731,0.2692009309542281,0.23924001550988755,0.27829457364341087,0.2785741960480434,0.2393493415956623,0.2787456445993031,0.2689628482972136,0.27891682785299804,0.2791956689868523,0.27947429454967143,0.2689335394126739,0.27964465044418696,0.21312741312741312,0.2690081049787727,0.2692901234567901,0.26957192441187816,0.279491133384734,0.23853564547206166,0.2796610169491525,0.2695417789757412,0.2128560431100847,0.27972297037322047,0.21307692307692308,0.21337946943483277,0.21368178324365872,0.2139838647714176,0.21428571428571427,0.2794625719769674,0.2797390636991558,0.28001534330648253,0.21434049079754602,0.26868532004599466,0.2689655172413793,0.23745691306013023,0.27986217457886675,0.26903941829314965,0.23756694720734506,0.2692160611854684,0.2694954128440367,0.2376767290790982,0.2696715049656226,0.27949599083619703,0.27977099236641223,0.26974437237695537,0.2135774218154081,0.23751429660693862,0.27972560975609756,0.28,0.26961157654226964,0.26988960791777694,0.2800608828006088,0.2803347280334728,0.28060836501901143,0.28088179399467883,0.23708206686930092,0.281048233953665,0.2372817008352316,0.23757115749525617,0.26934749620637327,0.2696245733788396,0.2699014404852161,0.2701780977643047,0.27045454545454545,0.27073078379401744,0.2804693414080242,0.28074158153613316,0.2371406959152799,0.28090737240075614,0.21201814058956917,0.281072912731394,0.270392749244713,0.2706681766704417,0.2709433962264151,0.27121840814786874,0.27149321266968324,0.2808141726347531,0.23662396382818388,0.27156308851224104,0.2368222891566265,0.2717350395182537,0.21143717080511662,0.28055660022564877,0.21165413533834587,0.21195039458850057,0.21224643125469572,0.28051070221554636,0.2807807807807808,0.2123827392120075,0.23630907726931732,0.23659542557180352,0.2709895052473763,0.28062944923192207,0.2808988764044944,0.21228004492699362,0.2125748502994012,0.28095772540216984,0.23635003739715782,0.27065420560747666,0.2365470852017937,0.2809114680612626,0.2707244212098581,0.2810750279955207,0.2708955223880597,0.2122342409548676,0.23639075316927666,0.23667536339918002,0.23695976154992549,0.237243947858473,0.28071481757259864,0.2809825083736509,0.23735119047619047,0.2811454072145779,0.27026022304832714,0.23745819397993312,0.21173848439821694,0.2703304864463424,0.27060133630289535,0.21187384044526902,0.28078635014836795,0.2810530218761587,0.21200889547813195,0.27047054464616527,0.21222222222222223,0.21251388374676045,0.28090303478904516,0.28116907140214575,0.23668639053254437,0.2702402957486137,0.270509977827051,0.2707794606575545,0.2710487444608567,0.2713178294573643,0.27158671586715866,0.2718554039099963,0.2806047197640118,0.27202359012163657,0.27229182019159914,0.27255985267034993,0.27282768777614136,0.27309532572690465,0.21155261221486388,0.21184258918720117,0.23566176470588235,0.28004410143329656,0.27296105804555476,0.2802056555269923,0.2118208516886931,0.23559633027522936,0.2802641232575202,0.28052805280528054,0.2727272727272727,0.27299377061194574,0.21172161172161172,0.2731600146466496,0.23535871156661786,0.27332601536772777,0.27359180687637163,0.27385740402193787,0.2741228070175439,0.2743880160759956,0.27976625273922573,0.27455275648046734,0.2748175182481752,0.279824881430135,0.274981765134938,0.27524608093328473,0.2755102040816326,0.27577413479052826,0.21085214857975237,0.27957772115034585,0.27983988355167394,0.2109858130229174,0.21127272727272728,0.21155943293347873,0.279796511627907,0.2753359970940792,0.275599128540305,0.27586206896551724,0.2797532656023222,0.21146173376858904,0.21174764321972445,0.21203334541500543,0.23333333333333334,0.23361101050344077,0.27552498189717595,0.2338038364096996,0.2793053545586107,0.2795660036166365,0.279826464208243,0.21178171304662088,0.279985549132948,0.27518959913326113,0.2335740072202166,0.28004330566582464,0.27525252525252525,0.23368193292463035,0.2754145638067772,0.2756756756756757,0.23378962536023054,0.27979834353619015,0.2339812814974802,0.27995681899964014,0.2802158273381295,0.27544048903272206,0.2757009345794392,0.2802730865971973,0.2805316091954023,0.2757630161579892,0.21069633883704236,0.2759239325439541,0.2804878048780488,0.2108282538544281,0.2806451612903226,0.2110354711572913,0.21131805157593123,0.21160042964554243,0.28060128847530424,0.2808586762075134,0.23283261802575106,0.28101537361458706,0.21157969978556113,0.2811718470882458,0.23285714285714285,0.23313102463405927,0.28122769450392576,0.2747056724937567,0.27496433666191156,0.275222816399287,0.21133285816108338,0.21161382258639116,0.280982905982906,0.28123887504449985,0.27508896797153026,0.2813945215225898,0.28165007112375534,0.2819054390330608,0.28216062544420756,0.2824156305506217,0.21129261363636365,0.2825701100461484,0.28282469836763663,0.21142249024476764,0.21170212765957447,0.23183268344558666,0.2742735648476258,0.2826780021253985,0.23194050991501416,0.28283185840707964,0.27423920736022644,0.2744959320834807,0.23196605374823195,0.27465535524920465,0.21130742049469964,0.28258565877781705,0.2747175141242938,0.27497352629721145,0.23182780522230065,0.2751322751322751,0.27538787023977435,0.28234050052872756,0.2755461592670895,0.21098978513561112,0.2112676056338028,0.2316085885251672,0.2821956368754398,0.2824481181850158,0.23171589310829818,0.2826010544815466,0.2111735769501054,0.2827537759044608,0.21137640449438203,0.23166023166023167,0.2319298245614035,0.27464047702560507,0.27489481065918653,0.275148966000701,0.2754029432375613,0.21120840630472854,0.2822128851540616,0.23171158557927896,0.2753673897830651,0.23189926547743966,0.2755244755244755,0.21111499475707796,0.27568134171907754,0.2759343346140412,0.27618715083798884,0.2111692844677138,0.2316817864619679,0.2814788978025811,0.27615062761506276,0.2764029278494249,0.21114982578397212,0.21142459073493555,0.2116991643454039,0.21197354681517577,0.28114126652748783,0.21217391304347827,0.21244784422809457,0.28119568995481403,0.28144544822793605,0.27579020493226813,0.2815972222222222,0.2818465810482471,0.2820957668285913,0.2757544224765869,0.21220527045769763,0.28214904679376085,0.2823977823977824,0.27571873917561485,0.28254847645429365,0.21218414676358602,0.2757785467128028,0.2826011760636458,0.28284923928077454,0.28309713100587625,0.2833448514167243,0.229706390328152,0.28349447513812154,0.2754573696927856,0.2757073844030366,0.2759572266298724,0.21172413793103448,0.28335056876938985,0.2835975189524466,0.2838442990010334,0.27582644628099173,0.27607573149741826,0.2838953888506538,0.21155830753353974,0.22902338376891335,0.22928841526297697,0.2838487972508591,0.2758502232909653,0.2760989010989011,0.2763474081702712,0.2765957446808511,0.21132075471698114,0.2115912208504801,0.22900239972574563,0.27655928718300204,0.27680712572798905,0.28321917808219177,0.28346456692913385,0.283709787816564,0.22887444406431748,0.28385772913816687,0.27658119658119656,0.22898154477101845,0.2839084386744107,0.2766393442622951,0.22908842608398772,0.2767918088737201,0.2838621630842716,0.284106412005457,0.21070576201841118,0.2842535787321063,0.28449744463373083,0.276566757493188,0.2846441947565543,0.22872702518720217,0.28479074515141206,0.27653061224489794,0.2767766065963958,0.2770224337185588,0.27726809378185524,0.27751358695652173,0.28455008488964345,0.21011541072640869,0.2846963013233797,0.22829036635006783,0.2773821634452357,0.2776271186440678,0.277871907827855,0.22831978319783197,0.2780223501523874,0.27826675693974273,0.22842639593908629,0.27841677943166443,0.2096719648292188,0.27856659905341447,0.28387968908415007,0.27871621621621623,0.2840256670043904,0.22822417285617827,0.27877151535605804,0.2840755735492578,0.278920741989882,0.2842211732973702,0.2844624199528143,0.28470350404312667,0.2849444257325699,0.2851851851851852,0.2278694042409963,0.22812920592193808,0.28523377060208543,0.27841291190316075,0.27865546218487397,0.2086693548387097,0.2851864292912328,0.28542646071188715,0.22792883517959048,0.28557046979865774,0.28581013082858103,0.278336686787391,0.2785786121354341,0.285857908847185,0.27872696817420434,0.27896851975887477,0.22765316370940744,0.2791164658634538,0.27935764469722313,0.27959866220735785,0.279839518555667,0.22760695187165775,0.2799866354827932,0.2852371409485638,0.2854757929883139,0.2800400534045394,0.2802802802802803,0.2274849899933289,0.2854284761587196,0.2803333333333333,0.2855714761746085,0.22751499000666223,0.2857142857142857,0.22769640479360853,0.28019966722129785,0.28043912175648705,0.2068506817426006,0.20711436170212766,0.2073778664007976,0.28538205980066444,0.20757223513782797,0.20783532536520585,0.20809824095585794,0.2083609820836098,0.2086235489220564,0.28514588859416445,0.2088167053364269,0.2852882703777336,0.2855250082808877,0.2857615894039735,0.28599801390268126,0.22667107875579087,0.2791928547800199,0.22685185185185186,0.2271074380165289,0.2858559153998678,0.28609184010571526,0.20838837516512548,0.2086497193793331,0.2089108910891089,0.209171890465193,0.2859498680738786,0.2861852950873722,0.27851021753460775,0.28632619439868207,0.2865612648221344,0.2867961804412249,0.28703094140882157,0.2872655478775913,0.20888157894736842,0.2874054587306807,0.2781065088757396,0.2090042720999014,0.2092641261498029,0.20952380952380953,0.28726198292843075,0.28749589760420086,0.28772965879265094,0.2879632666448016,0.2881967213114754,0.22549983611930516,0.28833551769331583,0.2774320340648542,0.2776686313032089,0.20916530278232406,0.2882853403141361,0.2885181550539745,0.2776324395029431,0.2886564236678653,0.22516339869281046,0.22541653054557334,0.28870019595035923,0.2889324191968658,0.20887728459530025,0.28907014681892335,0.2893020221787345,0.2895337463319204,0.2897653194263364,0.27696318018898664,0.2899022801302932,0.2901335070009769,0.22493489583333334,0.27692808330621543,0.2771633051398829,0.27739837398373984,0.28998699609882966,0.2775430614234644,0.2777777777777778,0.27801234166937316,0.27824675324675324,0.20804933463161313,0.20830629461388708,0.28965293545248133,0.2782101167315175,0.2897893030794165,0.22423849643551522,0.22448979591836735,0.28983160621761656,0.27808352217546134,0.22459546925566343,0.2898738272403753,0.29010349288486414,0.27804720336243127,0.2902391725921138,0.29046849757673665,0.29069767441860467,0.29092670326122055,0.20755326016785022,0.29106163278476926,0.277741935483871,0.22412125120928733,0.2911025145067698,0.27779568159845314,0.27802835051546393,0.2782608695652174,0.2240824211204121,0.2243321532024461,0.2783140283140283,0.2071405596654873,0.20739549839228297,0.20765027322404372,0.29048843187660667,0.2907163507870222,0.2077713551701991,0.20802568218298556,0.2779204107830552,0.2906641000962464,0.2780628608082104,0.20807951266431549,0.2782051282051282,0.2906119833386735,0.2908392056374119,0.2910662824207493,0.2912932138284251,0.29152,0.2232885476647473,0.29165334186120884,0.27781329923273657,0.20773410035155002,0.2916932907348243,0.2079207920792079,0.2777777777777778,0.27800829875518673,0.22303765156349714,0.22328548644338117,0.2780612244897959,0.22346190627988524,0.27820267686424477,0.29117553360942977,0.2914012738853503,0.2075772047118752,0.2078294080203692,0.2780782691695832,0.2913486005089059,0.27821939586645467,0.27844882390336934,0.20781696854146806,0.29129606099110544,0.2785011114639568,0.22285714285714286,0.22310377657886385,0.29124365482233505,0.2914684427529337,0.2783766645529486,0.2786053882725832,0.22306717363751585,0.2787456445993031,0.27897403419886,0.2792022792022792,0.27943037974683543,0.27965833596962986,0.290955091714105,0.2797976604489409,0.2800252844500632,0.20695102685624012,0.20720151610865445,0.20745184717398168,0.29071969696969696,0.20763647838434837,0.222397476340694,0.2226426994638915,0.2228877679697352,0.2905767412543334,0.22306238185255198,0.2907086614173228,0.20749370277078086,0.2077431539187913,0.2907488986784141,0.29097200377477195,0.2229559748427673,0.27884313109085196,0.29101194217473286,0.29123468426013194,0.27889447236180903,0.2913657770800628,0.2915881983678594,0.2918104800753059,0.2788582183186951,0.2790843524615867,0.2793103448275862,0.2917580695706675,0.2224310776942356,0.27936110241152523,0.22260488415779586,0.22284820031298905,0.29161451814768463,0.29183609634031904,0.29205753595997497,0.2922788371366052,0.2228125,0.2924086223055295,0.2788881948782011,0.2925382453949422,0.29275905118601747,0.29297971918876753,0.29320024953212726,0.2934206423448706,0.22256857855361595,0.29354939233406047,0.2937694704049844,0.27841793833696665,0.29389788293897884,0.22253345782757547,0.22277535780958307,0.2939346811819596,0.2941542288557214,0.27820951196767174,0.27843380981976384,0.20534327430879154,0.22267080745341614,0.27848494256442097,0.29391682184978274,0.2786224014892957,0.29404466501240695,0.29426356589147284,0.2786732796032238,0.2943910753021382,0.2788104089219331,0.27903375658098484,0.27925696594427246,0.27948003714020425,0.2942450495049505,0.2796164553046706,0.279839208410637,0.20463678516228748,0.20488257107540173,0.20512820512820512,0.20537368746139592,0.29391787588761964,0.2796296296296296,0.2798518975624807,0.28007402837754475,0.2802960222016651,0.280517879161529,0.22126348228043144,0.2935921133703019,0.2805666769325531,0.28078817733990147,0.22129886118805786,0.2935384615384615,0.2937557674561673,0.28075030750307506,0.28097141100522594,0.29379225568531037,0.20460829493087557,0.20485257985257985,0.28093337427080134,0.20503376304481277,0.2936483583921448,0.20521472392638038,0.20545844832873353,0.28080931943592885,0.22065583818571866,0.2809436274509804,0.20551301684532924,0.2810777709736681,0.2056932966023875,0.28121175030599754,0.20587335576628937,0.28134556574923547,0.2928767960868236,0.2930929095354523,0.22028719828903148,0.2813072693952352,0.2815267175572519,0.22039072039072038,0.28166005492828805,0.2928615009151922,0.29307715767002135,0.29329268292682925,0.2935080768058519,0.29372333942717854,0.2814498933901919,0.28166869671132766,0.2937595129375951,0.29397443700547776,0.28171585031944024,0.20498783454987834,0.20522955305564,0.2939209726443769,0.21969006381039197,0.281591737545565,0.20528393562101427,0.2938676381299332,0.281638846737481,0.2054004854368932,0.20564149226569609,0.29381443298969073,0.20581994543801152,0.20606060606060606,0.2814298697364435,0.29376135675348275,0.2815622161671208,0.2938861985472155,0.28169440242057486,0.28191167574107684,0.28212881765951014,0.218863361547763,0.2937443336355394,0.29395770392749243,0.2189670794321957,0.2940821256038647,0.21913673407787504,0.21937235968617985,0.2817496229260935,0.2819662243667069,0.2821826952065119,0.2823990355635925,0.2937631816812293,0.29397590361445786,0.29418849744052994,0.2944009632751355,0.2190791453505868,0.2945246690734055,0.28210526315789475,0.28232110643415514,0.21911632100991885,0.21935096153846154,0.21958546109942925,0.29429429429429427,0.2821975382767938,0.20438175270108044,0.29432943294329433,0.21955608878224356,0.28215892053973013,0.2823741007194245,0.2825891519328738,0.29418813660874776,0.2827193770589997,0.20419161676646708,0.2942232864411853,0.20436864153201675,0.21926413401136705,0.2825956937799043,0.2828101644245142,0.2193664076509265,0.29399462204959664,0.28285543608124253,0.28306957300686775,0.29402985074626864,0.29424052521635335,0.2944510739856802,0.29466149716671636,0.2948717948717949,0.2038748137108793,0.21901072705601907,0.21924337205838546,0.2194758784991066,0.2947305745757666,0.2824404761904762,0.2948527224040464,0.2950624628197501,0.2824858757062147,0.29518430439952437,0.29539375928677564,0.2956030897207368,0.28244728244728246,0.20338479809976248,0.21905609973285842,0.29554896142433235,0.2957579353307624,0.2823250296559905,0.2958790394307738,0.2033195020746888,0.20355555555555555,0.21889810426540285,0.21912940479715723,0.2821195973949082,0.2823320509026339,0.28254437869822485,0.28275658089322686,0.21910112359550563,0.28288501330180316,0.283096926713948,0.29512555391432793,0.28322504430005907,0.283436669619132,0.29515938606847697,0.29536736500442606,0.28348082595870205,0.28369212621645534,0.28390330188679247,0.2953138815207781,0.2955215085444903,0.28394698085419734,0.20259128386336867,0.2840741831027377,0.2842848734549735,0.2182994998528979,0.2185294117647059,0.21875918847397824,0.2951205173427396,0.28416103438142815,0.21886016451233842,0.28428781204111603,0.20229007633587787,0.29498092163193423,0.29518779342723006,0.2953945438545028,0.29560117302052785,0.2958076810319554,0.29601406799531066,0.2021681804863756,0.2961335676625659,0.28374816983894585,0.20228337236533958,0.29616622768510387,0.28379169104739616,0.2181924539338988,0.28391812865497074,0.29611224788073665,0.28404441846873174,0.20216184633362547,0.2023948598130841,0.20262773722627736,0.2028604786923526,0.29588561423985993,0.2960910151691949,0.2962962962962963,0.29650145772594755,0.2967064995628097,0.2835081585081585,0.2968249344596563,0.28363424577751895,0.29694323144104806,0.2971478463329453,0.2973523421588595,0.2975567190226876,0.29776097702820586,0.21715116279069768,0.2978785236849753,0.2980825101685067,0.2831832704037177,0.28339140534262486,0.20203193033381714,0.2980266976204295,0.28343487090223385,0.2021461716937355,0.29805740794433166,0.2982608695652174,0.2984642132715155,0.2833140208574739,0.21662322618013322,0.28343949044585987,0.2984081041968162,0.2986111111111111,0.2834827885449812,0.29872758820127243,0.2989303266840127,0.2991329479768786,0.2834440913030916,0.28365106874638935,0.2838579266531909,0.20150115473441108,0.298989898989899,0.2160992498557415,0.2991058552062302,0.20155709342560554,0.2017872585759585,0.21613832853025935,0.28349178910976663,0.28369815668202764,0.28390440541318746,0.28411053540587217,0.298705035971223,0.29890678941311855,0.2016105838366408,0.20184013801035078,0.29893647599885026,0.2991379310344828,0.2993392703246194,0.2018954623779437,0.28366350846971,0.21555683122847302,0.2157819225251076,0.2837062535857717,0.28391167192429023,0.2990252293577982,0.2992261392949269,0.2994269340974212,0.29962761386422226,0.2016036655211913,0.20183223590037216,0.28362907842014884,0.2995708154506438,0.20194508009153317,0.2836717186159565,0.28387650085763294,0.2152043440983138,0.29942857142857143,0.2839188803199086,0.2841233580810965,0.2843277190979161,0.2151826484018265,0.2844507845934379,0.20165430690245295,0.28457370972341034,0.2847776510832383,0.2017668851524651,0.29886039886039883,0.29906009683850754,0.2847380410022779,0.2991744947338457,0.20176437108708026,0.2847795163584637,0.28498293515358364,0.29911856696047767,0.2993177942012507,0.2995169082125604,0.2997159090909091,0.2999147969326896,0.30011357183418513,0.2847005393130854,0.2849035187287174,0.2851063829787234,0.2013613159387408,0.2999716472923164,0.30017006802721086,0.30036837631056956,0.21388101983002833,0.30048145001416027,0.20130237825594563,0.30059439569770735,0.30079230333899265,0.21386138613861386,0.2845022624434389,0.2847045518801244,0.30073487846240815,0.30093246679853064,0.30112994350282485,0.2846653487715335,0.28486730660643705,0.2850691504374824,0.2852708803611738,0.28547249647390693,0.2134799774393683,0.2855934592613476,0.20067643742953778,0.2857142857142857,0.30056338028169016,0.3007603491974092,0.3009572072072072,0.2856740782437377,0.2858750703432752,0.3009845288326301,0.30118110236220474,0.2004498172617374,0.20067453625632378,0.28575442540039336,0.20084269662921347,0.30103903397921933,0.3012352610892757,0.3014313780522032,0.21268237934904602,0.2129032258064516,0.3014582164890634,0.20072890384076256,0.2009529147982063,0.2852339590921827,0.2854341736694678,0.2856342761131336,0.2858342665173572,0.2860341449762105,0.21264689423614996,0.28615384615384615,0.20078299776286354,0.30081073525300533,0.301006148686417,0.30120145291981,0.2860335195530726,0.21251047193521364,0.2861529871580123,0.21267094613452414,0.212890625,0.200557880055788,0.2861126603457892,0.20072483969891275,0.20094760312151616,0.30064084703259963,0.2128133704735376,0.21303258145363407,0.21325167037861914,0.30058446980239356,0.20089037284362826,0.20111265646731571,0.20133481646273638,0.3005282179594106,0.3007226236798221,0.3009169213670464,0.2852777777777778,0.28547625659539017,0.2856746252082177,0.2128781570913128,0.30077691453940064,0.2857142857142857,0.2859123682750971,0.2861103410036041,0.30072062084257206,0.21280133000831256,0.28614958448753464,0.2863472722237607,0.2129014396456257,0.3005812344312206,0.21306032097399003,0.20055325034578148,0.21321902654867256,0.2861487420514238,0.21337755666113875,0.2862669245647969,0.28646408839779003,0.2866611433305717,0.30011043622308115,0.213359094672923,0.2866997792494481,0.2868965517241379,0.21345835631549917,0.21367521367521367,0.21389195148842338,0.21410856985395427,0.2997245179063361,0.19994491875516388,0.21420704845814978,0.20011010184420588,0.2143643368189323,0.21458046767537828,0.2863036303630363,0.21473742095133352,0.2993402968664101,0.28634240175872494,0.29945054945054944,0.2996429552320791,0.21471718835804504,0.21493274773538293,0.21514818880351264,0.21536351165980797,0.2995063082830499,0.19961612284069097,0.19983552631578946,0.20005480953685942,0.29945205479452053,0.2152834839769926,0.2001642935377875,0.21543936490555707,0.29939792008757526,0.2002735978112175,0.2852844638949672,0.21547716707683895,0.2854018589393111,0.20032795845859525,0.29918032786885246,0.2993717563507238,0.2154560349535773,0.2852852852852853,0.2854803493449782,0.28567530695770804,0.28587015821058376,0.28606490319061906,0.20010905125408943,0.2153175252112292,0.21553133514986375,0.21574502860256062,0.21595860566448802,0.2161720664307106,0.29858464888405006,0.2857142857142857,0.28590859630032645,0.21620886592330704,0.21642196846112016,0.298450665941832,0.2986413043478261,0.29883183917413747,0.2164584464964693,0.21667119196307358,0.2988599348534202,0.2990502035278155,0.21676614215952253,0.2991592080282072,0.2993492407809111,0.2168609379235565,0.2994579945799458,0.29964779192630725,0.21695557963163598,0.2171676144056323,0.29967514889009206,0.21732070365358594,0.19886363636363635,0.28455504463078174,0.1990265008112493,0.19924303865909707,0.29945945945945945,0.2172385841664415,0.21745002701242572,0.2994869025114772,0.2996760259179266,0.21754385964912282,0.2177549919050189,0.21796601025087672,0.21817691477885653,0.21838770558101914,0.2838274932614555,0.2840204796550795,0.29929956896551724,0.19876110961486668,0.2183629509962305,0.2839838492597577,0.28417653390742736,0.2843691148775895,0.21839698762775686,0.28448507663350364,0.19865591397849464,0.29884439666756246,0.284524449220849,0.21837228041901693,0.21858216970998925,0.21879194630872484,0.19860440150295222,0.218942849476791,0.19876609442060086,0.19898096004290694,0.19919571045576406,0.28410613776467436,0.28429796355841375,0.28448968657915885,0.19925013390465987,0.2846050870147256,0.284796573875803,0.284987958255285,0.28517924023542,0.19925113666755817,0.19946524064171123,0.1996792301523657,0.29743452699091394,0.19983970077477958,0.20005341880341881,0.29746328437917224,0.200213561131874,0.2180410995463037,0.2003735325506937,0.20058682315284077,0.21813333333333335,0.29725406558251133,0.2974413646055437,0.2843058886224354,0.2975492807671817,0.21810918774966712,0.20047923322683706,0.20069204152249134,0.21820117083555082,0.2008512902367651,0.20106382978723406,0.21829300717894176,0.2012227538543328,0.28381610417220304,0.2013815090329437,0.2839309428950863,0.29686670207116306,0.2840456596761349,0.2014331210191083,0.20164499867338817,0.2180371352785146,0.21824449748077432,0.21845174973488865,0.2016962629207527,0.20190779014308427,0.2185430463576159,0.2020656779661017,0.2835583796664019,0.2837480148226575,0.20216988621328394,0.20238095238095238,0.20259190690293574,0.21840296139608673,0.28363732487443827,0.20269556025369978,0.20290620871862616,0.20311674590596937,0.29548455241616056,0.29567053854276665,0.20321984692531012,0.20343007915567282,0.21814824584542336,0.2956223628691983,0.21829686264170842,0.20347917764891935,0.2956521739130435,0.20363540569020022,0.2038451409007111,0.28278041074249605,0.20400105290866016,0.20421052631578948,0.21810049986845567,0.2953708574434508,0.21824875098606364,0.29547844374342797,0.20420499342969778,0.20441408302679978,0.21828211189913319,0.20456932773109243,0.20477815699658702,0.2952755905511811,0.2183154027814222,0.28200419727177334,0.21846315237345923,0.2821185107498689,0.20471821756225425,0.21855345911949686,0.20487293686140948,0.2820848611838659,0.20502749410840534,0.20523560209424083,0.2946872546453808,0.2053898482469911,0.21841485744179964,0.2055439330543933,0.28183006535947713,0.21850496602195504,0.29448654298406063,0.21865203761755486,0.20553669365369548,0.28172323759791124,0.21874184286087184,0.2056367432150313,0.2058439864336029,0.21883150756390193,0.20599739243807041,0.2062043795620438,0.20641125879593433,0.20661803022407504,0.2813232612659547,0.29375,0.2067170007810466,0.20692347735554398,0.2185792349726776,0.2187825182101977,0.20702210663198958,0.20722828913156527,0.28099818040031194,0.2811850311850312,0.2933229410236425,0.2187012987012987,0.20721890418073227,0.21884735202492211,0.293277965221905,0.21899325376232487,0.2072632944228275,0.2074688796680498,0.2932330827067669,0.2190254017625713,0.21922777921741385,0.2805699481865285,0.2931882931882932,0.20740548938373898,0.29329536629562514,0.20755693581780538,0.21914618369987063,0.20770822555613036,0.21929144039306955,0.28024819027921405,0.20780563453088655,0.20801033591731266,0.21932317230689743,0.20816115702479338,0.20836560805577073,0.20856995353639649,0.2926451612903226,0.20872033023735811,0.29275212793396954,0.2929345023207839,0.2191286414024233,0.2930412371134021,0.21927338314867303,0.20865533230293662,0.2930723667267577,0.21936148300720906,0.20875160875160875,0.208955223880597,0.21944944687419604,0.20910493827160495,0.20930830547698637,0.21953727506426735,0.20945772295039836,0.2787769784172662,0.2096069868995633,0.2925012840267078,0.2097560975609756,0.2926078028747433,0.27867590454195534,0.21934325295023088,0.21954347268530391,0.20974358974358975,0.2099461676493207,0.21963095848282932,0.21983089930822444,0.27843237704918034,0.27861715749039695,0.27880184331797236,0.2920399283337599,0.21980552712384852,0.27884369403939624,0.21994884910485935,0.20966504730248017,0.20986707566462168,0.22003577817531306,0.21001532958610117,0.27867177522349934,0.2916241062308478,0.22006637732958897,0.29173047473200614,0.21000255167134474,0.21020408163265306,0.2917623055343025,0.2919428862825089,0.21998470558246241,0.2782874617737003,0.27847133757961784,0.29190015282730514,0.22001527883880825,0.22021384928716906,0.27844235174344617,0.2786259541984733,0.20987026201984227,0.2100712105798576,0.21027205695397916,0.22013218098627352,0.2785260482846252,0.22027439024390244,0.21031242062484126,0.21051295073641443,0.2911906575272912,0.21065989847715735,0.2783557472722659,0.21080669710806696,0.2201369515597261,0.29107505070993916,0.29125475285171104,0.22022301064368982,0.27818596402330886,0.22036474164133737,0.21068624968346417,0.2108860759493671,0.21108580106302202,0.21128542510121456,0.29091828990640023,0.27794638340920585,0.2781289506953224,0.22017189079878666,0.21127116502400808,0.2908034360788277,0.278100530436979,0.21136363636363636,0.2782125725826811,0.2115093387178193,0.21170830179157205,0.2199798183652876,0.2201765447667087,0.2118003025718608,0.2903957650617595,0.21194556451612903,0.290501385739481,0.21209068010075566,0.2906069000251826,0.27769385699899296,0.21998489806191796,0.2778057372924006,0.2779874213836478,0.21202213279678067,0.21222026653256224,0.27802916038210157,0.27821060567981903,0.29020100502512564,0.2197940216026124,0.21220492214967354,0.2124027115239769,0.2781124497991968,0.2782936010037641,0.2784746613146011,0.2786556308001003,0.28986960882647944,0.21233391827525697,0.21253132832080202,0.2899022801302932,0.29008016032064127,0.2126220886551465,0.2784176264396595,0.2127659574468085,0.29004004004004,0.21290968226169626,0.21310655327663833,0.27831957989497375,0.29,0.290177455636091,0.2783608195902049,0.21883587309517863,0.21903096903096902,0.21922596754057427,0.21293060409385922,0.21312702770152234,0.2899201596806387,0.21925667248690447,0.2194513715710723,0.2779855397656445,0.2195912263210369,0.21305756292050834,0.2897359242650722,0.27795765877957657,0.2196215139442231,0.28976848394324123,0.219761075161772,0.21995521273948743,0.21293532338308457,0.2131310619248943,0.2200397812033814,0.21327367636092467,0.21346918489065606,0.21366459627329193,0.21385991058122206,0.2892972436056618,0.2894736842105263,0.2139488706875155,0.28957816377171214,0.21409079632845449,0.2770337301587302,0.2772129928093231,0.2196331184928111,0.28946716232961583,0.21977205153617443,0.2199653207827595,0.2139673105497771,0.27704877444912107,0.22004950495049505,0.21405592675080426,0.27709054923305293,0.22013356418501112,0.22032640949554896,0.21409147095179235,0.2889273356401384,0.21423276501111935,0.21442687747035574,classic
