5_157899313_157909402,1.0,0.5,0.3333333333333333,0.5,0.6,0.3333333333333333,0.5714285714285714,0.375,0.2222222222222222,0.3,0.36363636363636365,0.3333333333333333,0.38461538461538464,0.35714285714285715,0.4,0.4375,0.29411764705882354,0.3333333333333333,0.05263157894736842,0.3,0.3333333333333333,0.36363636363636365,0.30434782608695654,0.3333333333333333,0.32,0.34615384615384615,0.3333333333333333,0.32142857142857145,0.3448275862068966,0.3333333333333333,0.3548387096774194,0.3125,0.3333333333333333,0.3235294117647059,0.05714285714285714,0.3333333333333333,0.08108108108108109,0.3157894736842105,0.3333333333333333,0.3,0.3170731707317073,0.3333333333333333,0.09302325581395349,0.3409090909090909,0.28888888888888886,0.30434782608695654,0.10638297872340426,0.3125,0.32653061224489793,0.34,0.27450980392156865,0.28846153846153844,0.33962264150943394,0.2962962962962963,0.3090909090909091,0.10714285714285714,0.3333333333333333,0.3448275862068966,0.3050847457627119,0.11666666666666667,0.26229508196721313,0.27419354838709675,0.3333333333333333,0.125,0.13846153846153847,0.2878787878787879,0.3283582089552239,0.14705882352941177,0.2608695652173913,0.32857142857142857,0.3380281690140845,0.3472222222222222,0.3561643835616438,0.2702702702702703,0.28,0.25,0.35064935064935066,0.14102564102564102,0.35443037974683544,0.25,0.14814814814814814,0.2682926829268293,0.27710843373493976,0.15476190476190477,0.24705882352941178,0.16279069767441862,0.3333333333333333,0.17045454545454544,0.2696629213483146,0.3333333333333333,0.17582417582417584,0.33695652173913043,0.34408602150537637,0.26595744680851063,0.2736842105263158,0.17708333333333334,0.2268041237113402,0.336734693877551,0.18181818181818182,0.19,0.33663366336633666,0.22549019607843138,0.1941747572815534,0.20192307692307693,0.20952380952380953,0.330188679245283,0.21495327102803738,0.2222222222222222,0.22935779816513763,0.32727272727272727,0.23423423423423423,0.24107142857142858,0.21238938053097345,0.24561403508771928,0.21739130434782608,0.23275862068965517,0.3162393162393162,0.2457627118644068,0.23529411764705882,0.31666666666666665,0.24793388429752067,0.319672131147541,0.21138211382113822,0.21774193548387097,0.248,0.25396825396825395,0.31496062992125984,0.2265625,0.3178294573643411,0.23076923076923078,0.2366412213740458,0.3181818181818182,0.24060150375939848,0.2462686567164179,0.2074074074074074,0.2426470588235294,0.24817518248175183,0.3115942028985507,0.2446043165467626,0.20714285714285716,0.3120567375886525,0.24647887323943662,0.3146853146853147,0.25,0.2413793103448276,0.2054794520547945,0.3129251700680272,0.25,0.24161073825503357,0.25333333333333335,0.24503311258278146,0.2565789473684211,0.24836601307189543,0.2012987012987013,0.25806451612903225,0.30128205128205127,0.2484076433121019,0.3037974683544304,0.2578616352201258,0.30625,0.2608695652173913,0.19753086419753085,0.3067484662576687,0.31097560975609756,0.2606060606060606,0.19879518072289157,0.20359281437125748,0.23809523809523808,0.3076923076923077,0.20588235294117646,0.21052631578947367,0.21511627906976744,0.3063583815028902,0.3103448275862069,0.2342857142857143,0.23863636363636365,0.24293785310734464,0.3089887640449438,0.24581005586592178,0.24444444444444444,0.24861878453038674,0.24725274725274726,0.20765027322404372,0.30434782608695654,0.21081081081081082,0.21505376344086022,0.24598930481283424,0.25,0.24338624338624337,0.25263157894736843,0.24607329842931938,0.25,0.21243523316062177,0.21649484536082475,0.2512820512820513,0.25,0.25380710659898476,0.2878787878787879,0.2914572864321608,0.25,0.21393034825870647,0.2524752475247525,0.2561576354679803,0.28921568627450983,0.24878048780487805,0.2524271844660194,0.21256038647342995,0.2548076923076923,0.2583732057416268,0.2857142857142857,0.25118483412322273,0.28773584905660377,0.25821596244131456,0.2897196261682243,0.26046511627906976,0.2638888888888889,0.2672811059907834,0.2889908256880734,0.2465753424657534,0.2681818181818182,0.27149321266968324,0.2747747747747748,0.20179372197309417,0.2767857142857143,0.28444444444444444,0.20353982300884957,0.2422907488986784,0.20614035087719298,0.2096069868995633,0.27391304347826084,0.27705627705627706,0.2413793103448276,0.21030042918454936,0.2777777777777778,0.28085106382978725,0.211864406779661,0.24050632911392406,0.24369747899159663,0.24686192468619247,0.2708333333333333,0.27800829875518673,0.21074380165289255,0.27983539094650206,0.2459016393442623,0.24897959183673468,0.2804878048780488,0.26720647773279355,0.28225806451612906,0.20883534136546184,0.212,0.26693227091633465,0.2698412698412698,0.2727272727272727,0.2440944881889764,0.24705882352941178,0.25,0.2529182879377432,0.2751937984496124,0.2084942084942085,0.2692307692307692,0.2720306513409962,0.2099236641221374,0.21292775665399238,0.2727272727272727,0.27547169811320754,0.2781954887218045,0.24719101123595505,0.26865671641791045,0.21189591078066913,0.2777777777777778,0.28044280442804426,0.26838235294117646,0.27106227106227104,0.28102189781021897,0.28363636363636363,0.2427536231884058,0.24548736462093862,0.2697841726618705,0.2831541218637993,0.2714285714285714,0.2846975088967972,0.2872340425531915,0.2049469964664311,0.2711267605633803,0.24210526315789474,0.2727272727272727,0.20557491289198607,0.2847222222222222,0.20761245674740483,0.2103448275862069,0.24054982817869416,0.2705479452054795,0.2832764505119454,0.2857142857142857,0.2711864406779661,0.28716216216216217,0.23905723905723905,0.28859060402684567,0.2909698996655518,0.24,0.2425249169435216,0.2682119205298013,0.29042904290429045,0.24342105263157895,0.20327868852459016,0.2679738562091503,0.2703583061889251,0.2435064935064935,0.2459546925566343,0.2870967741935484,0.28938906752411575,0.2467948717948718,0.268370607028754,0.2898089171974522,0.2698412698412698,0.2468354430379747,0.24921135646687698,0.27044025157232704,0.2727272727272727,0.25,0.27414330218068533,0.2515527950310559,0.2848297213622291,0.27469135802469136,0.19384615384615383,0.27607361963190186,0.28440366972477066,0.1951219512195122,0.2765957446808511,0.24848484848484848,0.25075528700906347,0.25301204819277107,0.27627627627627627,0.19461077844311378,0.2537313432835821,0.27976190476190477,0.2551928783382789,0.1952662721893491,0.1976401179941003,0.2735294117647059,0.2756598240469208,0.2777777777777778,0.27988338192419826,0.19767441860465115,0.2,0.28034682080924855,0.2737752161383285,0.25,0.2521489971346705,0.2742857142857143,0.27635327635327633,0.2528409090909091,0.254957507082153,0.2768361581920904,0.19718309859154928,0.199438202247191,0.20168067226890757,0.276536312849162,0.25348189415041783,0.25555555555555554,0.2770083102493075,0.27071823204419887,0.27823691460055094,0.20054945054945056,0.27945205479452057,0.2814207650273224,0.26975476839237056,0.25271739130434784,0.27100271002710025,0.25405405405405407,0.2803234501347709,0.1989247311827957,0.20107238605898123,0.2700534759358289,0.272,0.27393617021276595,0.2519893899204244,0.2751322751322751,0.2770448548812665,0.2789473684210526,0.1994750656167979,0.2801047120418848,0.2819843342036554,0.2838541666666667,0.2,0.20207253886010362,0.2713178294573643,0.2036082474226804,0.27249357326478146,0.24615384615384617,0.27365728900255754,0.2755102040816326,0.24681933842239187,0.20304568527918782,0.20506329113924052,0.20707070707070707,0.27455919395465994,0.27638190954773867,0.2756892230576441,0.2775,0.20698254364089774,0.27611940298507465,0.20843672456575682,0.27722772277227725,0.2419753086419753,0.27586206896551724,0.27764127764127766,0.2426470588235294,0.2762836185819071,0.24390243902439024,0.24574209245742093,0.20631067961165048,0.20823244552058112,0.2463768115942029,0.2746987951807229,0.24759615384615385,0.2733812949640288,0.2751196172248804,0.2744630071599045,0.24761904761904763,0.2755344418052256,0.2772511848341232,0.24822695035460993,0.20518867924528303,0.20705882352941177,0.24882629107981222,0.20843091334894615,0.27102803738317754,0.2494172494172494,0.25116279069767444,0.271461716937355,0.20833333333333334,0.27251732101616627,0.2511520737327189,0.271264367816092,0.25229357798165136,0.2723112128146453,0.273972602739726,0.2528473804100228,0.20681818181818182,0.2698412698412698,0.2081447963800905,0.2528216704288939,0.2725225225225225,0.2696629213483146,0.2713004484304933,0.2080536912751678,0.27232142857142855,0.2717149220489978,0.2088888888888889,0.2727272727272727,0.2743362831858407,0.27593818984547464,0.2488986784140969,0.25054945054945055,0.26973684210526316,0.27571115973741794,0.25109170305676853,0.2701525054466231,0.25217391304347825,0.25379609544468545,0.20562770562770563,0.26997840172786175,0.27155172413793105,0.2731182795698925,0.20600858369098712,0.20770877944325483,0.2094017094017094,0.27078891257995735,0.21063829787234042,0.21231422505307856,0.25,0.25158562367864695,0.25316455696202533,0.2694736842105263,0.21218487394957983,0.26834381551362685,0.2698744769874477,0.27139874739039666,0.2520833333333333,0.25363825363825365,0.21161825726141079,0.2712215320910973,0.2665289256198347,0.21237113402061855,0.2674897119341564,0.26899383983572894,0.27049180327868855,0.21267893660531698,0.2714285714285714,0.2505091649694501,0.2682926829268293,0.2515212981744422,0.2125506072874494,0.2686868686868687,0.2701612903225806,0.2716297786720322,0.25100401606425704,0.2685370741482966,0.212,0.21357285429141717,0.2151394422310757,0.27037773359840955,0.21626984126984128,0.26732673267326734,0.21739130434782608,0.21893491124260356,0.2677165354330709,0.2691552062868369,0.26862745098039215,0.2465753424657534,0.26953125,0.2475633528265107,0.26848249027237353,0.2174757281553398,0.2693798449612403,0.27079303675048355,0.26833976833976836,0.2466281310211946,0.27115384615384613,0.2476007677543186,0.2720306513409962,0.248565965583174,0.26717557251908397,0.24952380952380954,0.21482889733840305,0.2713472485768501,0.2727272727272727,0.2665406427221172,0.21509433962264152,0.21657250470809794,0.24812030075187969,0.2176360225140713,0.27153558052434457,0.26542056074766357,0.24813432835820895,0.24953445065176907,0.2174721189591078,0.2504638218923933,0.2518518518518518,0.2698706099815157,0.26383763837638374,0.27071823204419887,0.27205882352941174,0.26422018348623855,0.21611721611721613,0.21755027422303475,0.2645985401459854,0.2495446265938069,0.26545454545454544,0.26678765880217786,0.25,0.2694394213381555,0.27075812274368233,0.21621621621621623,0.2715827338129496,0.21723518850987433,0.2724014336917563,0.24865831842576028,0.21785714285714286,0.2192513368983957,0.2491103202846975,0.2202486678507993,0.2712765957446808,0.22123893805309736,0.26148409893992935,0.2716049382716049,0.272887323943662,0.2478031634446397,0.22105263157894736,0.2732049036777583,0.22202797202797203,0.27399650959860383,0.259581881533101,0.2747826086956522,0.2465277777777778,0.2755632582322357,0.22145328719723184,0.2763385146804836,0.25862068965517243,0.22203098106712565,0.22336769759450173,0.24528301886792453,0.2465753424657534,0.22393162393162394,0.27474402730375425,0.2572402044293015,0.22448979591836735,0.27504244482173174,0.22542372881355932,0.2571912013536379,0.25844594594594594,0.2596964586846543,0.2255892255892256,0.2605042016806723,0.24328859060402686,0.2730318257956449,0.24414715719063546,0.27378964941569284,0.245,0.27454242928452577,0.22425249169435216,0.22553897180762852,0.27483443708609273,0.22644628099173553,0.22772277227722773,0.2751235584843493,0.24342105263157895,0.22824302134646962,0.2754098360655738,0.2765957446808511,0.2777777777777778,0.27895595432300163,0.24267100977198697,0.24390243902439024,0.24512987012987014,0.2787682333873582,0.2459546925566343,0.27948303715670436,0.25161290322580643,0.28019323671497587,0.25241157556270094,0.2247191011235955,0.24519230769230768,0.28,0.24600638977635783,0.24720893141945774,0.2515923566878981,0.2527821939586645,0.25396825396825395,0.2551505546751189,0.2231012658227848,0.22432859399684044,0.277602523659306,0.2551181102362205,0.2783018867924528,0.25588697017268447,0.25705329153605017,0.27856025039123633,0.24375,0.22308892355694226,0.278816199376947,0.223950233281493,0.2251552795031056,0.2434108527131783,0.2786377708978328,0.24420401854714066,0.279320987654321,0.28043143297380585,0.2246153846153846,0.22580645161290322,0.28067484662576686,0.2434915773353752,0.22629969418960244,0.25190839694656486,0.2804878048780488,0.243531202435312,0.22644376899696048,0.2276176024279211,0.2515151515151515,0.27987897125567324,0.25226586102719034,0.28054298642533937,0.25301204819277107,0.22706766917293233,0.25375375375375375,0.25487256371814093,0.2559880239520958,0.2795216741405082,0.22686567164179106,0.22801788375558868,0.27976190476190477,0.28083209509658247,0.23887240356083086,0.22814814814814816,0.22928994082840237,0.28064992614475626,0.2536873156342183,0.2547864506627393,0.28088235294117647,0.23788546255506607,0.28152492668621704,0.2547584187408492,0.23830409356725146,0.28175182481751826,0.239067055393586,0.2823871906841339,0.28343023255813954,0.2844702467343977,0.2855072463768116,0.22575976845151954,0.22687861271676302,0.25252525252525254,0.25360230547550433,0.25467625899280577,0.2557471264367816,0.23672883787661406,0.22636103151862463,0.2832618025751073,0.23714285714285716,0.23823109843081314,0.2264957264957265,0.2546230440967283,0.28267045454545453,0.22695035460992907,0.23796033994334279,0.2545968882602546,0.2824858757062147,0.2383638928067701,0.2549295774647887,0.2390998593530239,0.28230337078651685,0.23983169705469845,0.22549019607843138,0.2545454545454545,0.28212290502793297,0.28312412831241285,0.2841225626740947,0.2545201668984701,0.2388888888888889,0.2552011095700416,0.22437673130193905,0.25587828492392806,0.2569060773480663,0.2827586206896552,0.23829201101928374,0.2833562585969739,0.25686813186813184,0.2578875171467764,0.2232876712328767,0.23803009575923392,0.2581967213114754,0.23874488403819918,0.25885558583106266,0.2816326530612245,0.2826086956521739,0.2225237449118046,0.2588075880758808,0.2598105548037889,0.23783783783783785,0.2388663967611336,0.2816711590296496,0.2597577388963661,0.260752688172043,0.2389261744966443,0.28150134048257375,0.26104417670682734,0.22058823529411764,0.2616822429906542,0.2813333333333333,0.2623169107856192,0.28191489361702127,0.23771580345285526,0.22015915119363394,0.28211920529801326,0.2619047619047619,0.28269484808454426,0.22031662269129287,0.28326745718050067,0.2618421052631579,0.23653088042049936,0.26246719160104987,0.23722149410222804,0.2630890052356021,0.26405228758169935,0.2650130548302872,0.26597131681877445,0.28125,0.2665799739921977,0.23636363636363636,0.2178988326848249,0.2189119170984456,0.2664941785252264,0.26744186046511625,0.26838709677419353,0.23582474226804123,0.27927927927927926,0.2686375321336761,0.21822849807445444,0.2794871794871795,0.21895006402048656,0.23529411764705882,0.2681992337164751,0.26913265306122447,0.2789808917197452,0.21882951653944022,0.2795425667090216,0.26903553299492383,0.26996197718631176,0.27974683544303797,0.27054361567635904,0.2335858585858586,0.21815889029003782,0.2795969773299748,0.27044025157232704,0.271356783919598,0.2722710163111669,0.2794486215538847,0.27284105131414266,0.28,0.27340823970037453,0.23192019950124687,0.28019925280199254,0.21641791044776118,0.2732919254658385,0.27419354838709675,0.28004956629491945,0.2747524752475248,0.27564894932014833,0.2308641975308642,0.2157829839704069,0.27586206896551724,0.2767527675276753,0.2788697788697789,0.2773006134969325,0.27818627450980393,0.27906976744186046,0.2787286063569682,0.2796092796092796,0.22926829268292684,0.23020706455542023,0.2798053527980535,0.23086269744835966,0.21359223300970873,0.28,0.21428571428571427,0.27690447400241835,0.2777777777777778,0.23039806996381182,0.27951807228915665,0.28038507821901326,0.23076923076923078,0.2809123649459784,0.2314148681055156,0.21317365269461078,0.27631578947368424,0.27718040621266427,0.2315035799522673,0.232419547079857,0.23333333333333334,0.27705112960760997,0.27909738717339666,0.21233689205219455,0.2132701421800948,0.21420118343195266,0.21513002364066194,0.23258559622195984,0.23349056603773585,0.2756183745583039,0.21529411764705883,0.21621621621621623,0.27699530516431925,0.21688159437280188,0.275175644028103,0.2771929824561403,0.2757009345794392,0.2765460910151692,0.23193473193473194,0.2770663562281723,0.21627906976744185,0.21718931475029035,0.27610208816705334,0.2769409038238702,0.23148148148148148,0.2774566473988439,0.23210161662817552,0.2779700115340254,0.23271889400921658,0.27502876869965476,0.27586206896551724,0.27784156142365096,0.23279816513761467,0.27605956471935855,0.2780320366132723,0.23314285714285715,0.2146118721461187,0.2759407069555302,0.2152619589977221,0.2764505119453925,0.2772727272727273,0.27695800227014755,0.2777777777777778,0.2785956964892412,0.27941176470588236,0.2768361581920904,0.23137697516930023,0.2322435174746336,0.23310810810810811,0.23397075365579303,0.2348314606741573,0.2760942760942761,0.23542600896860988,0.2765957446808511,0.2360178970917226,0.23687150837988827,0.2767857142857143,0.23745819397993312,0.21158129175946547,0.27697441601779754,0.27555555555555555,0.21198668146503885,0.27605321507760533,0.2768549280177187,0.21238938053097345,0.27624309392265195,0.27704194260485654,0.23594266813671444,0.276431718061674,0.21232123212321233,0.21318681318681318,0.21405049396267836,0.27631578947368424,0.27710843373493976,0.2778993435448578,0.23497267759562843,0.27510917030567683,0.23555070883315157,0.275599128540305,0.2132752992383025,0.27717391304347827,0.2757871878393051,0.2765726681127983,0.2134344528710726,0.21428571428571427,0.27675675675675676,0.2775377969762419,0.2783171521035599,0.2338362068965517,0.27879440258342303,0.23440860215053763,0.27926960257787325,0.2800429184549356,0.2808145766345123,0.23447537473233404,0.2737967914438503,0.23504273504273504,0.28068303094983993,0.2814498933901919,0.2736954206602769,0.21170212765957447,0.23485653560042508,0.2813163481953291,0.2354188759278897,0.2733050847457627,0.2814814814814815,0.2357293868921776,0.2819429778247096,0.2732067510548523,0.23603793466807166,0.28210526315789475,0.2103049421661409,0.28256302521008403,0.21091290661070305,0.27253668763102723,0.2732984293193717,0.27405857740585776,0.23510971786833856,0.2359081419624217,0.28154327424400416,0.23645833333333333,0.21019771071800208,0.2733887733887734,0.2814122533748702,0.2821576763485477,0.23626943005181347,0.2732919254658385,0.27404343329886244,0.27479338842975204,0.23632610939112486,0.23711340206185566,0.23789907312049433,0.27469135802469136,0.27543679342240496,0.27618069815195073,0.23794871794871794,0.2387295081967213,0.27942681678607983,0.2392638036809816,0.27579162410623087,0.27653061224489794,0.2069317023445464,0.2790224032586558,0.2797558494404883,0.23882113821138212,0.23959390862944163,0.27586206896551724,0.2066869300911854,0.2074898785425101,0.27603640040444893,0.2787878787878788,0.2391523713420787,0.20766129032258066,0.2759315206445116,0.2766599597585513,0.27738693467336684,0.2389558232931727,0.2778335005015045,0.20741482965931865,0.2772772772772773,0.278,0.2077922077922078,0.2085828343313373,0.27716849451645065,0.20916334661354583,0.27761194029850744,0.23757455268389663,0.20953326713008938,0.2767857142857143,0.21010901883052527,0.27722772277227725,0.21068249258160238,0.21146245059288538,0.23692003948667326,0.23767258382642997,0.2768472906403941,0.2755905511811024,0.27728613569321536,0.2779960707269155,0.2757605495583906,0.2372549019607843,0.2781586679725759,0.23776908023483365,0.2785923753665689,0.275390625,0.2097560975609756,0.2787524366471735,0.2103213242453749,0.27529182879377434,0.2108843537414966,0.27864077669902915,0.2793404461687682,0.21124031007751937,0.21200387221684414,0.2746615087040619,0.2753623188405797,0.23552123552123552,0.2786885245901639,0.279383429672447,0.21174205967276227,0.275,0.27953890489913547,0.2802303262955854,0.21188878235858102,0.28065134099616856,0.21244019138755982,0.28107074569789675,0.2817574021012416,0.23377862595419846,0.21258341277407056,0.2819047619047619,0.2131303520456708,0.282319391634981,0.28300094966761635,0.27229601518026564,0.2834123222748815,0.2840909090909091,0.23273415326395458,0.21266540642722118,0.21340887629839472,0.2839622641509434,0.2846371347785108,0.2853107344632768,0.28598306679209784,0.2866541353383459,0.231924882629108,0.2129455909943715,0.2867853795688847,0.21348314606741572,0.2871842843779233,0.28785046728971964,0.2689075630252101,0.269589552238806,0.287977632805219,0.2132216014897579,0.23069767441860464,0.2695167286245353,0.2135561745589601,0.2699443413729128,0.2873030583873957,0.287962962962963,0.28862164662349676,0.28927911275415896,0.2899353647276085,0.22970479704797048,0.2903225806451613,0.2302025782688766,0.2686292548298068,0.23069852941176472,0.23140495867768596,0.21192660550458717,0.2685609532538955,0.2692307692307692,0.2891125343092406,0.2312614259597806,0.2319634703196347,0.23266423357664234,0.2333637192342753,0.2887067395264117,0.2893539581437671,0.2681818181818182,0.2688465031789282,0.2695099818511797,0.23300090661831369,0.23369565217391305,0.2343891402714932,0.20976491862567812,0.26919602529358627,0.26985559566787004,0.27051397655545534,0.2711711711711712,0.27182718271827183,0.27248201438848924,0.2866127583108715,0.2333931777378815,0.2726457399103139,0.2867383512544803,0.20859444941808417,0.20930232558139536,0.21000893655049152,0.27232142857142855,0.2863514719000892,0.28698752228163993,0.28762243989314334,0.28825622775800713,0.232,0.23268206039076378,0.2883762200532387,0.23315602836879432,0.20903454384410983,0.2884955752212389,0.2891246684350133,0.2332155477031802,0.27007943512797883,0.2892416225749559,0.23348017621145375,0.20862676056338028,0.20932277924362358,0.2697715289982425,0.2704126426690079,0.2710526315789474,0.2331288343558282,0.23380035026269702,0.23447069116360456,0.23513986013986013,0.23580786026200873,0.2705061082024433,0.23626852659110723,0.27090592334494773,0.27154046997389036,0.27217391304347827,0.2858384013900956,0.2864583333333333,0.2723330442324371,0.2729636048526863,0.2354978354978355,0.23615916955017302,0.2065687121866897,0.20725388601036268,0.272648835202761,0.27327586206896554,0.2739018087855297,0.23580034423407917,0.20722269991401548,0.27405498281786944,0.27467811158798283,0.27530017152658665,0.28363324764353043,0.23544520547945205,0.23609923011120615,0.27521367521367524,0.28351836037574724,0.20648464163822525,0.2753623188405797,0.23594548551959113,0.20680851063829786,0.28316326530612246,0.2752761257434155,0.2071307300509338,0.20780322307039864,0.2754237288135593,0.20829805249788316,0.2825719120135364,0.28317836010143704,0.23479729729729729,0.2751054852320675,0.23524451939291738,0.2754844144903117,0.2760942760942761,0.28259041211101765,0.28319327731092436,0.2837951301427372,0.28439597315436244,0.2757753562447611,0.27638190954773867,0.2769874476987448,0.27759197324414714,0.2781954887218045,0.27879799666110183,0.2793994995829858,0.23333333333333334,0.28309741881765194,0.2795341098169717,0.23358270989193683,0.2799003322259136,0.23402489626556017,0.2827529021558872,0.28334714167357083,0.27980132450331124,0.23407775020678245,0.2801652892561983,0.28075970272502065,0.283003300330033,0.28359439406430337,0.2841845140032949,0.2847736625514403,0.28536184210526316,0.28594905505341,0.2799671592775041,0.2863002461033634,0.28688524590163933,0.28746928746928746,0.23240589198036007,0.2878168438266558,0.20179738562091504,0.20244897959183675,0.27895595432300163,0.2795436022819886,0.28013029315960913,0.2807160292921074,0.2869918699186992,0.28107229894394803,0.2021103896103896,0.2871046228710462,0.2025931928687196,0.2874493927125506,0.28802588996763756,0.280517380759903,0.28836833602584816,0.28894269572235676,0.22983870967741934,0.20225624496373892,0.28019323671497587,0.2807723250201126,0.28135048231511256,0.2819277108433735,0.2881219903691814,0.28869286287089013,0.28926282051282054,0.22898318654923938,0.2296,0.28936850519584334,0.2012779552715655,0.2897047086991221,0.20175438596491227,0.2900398406374502,0.2906050955414013,0.22911694510739858,0.29093799682034976,0.22954725972994441,0.23015873015873015,0.23076923076923078,0.23137876386687797,0.23198733174980204,0.27848101265822783,0.23241106719367588,0.27883096366508686,0.27940015785319655,0.2894321766561514,0.2899921197793538,0.2905511811023622,0.27930763178599527,0.2908805031446541,0.2317360565593087,0.2794348508634223,0.2909803921568627,0.29153605015673983,0.27956147220046984,0.2918622848200313,0.23143080531665364,0.23203125,0.23263075722092116,0.2792511700468019,0.2798129384255651,0.2803738317757009,0.2809338521400778,0.23250388802488337,0.2331002331002331,0.23369565217391305,0.2342901474010861,0.23488372093023255,0.2804027885360186,0.23529411764705882,0.28924980665119876,0.28979907264296756,0.29034749034749036,0.2908950617283951,0.23515805705474171,0.2357473035439137,0.19553502694380293,0.2792307692307692,0.1960030745580323,0.2903225806451613,0.2908672294704528,0.23542944785276074,0.2789272030651341,0.29096477794793263,0.19586840091813312,0.2790519877675841,0.27960275019098546,0.29083969465648857,0.2913806254767353,0.2919207317073171,0.2924600152322925,0.2929984779299848,0.19543726235741446,0.196048632218845,0.27866362946089596,0.2928679817905918,0.2934040940106141,0.23333333333333334,0.23391370174110523,0.2783661119515885,0.2789115646258503,0.2930513595166163,0.2792452830188679,0.2933634992458522,0.19517709118311982,0.2936746987951807,0.19563581640331076,0.293984962406015,0.1960931630353118,0.29429429429429427,0.2948237059264816,0.29535232383808097,0.23220973782771537,0.29565868263473055,0.23261032161555723,0.19581464872944693,0.1964152352501867,0.2955223880597015,0.2766592095451156,0.27719821162444114,0.27773641102010427,0.29538690476190477,0.27806691449814125,0.2786032689450223,0.23162583518930957,0.2952522255192878,0.23202372127501852,0.29555555555555557,0.23242042931162102,0.2958579881656805,0.29637841832963785,0.2968980797636632,0.23247232472324722,0.27728613569321536,0.19454679439941047,0.296759941089838,0.2972774098601913,0.2772058823529412,0.23218221895664953,0.2775330396475771,0.23257520176082172,0.27785923753665687,0.2967032967032967,0.2781844802342606,0.232626188734455,0.23318713450292397,0.2783053323593864,0.27883211678832115,0.27935813274981763,0.27988338192419826,0.29570284049526585,0.2328966521106259,0.28,0.2805232558139535,0.29557007988380535,0.2960812772133527,0.2965917331399565,0.2326086956521739,0.280231716147719,0.29667149059334297,0.29718004338394793,0.2976878612716763,0.23249097472924188,0.1911976911976912,0.27974044700793077,0.2802593659942363,0.28077753779697623,0.28129496402877696,0.2818116462976276,0.1910919540229885,0.28212491026561376,0.28263988522238165,0.2831541218637993,0.19126074498567336,0.19183965640658554,0.2832618025751073,0.28377412437455324,0.2307142857142857,0.29478943611705927,0.23109843081312412,0.2316464718460442,0.2948717948717949,0.23202846975088967,0.232574679943101,0.1911869225302061,0.28267045454545453,0.2831795599716111,0.28368794326241137,0.23245924875974486,0.2839943342776204,0.28450106157112526,0.29349363507779347,0.2325088339222615,0.2846045197740113,0.29357798165137616,0.19040902679830748,0.19097956307258632,0.28450704225352114,0.28501055594651653,0.28551336146272854,0.29304286718200984,0.28581460674157305,0.29333333333333333,0.2314165497896213,0.2936229852838122,0.19047619047619047,0.28551434569629114,0.28601398601398603,0.286512928022362,0.29329608938547486,0.29378925331472433,0.28661087866108786,0.23066202090592333,0.28690807799442897,0.2874043145441893,0.29346314325452016,0.2876997915218902,0.2881944444444444,0.2886884108258154,0.28918169209431344,0.28967428967428965,0.2901662049861496,0.18892733564013842,0.29045643153526973,0.29094678645473393,0.2921270718232044,0.29261559696342304,0.29310344827586204,0.22880771881461062,0.22933884297520662,0.29318651066758433,0.18844566712517194,0.2934707903780069,0.29395604395604397,0.18874399450926563,0.289437585733882,0.28992460589444824,0.29383561643835615,0.2943189596167009,0.2948016415868673,0.22829801777170197,0.2896174863387978,0.2901023890784983,0.2946793997271487,0.18813905930470348,0.2282016348773842,0.2899931926480599,0.2945578231292517,0.2902787219578518,0.29483695652173914,0.22810590631364563,0.22862957937584802,0.18779661016949153,0.2899728997289973,0.2945159106296547,0.22868741542625168,0.29479377958079783,0.29527027027027025,0.29574611748818364,0.29622132253711203,0.22859069453809844,0.18733153638814015,0.28888888888888886,0.2960969044414536,0.2965702757229321,0.22849462365591397,0.18737407656145064,0.2966442953020134,0.29711602951039573,0.2975871313672922,0.29805760214333554,0.29852744310575635,0.22809364548494984,0.2874331550802139,0.2985971943887776,0.22830440587449932,0.2988659106070714,0.22866666666666666,0.29913391072618256,0.2996005326231691,0.22887558216899534,0.2293882978723404,0.18604651162790697,0.2861885790172643,0.29927007299270075,0.2864721485411141,0.2869449966865474,0.28741721854304636,0.29913964262078097,0.18584656084656084,0.28750826173165894,0.18626155878467635,0.1867986798679868,0.287598944591029,0.2880685563612393,0.2885375494071146,0.28900592495062544,0.1868421052631579,0.2274819197896121,0.22798948751642575,0.22849638870650033,0.229002624671916,0.22950819672131148,0.28833551769331583,0.22986247544204322,0.28861256544502617,0.29627207325049054,0.29673202614379085,0.22991508817766165,0.2885117493472585,0.28897586431833006,0.2894393741851369,0.22996742671009773,0.23046875,0.23096942094990242,0.2893368010403121,0.28979857050032487,0.2902597402597403,0.29526281635301754,0.23086900129701687,0.29552819183408946,0.23121761658031087,0.18446601941747573,0.18499353169469598,0.18552036199095023,0.29521963824289404,0.2956746287927695,0.23096774193548386,0.2314635718891038,0.23195876288659795,0.1854475209272376,0.18597168597168598,0.2881028938906752,0.294987146529563,0.29543994861913936,0.2958921694480103,0.1860166773572803,0.29615384615384616,0.287636130685458,0.29641485275288093,0.28790786948176583,0.2883631713554987,0.29648562300319486,0.2305236270753512,0.23101467772814294,0.2965561224489796,0.29700446144040793,0.29745222929936305,0.2310630171865054,0.23155216284987276,0.2975206611570248,0.23189326556543838,0.286984126984127,0.29758883248730966,0.29803424223208624,0.2870722433460076,0.2875237492083597,0.23164556962025318,0.29791271347248577,0.23198482932996206,0.2981680353758686,0.18371212121212122,0.18422712933753943,0.28688524590163933,0.28733459357277885,0.1845088161209068,0.28760226557583385,0.18490566037735848,0.28786926461345064,0.2971105527638191,0.288135593220339,0.23086574654956085,0.29717868338557996,0.231203007518797,0.28804007514088914,0.23153942428035043,0.2970606629143214,0.288125,0.28856964397251716,0.23158551810237205,0.288833437305053,0.2967581047381546,0.28909657320872273,0.2970112079701121,0.29744866210329807,0.2891791044776119,0.29770043505282784,0.231055900621118,0.297951582867784,0.2313895781637717,0.18288902665840048,0.18339529120198264,0.2885448916408669,0.28898514851485146,0.2894248608534323,0.18355995055624227,0.28968499073502163,0.29012345679012347,0.23072177668106109,0.18372379778051787,0.2902033271719039,0.29064039408866993,0.29107692307692307,0.2915129151291513,0.23048555623847572,0.23095823095823095,0.2952731737262124,0.2312883435582822,0.18332311465358675,0.29105392156862747,0.29148805878750766,0.291921664626683,0.2948012232415902,0.18337408312958436,0.2919975565058033,0.2948717948717949,0.23062843197071384,0.2951219512195122,0.2918951858622791,0.292326431181486,0.18320146074254412,0.29257907542579076,0.29300911854103345,0.23025516403402188,0.230722525804493,0.2942961165048544,0.2929047907822923,0.18303030303030304,0.23076923076923078,0.29418886198547217,0.294615849969752,0.2950423216444982,0.18308157099697886,0.29528985507246375,0.292094146047073,0.23039806996381182,0.2923447860156721,0.18313253012048192,0.2950030102347983,0.2954271961492178,0.29224293445580274,0.23016826923076922,0.2954954954954955,0.2923169267707083,0.2927414517096581,0.2931654676258993,0.2953864589574596,0.2958083832335329,0.22980251346499103,0.29605263157894735,0.2964734010759115,0.2968936678614098,0.2973134328358209,0.22971360381861575,0.29218843172331543,0.2300357568533969,0.29720071471113757,0.2922619047619048,0.18143961927424151,0.2972651605231867,0.29233511586452765,0.29275534441805223,0.18160237388724035,0.2930011862396204,0.2969768820391227,0.29324644549763035,0.2972172883362937,0.29763313609467457,0.29804849201655825,0.2984633569739953,0.22858830478440637,0.2987012987012987,0.18112094395280237,0.298938679245283,0.2922804949911609,0.2926972909305065,0.22836962919364331,0.2988235294117647,0.22868900646678425,0.1809635722679201,0.2988843217850851,0.29225352112676056,0.2287390029325513,0.2924970691676436,0.29291154071470415,0.2933255269320843,0.18080748976009361,0.2935672514619883,0.22852133255406196,0.29380841121495327,0.22883829538820782,0.294049008168028,0.2944606413994169,0.2948717948717949,0.2952824694234129,0.22875436554132714,0.29552065154159396,0.29593023255813955,0.2963393375944218,0.2967479674796748,0.228670922809054,0.29698375870069604,0.29739130434782607,0.22885283893395134,0.29762594093804284,0.2980324074074074,0.2984384037015616,0.29884393063583814,0.22876949740034663,0.22921478060046188,0.29890363531448355,0.29411764705882354,0.29452449567723343,0.22926267281105991,0.178468624064479,0.29861910241657075,0.29902242668200113,0.2293103448275862,0.29408385985066055,0.2296211251435132,0.2989099254159495,0.1783256880733945,0.29398280802292265,0.2943871706758305,0.22953634802518602,0.2299771167048055,0.1783876500857633,0.29428571428571426,0.23015419760137065,0.2945205479452055,0.23046206503137479,0.29475484606613456,0.29743589743589743,0.17824601366742596,0.29766647694934545,0.29806598407281,0.17851051733939738,0.17897727272727273,0.22998296422487224,0.29795686719636777,0.29835507657402155,0.23015873015873015,0.2934844192634561,0.17893544733861835,0.17940011318619128,0.2980769230769231,0.23007348784624082,0.17966101694915254,0.2930547713156409,0.18002257336343114,0.29780033840947545,0.22998872604284104,0.29295774647887324,0.18018018018018017,0.293190770962296,0.23003374578177727,0.2304665542439573,0.18033707865168538,0.2970241437394722,0.18069584736251404,0.29725182277061135,0.18105381165919282,0.1815126050420168,0.23012318029115342,0.2305540011191942,0.29697986577181207,0.18166573504751257,0.2916201117318436,0.23059743160245672,0.29185267857142855,0.18181818181818182,0.18227424749163879,0.23064066852367687,0.23106904231625836,0.2915971062882582,0.23136818687430477,0.23179544191217344,0.2916666666666667,0.23209328151027206,0.18201997780244172,0.29506378258458127,0.18237250554323725,0.18282548476454294,0.2320044296788483,0.23242944106253458,0.2948008849557522,0.18297401879491432,0.2950276243093923,0.23246824958586415,0.2902869757174393,0.23276337562051846,0.29051819184123484,0.18292011019283747,0.18337004405286345,0.23280132085855806,0.23322332233223322,0.2902693787795492,0.23351648351648352,0.18341570565623283,0.23380900109769484,0.18376302797586397,0.18421052631578946,0.29315068493150687,0.23384446878422782,0.23426382047071703,0.18435448577680524,0.2892290869327501,0.23442622950819672,0.2348443473511742,0.18449781659388648,0.18494271685761046,0.2889858233369684,0.18528610354223432,0.18572984749455337,0.2346216657593903,0.235038084874864,0.28874388254486133,0.23532608695652174,0.23574144486692014,0.2909880564603692,0.18556701030927836,0.29121475054229934,0.23577235772357724,0.2361863488624052,0.1857065511640498,0.18614718614718614,0.23634396971335858,0.1864864864864865,0.28741220961642355,0.18682505399568033,0.2876416621694549,0.1871628910463862,0.23611859838274932,0.2365301724137931,0.28971459343026384,0.2900968783638321,0.29047875201721357,0.2908602150537634,0.23643202579258463,0.28678839957035446,0.2871712292002147,0.2875536480686695,0.23646112600536193,0.23687031082529475,0.18639528655597215,0.23715203426124196,0.2375601926163724,0.18663101604278076,0.23784072688401925,0.28685897435897434,0.28937533368926854,0.2870864461045891,0.23786666666666667,0.2894456289978678,0.18646776771443793,0.2870074547390841,0.2895156998403406,0.2872340425531915,0.2897395002658161,0.29011689691817216,0.2873074880509825,0.28768577494692144,0.18620689655172415,0.2900318133616119,0.287758346581876,0.1864406779661017,0.2366331392271043,0.23703703703703705,0.2897937599153887,0.18657505285412262,0.2873745377707343,0.23706441393875397,0.287598944591029,0.18670886075949367,0.1871375856615709,0.23709167544783982,0.23749341758820433,0.2873684210526316,0.2377695949500263,0.2886435331230284,0.23804519180241723,0.1869747899159664,0.18740157480314962,0.2885624344176285,0.28893550078657576,0.18763102725366876,0.23782084861183866,0.23821989528795812,0.1878597592883307,0.18828451882845187,0.23836905384213278,0.18861024033437826,0.18903394255874673,0.2881002087682672,0.23839332290036516,0.18925964546402502,0.23866597186034394,0.18958333333333333,0.28787090057261844,0.2882414151925078,0.18980759230369215,0.23856548856548856,0.23896103896103896,0.28400830737279337,0.18993253762324858,0.2391078838174274,0.23950233281493002,0.19015544041450777,0.1905748316934231,0.23964803312629399,0.1908949818934299,0.23991726990692863,0.19121447028423771,0.28667355371900827,0.2870418172431595,0.28276573787409703,0.19133574007220217,0.19175257731958764,0.23956723338485317,0.1920700308959835,0.23983530622748328,0.24022633744855967,0.24061696658097687,0.19218910585817062,0.2408834103749358,0.28593429158110883,0.19240636223704463,0.24102564102564103,0.19272168118913377,0.24129098360655737,0.28110599078341014,0.24155578300921188,0.24194373401534527,0.19274028629856851,0.1931527848748084,0.19356486210418794,0.24196018376722817,0.19387755102040816,0.2422233554309026,0.19418960244648317,0.1946001018848701,0.28411405295315684,0.28447837150127225,0.1948118006103764,0.24199288256227758,0.2423780487804878,0.27932960893854747,0.1949238578680203,0.24251648909183154,0.24290060851926978,0.27927014698428787,0.28368794326241137,0.2430379746835443,0.24342105263157895,0.2438037430450177,0.2441860465116279,0.24456796361798888,0.19444444444444445,0.28319030792529026,0.19475277497477295,0.1951588502269289,0.2444556451612903,0.2831234256926952,0.28348439073514603,0.1952692501258178,0.2776659959758551,0.24434389140271492,0.2778894472361809,0.1953792064289302,0.19578313253012047,0.24435524335173106,0.24473420260782347,0.27769423558897244,0.24498997995991983,0.27791687531296944,0.24524524524524524,0.19559779889944973,0.282,0.19590204897551225,0.1963036963036963,0.2820768846729905,0.24500998003992017,0.2822942643391521,0.19641076769690927,0.2825112107623318,0.28286852589641437,0.27675460428073667,0.24477611940298508,0.2769766285430134,0.1963220675944334,0.19672131147540983,0.24478649453823237,0.24516129032258063,0.2767857142857143,0.24541398116013882,0.19672943508424182,0.2456661713719663,0.19702970297029704,0.19742701632855023,0.28140454995054404,0.28175976272862086,0.1976284584980237,0.2760493827160494,0.24531095755182625,0.1978293043907252,0.19822485207100593,0.2814194184327255,0.27586206896551724,0.24519940915805022,0.281496062992126,0.2818494835218888,0.275811209439528,0.19803439803439804,0.27603143418467585,0.24496809032891506,0.19823356231599606,0.2815105443845022,0.2818627450980392,0.19843214110730034,0.24485798237022527,0.24522760646108663,0.275440313111546,0.2757946210268949,0.24535679374389052,0.27601367855398146,0.1982421875,0.276232308443143,0.2809756097560976,0.2764505119453925,0.24512670565302144,0.1982464685825621,0.19863680623174293,0.2807785888077859,0.2811284046692607,0.2814778804083617,0.2818270165208941,0.27586206896551724,0.2820388349514563,0.2445414847161572,0.2449078564500485,0.28211342704798836,0.2824612403100775,0.24503631961259079,0.24540174249757987,0.2825350749879052,0.24564796905222436,0.28274528757854034,0.2748792270531401,0.1974891356832448,0.2828185328185328,0.19778099372889532,0.24541947926711669,0.1980722891566265,0.28275529865125243,0.1983630235917188,0.1987487969201155,0.2828282828282828,0.24519230769230768,0.2830370014416146,0.1988472622478386,0.28324531925108015,0.27351247600767753,0.24508393285371702,0.28331735378715245,0.2836607570675611,0.19875478927203066,0.2838678793681187,0.24497607655502393,0.2730750836920134,0.24521988527724664,0.24558050645007168,0.2731614135625597,0.27350835322195705,0.245706106870229,0.273724368144969,0.1982840800762631,0.19866603144354456,0.24571428571428572,0.24607329842931938,0.2735490009514748,0.24631478839752735,0.24667300380228138,0.2736342042755344,0.24691358024691357,0.19838633127669672,0.28178368121442127,0.19867235656709342,0.1990521327014218,0.24680246328754146,0.2471590909090909,0.281590156176053,0.19914853358561968,0.2728132387706856,0.24716446124763705,0.2730278696268304,0.19924457034938622,0.1996224634261444,0.24716981132075472,0.24752475247524752,0.27285579641847313,0.2477626000942063,0.19962335216572505,0.248,0.19990592662276577,0.2002820874471086,0.2800751879699248,0.20056364490371067,0.20093896713615023,0.2013139371187236,0.24765478424015008,0.279887482419128,0.2014995313964386,0.2800936768149883,0.24765917602996254,0.2802994852597099,0.2806361085126286,0.24777933613838243,0.24813084112149533,0.20130780009341429,0.28057889822595705,0.2809146056929538,0.24813432835820895,0.24848484848484848,0.2809878844361603,0.2701443875174662,0.2811918063314711,0.24848766868310843,0.20093023255813955,0.201301720130172,0.2699814126394052,0.2703204830469113,0.20148560817084493,0.20185614849187936,0.27040816326530615,0.2707464070468243,0.24791473586654308,0.27095877721167205,0.2712962962962963,0.24803331790837574,0.24838112858464384,0.20157189089227925,0.20194085027726433,0.27113163972286375,0.20221606648199447,0.2025842178126442,0.2790590405904059,0.2793914246196404,0.20276497695852536,0.2478120681713496,0.248158379373849,0.27059364933271973,0.27092916283348667,0.20275862068965517,0.203125,0.27101515847496555,0.27869605142332415,0.24782010096374485,0.20321100917431192,0.27097661623108665,0.27864344637946836,0.2033898305084746,0.20375457875457875,0.27093821510297483,0.27127172918572734,0.2473708276177412,0.2477148080438757,0.24805847418912746,0.24840182648401826,0.20356001825650388,0.270985401459854,0.2777017783857729,0.27119416590701917,0.27790432801822323,0.27823315118397085,0.27856167501137913,0.2788898999090082,0.2478399272396544,0.24818181818181817,0.24852339845524762,0.27883742052679383,0.2029051293690422,0.20326678765880218,0.2036281179138322,0.20398912058023572,0.2700498414136837,0.27853260869565216,0.24807605251244907,0.2484162895927602,0.20398009950248755,0.27848101265822783,0.20424762765476728,0.2786811201445348,0.2695259593679458,0.24819494584837545,0.2787550744248985,0.27908025247971147,0.24831004957187922,0.24864864864864866,0.2791535344439442,0.24887488748874886,0.249212775528565,0.20368705035971224,0.2791011235955056,0.20395327942497754,0.20431073192635832,0.20466786355475763,0.2790489008524002,0.27937219730941704,0.24876736889287315,0.20474910394265233,0.2794446932377967,0.26768128916741274,0.2680089485458613,0.20483005366726298,0.2793920429146178,0.2797140303842717,0.24832514515408666,0.2799107142857143,0.28023203926818385,0.28055307760927745,0.20463664734730272,0.2807486631016043,0.267260579064588,0.26758682101513803,0.20471740097908322,0.2677935943060498,0.28056914184081816,0.2808888888888889,0.24744557974233675,0.20470692717584368,0.20505992010652463,0.2675244010647737,0.20532150776053215,0.20567375886524822,0.28046078865750995,0.2807794508414526,0.24701195219123506,0.2809734513274336,0.20566121185316233,0.26702033598585323,0.20592134334953602,0.2062720848056537,0.280794701986755,0.28111209179170343,0.20644022937803264,0.26675485008818345,0.2670780079330101,0.2066079295154185,0.24614707177454867,0.2068661971830986,0.24637043554773427,0.20712401055408972,0.2804395604395604,0.2666959578207381,0.26701800614844096,0.26733977172958734,0.2461605967529618,0.2802631578947368,0.26742656729504605,0.2677475898334794,0.2067455102934735,0.2679509632224168,0.26827133479212256,0.268591426071741,0.24573677306515085,0.27972027972027974,0.24595893403232852,0.27991266375545854,0.2684417285028372,0.2801047120418848,0.2459659834278238,0.26852659110723626,0.24618736383442266,0.28005226480836237,0.20592076621680452,0.26849434290687557,0.26881252718573295,0.24608695652173912,0.27987831377661887,0.2463075586446568,0.20581849761181067,0.2686631944444444,0.20607375271149675,0.20641803989592367,0.2795838751625488,0.268630849220104,0.2689475963620615,0.26926406926406926,0.24578104716572913,0.27941176470588236,0.24600086467790747,0.2692307692307692,0.26954643628509717,0.24611398963730569,0.26974536037980146,0.2463330457290768,0.2789995687796464,0.2793103448275862,0.2055148642826368,0.2695951765719208,0.20576840292724924,0.20611015490533563,0.2460215053763441,0.2695614789337919,0.24623979372582724,0.24656357388316152,0.24688707599828252,0.26952789699570817,0.2698412698412698,0.2469982847341338,0.2700385769395628,0.24721508140531276,0.2702355460385439,0.2705479452054795,0.27086007702182285,0.2711719418306245,0.24711415134672937,0.27735042735042736,0.2473302007689022,0.2049530315969257,0.27102005975245413,0.2052047781569966,0.2771855010660981,0.2774936061381074,0.24712398806987643,0.2708688245315162,0.2711792252022137,0.24723404255319148,0.27137388345384944,0.24744897959183673,0.27709307267318317,0.20475785896346643,0.2713375796178344,0.27164685908319186,0.24734832414085703,0.27184054283290926,0.24756252649427724,0.27203389830508473,0.24777636594663277,0.20448772226926334,0.24798984341938213,0.2719966159052453,0.24820295983086682,0.2759932375316991,0.27207435572454586,0.27238175675675674,0.24820599409033348,0.27257383966244725,0.2484183888654576,0.20404721753794267,0.2726506531816266,0.2485256950294861,0.2728421052631579,0.24873737373737373,0.27513672696676483,0.2729184188393608,0.273224043715847,0.2735294117647059,0.248635027299454,0.2749790092359362,0.24884599244649602,0.27348993288590606,0.20335429769392033,0.27367979882648785,0.27398408043569333,0.24874371859296482,0.274173294265383,0.2489539748953975,0.27436219155165203,0.2491638795986622,0.2745507730881738,0.24937343358395989,0.2747390396659708,0.2750417362270451,0.24947851481017938,0.2735613010842369,0.27511463109629014,0.2025,0.275301957517701,0.20274771024146546,0.20307948397836037,0.2034109816971714,0.20374220374220375,0.27514546965918535,0.20398836726215205,0.20431893687707642,0.20464923204649232,0.27510373443983405,0.2754043965159685,0.27238805970149255,0.2047244094488189,0.2754763877381939,0.27577639751552796,0.2048841059602649,0.20521307405875053,0.24772539288668322,0.27573377428689544,0.24793388429752067,0.20528707145807518,0.27580511973575556,0.2761040033016921,0.20544554455445543,0.27628865979381445,0.2765869744435284,0.276885043263288,0.2771828665568369,0.24742692466035404,0.2773662551440329,0.24763471822295352,0.27055921052631576,0.27743526510480887,0.20501232539030403,0.2706365503080082,0.277504105090312,0.2051702913418137,0.27071369975389664,0.2775727757277573,0.2778688524590164,0.24702990577632117,0.27805077805077805,0.27056897257470325,0.27086743044189854,0.24703476482617587,0.2473426001635323,0.2476501838986514,0.20465686274509803,0.24785626786443446,0.2706122448979592,0.24806201550387597,0.2707993474714519,0.24826742763962495,0.24857375713121435,0.2044806517311609,0.2768729641693811,0.20472120472120472,0.2050447518307567,0.27043513623424154,0.2707317073170732,0.24827305973181635,0.276604386677498,0.27689809175801866,0.2483766233766234,0.277079107505071,0.24858069748580697,0.24888528577219296,0.27025931928687197,0.24908869987849333,0.2704453441295547,0.27681100768919464,0.2771035598705502,0.20420541852001617,0.20452708164915118,0.2771717171717172,0.20476575121163165,0.248687928946306,0.2050040355125101,0.2698668818071803,0.2701612903225806,0.2704554615074567,0.20507655116841256,0.24848973016512282,0.24879227053140096,0.24909456740442656,0.27031375703942073,0.24929634097305992,0.2704983922829582,0.27079148252310165,0.2710843373493976,0.2492974708952228,0.27568218298555375,0.2045728038507822,0.27105052125100243,0.27134268537074147,0.27163461538461536,0.24909891870244294,0.27181745396317053,0.272108843537415,0.2724,0.24910035985605758,0.24940047961630696,0.2724730323611666,0.2727635782747604,0.27305389221556886,0.2733439744612929,0.2736338252891903,0.20374800637958532,0.20406536468712635,0.24900398406374502,0.27399442453205897,0.24920382165605096,0.24950258654994031,0.2740652346857597,0.2731610337972167,0.2742448330683625,0.2745331744139849,0.20373312152501985,0.27312425565700676,0.2734126984126984,0.24910749702499008,0.274385408406027,0.2746730083234245,0.24920760697305863,0.2732673267326733,0.2747426761678543,0.2034032449544915,0.2733386075949367,0.2748121787267695,0.27509881422924903,0.24891347293559857,0.24921011058451817,0.2731938412949072,0.27505919494869774,0.20315581854043394,0.27326498422712936,0.2033898305084746,0.27501970055161545,0.2753052382827885,0.24881889763779527,0.273120818575364,0.27340676632572775,0.2736924891860008,0.24882075471698112,0.24911591355599214,0.24941084053417126,0.2497055359246172,0.27472527472527475,0.2750098077677521,0.24980392156862746,0.2732261858094865,0.25,0.27497062279670975,0.25019577133907595,0.20234833659491194,0.2730829420970266,0.2733672272193977,0.2501954652071931,0.2024228214146151,0.202734375,0.2745021475985943,0.2029664324746292,0.2500975419430355,0.2745709828393136,0.20311890838206628,0.2034294621979735,0.2726918582002337,0.27453271028037385,0.2748151031529778,0.24980544747081712,0.25009723842862697,0.25038880248833595,0.27244461717839097,0.2031857031857032,0.2504854368932039,0.20341614906832298,0.20372526193247964,0.27230411171450736,0.2039550213260954,0.27248062015503877,0.2727624951569159,0.27304415182029435,0.2500967866821525,0.27360681114551083,0.2502901353965184,0.2505800464037123,0.2729029764205644,0.2731839258114374,0.2506759366550792,0.27335907335907333,0.2732535700501737,0.2507716049382716,0.2510605476282298,0.20316114109483424,0.27321772639691716,0.27349768875192604,0.2510589141316904,0.2729022324865281,0.27356675644478645,0.27307692307692305,0.27335640138408307,0.2736356648731745,0.2028428736073761,0.27342549923195086,0.2737044145873321,0.250575594781274,0.2508630609896433,0.20283742331288343,0.20314296665389037,0.2509578544061303,0.27307545001914973,0.27335375191424194,0.20321469575200918,0.27352716143840855,0.27380497131931164,0.20336391437308868,0.25066870462361485,0.2509549274255157,0.2512409316533028,0.2736641221374046,0.2724151087371232,0.2738367658276125,0.2741136103698056,0.27439024390243905,0.27466666666666667,0.27494287890327496,0.27217358203273695,0.2028158295281583,0.2506656523392925,0.20304182509505703,0.2508551881413911,0.27203647416413373,0.25104443600455756,0.2722095671981777,0.2030360531309298,0.2723823975720789,0.20326128175957528,0.2725549658832449,0.2728306176582039,0.25075757575757573,0.27300265051117,0.25094625283875854,0.27317442300416195,0.25113464447806355,0.20302457466918714,0.2732426303854875,0.2735171892708727,0.2737915407854985,0.25103812759531896,0.2030188679245283,0.2033195020746888,0.2737556561085973,0.2740294006784772,0.2743029389600603,0.25084745762711863,0.27221385542168675,0.2743695897628905,0.2746425884123401,0.2722828130876269,0.27481203007518795,0.20293122886133033,0.2749812171299775,0.27224934284641383,0.27515015015015015,0.25028142589118196,0.2753188297074269,0.2755905511811024,0.20277361319340328,0.2720119895091795,0.27228464419475656,0.27255709472107825,0.27282934131736525,0.24990647212869435,0.27299925205684367,0.2732710280373832,0.20254110612855009,0.2749346283152783,0.2027632561613144,0.24972004479283313,0.20298507462686566,0.2032823573293547,0.27479492915734527,0.20350354081252328,0.2727272727272727,0.27299813780260707,0.24944154877140728,0.20357275772236696,0.27455357142857145,0.27296392711045,0.2037174721189591,0.2746191007060572,0.274888558692422,0.27292981804678795,0.24907201187824796,0.20371057513914656,0.20400593471810088,0.2728958101594364,0.2746478873239437,0.2749166357910337,0.20407407407407407,0.27508330248056273,0.27276091783863804,0.2730299667036626,0.20414201183431951,0.27504621072088725,0.2753141167775314,0.272995936461027,0.20420974889217133,0.2731635289774825,0.27527675276752767,0.2733308742161564,0.27359882005899705,0.20420199041651307,0.2737656595431098,0.2740331491712707,0.27430044182621505,0.24733161575266838,0.27483443708609273,0.275101140125046,0.27536764705882355,0.2756339581036384,0.24724467303453343,0.27579875137715754,0.2474302496328928,0.24770642201834864,0.20359501100513572,0.2757609094242758,0.27346041055718473,0.2759252473433492,0.2761904761904762,0.2735261808861223,0.24743777452415813,0.2762532016099524,0.24762253108997806,0.2764168190127971,0.2766812865497076,0.24771647789550602,0.2731921110299489,0.27345746622855055,0.27664233576642333,0.27690623859905145,0.27716994894237784,0.2774334670069267,0.27332361516034986,0.20255009107468125,0.2734887108521486,0.24717874044412086,0.24745269286754004,0.27355401964350673,0.2770909090909091,0.2024718284260269,0.27361918604651164,0.2026879767526335,0.2029774872912128,0.276950998185118,0.27358490566037735,0.2771128037722162,0.2773749093546048,0.2029720913374411,0.27355072463768115,0.20318725099601595,0.20347574221578565,0.20376402461093016,0.2040520984081042,0.27703435804701626,0.20426608821402747,0.2771955186122154,0.20447976878612717,0.27735644637053086,0.27292418772563176,0.2457596535546734,0.24603174603174602,0.27731698521456905,0.2462148521989906,0.20432432432432432,0.27737752161383283,0.204537270435722,0.2775377969762419,0.2047499100395826,0.2723021582733813,0.20496224379719524,0.20524802300503234,0.277398490837226,0.2776580459770115,0.20538599640933572,0.2455132806891601,0.27771797631862216,0.2456958393113343,0.2778773754033704,0.24587813620071686,0.20530275886778931,0.20558739255014327,0.2713927676333691,0.2777380100214746,0.27155635062611805,0.2778969957081545,0.2781551662495531,0.2784131522516083,0.27152554483744196,0.2785714285714286,0.2788289896465548,0.24518201284796573,0.27898679985729574,0.27139800285306703,0.279144385026738,0.27156094084105487,0.2793017456359102,0.20477207977207978,0.2050551797792809,0.2793594306049822,0.27961579509071505,0.2713371266002845,0.27977248489157486,0.28002842928216065,0.244404973357016,0.2801846590909091,0.27121050763223287,0.2803406671398155,0.2805959560127705,0.20460992907801417,0.28075150655795816,0.28100637845499643,0.20474672334396032,0.20502832861189801,0.27079646017699116,0.28096249115357397,0.24372125928546162,0.28111739745403114,0.27076705549664193,0.2812720848056537,0.2709290003532321,0.2814265536723164,0.2710907165548888,0.28158080451658435,0.2712522045855379,0.27150916784203105,0.24321466337680647,0.204369274136716,0.2715744980626981,0.271830985915493,0.2432242168250616,0.2811400422237861,0.2718958846289131,0.2721518987341772,0.281195079086116,0.27231201686577655,0.20407446434843696,0.28125,0.2428922428922429,0.2814035087719298,0.27218519817607856,0.24298737727910238,0.28145811426568523,0.2431674842326559,0.2434325744308231,0.20378151260504201,0.2814140707035352,0.281665500349895,0.24344176285414482,0.2716783216783217,0.2436211114994757,0.2718378756114605,0.24380020957038073,0.2814245810055866,0.24397905759162303,0.27180739706908585,0.20334844785490058,0.2719665271966527,0.2722202858138724,0.2034843205574913,0.28108672936259144,0.2722841225626741,0.27253741733379744,0.2035490605427975,0.27269565217391306,0.27294853963838667,0.2808481056656239,0.2810979847116053,0.281347690170198,0.20347222222222222,0.203748698368622,0.28140180430256767,0.20395421436004163,0.2815533980582524,0.27244367417677645,0.20408870408870408,0.20436439210252857,0.28150969529085873,0.20456905503634476,0.20484429065743945,0.27222414389484606,0.2814661134163209,0.2817144832353958,0.24187975120939875,0.24214162348877374,0.24240331491712708,0.28167069382119436,0.28191856452726016,0.24249741290100035,0.28206896551724137,0.27163047225094794,0.24259131633356307,0.2821219428177747,0.28236914600550966,0.28261617900172115,0.282863041982106,0.2039903680770554,0.2713204951856946,0.2829150910965968,0.2422680412371134,0.2713844039848849,0.28296703296703296,0.203913491246138,0.24227865477007549,0.20411663807890223,0.2829218106995885,0.271169009256085,0.2830705962988348,0.2041795135320315,0.24212328767123287,0.27114002054091063,0.24229979466119098,0.24255901471091346,0.271203830369357,0.28273504273504274,0.20403280929596718,0.2828834984625897,0.2424863387978142,0.20416524411061795,0.27098976109215017,0.2828386216308427,0.2830832196452933,0.20422775315376748,0.20449897750511248,0.2831345826235094,0.24216621253405995,0.2832822608103507,0.2835262083049694,0.2837699897924464,0.204421768707483,0.2703162189731384,0.27056424201223656,0.20455317703024126,0.2418478260869565,0.27062818336162986,0.20468431771894094,0.27078384798099764,0.28324287652645863,0.20481519159036962,0.20508474576271185,0.20535411724839037,0.2706639566395664,0.2709109380291229,0.2711577522004062,0.2829103214890017,0.2713125845737483,0.2830571525194454,0.28329952670723463,0.2835417370733356,0.2408783783783784,0.24113475177304963,0.24139095205941932,0.2834964562942963,0.24156545209176788,0.2418212478920742,0.27073499662845585,0.2419952814290529,0.283355795148248,0.24216908049848435,0.27070707070707073,0.24234264557388085,0.2833109017496635,0.2707702657248571,0.2834566240753194,0.24235294117647058,0.2708333333333333,0.27107826671145446,0.2834116856950974,0.24236320913058074,0.27114093959731544,0.2036229453203623,0.28336686787391013,0.20382165605095542,0.28351206434316356,0.28375209380234506,0.2839919624916276,0.2708403080013391,0.28413654618473894,0.20374707259953162,0.2842809364548495,0.2845202273487128,0.27072192513368987,0.28466421650517876,0.24148296593186372,0.2707846410684474,0.20360480640854473,0.284617951284618,0.2038025350233489,0.20406802267422475,0.27066666666666667,0.20426524491836054,0.2045303131245836,0.2707292707292707,0.27097203728362185,0.27121464226289516,0.2714570858283433,0.24077153308945792,0.2839095744680851,0.27151877700232635,0.2717607973421927,0.28395881766854864,0.20418326693227093,0.20444739462329903,0.2840079628400796,0.20464344941956883,0.27155172413793105,0.20483924428239975,0.2839628893306826,0.2716131169261345,0.28410596026490065,0.20489904005296258,0.27167438782263403,0.2719153159113463,0.27215608465608465,0.28396694214876034,0.28420356906807664,0.23951106706309877,0.2843461030383091,0.23968306371739848,0.23993399339933993,0.28439458924447375,0.24010554089709762,0.2403560830860534,0.2844429795649308,0.2846787479406919,0.2849143610013175,0.2713203819558775,0.20408163265306123,0.20434353405725567,0.2713815789473684,0.27162117724432755,0.23997370151216305,0.2717712783437397,0.2720105124835742,0.2400656814449918,0.2721602101116218,0.272399081063341,0.20406824146981628,0.28402755001639884,0.2724590163934426,0.27269747623729923,0.27293577981651373,0.2731739272846381,0.23968565815324164,0.28379705400981997,0.2732329842931937,0.27347072293097807,0.2838456507521256,0.2840797646289637,0.23954248366013073,0.2842208428618099,0.23971260613977793,0.20339536402220046,0.2731723237597911,0.2841761827079935,0.28440965427266796,0.2846429735898272,0.2395697522816167,0.2730531117627892,0.2732899022801303,0.2845978508629111,0.2848307291666667,0.23950536934591604,0.202992843201041,0.2731707317073171,0.273407022106632,0.23951901202469938,0.23976608187134502,0.27346541084767784,0.2737012987012987,0.28432327166504384,0.23977936404931863,0.2027246188777165,0.27367055771725035,0.2739059967585089,0.28418664938431626,0.27405247813411077,0.27428756476683935,0.2842343800582713,0.2744336569579288,0.27466839210611455,0.28428201811125486,0.28451341739411573,0.27472527472527475,0.2749596122778675,0.2751937984496124,0.2754278333871489,0.2843770174306004,0.2755727654081962,0.2845161290322581,0.23863269912931312,0.2846550612508059,0.28488559458588464,0.2851159793814433,0.2853462157809984,0.2752736638763683,0.2384937238493724,0.2754182754182754,0.2756513348343519,0.2852090032154341,0.2757955641272903,0.27602827763496146,0.2852553806617411,0.28548490687219014,0.2857142857142857,0.28594351732991014,0.28617260186076354,0.28640153944836433,0.2757294004488618,0.2759615384615385,0.2761935277154758,0.2005124919923126,0.23759205891770732,0.2861715749039693,0.20064,0.28630838131797826,0.28653661656539814,0.2867647058823529,0.2869926494087568,0.23738019169329075,0.27563078888534015,0.28703703703703703,0.23747207149696775,0.27568602425015953,0.20031897926634767,0.23756377551020408,0.2378068218042716,0.2004461440407903,0.23797387703090156,0.2754777070063694,0.28653295128939826,0.2380649267982177,0.20044543429844097,0.2865776081424936,0.28680445151033385,0.27527018436109346,0.2869399428026692,0.27541296060991105,0.23785328675770084,0.23809523809523808,0.2868930498254522,0.23826142131979697,0.23850301300348875,0.27520608750792647,0.2868462757527734,0.2870722433460076,0.2872980677858727,0.23844205193160228,0.28743273187717633,0.19968354430379748,0.2749130022144891,0.2874762808349146,0.2877015491621878,0.23830594184576487,0.27488151658767773,0.2877447883765003,0.28796968740132617,0.2749368686868687,0.2751656674029662,0.23817034700315456,0.23841059602649006,0.19924337957124844,0.27513394264103375,0.2753623188405797,0.2755905511811024,0.28746851385390426,0.2382751022977652,0.23851478917558214,0.2875117961623152,0.23867924528301887,0.2753850990254637,0.28755499685732244,0.2387684574300974,0.2876884422110553,0.1987441130298273,0.23885750156936597,0.2751804204581111,0.27540777917189463,0.2389463781749765,0.1987460815047022,0.27546223754308996,0.28728070175438597,0.19887253366739743,0.23888541014402004,0.27543035993740217,0.2872340425531915,0.2755708476696903,0.2873671044402752,0.19881212879024696,0.275625,0.2874101843174008,0.19893816364772018,0.2385263815173275,0.28745318352059923,0.27550702028081125,0.23861509669369932,0.2756470221390708,0.2874064837905237,0.23870364599563726,0.2757009345794392,0.19869199626284648,0.19894146948941469,0.287270463741052,0.2874922215308027,0.19906687402799378,0.28762437810945274,0.28784581908610507,0.23834679925419516,0.2752407579993787,0.287888198757764,0.2881092828314188,0.1989447548106766,0.2882407694694384,0.28846153846153844,0.2886821705426357,0.2889026658400496,0.19894638983576077,0.19919454770755887,0.28894394549396096,0.2891640866873065,0.2893840916125039,0.2896039603960396,0.23755026291370243,0.19913419913419914,0.19938176197836166,0.2741038318912237,0.2894655545257955,0.19950586781964175,0.19975301018832972,0.2895061728395062,0.2897253933970997,0.1998766193707588,0.20012334258402714,0.28976572133168926,0.20030816640986132,0.28989525569932223,0.2901139513396982,0.23676108374384236,0.2902431517389966,0.23692307692307693,0.23715779760073824,0.23739237392373924,0.27297878881032894,0.20006146281499693,0.29001536098310293,0.2902334152334152,0.23733497083205404,0.23756906077348067,0.2727830622890457,0.2901840490797546,0.23765716038025145,0.272838749233599,0.23781795893349678,0.29013480392156865,0.23797856049004595,0.290263319044703,0.2381389654116927,0.19951040391676866,0.27256041602936676,0.2382262996941896,0.27269948028125957,0.1995721271393643,0.1998166819431714,0.20006108735491754,0.28977099236641224,0.28998778998779,0.20018309429356118,0.2724222086638194,0.27264409881061297,0.2899390243902439,0.20024382810118865,0.2900670322973796,0.2902832774901005,0.2904993909866017,0.20030441400304413,0.20054777845404748,0.27228475813811986,0.29045012165450124,0.20066889632107024,0.20091185410334347,0.23701002734731086,0.29040097205346294,0.290616459155785,0.20097146326654525,0.20121396054628224,0.29065533980582525,0.2908704883227176,0.20133414190418436,0.29099727190057595,0.27151515151515154,0.2717358376249621,0.23652331920048456,0.23675446563729943,0.23698547215496368,0.20121028744326777,0.2716273442226255,0.20139098881161174,0.20163240628778717,0.290420066485343,0.29063444108761327,0.23678646934460887,0.2907608695652174,0.201629942650166,0.20187085093542548,0.29079939668174964,0.2910132689987937,0.23665963219776906,0.23688969258589512,0.2910515215426333,0.20180722891566266,0.23697681421258657,0.2910897049969898,0.23713511886849234,0.29121540312876054,0.2018045112781955,0.20204449789536982,0.29125338142470697,0.20222355769230768,0.2913787924301592,0.26996996996996997,0.23686580606424498,0.29141656662665066,0.237023702370237,0.23725254949010197,0.29145427286356823,0.23741007194244604,0.20197782439316753,0.20221689634511683,0.2914046121593291,0.29161676646706586,0.20233463035019456,0.2917414721723519,0.20251271313191743,0.26913875598086123,0.29177877428998505,0.29199043634190075,0.20256946519270988,0.23685782556750298,0.2920274708868319,0.23701492537313432,0.20262608176663682,0.2687947494033413,0.29197733373098717,0.2370304114490161,0.20268256333830104,0.29201430274135876,0.29222520107238603,0.2686122692078618,0.2923489133670735,0.2925595238095238,0.2927700089259149,0.202558001189768,0.20279512340172465,0.2030321046373365,0.20326894502228826,0.23648247177658943,0.2681912681912682,0.20338479809976248,0.26832888097358265,0.2922848664688427,0.20350044497181846,0.2683867141162515,0.20367625259412986,0.2922347362181387,0.29244444444444445,0.2037914691943128,0.2360082913828842,0.2682060390763766,0.23616454572358686,0.2923076923076923,0.2925170068027211,0.23625073920756948,0.2926396689328998,0.2928486997635934,0.26794682422451993,0.23626698168930893,0.2680838500147623,0.20336481700118064,0.29271171437002064,0.20353982300884957,0.26806251843114126,0.26827830188679247,0.2684939581491306,0.26870948733058336,0.26892488954344623,0.23586572438162545,0.26906093612010595,0.2692760447321954,0.2359517505148573,0.29205882352941176,0.23610702734489855,0.29218106995884774,0.2923890684689979,0.23619271445358403,0.23641703377386197,0.2689371697005285,0.2028177282066334,0.29225352112676056,0.20299207978879436,0.29237536656891494,0.26883611844034006,0.2690504103165299,0.2924113682976853,0.2691857059168131,0.20292825768667644,0.2031615925058548,0.2692420251682763,0.2694558221181978,0.2921906990348055,0.29239766081871343,0.2356036246711488,0.26943308007013445,0.29243353783231085,0.2695677570093458,0.23562043795620438,0.29246935201401053,0.2028012839217975,0.26954492415402564,0.20297462817147857,0.20320699708454812,0.2923345963276013,0.2695221445221445,0.26973492572094376,0.2699475829935935,0.23522561863173216,0.23544819557625146,0.23567064300261856,0.2920302501454334,0.23582436754870603,0.23604651162790696,0.2920662598081953,0.23619988378849507,0.269532384548359,0.2697444831591173,0.29201741654571844,0.2698781195589089,0.23614737452857557,0.23636890951276102,0.2919686865758191,0.23652173913043478,0.2697768762677485,0.2022016222479722,0.2699102229944975,0.20237405906195716,0.20260492040520983,0.2916666666666667,0.23633207983800983,0.26980913823019087,0.27002023706273487,0.2702312138728324,0.27044206876625254,0.29145002888503757,0.2916546347097892,0.20236720554272516,0.2704184704184704,0.2706289671090594,0.29160657629074127,0.27076124567474047,0.2709714615162871,0.29164265129683,0.29184673004897727,0.27102534562211983,0.2712352433054996,0.27144502014968336,0.20201438848920864,0.2715765247410817,0.271786022433132,0.2719953996549741,0.2722046565104915,0.20201149425287357,0.29129560471128985,0.29149913842619185,0.2721791559000861,0.27238805970149255,0.29153515064562413,0.2019506597819851,0.20217952394608546,0.20240825688073394,0.23445113212955002,0.23467048710601718,0.2913205385276425,0.29152348224513175,0.2719725164614944,0.2916428162564396,0.23462088698140202,0.2917620137299771,0.23477266228195595,0.2918810748999428,0.2920834524149757,0.27171428571428574,0.23479005998286204,0.27184466019417475,0.27205252640593774,0.20176940639269406,0.2348074179743224,0.27210496292070735,0.27231251782149984,0.2725199543899658,0.2348247363921345,0.2726495726495726,0.23497579037311309,0.2727790432801822,0.27298605180757185,0.2911212293682413,0.27311522048364156,0.20136518771331058,0.27324424225191923,0.27345082433200685,0.29099175902244956,0.20142045454545454,0.20164725930133484,0.2734241908006814,0.27363042861197845,0.23439273552780931,0.2907801418439716,0.23454339194554735,0.2736036291465835,0.23469387755102042,0.23491073958628506,0.23512747875354106,0.2735768903993203,0.2737825594563986,0.27398811208604584,0.27419354838709675,0.23507779349363508,0.23529411764705882,0.2900763358778626,0.29027699265121537,0.20090421022887822,0.2903954802259887,0.2010731431798927,0.29051383399209485,0.2907140841095117,0.2909142212189616,0.2011283497884344,0.27354765933446135,0.2012968705948689,0.29086809470124014,0.29106790645252184,0.23464788732394365,0.2911855815263306,0.29138513513513514,0.23473121305938643,0.20118176702307258,0.29142053445850913,0.2013498312710911,0.2915378127635648,0.2917369308600337,0.2728294464737286,0.20140449438202246,0.2729570345408593,0.27316114542391917,0.2343530732528768,0.29152637485970817,0.2732117812061711,0.2916432978126753,0.29184188393608074,0.273262331838565,0.27346595685065844,0.23417366946778712,0.2917950154018482,0.2735162374020157,0.27371956339210746,0.23419138220481253,0.29174825174825175,0.29194630872483224,0.2007268660889013,0.27361654555617665,0.23414361553506566,0.2737430167597765,0.2342920971795588,0.27386934673366836,0.23444041306168015,0.20061383928571427,0.2739191073919107,0.2741215839375349,0.20072483969891275,0.27424749163879597,0.2008916132627473,0.2743732590529248,0.27457532720690614,0.2341314031180401,0.29084330642916784,0.23427935447968837,0.274547983310153,0.23442714126807565,0.29079788712816235,0.2909949972206782,0.2745207001944985,0.23444444444444446,0.2746459316856429,0.27484730705163796,0.2908687205106855,0.23446170921198667,0.27489597780859915,0.27509706045479754,0.2752980316052121,0.20011086474501108,0.200332502078138,0.2753462603878116,0.20049847687621158,0.2754706533776301,0.2756711873789095,0.2006087437742114,0.2757952973720609,0.27599557522123896,0.23389549350290295,0.27611940298507465,0.23404255319148937,0.27624309392265195,0.2764429715548191,0.2004417448923247,0.2895390560309136,0.2897350993377483,0.28993103448275864,0.2338665195808053,0.2762613730355666,0.2764608599779493,0.23394874621107742,0.23415977961432508,0.2343706967777472,0.23458149779735682,0.23479218276906139,0.2762795817281233,0.23493810178817057,0.2764026402640264,0.2892493813582623,0.2765255634964266,0.2767243748282495,0.27692307692307694,0.23482559736336173,0.2770455793520044,0.27724402964589623,0.2774423710208562,0.19945130315500686,0.2775644541963796,0.27776254455717025,0.2779605263157895,0.2885722115648123,0.19945205479452055,0.27800602574637084,0.19961664841182913,0.27812756638379416,0.27832512315270935,0.28837209302325584,0.27844638949671774,0.23407164342357123,0.2785675232367414,0.2787646898059579,0.2789617486338798,0.23408904670854958,0.2880939377389405,0.279006279006279,0.27920305676855894,0.279399727148704,0.28805237315875615,0.2795200436323971,0.2797164667393675,0.19896429544835104,0.2798365122615804,0.19912830291473713,0.27995642701525053,0.2801524639259461,0.23353293413173654,0.2802721088435374,0.19912948857453755,0.23361435953222737,0.1992930940728657,0.2802391954335417,0.2872282608695652,0.23363216517250748,0.19934818033677348,0.23377681238121098,0.28013029315960913,0.2871099050203528,0.2873033098209441,0.2874966097097912,0.23373101952277658,0.2876118189211168,0.28780487804878047,0.28799783256570033,0.28819068255687974,0.27971838613593286,0.1989713048186248,0.19918809201623816,0.27976190476190477,0.2799567216662158,0.23336938885884262,0.23357664233576642,0.28783783783783784,0.28803026209132665,0.1990815775256618,0.23359438293275722,0.2796976241900648,0.2879892037786775,0.28818132757690235,0.19908281629349878,0.2882955771305286,0.2795901860339714,0.27978436657681943,0.27997844246833736,0.2801724137931034,0.28036628063560465,0.19897684437264404,0.288021534320323,0.23304628632938643,0.28033360236750066,0.2805271651425498,0.2807206238236085,0.23306451612903226,0.2332706261757592,0.23347662547017733,0.2806876175127585,0.28088077336197637,0.2810738255033557,0.28743961352657005,0.23343171451569628,0.2875536480686695,0.23357468490211852,0.19839142091152814,0.1986062717770035,0.2808145766345123,0.28743637824805784,0.2876272094268881,0.23346720214190095,0.2807815845824411,0.23360984747123362,0.19850187265917604,0.280823749665686,0.2874331550802139,0.2876236300454424,0.28781400320684125,0.19850387389794283,0.2879273504273504,0.28064085447263015,0.198611852642819,0.2807579396850814,0.2878868729989328,0.2331288343558282,0.288,0.2881898160490536,0.2883795309168444,0.2885691446842526,0.23308470964304742,0.23328894806924103,0.288604898828541,0.23343092893265904,0.2802022352315061,0.2886405959031657,0.28882978723404257,0.2802446157936719,0.28043593833067515,0.2333244751528036,0.288788522848034,0.23346613545816733,0.19782262347318108,0.28882399787629415,0.19798301486199577,0.28018041920933934,0.2803713527851459,0.28878281622911695,0.2804878048780488,0.19798568778160616,0.28060413354531,0.1981456953642384,0.19835805084745764,0.28064601535610273,0.19851773425092642,0.2807621063773485,0.28835978835978837,0.28854800317376356,0.23268112109994712,0.23288395453343907,0.2806553911205074,0.19841479524438574,0.2884310618066561,0.28069712173224187,0.2808870116156283,0.19846925310108207,0.2883905013192612,0.28092851490371934,0.28850210970464135,0.1985235960980754,0.2886136004217185,0.2888010540184453,0.19863013698630136,0.2807479589149328,0.28883622959452343,0.28086338510134246,0.2889473684210526,0.23204419889502761,0.2809047869542346,0.23218511701288455,0.28101997896950576,0.2812089356110381,0.2887545980031529,0.23220383504071448,0.28125,0.23234444736151222,0.19816272965879264,0.2812909997376017,0.19832109129066108,0.2814057172829793,0.2815941269008915,0.23224115334207077,0.2882599580712788,0.1983232905423107,0.19853326348873757,0.28148730034040326,0.2882198952879581,0.28160167495420046,0.2817896389324961,0.2819775045775569,0.2821652719665272,0.2318954248366013,0.23209618400418192,0.19832767180559185,0.28213166144200624,0.28231914337947245,0.23211488250652743,0.2876533542156095,0.28783924843423797,0.19827811114009913,0.2822117892540428,0.28239895697522815,0.23201251303441084,0.28251237946312224,0.23215216258467952,0.2826256837718156,0.19817708333333334,0.19838583702160895,0.2826652785007808,0.2828519385896435,0.23204994797086367,0.2871261378413524,0.1983879355174207,0.28281778008838054,0.283004158004158,0.28319043907508445,0.2833766233766234,0.2869384575434952,0.2318276220145379,0.28341552037373474,0.2319667877529839,0.19818417639429312,0.2868257261410788,0.19834067928441795,0.2833074131674443,0.28349313293599376,0.28367875647668395,0.28386428386428386,0.23174520973588814,0.1982914833031323,0.28390269151138714,0.23182406209573092,0.23202276254526644,0.2322213602275666,0.1982936918304033,0.19850090462651848,0.2837209302325581,0.28390596745027125,0.2840909090909091,0.284275755228505,0.23205988642230252,0.2856774193548387,0.28586171310629516,0.19834923910239877,0.28416709644146465,0.2843516370198505,0.2858247422680412,0.28600876062870395,0.2861926841834106,0.2863765130054082,0.23171987641606592,0.23191763191763193,0.2321152856407617,0.1980962181631078,0.2839506172839506,0.28413473900745695,0.28431876606683804,0.28604471858134156,0.19809866392600206,0.28435653737477523,0.28454031843862354,0.19820282413350448,0.28465092402464065,0.28586091865537594,0.28476141611082606,0.2849448576558092,0.28512820512820514,0.1981543194052807,0.2852383393131727,0.285677683832949,0.23130122950819673,0.2852752880921895,0.23143881208397338,0.23163552597901202,0.28556806550665303,0.28575083141468405,0.28593350383631716,0.28509332651495783,0.2852760736196319,0.2315359059545106,0.28589678078691877,0.28531289910600255,0.28600612870275793,0.2861884094970641,0.28637059724349156,0.23143659096708344,0.2316326530612245,0.2851313440448865,0.28633350331463536,0.2852408870762172,0.2854230377166157,0.2863694267515924,0.28655119714722366,0.28673287496816907,0.2853869653767821,0.19699669127004327,0.28549618320610687,0.1971508522004579,0.19735503560528994,0.19755911517925248,0.2854600915099136,0.19771283354510802,0.19791666666666666,0.28625857251714504,0.28643981716607414,0.28535161208428533,0.2865482233502538,0.28672925653387465,0.197869101978691,0.2868374334263251,0.28524340770791073,0.28694550063371355,0.23035985808413584,0.2870534583227768,0.2872340425531915,0.28741453532539885,0.28759493670886077,0.19767147557580358,0.284919028340081,0.23020490766506452,0.19777440566514923,0.2849557522123894,0.19792719919110213,0.1981298963861511,0.28726629610914606,0.2874463248295024,0.23005050505050506,0.2875536480686695,0.2877334679454821,0.28791319707292456,0.28809283551967707,0.2300126103404792,0.2302067574382249,0.19788253087975802,0.28805443548387094,0.2842025699168556,0.19798488664987404,0.2843112566104256,0.28449144008056393,0.2846715328467153,0.19803724207347762,0.28779874213836476,0.1981891348088531,0.2846366607995977,0.287833081950729,0.2880120633324956,0.28819095477386936,0.19819140919366993,0.2845303867403315,0.22947526989706252,0.19829317269076305,0.28456712672521955,0.284746613146011,0.22949586155003762,0.2848545636910732,0.2850338430684382,0.28521303258145364,0.28539213229766974,0.22945891783567135,0.2875031304783371,0.22959439158738107,0.28760951188986233,0.2852852852852853,0.2877157868401301,0.28789394697348675,0.2880720180045011,0.28825,0.22944263934016496,0.2296351824087956,0.28503622283287533,0.19755244755244755,0.2881398252184769,0.28831752371442837,0.22959820314449714,0.28493013972055886,0.2851085058618109,0.22967581047381547,0.2882074295686861,0.22981056829511465,0.2850735110889609,0.28525161933233684,0.19726027397260273,0.1974601593625498,0.2852875280059746,0.28795420607267297,0.2853943767106245,0.2880597014925373,0.2882367570256155,0.22948781700646445,0.19736515038528463,0.2852882703777336,0.2854658385093168,0.2856433184302037,0.2880556245343929,0.19736842105263158,0.19756763464879623,0.2880893300248139,0.28553708757132223,0.22916666666666666,0.2856434416067444,0.229300941993059,0.28574969021065677,0.2859266600594648,0.28610354223433243,0.19737493808816245,0.2876949740034662,0.22920792079207922,0.19747587230883445,0.2293419099455715,0.2876576799406381,0.2294757665677547,0.2857849196538937,0.28596144340088975,0.2861378799110452,0.28631422924901184,0.2864904914793776,0.2293827160493827,0.22957294495186373,0.2872655478775913,0.28645447816432273,0.2873704982733103,0.22959309494451294,0.22978303747534518,0.2874044860734533,0.28758008871365204,0.19684651391968466,0.19704433497536947,0.28761388820487566,0.2860659773510586,0.19714496677332022,0.2861712598425197,0.1972939729397294,0.28750614854894246,0.2876813375952791,0.2861356932153392,0.2292946669943475,0.2877149877149877,0.1972488332105134,0.2861001964636542,0.286275472624601,0.28767795778105054,0.2878527607361963,0.22914622178606478,0.28795683100318864,0.28813143697891125,0.28830595734248593,0.2884803921568627,0.28595932369517274,0.28858402743753064,0.2860641685035513,0.28623898139079335,0.22888616891064872,0.19676945668135096,0.2884756545143137,0.2862035225048924,0.2863780875519687,0.19682151589242053,0.2884380347103398,0.28641251221896386,0.2885414121671146,0.22862725940400586,0.2886446886446886,0.288818359375,0.28899194532584815,0.22864812103465104,0.28909490119541353,0.19658536585365854,0.2891977566447208,0.2859580692345198,0.28613209846453813,0.22855750487329435,0.2891595615103532,0.19654164637116414,0.1967372778183589,0.2891918208373905,0.2859576539303967,0.22846715328467154,0.2286548285088786,0.22884241245136186,0.2859226841721371,0.28609625668449196,0.19659781287970837,0.1967930029154519,0.28613067767792083,0.19694026226323458,0.28866229667395,0.1970873786407767,0.28609560786216937,0.28626880155264434,0.22847441183604172,0.2286614936954413,0.2863030303030303,0.2864760058167717,0.2866488975042404,0.22868217054263565,0.28820537660450474,0.19685230024213074,0.28661341079641733,0.2867860600193611,0.28695862569562064,0.28713110788582485,0.22853688029020555,0.2872340425531915,0.2874063330916123,0.22861285645239246,0.28775066441169367,0.28792270531400965,0.22868872253078967,0.22887493964268468,0.28723147477673183,0.2874034749034749,0.2875753920386007,0.22889532079112399,0.2290812635640222,0.2876084860173578,0.28778018799710775,0.28795180722891567,0.2291014213442544,0.22928709055876687,0.19600288947748615,0.19619643716899374,0.1963898916967509,0.2870548604427334,0.28722636516718786,0.2873977873977874,0.28756912719403704,0.22908653846153845,0.2876712328767123,0.22921672272945698,0.19625270237809272,0.19644572526416906,0.28763505402160866,0.28780604896783485,0.28797696184305255,0.1964971209213052,0.2868793475653634,0.2870503597122302,0.22896187964516904,0.22914669223394055,0.2293314162473041,0.1964542405366555,0.2876646706586826,0.2868773946360153,0.2877663394780943,0.19650550502632838,0.22924144532184734,0.28779904306220094,0.28796938531451804,0.22931611669057866,0.2295003585943103,0.2865678776290631,0.2867383512544803,0.22957477305303392,0.28684021972772866,0.28772683858643744,0.2869419909286226,0.2295942720763723,0.2297780959198282,0.2876908396946565,0.286906749344145,0.22985216976633285,0.28772348033373063,0.28789323164918973,0.1958541815582559,0.2868032396379228,0.19599904739223625,0.1961904761904762,0.2868364675077362,0.19633507853403143,0.28765167737330477,0.2878211227402474,0.19643281807372176,0.19662387066096054,0.2866650820061802,0.1967680608365019,0.2877167973390354,0.22921615201900236,0.22939919259083352,0.28774928774928776,0.28649418466650844,0.28666350261034645,0.2868327402135231,0.2870018975332068,0.28717097462651175,0.28733997155049784,0.28750888836217114,0.28744075829383886,0.28760957119166075,0.19635243960208432,0.2874733601704949,0.28764204545454547,0.28781065088757396,0.287979176526266,0.2881476224272534,0.19631031220435194,0.2882478127216836,0.19645390070921986,0.1966438194280312,0.2882797731568998,0.2884479092841956,0.2886159659896079,0.19669421487603306,0.28871576959395656,0.22822751947132405,0.28669183577159035,0.28686010851615945,0.28702830188679246,0.22824805470407922,0.28854314002828857,0.28706104171576713,0.22832233741753064,0.19646643109540637,0.19665567593028732,0.2870261360960678,0.2871939736346516,0.1967521769828195,0.28823529411764703,0.19689484827099507,0.2871589840075259,0.22807430049376912,0.22825575928537847,0.2881316098707403,0.19689849624060152,0.288231148696265,0.22827618600281824,0.2869218126320733,0.19694835680751174,0.2870218258624736,0.22829657437822617,0.228477597935726,0.22865853658536586,0.22883939038686987,0.28785747773089543,0.22896648699320366,0.19681349578256796,0.19700163972827361,0.1971896955503513,0.28658393818777805,0.1973314606741573,0.19751930727825884,0.28755264389330837,0.28771929824561404,0.19761459307764265,0.2286649520692074,0.22884525479195886,0.1977097452675859,0.286214953271028,0.2875496379350619,0.19780476412891174,0.2862479570394583,0.2864145658263305,0.19789964994165693,0.22865142323845078,0.1980405878236529,0.28638059701492535,0.28654698064816975,0.19813519813519814,0.2866464693544628,0.28681267474370925,0.28697880270207315,0.22845831392640895,0.1981373690337602,0.19832402234636873,0.19851058878287178,0.28664495114006516,0.2868108862526169,0.1986046511627907,0.2869100209253662,0.19874476987447698,0.19893097838717175,0.1991171003717472,0.2868757259001161,0.2870413376683697,0.1992105874158347,0.22794800371402044,0.2281271756788118,0.2860788863109049,0.1992577128276502,0.28687384044526903,0.19939717134245305,0.1995827538247566,0.22804171494785633,0.28683966635773867,0.28700486448922863,0.285780453913849,0.28710349617967124,0.22800925925925927,0.285813469104374,0.2859787135585377,0.2861438815637289,0.22802960222016652,0.22820809248554913,0.2861766065649561,0.2283337185116709,0.19916820702402957,0.19935319935319934,0.1995381062355658,0.19972292773031633,0.19990766389658357,0.20009231479344564,0.2863405629903092,0.22814302191464822,0.2283210332103321,0.28637306894166475,0.28653757491931764,0.2867020050702927,0.22834101382488478,0.2285187744759272,0.2867342238599724,0.2868984572875892,0.2870626151012891,0.2285385500575374,0.22871606074551312,0.28502415458937197,0.22884084636614535,0.19958611174982754,0.19977011494252875,0.286830613652034,0.28699448529411764,0.2848610153916839,0.28502526412494256,0.2870264064293915,0.22865013774104684,0.2871241680055084,0.2849931161083066,0.2851571461344345,0.2286697247706422,0.28709011694565467,0.2851902796882164,0.1994040797616319,0.28528872593950505,0.2286368843069874,0.2288135593220339,0.28532173116555987,0.28548534798534797,0.2867933165484092,0.19931350114416477,0.19949668268130863,0.2868252516010979,0.28538760576263433,0.2855509830818473,0.28685714285714287,0.19949725776965266,0.28558373315055974,0.28688899040657834,0.28568166248001825,0.228310502283105,0.19949783154530928,0.2868553172067549,0.1996349532283824,0.28558394160583944,0.2282782212086659,0.2856817145462836,0.19968087531342604,0.19986326344576116,0.22829801777170197,0.2284738041002278,0.28558414939649285,0.22859744990892533,0.28568176644661963,0.22872098315885298,0.19977246871444823,0.19995450409463147,0.20013645667500568,0.22874033651659845,0.20027278927028871,0.2859090909090909,0.2288116337196092,0.2860063607451159,0.20031796502384738,0.28610354223433243,0.22883087400681043,0.22900590104403087,0.2291808486498752,0.20031760435571688,0.28600589702880475,0.28616780045351475,0.20040807073226025,0.2846781504986401,0.2848402447314752,0.2850022655188038,0.2289920724801812,0.2860054347826087,0.22911478378990266,0.28497057492077865,0.285132382892057,0.2002262443438914,0.20040714770413934,0.2858435097241067,0.28600497399954783,0.2861663652802893,0.28497175141242936,0.2288748305467691,0.2861983284391236,0.2863595302619693,0.22894558591104086,0.2864559819413093,0.2866170164748364,0.28474729241877256,0.20009023234829687,0.20027063599458728,0.28658399098083426,0.2867448151487827,0.2846517917511832,0.22870662460567823,0.22888037846361795,0.20022522522522523,0.28462058095023646,0.20036019810895994,0.20054017555705606,0.28465346534653463,0.28638920134983126,0.22874493927125505,0.22891837193613673,0.20053956834532374,0.28455832771409306,0.2006741573033708,0.20085374073241968,0.28459119496855345,0.2847518526835841,0.2287831162999551,0.22895622895622897,0.22912926391382404,0.2847206641238501,0.22925078510542846,0.2848172235927338,0.2006726457399103,0.28558619143689756,0.2008068130883012,0.2856822764956307,0.20094086021505375,0.20111982082866742,0.2845947156291984,0.229012760241773,0.22918531781557744,0.28552248825240545,0.28456375838926173,0.2847237754417356,0.28488372093023256,0.2854907221104404,0.28497988377291017,0.22905027932960895,0.2292225201072386,0.22939468394013848,0.2007592675301474,0.2853315472203617,0.28549107142857144,0.28565052443650973,0.20080321285140562,0.2009814856123132,0.28456735057983945,0.22920847268673356,0.22938029424877396,0.22955203922442613,0.20098039215686275,0.22967253285809758,0.20111358574610244,0.22979291917167669,0.28517364203027606,0.28533273981749385,0.2841566533155318,0.20111234705228032,0.28536476868327404,0.28552368245497,0.28568252556691864,0.28406312513891974,0.22955555555555557,0.284159075760942,0.2296756996890271,0.2842549411503442,0.22979573712255771,0.2008879023307436,0.28428761651131823,0.28533392500554694,0.22981366459627328,0.22998447549345752,0.28536585365853656,0.2841941919751718,0.20079787234042554,0.2853977398626191,0.2855560478511298,0.22990033222591363,0.2841009743135518,0.2007969891520921,0.28419654714475434,0.20092940916131888,0.2853982300884956,0.20106171201061712,0.28549314462627157,0.2011938978554057,0.28558797524314766,0.2839779005524862,0.2856827220503756,0.28407333775127014,0.22946113074204946,0.2857142857142857,0.28410596026490065,0.2295299050982123,0.2857458075904678,0.20097065960732408,0.28407587119541244,0.20110253583241455,0.2857142857142857,0.2841084417015649,0.22939620978404585,0.22956598369684952,0.2841409691629956,0.28561990750935917,0.2857771906649053,0.28593440457847236,0.22953345070422534,0.28602860286028603,0.28618565772107346,0.2863426435012096,0.2007475813544415,0.28643657946801493,0.2865934065934066,0.2867501647989453,0.2836115992970123,0.22929936305732485,0.28370663153271847,0.20065861690450054,0.28665496049165934,0.20078999341672152,0.28674857393593683,0.2836148278131169,0.20087719298245615,0.2837097127822846,0.28386672512056116,0.28402366863905326,0.28659070990359337,0.20087623220153342,0.2840560665790626,0.2866214144952923,0.2841506129597198,0.2867148172466623,0.2842450765864333,0.28680813826296214,0.2869641294838145,0.28427727968510824,0.28705728027984256,0.2284153005464481,0.2285839160839161,0.287087611972908,0.22870249017038008,0.2841231709980345,0.2842794759825327,0.20039292730844793,0.2843736359668267,0.28692995854243947,0.2844677137870855,0.2870229007633588,0.20039249890972524,0.2871157619359058,0.2872711421098518,0.2874264545652648,0.2875816993464052,0.28425179699411895,0.2876742160278746,0.22817330720661877,0.2002612102742708,0.28422198041349295,0.2876414273281114,0.28779638894931475,0.2879512831665942,0.284192215699065,0.28804347826086957,0.28819821777874377,0.2001303780964798,0.28416250271562027,0.28822762814943526,0.2002171552660152,0.2883195831524099,0.28413284132841327,0.20030381944444445,0.288348882620959,0.2004338394793926,0.2884406853177185,0.2840416305290546,0.22740082375894213,0.28846987429562204,0.2886240520043337,0.22746967071057192,0.28871561620099634,0.20030316154179298,0.2888071011041351,0.288961038961039,0.2003895260766068,0.22739073993942016,0.2889898334414882,0.2835207612456747,0.20043243243243244,0.2890185905750108,0.2835530581370218,0.22731201382886776,0.2004752646359905,0.2889848812095032,0.2891384150291514,0.20056131260794474,0.2007338657457371,0.2891670263271472,0.2832793959007551,0.28925798101811906,0.2270864783265042,0.2833117723156533,0.28346626428109506,0.2271551724137931,0.2891618185735833,0.2005601034037053,0.28343743269437865,0.22717484926787251,0.22734122712594187,0.28906586310804994,0.28921885087153004,0.22740963855421686,0.2893095289309529,0.20043010752688173,0.2274779617286605,0.2893379191745486,0.283043197936815,0.22754619681993984,0.22771213748657357,0.20038659793814434,0.20055829933433542,0.2829540575354229,0.2891178364455892,0.2276824034334764,0.28920832439390687,0.20055770055770056,0.20072914432768604,0.2828044596912521,0.20085744908896033,0.28289755679382766,0.2009856438825798,0.28898886032562127,0.20111372884986078,0.22740899357601713,0.28901734104046245,0.2891695205479452,0.2011555745773593,0.2826272999572101,0.20128342245989306,0.2891360136869119,0.2826598246739363,0.2013681060282172,0.22718529600341952,0.2014957264957265,0.2273018585772271,0.2889790687740282,0.2015801836429639,0.289069171648164,0.2823906083244397,0.20166453265044815,0.2018348623853211,0.28242320819112626,0.2825762422691405,0.28272921108742005,0.2888509912598593,0.28282182438192666,0.22693373108885576,0.20174691095014913,0.28285410010649625,0.2018739352640545,0.2020438577815627,0.2828863346104725,0.2021706746116195,0.2885106382978723,0.2829185279727717,0.20225435984687368,0.283010844142037,0.28316326530612246,0.226567481402763,0.2832554186145346,0.22668366263012535,0.2268479184367035,0.28328732214907626,0.2881104033970276,0.20208023774145617,0.2022495755517827,0.2832590706556333,0.2880780653372932,0.2833510074231177,0.20229007633587787,0.20245919016323935,0.28338278931750743,0.2835346471710108,0.22648305084745762,0.2878627409447151,0.2024565861922914,0.20262544992589457,0.28344623200677393,0.22645502645502646,0.22661870503597123,0.2834778929553628,0.22673434856175972,0.2268978642419116,0.227061310782241,0.28746565208201225,0.28338968723584107,0.22712867103317136,0.2834811998310097,0.22724392819429778,0.2873733108108108,0.22735908803039898,0.2834529337273111,0.28740240557079555,0.20210970464135022,0.287492090276313,0.22733024040489244,0.20219270503900486,0.2875210792580101,0.2876712328767123,0.22734934681837338,0.227512112913419,0.22767481044650378,0.20214782059380923,0.22778947368421051,0.2875184171753315,0.22790404040404041,0.20218809173153798,0.28270929743374,0.20231335436382755,0.2874264087468461,0.20243851166701704,0.287515762925599,0.28262239966379493,0.2876050420168067,0.2024784709094728,0.22763544729105417,0.28259500314927566,0.2827455919395466,0.2025183630640084,0.28745279060008394,0.2827774281518775,0.2026006711409396,0.22751100859719017,0.20272536687631026,0.2827499476000838,0.20284995808885165,0.2872407291011942,0.2873900293255132,0.28272251308900526,0.28747906197654943,0.2876282185472054,0.22729175387191294,0.28269512450303413,0.2828451882845188,0.22735829324409118,0.28293601003764113,0.22747229772109553,0.22763377926421405,0.2277951933124347,0.2279565399080652,0.287236264884061,0.28738512949039263,0.2827312591355189,0.28747390396659706,0.287622625756627,0.28276293823038395,0.28771124556645106,0.20212765957446807,0.22773722627737225,0.2827356130108424,0.2876797998749218,0.28282617757398915,0.22775578245467806,0.28770833333333334,0.22786919391793375,0.20199916701374426,0.28273995419529463,0.20212323064113238,0.28761706555671174,0.20224719101123595,0.28271271063033077,0.28286189683860236,0.2875857766687461,0.28295218295218294,0.22760340885470795,0.22776392352452202,0.2829835861209225,0.2278770253427503,0.2874350986500519,0.22799003322259137,0.22815030101723063,0.228310502283105,0.201909109773812,0.28278008298755186,0.20203277328355113,0.28722521775197013,0.28281152809454696,0.22823383084577115,0.28290155440414505,0.2283464566929134,0.28713486637663144,0.2872825186412593,0.22841167943673638,0.282815734989648,0.22852411509004347,0.28290562913907286,0.287192220153114,0.2873396772858916,0.22854188210961737,0.22870140612076095,0.20157122183171386,0.2827614716825134,0.28290969208514155,0.22871900826446281,0.20161123734765543,0.20177612556794713,0.28701218253148875,0.287159372419488,0.2873065015479876,0.22864217911679735,0.22880132040437384,0.28733498349834985,0.22891317797484018,0.2874226804123711,0.28241599670171097,0.2289777411376752,0.2291366165258603,0.28244746600741655,0.28259526261585993,0.28727347611202636,0.287420218241713,0.2875668999588308,0.22905947725869522,0.20123456790123456,0.20139888911746553,0.22912381735911147,0.2874768661320173,0.22923519736842105,0.2014388489208633,0.28750513769009456,0.2821039654818163,0.28225143796220215,0.22920517560073936,0.20143737166324435,0.28228289878874974,0.2824302134646962,0.2825774676790478,0.2827246614690193,0.28717948717948716,0.28732567678424936,0.28747180643838427,0.22898728987289874,0.28263988522238165,0.2827868852459016,0.22905142388854743,0.22920934043424826,0.282817939791112,0.20106470106470106,0.2872057318321392,0.28735161686451083,0.2874974421935748,0.2876432078559738,0.28778891388832073,0.28261758691206545,0.2827642608873441,0.2829108748977923,0.28775802166360104,0.2829995913363302,0.28314606741573034,0.2877859477124183,0.22871145599346537,0.28317680685994284,0.2878138395590937,0.22877551020408163,0.28790042848398284,0.2831497348021216,0.2879869467672853,0.20044861337683523,0.28318042813455657,0.2880146759070526,0.28815977175463625,0.22860635696821516,0.28315339172947646,0.22871690427698574,0.283241702300957,0.2880700325732899,0.28821493995522085,0.22873422873422875,0.2832146490335707,0.28824247355573634,0.2287980475899939,0.28832858885725904,0.2831876397641797,0.28841463414634144,0.1999593578540947,0.20012190166598945,0.2884420069063579,0.2885865150284322,0.28304568527918783,0.28319123020706455,0.20012177795818956,0.2885551948051948,0.2886995333739095,0.2831643002028398,0.28878523626039343,0.2889294403892944,0.2831948104601662,0.2833400891771382,0.2889564336372847,0.2891004862236629,0.2833704678954831,0.2891859052247874,0.289329823850982,0.2834008097165992,0.28941509815826755,0.2895588830433023,0.28970260975116324,0.2898462783171521,0.19959555106167845,0.1997573797007683,0.28320194057004244,0.28981406628940987,0.28328955344514045,0.2898989898989899,0.2900424156736013,0.28331987075928916,0.22733696749444782,0.19963665724666935,0.2900100908173562,0.29015334947538335,0.2832358281218479,0.22730939895118998,0.1996370235934664,0.29012096774193546,0.2832090304374118,0.29020556227327693,0.28329639331049766,0.22723609991941982,0.29023162134944613,0.2833266210229561,0.2903160861687135,0.22725442834138487,0.29040048299456633,0.2832997987927565,0.2834439750553209,0.2904263877715205,0.2905690729941685,0.22718134298351428,0.2834170854271357,0.28356109324758844,0.2837050431987141,0.2904781036560868,0.2906206065474995,0.28373493975903613,0.2838787392089942,0.19891609795262946,0.19907686132851696,0.29052969502407705,0.283851554663992,0.29061371841155237,0.29075596551032684,0.22674418604651161,0.28382441371016237,0.28396793587174346,0.2907233019434983,0.29086538461538464,0.2839975966352894,0.19883860632759312,0.2908908908908909,0.28402722177742196,0.22653592155293176,0.19887955182072828,0.22664532906581317,0.2908,0.22675464907018597,0.29088364654138343,0.2268638816709974,0.2837729816147082,0.19880119880119881,0.19896124650419497,0.28380267625324546,0.2268370607028754,0.290676781792773,0.22694610778443114,0.1989622829774496,0.19912210694333599,0.2270097745860762,0.19924212205823694,0.28354935194416747,0.19936204146730463,0.28363563882798487,0.2837783977680351,0.226937636979478,0.29023904382470117,0.28380800637323245,0.19932297889287137,0.22695600238901056,0.2838375796178344,0.22706467661691543,0.290091524074811,0.2271732643723891,0.19928400954653938,0.29011731954662956,0.19940357852882704,0.22719141323792486,0.2901430842607313,0.19948340949731772,0.28347238776321015,0.2272095332671301,0.2901111993645751,0.28350208457415127,0.2901945216355697,0.283588013494741,0.2902777777777778,0.19936520531640547,0.19952399841332805,0.2903033908387864,0.22700237906423473,0.28344895936570863,0.2835909631391201,0.2837329106399841,0.28387480190174325,0.29015646662705485,0.19940594059405942,0.2902395565234607,0.1995249406175772,0.2837918068474174,0.1996438464582509,0.2838773491592483,0.22666139240506328,0.19972315602135654,0.2900355871886121,0.22672464914014628,0.2901185770750988,0.2268326417704011,0.22698538127222442,0.28362630851273946,0.2837677725118483,0.22704837117472854,0.19956573233320174,0.2899151371620288,0.19968429360694553,0.2899980272243046,0.283629191321499,0.19976336028396766,0.2837145110410095,0.2838557066824364,0.2839968466692944,0.2898522167487685,0.19976359338061467,0.19992121331494977,0.20007877116975187,0.28982083087221894,0.20019685039370078,0.2899035622908876,0.29004329004329005,0.22644107810348219,0.290125885129819,0.20019665683382498,0.2265041289815179,0.2834676626695498,0.22661163522012578,0.28355276085674985,0.22671905697445974,0.28363779218228247,0.20011783189316576,0.2002748870999411,0.20043188064389478,0.2266928361138371,0.2835557299843014,0.2836962919364332,0.2838367987446057,0.28946852323985095,0.22666666666666666,0.2003528719858851,0.28381027048216384,0.289437585733882,0.22668495297805644,0.2268364348677767,0.22698785742264002,0.283728216173879,0.28386844166014097,0.28929340379722057,0.22700587084148727,0.20015652514185092,0.2838419405320814,0.28926266379816157,0.22702385608134532,0.28934506353861195,0.2001563721657545,0.20031268321282,0.20046893317702227,0.28364915022465326,0.2837890625,0.2892013278656512,0.2838734869191722,0.28928362287722037,0.20042935206869633,0.28936585365853656,0.28384705423332035,0.28398673688316756,0.2841263650546022,0.20042893351530514,0.20058479532163742,0.2892223738062756,0.289360872954014,0.22637833625560103,0.22652902220490845,0.2839337877312561,0.2266355140186916,0.2892738952696126,0.2894122226547295,0.2839073749756762,0.22665369649805447,0.28943785255786814,0.20031116297160637,0.28388100330546373,0.2894634525660964,0.22662779397473276,0.22677808006218422,0.22692830775208858,0.28943278943278944,0.28374441639153236,0.20019417475728155,0.20034944670937682,0.28940217391304346,0.2895400737434504,0.283663174233605,0.2267701260911736,0.20034910783553142,0.28950940469265074,0.28964715005816205,0.22678813723589844,0.22693798449612404,0.20034876961829104,0.28961642774118557,0.2833623862095681,0.28350116189000774,0.2836398838334947,0.20034843205574912,0.28372363073350104,0.2894736842105263,0.289611143354614,0.2897485493230174,0.2266486172887256,0.28364269141531323,0.2837811714672337,0.20023192887514496,0.2003864734299517,0.28960587326120557,0.20050222136372417,0.28370027037466206,0.2896312029349295,0.22644787644787645,0.2837290098436595,0.2838672327286762,0.20046305228632066,0.22646604938271606,0.28948891031822566,0.22657153875819513,0.28957007904376325,0.2897070161912105,0.28984390055887455,0.28998073217726394,0.20034675399730303,0.20050077041602465,0.20065472751781244,0.22641509433962265,0.20076997112608277,0.28329484218629714,0.2897825668654993,0.20084647941515968,0.2898634352760146,0.22634615384615384,0.28994424149202075,0.2831603229527105,0.2832980972515856,0.2834358186010761,0.2899135446685879,0.22627737226277372,0.22642596504705204,0.28993855606758834,0.2900748704165867,0.22648752399232247,0.29015544041450775,0.29029163468917885,0.2265490120851717,0.22669735327963175,0.2903163950143816,0.29045245398773006,0.2267586735671842,0.20026830203142967,0.29047710289327455,0.2827586206896552,0.2905573644895614,0.2267330524703179,0.22688110281447443,0.29058192955589585,0.2907177033492823,0.2826253348641408,0.20011478859766596,0.20026778882938026,0.20042073054121246,0.28260038240917784,0.20053527050277192,0.22668195718654435,0.282629466845022,0.20061138708444784,0.20076408787010505,0.22669977081741788,0.29024250525109796,0.29037800687285226,0.2905134567665585,0.29064885496183207,0.22667429879793932,0.2006867607783289,0.2822811367537669,0.282418001525553,0.28255481410867495,0.2826915745329775,0.2006861063464837,0.29039634146341464,0.2265193370165746,0.2904761904761905,0.20072367168158445,0.29055597867479055,0.22653721682847897,0.2824514655500571,0.20076117982873454,0.2009132420091324,0.22655506943123455,0.2904146063141879,0.2009887811370983,0.2011406844106464,0.20129252993727428,0.2265298365640441,0.29032870986129583,0.2266337386018237,0.22678062678062677,0.2903532092669958,0.20125308524776914,0.20140470766894458,0.2818371607515658,0.2015180265654649,0.20166951242648454,0.20182094081942337,0.28181300967191353,0.2901023890784983,0.2818957345971564,0.2901819560272934,0.20181921546333143,0.281924971580144,0.2019321841257814,0.28200757575757573,0.2900965726188222,0.20200681560015146,0.29017603634298694,0.2261544284632854,0.202081362346263,0.2902005297010972,0.2903347834310573,0.2817700453857791,0.2261297031574967,0.20207939508506617,0.20223020223020224,0.28174603174603174,0.20234271679576799,0.20249338874197204,0.20264400377714825,0.20279456193353473,0.2029450632433453,0.20309550773876936,0.2815625589733912,0.2816981132075472,0.22580645161290322,0.2031308940022633,0.20328116160663776,0.2034313725490196,0.20358152686145145,0.28156803618545045,0.2817034105897871,0.28183873398643555,0.20361650028253908,0.2256120527306968,0.22575786104311807,0.22590361445783133,0.28176171654432525,0.2890477982687241,0.2891815616180621,0.22592174567343867,0.22606733120180553,0.28168484392628806,0.28915209625869526,0.2892857142857143,0.28171396354068784,0.20330702743329576,0.2817959797106895,0.20341848234410217,0.28187793427230046,0.20352985354862937,0.20367936925098554,0.20382882882882883,0.2818540063801839,0.28893058161350843,0.22566122678671918,0.20386346586646661,0.2818301143821489,0.2819647544056993,0.28209934395501407,0.20389805097451275,0.20404721753794267,0.2821281378793556,0.28863082974339765,0.28876404494382024,0.28215689945703054,0.2822912766754025,0.28878906981096764,0.20396706586826346,0.2823199251637044,0.2824541713430602,0.22517299420235645,0.2825355272999252,0.28865208450177604,0.20392523364485982,0.2887310783031209,0.288863976083707,0.22510741640201756,0.22525214792678372,0.2253968253968254,0.20388349514563106,0.28878103416091094,0.2821948488241881,0.20395596193319648,0.2041044776119403,0.2822234657713113,0.28869824692279,0.28230468021629684,0.28243847874720357,0.20410065237651445,0.20424897502795378,0.28861561393702256,0.2043591654247392,0.20450735704972994,0.20465549348230913,0.2822565630236455,0.2823901712583768,0.2248278429182952,0.28247115742463713,0.22493023255813954,0.22507440476190477,0.2824995350567231,0.2882112309408702,0.225134783416992,0.20446096654275092,0.28823638728860806,0.20457079152731328,0.2823704254133383,0.22511144130757801,0.28245125348189415,0.2825844782770145,0.28810098385000926,0.28266518188567186,0.20449062905919466,0.28274582560296846,0.2046002596920794,0.2880192878338279,0.28815130725013904,0.22487949573600297,0.28266913809082483,0.2828020756115641,0.28812303131369277,0.2882549092256391,0.22485645489905537,0.20444444444444446,0.2827254212182929,0.20455386893743058,0.20470109198593375,0.288119911176906,0.28270120259019427,0.22475027746947837,0.28278157943406695,0.28291420118343197,0.20465890183028287,0.20480591497227357,0.2879319903899464,0.2880635624538064,0.2828376131535193,0.2829700775766531,0.2880886426592798,0.28822008862629245,0.20472586302381393,0.2882982650424511,0.20483484037645322,0.2883763837638376,0.28850765541413026,0.28273699741792696,0.28858565369721556,0.288716814159292,0.28276497695852537,0.20475488389237007,0.2828450340888152,0.2829771554900516,0.28863510775465095,0.28305709023941067,0.20475050635242129,0.28865979381443296,0.2830848518314007,0.22377622377622378,0.2886844526218951,0.2888153053715968,0.20470847894059224,0.2888929753585877,0.28902371759514617,0.2829044117647059,0.28910126814923726,0.2892319000367512,0.2829322065037663,0.28306392358559884,0.2892561983471074,0.289386705839148,0.2895171654121535,0.289647577092511,0.2044411818682327,0.2897247706422018,0.2898550724637681,0.2899853264856933,0.2901155327342747,0.29024569123579025,0.20439963336388633,0.2903225806451613,0.29045262964999086,0.2905826310003664,0.29071258472247663,0.2824175824175824,0.28254898370261855,0.2228121567191505,0.22295442064799562,0.29062957540263545,0.2907593778591034,0.20417124039517015,0.2908359246387415,0.28237015362106804,0.22289266776375938,0.29085923217550275,0.2823980990678121,0.20413011695906433,0.2908825141604239,0.2824260138838144,0.290958904109589,0.2910883856829803,0.2824538981194084,0.28258488499452356,0.28271582405548457,0.29105839416058393,0.22258711913884327,0.29113462240058374,0.2826919569578698,0.22264770240700218,0.282771194165907,0.2911046299671892,0.2912338254055039,0.20371720116618075,0.29130989251229733,0.28269581056466303,0.28282644327080675,0.29133284777858703,0.2914618605497906,0.28285402257007647,0.20363967242948133,0.20378457059679767,0.20392941604511552,0.2913786831575118,0.2915075468266958,0.29163636363636364,0.2917651336120705,0.2039258451472192,0.2040705069961839,0.2917877906976744,0.22198001816530427,0.2221213221939702,0.2823678954058471,0.29175744371822804,0.22218188418950807,0.29183303085299456,0.22228270731264743,0.20391872278664733,0.291855614003265,0.2919840406238665,0.2821396192203082,0.2920594633792603,0.2222222222222222,0.20387821674519754,0.2920818988947273,0.2922101449275362,0.22224234740083318,0.2819630568634553,0.20387470577584646,0.2820419985517741,0.2921266968325792,0.2039449873326095,0.20408901755020806,0.204232995658466,0.2920962199312715,0.2922242314647378,0.2818658470439342,0.29229934924078094,0.2219410807879993,0.281893747741236,0.28202348690153567,0.2041184971098266,0.29221600144482573,0.28205128205128205,0.2821808990792562,0.28231046931407944,0.2218011189316008,0.2823890292313244,0.2040411329604907,0.2824675324675325,0.2218214607754734,0.20411107104219256,0.2918694789976564,0.2919971160778659,0.22184177329248514,0.221981981981982,0.2822914790127905,0.29196685878962536,0.2823698901494688,0.22200216060496938,0.22214221422142214,0.2222822174226062,0.2224221702357387,0.2822957898524649,0.29177909695988485,0.29190647482014387,0.2920338068692681,0.22240201366414958,0.29210857451015637,0.29223580158159596,0.2923629829290207,0.2924901185770751,0.20352074726064306,0.2819683908045977,0.2925121206679835,0.222262118491921,0.22240172320947765,0.22254127781765973,0.29248160775165977,0.2926085396483674,0.2927354260089686,0.2817431850789096,0.20333512641204948,0.28182144137683757,0.2927047858039075,0.28189964157706093,0.282028310338649,0.2223217484772483,0.22246104245029555,0.2226002865329513,0.2820053715308863,0.20318653777300394,0.20332915697154108,0.20347172512526843,0.2923599928430846,0.2819320214669052,0.2820604543015561,0.29238197424892703,0.22242088324691578,0.2924562030747229,0.28203753351206434,0.28216583273766976,0.29247811327496875,0.29260450160771706,0.20325058046079658,0.20339285714285715,0.28209248348509197,0.2925740806854695,0.2927003391040514,0.2821199143468951,0.2033898305084746,0.2927220834819836,0.28214731585518105,0.22200427960057062,0.2822249955428775,0.20338680926916222,0.2926394582070932,0.28225231646471843,0.2927133440228042,0.22194513715710723,0.28227960819234194,0.22204415954415954,0.2926829268292683,0.2823068707725169,0.2824345969033636,0.29270462633451955,0.29283045721401885,0.20313055852009962,0.2929041436955362,0.2930298719772404,0.22186666666666666,0.29310344827586204,0.2932290741069842,0.20309168443496803,0.29330254041570436,0.28206039076376554,0.2821878884745161,0.29332386363636365,0.2822652227942482,0.28239261625843093,0.2933451641526176,0.221611071682044,0.22174915735320205,0.28236963462220643,0.29331441744990244,0.29343971631205673,0.29356497074986704,0.2217298830202056,0.2936381357433989,0.2937632884479093,0.28219663418954827,0.29383634431455896,0.22171064281919603,0.28222379603399433,0.2218091697645601,0.2938053097345133,0.28225092903910814,0.2024062278839349,0.29382628692729523,0.29395118500176864,0.28222811671087533,0.29402404526166903,0.2216722644511225,0.2023683280311064,0.2940448842551688,0.20247349823321556,0.29411764705882354,0.29424231720240196,0.20254282182588734,0.2819562146892655,0.2820829655781112,0.22149664666431346,0.20257631904005646,0.20271700776287932,0.28206032810019405,0.2821869488536155,0.2939516840063481,0.2822637517630465,0.2940243257535695,0.20267888614733873,0.2822907488986784,0.2824171952078929,0.22124361458516822,0.2939415287072913,0.2213417855256207,0.29401408450704225,0.2823446576306988,0.2824709609292503,0.2025338729544255,0.20267417311752287,0.29393139841688654,0.22124516355962012,0.221382099525233,0.2823488045007032,0.29390050975566884,0.20263620386643233,0.28237568089966614,0.28250175685172174,0.20270507640962585,0.2938180540920267,0.20280948200175591,0.2029494382022472,0.2938388625592417,0.29396279396279396,0.221091419547289,0.28228070175438597,0.2824065953341519,0.22115047351806383,0.22128704190776785,0.2824333800841515,0.2028045574057844,0.28250963897651593,0.2826353600841072,0.20287316047652418,0.29357155368716065,0.22119089316987742,0.29364384521099635,0.28256302521008403,0.28268860493611064,0.28281414070703537,0.20279965004374453,0.28289013296011195,0.20290362078012944,0.22105631339629242,0.20300751879699247,0.20314685314685316,0.2933053661947212,0.20325061167423977,0.2033898305084746,0.28266946191474496,0.2034934497816594,0.2209221096751659,0.2035969966823817,0.28264664804469275,0.2827718624541805,0.2036649214659686,0.20380387366951666,0.29291695743196094,0.28274899703471135,0.22078828043250784,0.2038360941586748,0.22088563458856345,0.28272616350008717,0.292784942488672,0.29290817215542775,0.2038327526132404,0.29298031701794114,0.29310344827586204,0.2826049103256138,0.2931754874651811,0.20382941688424716,0.29324747650539507,0.28258221680876977,0.22059846903270702,0.20386154113758914,0.2932173913043478,0.293340288645453,0.28251043115438107,0.20389362071962455,0.2933611400764685,0.2934839270199826,0.22046560111188326,0.20392565572346708,0.2935046891281695,0.29362736586212884,0.29375,0.2822426662037841,0.29382158972578964,0.29394412632309563,0.20385149201943095,0.22029488291413704,0.22043010752688172,0.22056528524362753,0.2820735090152566,0.29381175247009883,0.28214904679376085,0.2205856870559695,0.22072072072072071,0.2821756452451065,0.29373051610668516,0.29385281385281387,0.203601108033241,0.28215336679937686,0.22066458982346832,0.2822287593009171,0.2036332179930796,0.282304099636741,0.22068488412314077,0.20370050146982535,0.2823305670816044,0.22074330164217804,0.2208779813342551,0.22101261448073267,0.28230822391154115,0.20366211780963897,0.2823834196891192,0.2932136073217061,0.293335635359116,0.22095632660107026,0.20365895754228514,0.22105263157894736,0.28226363008971705,0.2823874417802312,0.2825112107623318,0.2826349370581135,0.2210344827586207,0.2035855886916049,0.20372285418821096,0.2826124418404274,0.22105444521019987,0.20378983634797587,0.2826386496727523,0.22111245049078698,0.2212465564738292,0.22138061628507488,0.28261617900172115,0.2214765100671141,0.22161046111493463,0.29244796146568036,0.282593739250086,0.2827171109200344,0.20357634112792297,0.22159188585181364,0.22172567892746647,0.22185942601821618,0.2922680412371134,0.2825974918398901,0.2219168670559945,0.2922891980078997,0.2924107142857143,0.2034334763948498,0.2924819773429454,0.20353526686116355,0.2925531914893617,0.29267455824326644,0.22178387650085762,0.29274566969645,0.29286694101508914,0.20349734270529746,0.2929379499485773,0.20359897172236505,0.29300891021247427,0.20370053109474046,0.29307982185680026,0.29320089056345267,0.22157534246575342,0.22170861153912003,0.2218418349880178,0.2817046037994181,0.2818275154004107,0.28195038494439695,0.29302086897023605,0.22182315717461945,0.29309165526675784,0.2219182766284835,0.2818803418803419,0.2220133310545206,0.22214627477785373,0.28190671450538185,0.28202938161940555,0.20324508966695132,0.2928620218579235,0.22212736896021854,0.2929327415500171,0.20327700972862264,0.20341296928327646,0.20354888244326907,0.20368474923234392,0.28176701347433053,0.22203274215552524,0.22216538789428816,0.2927037163314013,0.22226009885801942,0.2036468984321745,0.2223547452717669,0.2816013628620102,0.2926247657979901,0.29274523160762944,0.2816277881832113,0.292815798433776,0.20357446808510637,0.20371000680735193,0.20384549940445806,0.2815583531813542,0.2927368600102058,0.20391156462585033,0.28158476449583403,0.20401224073444407,0.2041475437701853,0.2926580557443916,0.2042480883602379,0.281515460414543,0.2218447426533039,0.28158967391304346,0.2042791645440652,0.2816638370118846,0.22186386012561535,0.2043448744059742,0.22195825555744103,0.2816423481506617,0.2220525869380831,0.28171641791044777,0.2921824656605053,0.28179043743641913,0.28191218850652655,0.22203389830508474,0.29215387222504663,0.22212809217214505,0.281890564119939,0.20409891598915988,0.2819644369178662,0.2221469691838808,0.282038259691891,0.22224102911306703,0.29192756811643256,0.22233502538071065,0.20402639147352394,0.28196887686062244,0.28209030948756975,0.2223537368955022,0.29180050718512257,0.222447599729547,0.2039885076897076,0.22254139912132478,0.28197330630174017,0.29172297297297295,0.28204695152845805,0.22255994596420128,0.2917440486240081,0.29186360567184333,0.28202531645569623,0.22257846776915288,0.29188459591699006,0.29200404858299595,0.20374430764041154,0.28195615514333894,0.28207722137919405,0.222521915037087,0.291926512725434,0.2920458375463431,0.29216512215669754,0.22254043126684636,0.28196058615462355,0.2036039070394072,0.20373800303081327,0.20387205387205387,0.2040060595859283,0.28189161898350723,0.28201245162375904,0.28213324360699865,0.2223717409587889,0.2822065253952237,0.2917437363376492,0.29186281102891726,0.20389981509497396,0.2223529411764706,0.2821374558897664,0.20396505376344087,0.29178565429195363,0.282163251595566,0.22233417296389588,0.28223640026863667,0.22242739634043981,0.2039274924471299,0.20406108407450915,0.2041946308724832,0.2821674215735615,0.20429386112042938,0.2044273016937783,0.204560697518444,0.2821458507963118,0.28226617499161916,0.2823864588570471,0.2825067024128686,0.29117105042720726,0.2825795644891122,0.2912409981577625,0.22203616878767582,0.28260505608571906,0.2827251422832273,0.20435146443514646,0.29116465863453816,0.2912832524677932,0.22198059551689528,0.2221107208563305,0.2222408026755853,0.22237084099648888,0.2225008358408559,0.22263078723048638,0.20421122994652408,0.2910609857978279,0.20431005679919814,0.22264907299148154,0.2822311289245157,0.2910335615294707,0.20434056761268782,0.2911033216491404,0.29122162883845126,0.22259302519606208,0.22272272272272273,0.29124270225187654,0.2820213475650434,0.22277805569451392,0.20423474491497165,0.2820470078346391,0.22283333333333333,0.2911181469755041,0.22292569143618793,0.2042312177244711,0.20436375749500332,0.204496253122398,0.20462870462870464,0.22290660895621775,0.29094540612516645,0.20469296055916125,0.29101497504159735,0.28165030776909,0.22288755821689954,0.2817229336437718,0.2229797140006651,0.2231088944305902,0.2232380319148936,0.20458700349011136,0.2047191758059156,0.20485130420335604,0.29069767441860467,0.22321873442949677,0.22334772500830288,0.2907189108417732,0.22343957503320053,0.20481327800829877,0.29074012612014605,0.290857806537249,0.2909754479097545,0.2910930502570907,0.20480928689883915,0.223346045431935,0.22347480106100795,0.2910658047405934,0.22356645674511103,0.22369511184755592,0.2238237243207422,0.2910385953288057,0.2911560119244783,0.29127338963404537,0.2913907284768212,0.20460188710478397,0.2914597815292949,0.280489822935628,0.28060886829913967,0.2914805624483044,0.2806814422758849,0.29154952869191336,0.22354497354497355,0.2916184493304678,0.29173553719008266,0.22359940505701537,0.28056840713813613,0.2917561539732364,0.2918731417244797,0.20429397192402973,0.28054821664464996,0.2918936767376589,0.29201056454275337,0.2805743522033339,0.22343234323432343,0.20425672331298467,0.22352358957439789,0.29193468579910936,0.22361477572559366,0.2804616652926628,0.29195515990768217,0.20421954837646283,0.22363216875411998,0.20431702092601747,0.20444810543657332,0.28034920112007905,0.22364953886693018,0.29178330314506834,0.22374053342113928,0.2803292181069959,0.29180381830151414,0.2919203554385387,0.28035538005923,0.20430991939463727,0.28042763157894735,0.2044071698733761,0.20453798092732653,0.28045372349169817,0.2235371466140697,0.2236647493837305,0.2045678606638186,0.2804337111877772,0.20466491458607097,0.20479553292823124,0.2914614121510673,0.28041372516828106,0.22357189757058438,0.2914820285573609,0.28043977682966853,0.2236259228876128,0.28051181102362205,0.2046908315565032,0.20482125286979339,0.2236432202000328,0.20491803278688525,0.29126372725782657,0.2913798754506719,0.2803539242995248,0.2049475753604194,0.20507780507780507,0.29135276776940716,0.20517439004421156,0.22347740667976423,0.2052709117695204,0.29132569558101473,0.2235313369333988,0.2801047120418848,0.29134631114019305,0.2801766437684004,0.2802943581357318,0.22351209941137998,0.29131927415399705,0.2803203661327231,0.2913874816146429,0.2803921568627451,0.22349289331808528,0.2049983665468801,0.22358321084435734,0.22370999346832135,0.22383673469387755,0.2050277505713353,0.22392688101844296,0.22405352480417753,0.20509055310817426,0.2800978792822186,0.224106997227206,0.20515329419439007,0.2801239197782488,0.28024127812194327,0.2052159739201304,0.20534550195567144,0.28026723154635813,0.2803844900619094,0.22397784655481348,0.2241042345276873,0.2804103566194431,0.22419407359166396,0.2904118508871887,0.20524088541666666,0.2242473555736371,0.28034493979824276,0.22433707499593297,0.20527000650618088,0.22442673605464303,0.29024390243902437,0.2245163388066981,0.28023407022106633,0.29026491142532096,0.29038024049398764,0.2802599512591389,0.20516569200779727,0.29040116940068217,0.20526144852224748,0.2243870758239974,0.2904220779220779,0.22447654601525727,0.2801038623823434,0.22456595813727082,0.2801752109020117,0.29034874290348744,0.2246188777165099,0.28020107021242097,0.2247081712062257,0.20505754579348354,0.29027552674230145,0.20515313563441906,0.22472456254050552,0.2052486635347481,0.22481373501781665,0.29020242914979755,0.20531088082901555,0.29027035777885707,0.2248300420848171,0.2798187408965852,0.27993527508090615,0.2248827050639055,0.2800064703979295,0.2901504124211548,0.2902652005174644,0.20517380759902992,0.29033301002263173,0.20526911265556813,0.20539754363283774,0.20552593310712555,0.27980613893376416,0.22468098853173962,0.29021317829457366,0.29032778943968995,0.2797868905392315,0.2799031476997579,0.2800193673337637,0.22462481846054544,0.22474991932881574,0.22487497983545734,0.225,0.22512497984196098,0.2799097065462754,0.29002095760116076,0.2799806576402321,0.290088638195004,0.29020302932645825,0.29031738359916226,0.29043170103092786,0.2905459816395555,0.27987117552334945,0.27998711962646916,0.20492594977462975,0.2800579430226944,0.2801738010943032,0.28028962188254225,0.28040540540540543,0.20492198809715298,0.2804760373110325,0.290239588358257,0.2903536977491961,0.2049509725124578,0.29042108646737386,0.28041137714928493,0.20501285347043702,0.205140562248996,0.2903951172502409,0.20523526577806328,0.20536287732819525,0.2904157970781827,0.29052969502407705,0.2906435564114909,0.28016688061617456,0.2802823680410717,0.2053256336220725,0.29061748195669607,0.2240218088518281,0.22414622414622415,0.2802180185957038,0.2242346529892611,0.28028846153846154,0.2804037814452812,0.2904517782761935,0.2051898125901009,0.20531710442024342,0.2054443554843875,0.2803394172270253,0.20553865855610692,0.28040973111395645,0.28052488398143705,0.28064,0.205567109262518,0.2807101727447217,0.28082520390212695,0.20562839782539175,0.20575539568345325,0.20588235294117646,0.2808054978424165,0.2809204218600192,0.20594344144432017,0.28099041533546326,0.2811052547516371,0.2812200574896199,0.2813348235669807,0.20593869731800765,0.2814046288906624,0.28949888285987874,0.20599968086803894,0.2814294830887045,0.2895198596267347,0.28149920255183414,0.2816137777069048,0.2817283163265306,0.22317870237525905,0.2817978960790564,0.28191235059760955,0.2058636073932441,0.281981838457862,0.28926409684612936,0.2893772893772894,0.2894904458598726,0.20585893965928992,0.20598535498248965,0.2895113799140538,0.2818268618714195,0.22291169451073986,0.22303531657651926,0.28948624145061236,0.2231234096692112,0.2895531881062172,0.2232114467408585,0.28167223017008425,0.2817863954227591,0.2895280470363896,0.28185573562122657,0.2819698173153296,0.2820838627700127,0.2821978720025409,0.28945697046681484,0.2822670265121448,0.2823809523809524,0.28249484208855735,0.2826086956521739,0.28938600666349357,0.28267766497461927,0.28945281522601113,0.2827465905486838,0.28951958141747264,0.2896322130627774,0.2827706451101601,0.28288431061806657,0.22262715892885437,0.2829531051964512,0.2895612228734358,0.2896737408932531,0.28297703879651626,0.20503483217226093,0.20516067753680545,0.28300094966761635,0.28960278525083083,0.22246835443037974,0.2830248378421136,0.28313824739006643,0.2895777320891982,0.28969006957621757,0.28980237154150196,0.2831172937085046,0.28986881618460564,0.2899810366624526,0.2900932216779902,0.29020537124802526,0.20486495024482704,0.20499052432090967,0.2051160587399337,0.2829175876223555,0.29013417521704815,0.2902462121212121,0.29035821366577247,0.2904701798674661,0.22195929957406532,0.2220820189274448,0.22220469957419967,0.28271838536739197,0.2049503389563298,0.29035308953341743,0.28274231678487,0.22218720453829183,0.2903734047581535,0.28276622558286074,0.28287919357379115,0.22220472440944883,0.2829475673122343,0.2830604534005038,0.22225720132220997,0.2047529115517784,0.2901652242328875,0.20484581497797358,0.22227465785747993,0.29018559295375906,0.20490643182890392,0.290251572327044,0.2828171671120893,0.22225715183904432,0.2828854314002829,0.28299811439346323,0.22230950510604872,0.2224316682375118,0.2900895241086854,0.2829773869346734,0.20474171769508556,0.29010989010989013,0.283001098728614,0.20480225988700565,0.2830691981798211,0.2831816755569501,0.2832941176470588,0.2834065244667503,0.20479849458993257,0.2834744433991847,0.2835867690860637,0.2836990595611285,0.283811314840934,0.28392353494202444,0.2219959266802444,0.28399122807017546,0.28958496476115897,0.28405887879736924,0.22201346485047754,0.2841264871634314,0.2842385349820003,0.2220657276995305,0.2894695665780003,0.284261576971214,0.28437353355232287,0.28448545511416956,0.28944487881157155,0.2845528455284553,0.2846646865718305,0.20428258830884652,0.2847319893733396,0.289375,0.22184033744727386,0.28475476413620743,0.28486646884273,0.22189256714553404,0.2849336455893833,0.22197939431782704,0.20415170906820665,0.2891697877652934,0.28491184272117337,0.28502340093603745,0.20418031508345033,0.28914535246412976,0.2850460003118665,0.22185843467415028,0.2851130163678878,0.2891209476309227,0.22191055010129343,0.28513555624805237,0.20408163265306123,0.20420560747663552,0.22192804859056223,0.20429772656493303,0.2889615444496341,0.2890722291407223,0.2891828793774319,0.2849361967009026,0.28504745604481097,0.28515868077162415,0.2218074350598849,0.28522550544323483,0.22189395117400093,0.28529228855721395,0.2854033887766205,0.28551445446067764,0.2219114219114219,0.28884400248601616,0.2889544819015069,0.22196334265299783,0.2854480509395869,0.28555900621118013,0.22201521502872223,0.2888854393045638,0.2889958094055564,0.2855369335816263,0.2856477889837083,0.20369221222463543,0.2889716147045137,0.2890818858560794,0.28919212280973794,0.28930232558139535,0.2218260734769803,0.2893676379417235,0.28947776228110955,0.289587852494577,0.28536018590240125,0.2854708798017348,0.28960817717206133,0.22174047692784143,0.20343706456107757,0.2896284829721362,0.28540473610896144,0.28969359331476324,0.2898034968280984,0.28991336633663367,0.2900232018561485,0.2853386947107949,0.2900881397866089,0.22155225726654298,0.29015303756376565,0.2902627511591963,0.2852727553701128,0.290327564894932,0.2853391008805809,0.29039233858510966,0.22146718146718147,0.2904570722668314,0.290566620348927,0.29067613460944736,0.2907856150640531,0.2029320987654321,0.2908501774417528,0.29095958037642705,0.22134814129261143,0.291024059222702,0.22143407864302236,0.2028985507246377,0.2910436257129644,0.2911528976572133,0.22145168747110494,0.29121725731895226,0.291326452010476,0.2914356130622304,0.2846141999075928,0.2914998460117031,0.221401077752117,0.291564039408867,0.22148684008003694,0.29162819329024314,0.2917371903369749,0.29184615384615387,0.2919550838332564,0.28437403875730544,0.292019068122405,0.2921279212792128,0.2922367409684858,0.2923455272056563,0.22130013831258644,0.2924093423478795,0.29251805192809954,0.2926267281105991,0.2927353709107664,0.29284398034398035,0.2022109626900046,0.20233343567700338,0.2211818879508826,0.2213014119091467,0.2023937394506675,0.20251610923596194,0.2837858567264918,0.2838957055214724,0.2025762919797577,0.2026985587243177,0.2839184424344627,0.29245861434702636,0.2925670498084291,0.2839411584431505,0.2026964914968592,0.2028186274509804,0.2839638535763517,0.2029096477794793,0.20303169499310977,0.203153704837722,0.20327567733047605,0.22084481175390266,0.20336648814078043,0.22093023255813954,0.2210494110448218,0.20342612419700215,0.20354794311056737,0.2036697247706422,0.29200428069102585,0.2210333231427698,0.20372917621885986,0.28346577017114916,0.2835752482811306,0.20378857317445767,0.20391018787230794,0.22098350641417228,0.2918002748511223,0.22106870229007633,0.20393833002595024,0.29181929181929184,0.2833816572562185,0.2210863594751297,0.2212051868802441,0.2039353264185479,0.2040567332621626,0.20417810308020737,0.2916603140722671,0.2211890243902439,0.20423715896966926,0.2831453825053337,0.2043272893493829,0.204448507007922,0.20456968773800457,0.29150167529698445,0.22110552763819097,0.2046285018270402,0.20474958136702695,0.2914764079147641,0.2048394460508294,0.2915398660986001,0.22105583447436483,0.20489808335868573,0.20501901140684411,0.20513990267639903,0.2914702752014596,0.22103982973548192,0.2825657394740842,0.22112462006079028,0.28263181887251176,0.20510483135824978,0.22117575573446757,0.2051944106925881,0.2826119969627942,0.20528393562101427,0.22119325945043267,0.2053734061930783,0.28259219911974504,0.2054628224582701,0.29100288271885905,0.22117718446601942,0.2825724252995601,0.22126175310888688,0.221379833206975,0.20542753183747725,0.20554797635288768,0.20566838435889664,0.2908016366116078,0.20575757575757575,0.22133010149977275,0.2058467131172372,0.22141450855671665,0.2059357964869776,0.2060560181680545,0.2061762034514078,0.282125018919328,0.28223365617433416,0.22136480556816462,0.20620272314674734,0.20632279534109818,0.2822141560798548,0.2823226977166188,0.2063804052010886,0.20650037792894935,0.20662031438935913,0.20674021459876077,0.28226050166213357,0.20682882610666264,0.22114803625377644,0.28998640688717714,0.20688613711869525,0.20700588857013438,0.2821557971014493,0.2070943396226415,0.2899185028674917,0.2071827372868568,0.22103198551599276,0.2211494946447428,0.2072398190045249,0.20735937264364349,0.2074788902291918,0.28976330468867784,0.28188121796804344,0.28198944988696306,0.20750452079566004,0.20762392647280398,0.2820126544139801,0.2209670131043832,0.20768072289156628,0.2820358379762084,0.20776874435411022,0.20788800240855035,0.20800722456351595,0.20812641083521444,0.22088474270237737,0.20821423198435385,0.22096871239470517,0.22108587757557527,0.20827067669172933,0.2083897158322057,0.20850871918220085,0.2890425372012626,0.28163510670273517,0.20856498873027798,0.28170072115384615,0.2209704070902809,0.2086212075698408,0.2087400510587175,0.20885885885885885,0.2089776309863384,0.28880216151305915,0.20906498574215818,0.22088835534213686,0.209152288072018,0.20927092709270928,0.28138593070346485,0.22090581883623275,0.22102264207527367,0.20929535232383809,0.2094138809773647,0.22107314148681056,0.22118986962385734,0.209469583458196,0.2095880149812734,0.2097064110245656,0.2883031301482702,0.22117400419287211,0.20976194041024104,0.2212574850299401,0.28094596617272866,0.22134091589344507,0.2097860242406105,0.22142429682824655,0.22154076290201943,0.20984145976667665,0.22162404665769403,0.20992822966507177,0.2100463447451039,0.2101644245142003,0.2216410103123599,0.28063359234907354,0.22172418945166592,0.28069913355243503,0.280806572068708,0.28091397849462363,0.22174107809466925,0.21006270528515975,0.21018062397372742,0.2808955223880597,0.2810028353977018,0.2811101163831692,0.21020438609577802,0.28729116945107397,0.22162565249813573,0.21025946913212049,0.2810496496198002,0.22167561121049492,0.21031450290654344,0.2217585692995529,0.2104008344509015,0.2218414779499404,0.21048711455385075,0.22192433720583854,0.21057334326135518,0.28692674210839786,0.2106595206193241,0.22194105388508484,0.22205685369846703,0.2869047619047619,0.2106829340871894,0.22210651591788158,0.21076900193366058,0.2868828078524688,0.2804460966542751,0.28055307760927745,0.2806600267578415,0.22205707491082044,0.28072521920047555,0.21069836552748886,0.21081562917842817,0.2866904337492573,0.22204069508391505,0.2806652806652807,0.21083890126206384,0.21095605700712589,0.28662609470090544,0.21104185218165628,0.28060543107285946,0.28664688427299706,0.21109627651683727,0.21121328982497775,0.2113302684265164,0.28662514827995256,0.21141586360266865,0.2804624962941002,0.2217281754854009,0.28052756372258447,0.22181063861312786,0.22192592592592592,0.211376092430751,0.21149289099526067,0.2116096549681623,0.2863488303227717,0.21169504071058476,0.2864120781527531,0.21178037590646737,0.22181118674163955,0.28021896730285545,0.2118343195266272,0.286348173347138,0.22182786157941436,0.2118882152890729,0.28015966883500887,0.2802660753880266,0.22184451670115282,0.2803310181764445,0.28043735224586286,0.280543654897326,0.2118168389955687,0.28060847732978883,0.28071470761961015,0.21187066292632512,0.21198700915264246,0.2807380073800738,0.21207201889020072,0.28581968422605875,0.2807612865151962,0.22156660274376752,0.28584070796460176,0.28594602565993216,0.28605131229725744,0.21200058970956803,0.21211674528301888,0.221518054532056,0.2805776598880047,0.21217032562251362,0.2859457866823807,0.22153483576373545,0.22164948453608246,0.21219260786334854,0.2123085983510012,0.22169880759605476,0.28584044745363557,0.22178072111846947,0.21233078281341966,0.21244666764749154,0.2858193586348926,0.21253125459626415,0.2858823529411765,0.28010586678429644,0.2216995001470156,0.2859032779656034,0.28600823045267487,0.2861131520940485,0.21245959447546284,0.2800058763038049,0.22165099882491188,0.21251285063886033,0.21262848751835536,0.27998825429452356,0.21271285965942455,0.22163510934977249,0.21279718227179337,0.2858400586940572,0.27992957746478875,0.2216517529705149,0.2128190085068935,0.21293444786625604,0.213049853372434,0.2857352294384988,0.21313397830548225,0.22160340026381356,0.2857561547479484,0.2797069597069597,0.2131555815997656,0.2797714955324447,0.21323960164030462,0.21335481036755016,0.21346998535871156,0.28560972039232907,0.2797131147540984,0.22142543538709206,0.2134913666959321,0.21360643745427946,0.22147454651843182,0.2855053385988006,0.22155601052939455,0.21362772335136715,0.2795321637426901,0.21371144569507383,0.21382636655948553,0.28540113985094256,0.21390999415546463,0.27947406866325786,0.21399357288927842,0.2853804585950051,0.28548481308411217,0.2855891371003066,0.2856934306569343,0.22128156473507518,0.21395213076474023,0.22136290675616518,0.2140355996498395,0.21415025528811088,0.21426487747957992,0.2855476155753245,0.22134733158355205,0.2143169558244642,0.21443148688046648,0.2855268911237429,0.27892742640629553,0.2144834620428384,0.2145979020979021,0.21471230881281864,0.2789105738421206,0.27901558176787533,0.279120559114735,0.21473285776677828,0.21484716157205241,0.21496143210595256,0.2150756693830035,0.2790630001454969,0.27916787896421297,0.21512727272727272,0.2152414194299011,0.2791915079249673,0.21532422215760397,0.2792557057711877,0.21540697674418605,0.22075279755849442,0.2154896832316187,0.2847595525207032,0.22080185938407904,0.22091503267973855,0.2155097298867267,0.27907652098155944,0.22096399535423925,0.27914065902162866,0.2846153846153846,0.2210129153968945,0.21546720835751595,0.21558102422747716,0.2790832608064984,0.21566352429296592,0.22099767981438515,0.21574597651152674,0.22107857349956508,0.21582838092477172,0.22115942028985508,0.2159107375742646,0.2789046653144016,0.21599304650152107,0.28418308227114714,0.21607530774800868,0.28424558355053575,0.21615752135514696,0.21627099015634046,0.2842668982486612,0.278726483357453,0.22095210533931414,0.22106481481481483,0.2787501808187473,0.278854498119757,0.22111352133044107,0.2161654135338346,0.27887812635535636,0.22116218560277537,0.21621621621621623,0.22124277456647398,0.21629822280017338,0.21641144177983243,0.2838364870720786,0.21649335644136336,0.21660649819494585,0.21671960727692752,0.22116356286992928,0.2785796766743649,0.2167700966950498,0.2836940836940837,0.28379743182801903,0.22114829774956724,0.21678926871484205,0.2838188635708105,0.2211968276856525,0.21683967704728951,0.21695257315842584,0.2212453156529259,0.27828217322380744,0.2213256484149856,0.21697161792248956,0.2170844137136272,0.21719717701281865,0.2173099078341014,0.2835133189344852,0.21739130434782608,0.28357564416294806,0.27806563039723664,0.21744135846884444,0.22115107913669066,0.2175226586102719,0.21763521288837745,0.22119948223788294,0.22131147540983606,0.22142343637670742,0.22153536515238642,0.21762253845048152,0.2832710549008336,0.27776979451070555,0.22155172413793103,0.22166355408705646,0.2777937374317725,0.22174350136435445,0.2831705916140149,0.22182340272792533,0.22193511340798164,0.21745371034878713,0.22201492537313433,0.21753479695795666,0.21764705882352942,0.21775928848084924,0.22203098106712565,0.2774989244227736,0.21780900487525093,0.21792114695340503,0.21803325688073394,0.27748315895083847,0.22198337632559473,0.21808281988823613,0.22206303724928367,0.28262426586448935,0.28272701231738756,0.22211084061291708,0.21806987399770905,0.21818181818181817,0.2182937303177784,0.22212680692715042,0.2826273611906125,0.21834311060237516,0.22217453505007154,0.22228579602345874,0.21839244851258582,0.22236522236522235,0.2184729768372891,0.2224446032880629,0.2768724985706118,0.27697584679148207,0.22249214061160333,0.21845977996856694,0.2822857142857143,0.21854020854163692,0.218651813767495,0.27688133657004144,0.21873215305539692,0.2769450392576731,0.21881244647445047,0.27700870558013413,0.2223173515981735,0.21886146383221572,0.21897289586305277,0.21908429610611896,0.21919566457501427,0.2819050335091972,0.28200741374394067,0.21924447612259443,0.2820695553021665,0.21932449764856776,0.219435736677116,0.22211141188203448,0.2222222222222222,0.2820111095285572,0.2821133580176588,0.21942189947315963,0.21953302961275625,0.219644128113879,0.22217477939083405,0.21972392201508467,0.21983494593056346,0.21994593825579742,0.22005689900426742,0.2762053761911535,0.22013651877133106,0.22024740509028864,0.22035825988058003,0.22203269367448472,0.22214326321773736,0.2761119795367344,0.22037510656436488,0.2761755931240233,0.22045454545454546,0.22056526061638973,0.22209599545583641,0.22220644611671164,0.22061328790459966,0.22228530872959545,0.2812943514050525,0.22236412657868596,0.2206299659477866,0.27592566321464035,0.28127659574468084,0.22067791802581194,0.2207884288145207,0.2208989082659861,0.2812588602211511,0.27583274273564845,0.2209467120181406,0.2210571064191583,0.22116746953811278,0.22212778013882986,0.22223796033994334,0.27573998017278006,0.22231662418578307,0.28104205012034544,0.2223952434881087,0.2210898796886058,0.22120011321822813,0.22131031555115324,0.22142048670062253,0.2755693874664026,0.2756718528995757,0.22146796775562155,0.2757352941176471,0.22154672698996183,0.2757986994628216,0.2759010600706714,0.22159412097230075,0.22170411191182704,0.2218140717716869,0.2758864246362481,0.27598870056497177,0.2760909476062703,0.2761931657723807,0.2217986728787237,0.27625635234330886,0.2763585038814397,0.2218458933107536,0.2764216170452942,0.22192437923250563,0.2217520101565806,0.2218617771509168,0.2764067127344521,0.27650874224478283,0.2766107429860426,0.2799548914575698,0.2766737138830162,0.221815107102593,0.2799774552627871,0.2766976613130459,0.2767995492322862,0.22183098591549297,0.22165892127869313,0.2219093213179386,0.22173729410108406,0.2767454954954955,0.2219563687543983,0.2797635800731776,0.27676938229914166,0.22200337647720877,0.2768321845547897,0.2769338959212377,0.2770355786809169,0.27713723284589425,0.22198790946154928,0.22209727298285073,0.22150386507378778,0.27712197863968524,0.27722354924827874,0.22211295307670695,0.2222222222222222,0.27935393258426966,0.27720825726723775,0.2222690255546195,0.22139547943282326,0.2223469960696238,0.22245614035087719,0.2214426045467303,0.27921986810719795,0.22152076318742986,0.22247159489409454,0.22258064516129034,0.27920347777310334,0.2226584408300617,0.27926538623300157,0.22147462853938885,0.27680448493342674,0.22155269058295965,0.22264256690486198,0.2227514710002802,0.22159966381846197,0.27675070028011206,0.22279792746113988,0.22164659759171101,0.22175556488870224,0.22284434490481522,0.2218334499650105,0.2788972851945144,0.22191129145095845,0.2228595411303861,0.2789201286893272,0.22195804195804195,0.22290588728849112,0.22301454138702462,0.2231231651055501,0.2763488957226726,0.22194269741439554,0.22316936836221352,0.2763727818918541,0.2232467169600447,0.22195837407459143,0.2763966480446927,0.2220360284876414,0.22326165875453785,0.22337009632835403,0.2234785036292574,0.2220516399162596,0.22355567959810216,0.27626622017580577,0.2236328125,0.22374110754638024,0.2220362622036262,0.22381815646353367,0.22211377579475738,0.22389516241461035,0.22400334541399497,0.2221602787456446,0.27605908584169453,0.2240490455622126,0.27793257174700475,0.22412592283047778,0.22214484679665739,0.2242027572761454,0.2759676970203286,0.2760684950577753,0.22216035634743875,0.22421711899791233,0.2760924018925689,0.22220676220954502,0.2776850306065665,0.22228404506885518,0.22420027816411683,0.27770824641913505,0.27600111234705227,0.27610176560544974,0.27620239088128995,0.2776928422515636,0.22220678154530293,0.2241211615951091,0.22422895248680189,0.22433671343242118,0.22444444444444445,0.22219136231079017,0.2760344348792002,0.27613494377342773,0.224458634092171,0.2774462179042332,0.2775464890369137,0.22214513667267935,0.224472807991121,0.27604383409626854,0.22454923717059638,0.22216058799056995,0.22462562396006655,0.276029391376681,0.2247019683947879,0.22217602217602217,0.2222838137472284,0.22474712484411805,0.22485453034081462,0.2223299625986979,0.2771468144044321,0.22240686885472927,0.27582387150373855,0.2759241312474041,0.2760243632336656,0.22477508650519032,0.22488236922225296,0.22498962224989622,0.2760099612617598,0.22506570756674504,0.2760719225449516,0.22223758816207995,0.22234513274336284,0.22507949675100236,0.22518661874481616,0.22239115411195576,0.22526257600884467,0.2224678734282161,0.2253384912959381,0.225445503522586,0.27582872928176794,0.27592873912443033,0.22245236122618062,0.27599061162501726,0.22252898950855882,0.2253968253968254,0.22550372619376208,0.22561059748861598,0.22571743929359822,0.27617602427921095,0.22248275862068967,0.22576196386705283,0.22255929398786542,0.2757479663587481,0.2761235180590019,0.22577532736044106,0.22257442116868797,0.2258509025768224,0.22595756406723616,0.2760710841713735,0.22603305785123967,0.22255887618785292,0.22266593225006887,0.22607737849373538,0.2261839207048458,0.2759807295251204,0.2760803743462703,0.22265033714049814,0.27531645569620256,0.2261659100288898,0.22269601100412656,0.22624123229266951,0.22277227722772278,0.2759521517943077,0.22628540005499037,0.2751890034364261,0.22278724573941727,0.22632953140030232,0.22286342401758724,0.22640472592389063,0.27582417582417584,0.22290894107952205,0.22644877780829442,0.2265549910751064,0.22666117517847337,0.27494852436513384,0.22289321987373045,0.22670509125840538,0.27497255762897915,0.22293867471532447,0.27503429355281206,0.2755451927033329,0.2266867800329128,0.22295351707116412,0.22676172196325747,0.22302947224126113,0.22683662280701755,0.27490749623132793,0.22691148259797206,0.2230442526373476,0.27493150684931505,0.22695521161484727,0.22308956450287593,0.22319594687114885,0.2269989047097481,0.274880219028063,0.22707363810566658,0.22321061995346927,0.27490421455938696,0.22328635928307566,0.22339261285909712,0.22705512241827383,0.22346827133479213,0.22712976890469028,0.2235438884331419,0.22720437457279563,0.22731000546746857,0.22358890255569222,0.22369499863350642,0.22735346358792186,0.27459016393442626,0.27468925010244505,0.2237093690248566,0.22736583367472346,0.22747132714363735,0.27467576791808873,0.27436527436527436,0.22751467176197626,0.22762008733624453,0.22772547414381225,0.22360163710777625,0.2277997544673305,0.27454991816693947,0.22364652938769944,0.22784292337060266,0.2741649625085208,0.2742639040348964,0.22788605697151423,0.22363041700735894,0.2742880501430713,0.2279291553133515,0.22367524860373247,0.22800326886406974,0.2742748195560398,0.2280773420479303,0.22368958475153167,0.22379526272801525,0.22390091193684497,0.22808927599346762,0.27405089127772486,0.27414965986394557,0.22391511358998775,0.22402067464635472,0.22807017543859648,0.22817514277943976,0.27409925220938136,0.22824904839586732,0.22400434959902135,0.22832291383528133,0.2284277755129773,0.2740489130434783,0.22850156228773263,0.22860635696821516,0.228711123183485,0.2288158609451385,0.27399864222674813,0.22386641325006787,0.2288584226958056,0.2289630836047774,0.2734428009227846,0.22388059701492538,0.22900556233889569,0.2734671730873576,0.22907907229079072,0.22918361811771087,0.2734915254237288,0.273590021691974,0.22380371424698386,0.22919490376795879,0.22929936305732485,0.2735772357723577,0.22937271372442758,0.27363858033053373,0.2737369632940539,0.2734290357529794,0.27352742044685174,0.22935282967776874,0.22363611750372275,0.22942609637249595,0.22953038300175937,0.2736129905277402,0.2296035719117846,0.22362012987012986,0.2296767212227783,0.273329726805518,0.22974983096686952,0.2733910221741482,0.22360416385020954,0.2734522844011895,0.22367887552371943,0.22972972972972974,0.22983380624239969,0.27343961091596863,0.22990679454275295,0.2732306861156132,0.2236326806212019,0.2237375101269241,0.22991764547050086,0.2238120950323974,0.273181266027804,0.22995951417004049,0.22385642963162866,0.23003237992444683,0.27316875758802106,0.23010520636633397,0.2730950775455158,0.2238403451995685,0.23014695968720508,0.23025074143974117,0.23035449521498855,0.2730458221024259,0.22382428244171945,0.23039611964430073,0.2304997979253671,0.2730334051724138,0.23057239057239057,0.2238082413143011,0.2730577622189309,0.23061389337641358,0.22385247004980482,0.2306864064602961,0.2730453505584713,0.2307588805166846,0.23086237050988834,0.22383642722625774,0.2730329522528581,0.23090371167294244,0.23100712652951458,0.22385049744554988,0.22395483263879554,0.27298387096774196,0.23101733637951888,0.22399892502015586,0.2730081956200457,0.22407307898979043,0.2310275352585628,0.27209239860327694,0.23109977172015578,0.231203007518797,0.2313062155994093,0.27288590604026847,0.22399677895584486,0.2313472893183038,0.27291023748825977,0.22404078347196135,0.23138832997987926,0.2241148068669528,0.2718251307496312,0.22418879056047197,0.23139831076551817,0.27184986595174265,0.2727516418710629,0.23143929241490216,0.27281254187324133,0.22414255091103966,0.23148024112525117,0.2717653361907313,0.23155216284987276,0.23165506159614355,0.2241263890748427,0.2317269076305221,0.271717306920091,0.2726177730192719,0.2727151077211294,0.2241102488627241,0.2317056856187291,0.23180845371856607,0.23191119432927645,0.2726664883658732,0.22409413023131436,0.2727272727272727,0.22416789199304907,0.22427158513766374,0.23185888012829078,0.23196151790486372,0.27134268537074147,0.23203312850654556,0.22425537598504075,0.22435897435897437,0.27253304847109094,0.23204272363150868,0.27125884394606864,0.2713561131873999,0.22434271987188042,0.23205230851347744,0.22441627751834556,0.2321237993596585,0.23222622382286248,0.27233929047746064,0.2244299239898653,0.23226666666666668,0.23236901746433808,0.2324713409757398,0.23257363721178195,0.2722547974413646,0.2710193204530313,0.23261390887290168,0.27227920607433065,0.27237613212573253,0.23265414835530696,0.27243675099866843,0.2725336173612036,0.2326943556975506,0.232796486090776,0.2328985892999734,0.270791749833666,0.22405534858967535,0.2724491153385659,0.23290768821495078,0.23300970873786409,0.27247340425531913,0.2725701369498737,0.22400957192236107,0.2726305994948824,0.2240829346092504,0.2726910299003322,0.22415625830454425,0.23289491165138834,0.2727151965993624,0.22419976092442556,0.23293492695883133,0.2727393440446156,0.23300584174190123,0.27027744590468605,0.2241837005574728,0.23304578633045786,0.2703025477707006,0.2331166246517182,0.23321836030777396,0.2725825706327099,0.23328912466843502,0.23339079697652831,0.23349244232299124,0.27018427681293916,0.2725344644750795,0.2239893969516236,0.22409223429631592,0.23347025308069433,0.22416534181240064,0.23354086633991258,0.22423841059602648,0.2243411468679645,0.23358050847457626,0.26995895670594466,0.23365104580354779,0.2722700198544011,0.2699841185812599,0.2242953552997221,0.2336596983328923,0.23376107950787142,0.23386243386243386,0.23396376140722128,0.22427929119280612,0.22438185905064129,0.23400317292437864,0.23410442828816921,0.23420565688606926,0.23430685872869036,0.23440803382663847,0.22433610780816488,0.22443857331571995,0.23444723286223748,0.23454833597464342,0.22448171134292882,0.26947451808819645,0.23458745874587458,0.234688489968321,0.26949980203246665,0.23475851148060173,0.23485948014249902,0.2349604221635884,0.23506133755441236,0.22434713795832234,0.2713965449030727,0.22441983122362869,0.23506921555702043,0.26931189032428154,0.22446289706076183,0.2693726937269373,0.22453551192515483,0.23504611330698288,0.23514688446844947,0.23524762908324554,0.2353483471618596,0.26929154595733473,0.22448979591836735,0.2710637177461822,0.23535606160326444,0.23545669913135037,0.2355573101723911,0.2710526315789474,0.2691751085383502,0.26927124440936595,0.2710772063659082,0.2711730668069437,0.23550295857988165,0.2356034709439916,0.2357039568818194,0.2358044164037855,0.22420817453016165,0.269119579500657,0.2358428590198397,0.26918024172359434,0.26927623801392353,0.22419227738376674,0.23585029546946815,0.2708771008403361,0.2692661152684784,0.22420582830139144,0.23585772411077569,0.2692913385826772,0.27083059965883743,0.224219364996064,0.2243211334120425,0.27085519412381953,0.22439344262295083,0.22449514817728822,0.23574144486692014,0.2358416360776088,0.22453794730633111,0.2690694626474443,0.22461014283842223,0.2358490566037736,0.22468230053714136,0.23591826041393765,0.23601833660772756,0.2361183865898376,0.2705250752913448,0.2361874836344593,0.22463673255661737,0.2362565445026178,0.27051433058500196,0.23632556922271655,0.23642548737406777,0.23652537938252224,0.27050359712230215,0.22456186241171855,0.2365633581796783,0.236663179916318,0.23676297555235978,0.26849673202614377,0.22454581100509738,0.23680083638264507,0.23690056187116162,0.23700026130128038,0.23709993468321358,0.23719958202716823,0.26838187279613424,0.22447114129015408,0.2684423553988771,0.2245430809399478,0.2371753034851847,0.2246149830331506,0.23724389925616599,0.2699634655532359,0.2700587084148728,0.22462822854161232,0.23725055432372505,0.23735002608242045,0.22467075237971051,0.23741851368970013,0.2247425368270108,0.2699426485922836,0.2248142838524697,0.23742507167057597,0.2375244299674267,0.2376237623762376,0.2377230689071252,0.2679083094555874,0.268003646308113,0.26979166666666665,0.2377294623095951,0.23782869044519656,0.23792789275022777,0.22462259239979177,0.2247234873129473,0.2697111631537861,0.22479510862495122,0.2678199791883455,0.26791520353752113,0.2378413524057217,0.237940449876479,0.2247789911596464,0.2380085792278695,0.23810761632440863,0.26783625730994154,0.23817567567567569,0.2382746524619982,0.2247336970641725,0.23834264190154567,0.23844155844155845,0.2677574340994676,0.22474681900804985,0.23847851486433858,0.2385773624091381,0.2691758598312784,0.26927069815728005,0.22473076424030103,0.22483134405812144,0.23855234141912052,0.23865110246433205,0.26753987809622615,0.2387188796680498,0.23881758070789577,0.224786103189007,0.22488658457550226,0.2690513219284603,0.22495788518854476,0.2674267945063488,0.22502914885347844,0.2690414507772021,0.2386996503043647,0.2387982387982388,0.2250420820924511,0.23886587260486794,0.2389644012944984,0.23906290447838469,0.2672447262844571,0.22502587991718426,0.23909949540690906,0.23919793014230273,0.22506790842064417,0.225168132436627,0.268718479244795,0.22523920351693819,0.2391725921137686,0.2392709410548087,0.22528111671190384,0.2393383303179116,0.26863935909032177,0.23940568475452195,0.2686991344787495,0.22526478946008782,0.22536484566705411,0.268724173553719,0.239380245319561,0.23947844048541184,0.26668387763005036,0.2687145069695405,0.22531939605110338,0.23948387096774193,0.2395819894207199,0.2687048503611971,0.23964916806397524,0.23974722723755482,0.2665377176015474,0.2686952037132542,0.23978342142580894,0.23988141273524105,0.2251578811702539,0.26868556701030927,0.2687797964179874,0.22519969080133986,0.2688393662243978,0.2398248325605358,0.22524146812620735,0.26886428019572495,0.22531221835972706,0.22541194644696189,0.22551164886085726,0.23976833976833978,0.2398661690902072,0.22555326814204837,0.22565290106779878,0.26871623359917673,0.26881028938906754,0.22569444444444445,0.26591230551626593,0.2660066855232708,0.22573595577837768,0.22583547557840616,0.2660326436190721,0.2259059367771781,0.266092766285494,0.26618705035971224,0.22594733461785485,0.2662471101977909,0.23950173365866187,0.2684899845916795,0.2662729490306843,0.22593068035943517,0.26633294827364906,0.26642710472279263,0.22597202617733864,0.26648704131383116,0.22604233483001923,0.22614161108260647,0.26830832371424906,0.26840215439856374,0.23926144377484293,0.22615384615384615,0.23932829124471222,0.26634196359907714,0.22619505318467256,0.22629420809841108,0.2682895579756566,0.2663335895465027,0.22633534007941591,0.23924180327868852,0.26635932897938275,0.22637644046094751,0.26641915247727566,0.2665130568356375,0.2681428388583131,0.26657281801894034,0.26666666666666666,0.26676049129989765,0.26685429192784954,0.22627270401637248,0.26691392761222665,0.2670076726342711,0.26710139368367214,0.23894144720020455,0.26792790489582,0.2390081799591002,0.23910543130990417,0.2679529772553028,0.22614028363357608,0.2391415431783342,0.2679780303997956,0.2392081736909323,0.26803728770271995,0.22612359550561797,0.22622239244223158,0.268062292570845,0.26815571155073387,0.239152628892292,0.23924971290034452,0.2262056647103853,0.26814644725092485,0.22627551020408163,0.23925519704119372,0.2665136444784494,0.26813719240086703,0.22628760836308007,0.23926067558954747,0.26650522559265866,0.26812794698610937,0.22629969418960244,0.2665307682507326,0.22636942675159236,0.2665902432811107,0.22643912379011716,0.2666496880173182,0.2667430608607079,0.22647994907702101,0.2668024439918534,0.26689576174112256,0.22652074319165183,0.26695508334393686,0.26704834605597966,0.26714158504007124,0.26723480030526586,0.23884013735215567,0.23893692777212613,0.2672600127145582,0.26760742435799645,0.23897292487606459,0.23906964921199797,0.267251239039268,0.2673443456162643,0.2675644771947656,0.226244918699187,0.22634319827257715,0.22644145288290576,0.238984126984127,0.23908075165058404,0.239177351783674,0.23927392739273928,0.2671658839954309,0.23934010152284263,0.26735185890115465,0.2674448109616849,0.2263097805404034,0.2393455098934551,0.26708941027266964,0.2674359624651281,0.22632179535945227,0.23935091277890466,0.2670807453416149,0.2674271229404309,0.2675199594474718,0.26710593005575267,0.23932598505004435,0.22624778312642513,0.22634578847371753,0.2393617021276596,0.2674433329112321,0.2675360850848316,0.2393973920749462,0.2669620253164557,0.23946335906847235,0.26702100733991396,0.2671137542705302,0.239498987854251,0.26742567994939914,0.2675183405008854,0.23953458960414822,0.23963075366717249,0.23972689341256795,0.26700379266750945,0.2397926937176084,0.23988877654196158,0.26740806268166306,0.2259287338893101,0.23992419456727732,0.2669277412834765,0.2673992673992674,0.22594089416519322,0.23992928400050512,0.24002525252525253,0.22598156798384042,0.26735672809896494,0.2400605831124574,0.2667844522968198,0.26738170347003154,0.2674741357557406,0.26756654472057523,0.26765893037336025,0.26775129272291587,0.26784363177805803,0.26793594754759803,0.2680282400403429,0.2398840287407034,0.2680867154020671,0.2665406427221172,0.2399193548387097,0.22565200957540632,0.2399848828420257,0.2400806146869883,0.2664987405541562,0.2679763253998237,0.22563585998489047,0.2400856099710437,0.26649043303121855,0.26658275645059787,0.26793355147243897,0.24009060022650056,0.24018621036738802,0.24028179645238396,0.2679245283018868,0.225506225631996,0.24031690140845072,0.22557525462089778,0.26640683932612524,0.22564424890006285,0.26646556058320764,0.2257132084956642,0.2665242523247047,0.26661640909662015,0.26670854271356786,0.2668006531842733,0.2668927405174579,0.2401105111139018,0.24020592667001506,0.26691776522285,0.2255837308561386,0.24024099410066524,0.2403363453815261,0.24043167273183585,0.24052697616060226,0.24062225567682852,0.26680883090817864,0.2672770600777625,0.22548281916227741,0.2406269592476489,0.2668004012036108,0.26726839664034097,0.2668588618701429,0.2669507457074821,0.26729323308270675,0.24057135697281043,0.2253821097469306,0.2673180508580734,0.22545090180360722,0.22554790231684407,0.24054595542198848,0.24064104169275072,0.26677516274411617,0.2672424583802729,0.225531914893617,0.2673007133024653,0.2256006006006006,0.26735893907168773,0.24055541656242183,0.26666666666666666,0.2667583791895948,0.24059022133299987,0.2406851712928232,0.26728341042630327,0.267375,0.2407199100112486,0.24081479630092475,0.2666500062476571,0.2673663168415792,0.2674578388507183,0.22533100174868848,0.22542775071812166,0.24075924075924077,0.24085403920589338,0.26741573033707866,0.2675071776307577,0.2675986020968547,0.2408586047672532,0.26765660094834043,0.22532751091703057,0.2254241516966068,0.2676811774978171,0.24083312546769767,0.26773911959097146,0.2254364089775561,0.2677970327889291,0.22550486163051608,0.2256013959865387,0.22569790628115652,0.2660436137071651,0.26775479691004234,0.24068767908309455,0.2678126557050324,0.26790384854900984,0.22565379825653797,0.2679616486116299,0.22572211155378485,0.2680194198929416,0.22579039083893454,0.22588674548848786,0.24054255848680936,0.24063705362697524,0.26573774570788755,0.2407015797984824,0.2657960199004975,0.26588732744683496,0.2678438199452872,0.24070620415267935,0.26790154152163104,0.26799254195152267,0.2658463832960477,0.26805020504535854,0.22564612326043737,0.26587153683687414,0.2680745341614907,0.24059123090299342,0.2406855439642325,0.26809884515087545,0.24074993791904645,0.2681564245810056,0.22554617676266137,0.2682139754250962,0.22561429635145197,0.2682714977044298,0.22568238213399502,0.22577843939957823,0.24063507814438104,0.24072925710033485,0.2682291666666667,0.22579045257284563,0.22588643689561122,0.2682533779595884,0.2683440753594447,0.26843475027884495,0.2685254027261462,0.2686160327097014,0.2258424182358771,0.22593831289483463,0.26864007926678224,0.2404953560371517,0.26510648836057454,0.2651974743097685,0.268630849220104,0.22589429384824855,0.225990099009901,0.26518995173864623,0.2686216283098243,0.2687121118396635,0.26880257298367144,0.26518243661100804,0.2688597576057383,0.22591814022505255,0.2402324431256182,0.240326369143281,0.26514215080346104,0.2403905574094673,0.22590212555610478,0.2687507722723341,0.24042500617741536,0.2651019147621989,0.26877470355731226,0.26515993577868346,0.2688318103235367,0.26892208914680826,0.2651851851851852,0.26527589186520184,0.265366576154036,0.26891274836480317,0.2402517275419546,0.26539173349784084,0.26548235874660747,0.2402861724435673,0.2255796743956586,0.2256751757306696,0.2688039457459926,0.26889409443964984,0.24026134122287968,0.2653765561444595,0.2689179196450579,0.2690080098582871,0.26540167570231643,0.2654921769126525,0.26558265582655827,0.26567311245227243,0.26576354679802955,0.24011821204285186,0.26582122629894117,0.2401821986950634,0.22538158542589856,0.2688,0.26888998277135123,0.26578073089701,0.265871062992126,0.2689137655308156,0.2690036900369004,0.26909359242405606,0.2691834727004427,0.2692733308742162,0.22522744037373985,0.2693300553165335,0.22529498525073746,0.2693867518741551,0.26947652985991644,0.26563459884506696,0.2253071253071253,0.26950006141751626,0.26565954310980106,0.22534692373818002,0.2695235756385069,0.23965623081645182,0.23974957034127178,0.22535902786301706,0.265586647029946,0.26948091790403733,0.26957055214723924,0.2696601643970065,0.26557899901864573,0.23966638047344535,0.26968359087564386,0.23973022685469036,0.2697400686611084,0.22520534510236606,0.2697965187545967,0.269886015443069,0.23970588235294119,0.26994240901850264,0.2653761333006616,0.2654661276491486,0.2699657030867222,0.2700551132884262,0.22507959833455793,0.27011142402350924,0.2702007835455436,0.2702901211898641,0.2703794369645043,0.27046873087749357,0.26529613313754286,0.2394469595007953,0.23954000489356497,0.2704587155963303,0.2705479452054795,0.2395744160450043,0.2652237710931768,0.2396380975669397,0.265281173594132,0.2653709815425987,0.27047176729406014,0.26542832701943053,0.26551808406647115,0.270494807574832,0.26557537258734426,0.2705508733357762,0.2706399609184172,0.2245695445109293,0.2706959706959707,0.2246367964839458,0.270751953125,0.26547052361772244,0.23932145472296804,0.26552776082977425,0.23938506588579794,0.22459436379163109,0.27067577457916564,0.27076472740578117,0.2654878048780488,0.2655773686135837,0.2656669105096318,0.2657564305741802,0.27072159921989275,0.2658135283363803,0.2707774798927614,0.27086633361764345,0.2658382066276803,0.2391277865757096,0.27088915956151033,0.27097795639995126,0.27106673161227474,0.26579812492390115,0.2711224738251765,0.2390748630553865,0.22419668938656281,0.2711451868078374,0.2657580919931857,0.26584742669424505,0.23905109489051096,0.26590439119328546,0.239114570664072,0.2659613279824881,0.2710359922178988,0.2240729483282675,0.2710916605883783,0.27118026011912,0.2712688381137579,0.2390326892696561,0.2658566221142163,0.27129145911796865,0.27137998056365403,0.2714684805052836,0.26584891911586106,0.2239222829386764,0.2714910150558524,0.27157945854073084,0.2658412235979607,0.2659303313508921,0.2716019417475728,0.27169032884358696,0.2659548653239505,0.22382627684095596,0.2717127607957302,0.27180109157064886,0.26594712587921415,0.2718564326421729,0.2719447138700291,0.27203297369378104,0.22375757575757577,0.2720882317294873,0.2721764420746486,0.272264631043257,0.26581051611339956,0.26589945487583283,0.27228682170542634,0.23834322393120988,0.27234197142165173,0.2724300762804214,0.2383777239709443,0.26582738167292097,0.26591624304042605,0.2724192182016217,0.2725072604065828,0.2659407138535995,0.27256230341156545,0.2726502963590178,0.26596516690856314,0.2660539363889225,0.266142684401451,0.26623141095393543,0.2726063829787234,0.22325637616342317,0.2233502538071066,0.2662235649546828,0.22341710971483808,0.26628005315935727,0.27252959652089875,0.2663365140717478,0.27258454106280194,0.266392947711629,0.26648152620140064,0.27260654352287816,0.26653790439401254,0.26662643331321667,0.26671494086410813,0.2668034270544226,0.2668918918918919,0.23766437447219207,0.272496984318456,0.2669159329393318,0.2670043415340087,0.22307970577595562,0.27248613455510007,0.27257383966244725,0.2669961427193828,0.27262866096179345,0.2670523017594601,0.2230389203518496,0.27265060240963856,0.2727382243103241,0.27282582510238496,0.27291340479344817,0.26697976878612717,0.2729680915111379,0.27305562244160847,0.27314313229806186,0.2669715936446798,0.2372126609700325,0.22286401925391094,0.23727589941041993,0.2730991337824832,0.27318657524359435,0.2732739956699543,0.27336139506915214,0.2668350168350168,0.2734158951545028,0.26689107958643904,0.2669792042312778,0.2670673076923077,0.27340463886552097,0.2671232876712329,0.23705394689414874,0.2671792407496396,0.2672672672672673,0.22255584914724957,0.2733277290740963,0.2734149855907781,0.26725897466682674,0.2673469387755102,0.27343656223742646,0.22251560249639943,0.27349093963758553,0.22258219342452604,0.26730653869226156,0.27351247600767753,0.2735996161688857,0.2673302950347805,0.26741815565415517,0.273621103117506,0.222515285936938,0.23663390074322704,0.23672539853769628,0.2736097794822627,0.2673457159976034,0.27366403067337647,0.2737510482808195,0.23670340201245807,0.2673374056773266,0.26742514970059883,0.23673811519578494,0.27370689655172414,0.22231533580749432,0.27376107254010057,0.2738479952124476,0.27393489707994256,0.27402177815005385,0.2672888250777698,0.26737648044024404,0.2740430622009569,0.27412988876928596,0.2674001435063382,0.2674877436326677,0.27415112386417984,0.2675433353257621,0.2676308869232608,0.22206286602127406,0.2741395793499044,0.22212928665312462,0.27419354838709675,0.2742802532552861,0.2743669374104157,0.26752657351009196,0.2221160735610222,0.27438805970149255,0.26755014326647564,0.2744419243165811,0.2676056338028169,0.26769304212913236,0.26778042959427206,0.23601002267032573,0.2678358387019804,0.23607300489085054,0.22197041984732824,0.2678592725104353,0.2742666348676365,0.22201025396446883,0.27432045779685266,0.2360233639289546,0.27437425506555424,0.22202359671076152,0.2744280266920877,0.27451447634933873,0.2676912080057184,0.2220369267421084,0.2359456884230586,0.22210313207097773,0.2676827816146702,0.23598047386593643,0.27440476190476193,0.23604332817521723,0.267674363246846,0.23610615256456027,0.26772965254640646,0.274360499702558,0.22198429693076374,0.267753062923754,0.22205042816365367,0.27434891188012844,0.23602853745541022,0.2220901200808465,0.2743699476937708,0.22215618685367883,0.2360351794628001,0.2222222222222222,0.23609790874524714,0.22228822620886302,0.27429318127821334,0.2361325573108445,0.22232779097387173,0.2743142144638404,0.23616718119211588,0.2673631722664134,0.274335232668566,0.22231454005934717,0.23617374792309517,0.2743562359083897,0.22235405790223067,0.2744097757741132,0.2361803084223013,0.2744632902384059,0.22236717267552183,0.23621487015297046,0.2671330329618212,0.23627741553052756,0.22238027501185395,0.2743866303188337,0.27447262384451293,0.22241971797606352,0.2745260663507109,0.27461201279469255,0.23619995261786306,0.26696671799123534,0.2362624348649929,0.2670219064535228,0.23632488752071987,0.22232745353379899,0.2745028409090909,0.22239318262516275,0.27455621301775146,0.22245888060584545,0.2669190724088973,0.2362474860996096,0.22249822569198013,0.23630987581312832,0.2744796594134343,0.2363722360175003,0.2225112319697328,0.27450053197777513,0.2364066193853428,0.22255052594255997,0.27452138974237766,0.23644097837646225,0.22258979206049148,0.2666272888363851,0.23647531301677296,0.2226290303531357,0.27444496929617385,0.2226945330027158,0.2744982290436836,0.2745838743949947,0.22273371104815864,0.27463708249734453,0.2747226811423177,0.23634218289085546,0.22274657857479943,0.27474342338091307,0.22281198395848079,0.236348626017219,0.22287735849056603,0.2747317533309751,0.23638292855458617,0.27478486384533773,0.22289014615747288,0.22298173246906305,0.2748055621022861,0.2363614940497231,0.23645146088595664,0.22299446342325363,0.274793875147232,0.2230597102814745,0.23645784267545925,0.2231249264099847,0.2747821991994349,0.27486756915832844,0.2657721280602637,0.2749205601977168,0.27500588373734997,0.23638075067655018,0.26576470588235296,0.23644277143865428,0.22300635144671843,0.23650476302481477,0.26575729068673565,0.2748971193415638,0.27498236538913706,0.2229928294345833,0.2750352609308886,0.23645551768715478,0.22303172737955346,0.23651744800845964,0.2230968045112782,0.23657934923058851,0.22316185106882783,0.2749266001174398,0.23661343353687178,0.2232006575085124,0.2749471706973468,0.2750322807841296,0.27511737089201876,0.27520244102804836,0.275287491199249,0.2231608588525167,0.23650868137024872,0.2232258064516129,0.2752756274923763,0.22329072358390994,0.275328330206379,0.2650955563372025,0.22332942555685814,0.2753487281678584,0.22339428035630568,0.2363764209539435,0.22345910475744082,0.2364381956649092,0.26499531396438614,0.27527234391472416,0.27535722651674865,0.22344536831010656,0.23641686182669788,0.23650626390352417,0.22348396160149847,0.23656795036872294,0.22354868913857678,0.27524868344060854,0.2236133863795928,0.2753012753012753,0.27538605521759474,0.2236518891098374,0.2754385964912281,0.27552333060460765,0.23643592142188963,0.22366421138781714,0.23649754500818332,0.22372881355932203,0.23655913978494625,0.2644618441042421,0.2754148165459219,0.22374109124897767,0.27546728971962614,0.23653778764163064,0.22377949077318385,0.2754875627700572,0.22384399813171416,0.2365440747227087,0.2239084753677329,0.2754756624255866,0.22397292250233428,0.27552806628544757,0.23652275379229873,0.23661183059152957,0.22398506766215587,0.2366732765659629,0.22404945183111732,0.2241399416909621,0.275419776119403,0.2366794916637519,0.22417813010025647,0.2754400279752885,0.2755244755244755,0.23668570096725322,0.27557678862735957,0.22416404520563907,0.23671947809878843,0.2637157833430402,0.2367808059631959,0.2241760801211133,0.23684210526315788,0.2754686226568867,0.22421420256111757,0.2755208939587941,0.23684823091247673,0.2242522983824043,0.27554107516872234,0.22431646305991856,0.2368543508608655,0.27556124229382345,0.26343335659455686,0.2756134434236539,0.27569767441860465,0.2757818858272294,0.23680539409439666,0.2242241078693479,0.27580195258019524,0.22428820453224868,0.27585405531024865,0.22435227140699432,0.23675650557620817,0.23684516203972586,0.22439024390243903,0.27581001045174774,0.2631212261960056,0.26320678044815976,0.263292314836313,0.27579802669762044,0.2758820798514392,0.23674132528722294,0.22429798097006265,0.2368024132730015,0.26322505800464036,0.27583806982948617,0.23683600092785898,0.22428389191696627,0.23689703153988867,0.2758260869565217,0.2759100394157199,0.26312739074997105,0.22426981919332406,0.26318229227025147,0.26326767091541137,0.2758660641872321,0.23679332715477294,0.2759179891115487,0.2368542969654853,0.27596988998262884,0.2760537285780454,0.22415190459650342,0.2761055799953693,0.22421576571362425,0.2761574074074074,0.27624117578983914,0.26301781994908585,0.2631030892051371,0.27626099028227674,0.2763447079236553,0.26312745778394636,0.2632126749161559,0.2632978723404255,0.27633252399121283,0.27641618497109827,0.2633221592879436,0.23647711511789182,0.27643591817866636,0.2765195285417148,0.263316002310803,0.27657116451016633,0.2766547302760772,0.2767382767382767,0.26330985102205795,0.27678983833718246,0.27687334026093985,0.27695682290464096,0.2237100311670322,0.26327331486611266,0.23623773802654358,0.2633279483037157,0.22372216453213337,0.23627134287032764,0.276848540777483,0.223760092272203,0.27690001153269517,0.27698339483394835,0.26323071601521963,0.22377219275997234,0.23619596541786744,0.2632549562010143,0.27693903422842,0.26330951832219407,0.26339440027652955,0.23617511520737328,0.2634489114157355,0.22368117945173924,0.26350339744328,0.27683095347766007,0.27691421991940124,0.2769974671885793,0.2634971796937953,0.2635819521178637,0.2770169179422258,0.23601841196777906,0.2636060292256357,0.22353888633225955,0.2636604164270102,0.2637451115711985,0.23599769982748706,0.2769089236430543,0.26376911578705303,0.26385375948493905,0.2639383837222669,0.2768965517241379,0.263992644523618,0.2233969202482188,0.23589566816040447,0.2640165441176471,0.2234348075818495,0.2768205835056283,0.2769036407488228,0.264010105649977,0.27695487426799864,0.26406429391504016,0.2641487774078751,0.2769742883379247,0.27705727074486397,0.2771402341060363,0.26414228341939183,0.2771913721890776,0.26419639784329474,0.2772424868089011,0.2773253813510724,0.27740825688073395,0.2231395482169476,0.2641595964228388,0.27742749054224464,0.26421366345712977,0.264297994269341,0.2774467109786844,0.2643520110003438,0.2774977085242896,0.23530759537174933,0.22302405498281788,0.26434543580345893,0.26442968392120936,0.27745333791366084,0.2775360659491642,0.2644533485975959,0.2645375457875458,0.2646217237037885,0.2775234607461662,0.22290879963382537,0.2775743707093821,0.277657018647752,0.2777396476778769,0.277822257806245,0.2645242451967063,0.23499142367066894,0.2778412988794878,0.2779238596090088,0.2645176040237769,0.26460166876214425,0.27794285714285716,0.2646554679465204,0.27799360146252283,0.278076088198332,0.2781585560886452,0.2646487721302113,0.27820922795797165,0.2782916523923718,0.2783740580041105,0.2646420824295011,0.22248858447488584,0.23467640680287638,0.22255192878338279,0.2783293392673742,0.26460520310360564,0.26468910439247006,0.2647729865389003,0.23462986198243413,0.22251368613138686,0.23469038658912075,0.2225769669327252,0.2647360620225744,0.2781577747378021,0.26478969565712984,0.27820834283109186,0.27829059829059827,0.2783728350045579,0.2784550529793779,0.27853725222146275,0.2786194327372138,0.23451025056947608,0.22241202596515203,0.26463220223183787,0.23454400546510304,0.2346311475409836,0.2224245873648264,0.2785112679262463,0.23466484579492433,0.22246244879380975,0.23472522471270907,0.2784982935153584,0.27858036628369925,0.23475887170154686,0.22244967587853975,0.26438480782351603,0.22251279135872654,0.27853569804456574,0.2225758781402751,0.23471243464423733,0.22263893624275485,0.26431818181818184,0.23474605158504716,0.26437173369688705,0.278427808701579,0.2785097682871422,0.2785917092561045,0.23472632296161708,0.27864198932667195,0.27872388737511355,0.278805766829379,0.2788876276958002,0.27896946998070593,0.23467998184294145,0.23476682174061045,0.2789879736782392,0.23482699943278504,0.22232304900181488,0.23488714982420325,0.22238602857790882,0.2789431908379635,0.22244897959183674,0.26391565582133547,0.2348673770120154,0.23495409724583474,0.22246146872166817,0.2788668555240793,0.26387944708814864,0.22249915033420187,0.27888536474852743,0.2639030467776645,0.2639864099660249,0.23485448986524743,0.22248641304347827,0.23491452507641797,0.278809146479511,0.23497453310696095,0.27885921231326394,0.23503451397533098,0.2789092554876669,0.26383075008485124,0.27895927601809956,0.279040832485013,0.27912237050441074,0.27920389008255114,0.2222976028946178,0.2792538157150933,0.27933529278770064,0.2794167514411665,0.279498191681736,0.26364560967340944,0.23480225988700565,0.2636990170602192,0.27948486217803886,0.22218457020219134,0.27953467359385586,0.27961603613777525,0.2796973803071364,0.279778706108163,0.26360352223978323,0.27982842307258154,0.2799097065462754,0.26362713012075384,0.27995937711577523,0.22204671104592125,0.2800090252707581,0.28009024252679077,0.28017144146176404,0.2802526220818766,0.2803337843933243,0.26350208591723984,0.28038331454340476,0.280464434674783,0.28054553651938685,0.28062662008339906,0.2634663060626549,0.26354929577464786,0.2806444344299234,0.2218091697645601,0.2635728767740482,0.28066223673837143,0.22184684684684686,0.28071163157302104,0.26356676424228775,0.26364966790498706,0.2807294011706439,0.22183455261676985,0.2807787530947558,0.28085968268257006,0.23391089108910892,0.280908988637642,0.28098987626546684,0.2635249128332021,0.2810391363022942,0.22174744180816372,0.23386552732178997,0.2635188308038224,0.2810251798561151,0.26357199055861524,0.2810743987412902,0.26362512641869873,0.281123595505618,0.26367823840017973,0.2811727701640081,0.22161069302482309,0.2812219227313567,0.2813026389668725,0.28138333707612845,0.22162344223644326,0.23361023798832511,0.28140083062072063,0.23367003367003367,0.22163618000224442,0.28141831238779175,0.28149893414114213,0.2815795378056989,0.2216489063376332,0.28162853297442797,0.2217113378939105,0.23357254989908052,0.23365848189258887,0.28161434977578476,0.2217240219706311,0.28166330419188523,0.28174380813627703,0.28182429403854775,0.22173669467787116,0.281873179475689,0.2630222919233785,0.2819220430107527,0.28200246388173367,0.23348264277715566,0.22169969768223044,0.2335423197492163,0.28198813388559274,0.22173718379225432,0.2820369334079463,0.22179946284691138,0.2335235537652456,0.22186171402998434,0.2820225976059962,0.23355704697986576,0.26272229057152446,0.2820398121225677,0.22184949122218495,0.2627459749552773,0.26282839575181666,0.28202548625083834,0.26288141276405497,0.22183728207420653,0.2629344060788915,0.28201117318435753,0.28209138643726955,0.22184986595174264,0.23332961018652965,0.22191199463926736,0.26286990508096036,0.28204555605180887,0.26292285363402923,0.2820942174592543,0.22189976559883914,0.28214285714285714,0.28222296618680953,0.2823030573532694,0.23318085462456767,0.23326639892904952,0.2218627997769102,0.26277046620566585,0.22192483550797368,0.23327386262265834,0.282194224551232,0.2822742474916388,0.23330732359826106,0.22191261703076237,0.2626769196478324,0.22197459326944508,0.22206128133704736,0.22214795008912655,0.2626712710259552,0.28213410559144575,0.2221850985633144,0.2626948775055679,0.2627769736109565,0.26285905143620575,0.2629411109874207,0.28205699020480857,0.2330550918196995,0.26296461161807255,0.26304662289974406,0.22207387627948375,0.23306263210590722,0.28197997775305894,0.28205983761539316,0.23309608540925267,0.22206160346936507,0.22214809873248834,0.2331295163979989,0.262894619831036,0.26297654773813495,0.23316292509446543,0.23324813868207578,0.263,0.26308187979113434,0.2220617640524328,0.28179495723647674,0.22212350066637052,0.26307606885063856,0.28181212524983346,0.2818918618852004,0.28197158081705154,0.2221112221112221,0.22219755826859044,0.2330484962823216,0.28195739014647137,0.23310773327415954,0.2820057688040825,0.28208541320022185,0.23314108251996452,0.2628368637018964,0.2629186072299845,0.22208670584321988,0.282039911308204,0.2821194989469017,0.23309687430724896,0.2821677934168237,0.262854609929078,0.23313019390581718,0.2629071571017062,0.2629888113437465,0.263070447496677,0.2219514896444789,0.28205980066445185,0.28213929797364634,0.22198848538529672,0.2630355363666556,0.2631171131281824,0.22202545655783065,0.2631695440460381,0.23293128250525616,0.2330161540163753,0.23310100674853412,0.28196902654867256,0.22198871806216128,0.26310550763105506,0.22205020457812671,0.23308270676691728,0.2631288004422333,0.2818925491930135,0.23311595003868685,0.28194076038903626,0.22201348215272407,0.2819889502762431,0.2820682797480941,0.28214759169244363,0.22202584778526455,0.22211177380163463,0.28216454997239093,0.22217314487632508,0.2628905818703765,0.2629719584897328,0.22220995694889062,0.22229580573951435,0.23286612956627303,0.26296623261973073,0.26304755599691054,0.2223080317740512,0.28196359624931056,0.22236929185969556,0.2820116907466637,0.2327966475518306,0.2328812437975521,0.2820286659316428,0.2329401389042002,0.2820767195767196,0.22230794665491016,0.26283888031739033,0.23294765840220386,0.23303217276333185,0.28203150820755757,0.2628332231769112,0.2820795241766714,0.28215859030837004,0.2628565135998238,0.2822065624311826,0.22217329076296377,0.28225451343020697,0.23291139240506328,0.23299581774158046,0.2330802244965335,0.26276408450704225,0.28220926394542856,0.2822882288228823,0.23308766912330878,0.26275846898372196,0.23314637633344332,0.2822740268308775,0.2823529411764706,0.2627528583992964,0.2824007914697153,0.26280501209056933,0.2628860314320255,0.2824175824175824,0.28249642896385013,0.2825752581850143,0.2628803691090849,0.28262302284710017,0.2827018121911038,0.22172194157698222,0.28274953332601294,0.2328722002635046,0.23295641673070588,0.23304061470911086,0.22171002085391286,0.233099209833187,0.26270163502688465,0.282642089093702,0.2827207899067471,0.2627248793330408,0.23308105736536142,0.28273744242158366,0.23313959864020178,0.262719298245614,0.2628001315645214,0.2827230870423153,0.2828017099638277,0.2215037264357738,0.2627945205479452,0.2628753013368398,0.2629560644242358,0.23301928133216476,0.2331032971847957,0.28269441401971523,0.2629503887854561,0.2630310994305738,0.22139494142121977,0.22148018392818042,0.2630541871921182,0.2826182136602452,0.2826967275911131,0.2214926679798643,0.2630484735747894,0.23293216630196936,0.2826824198665354,0.2630715379566834,0.22148091436071313,0.23293963254593175,0.2826681246582832,0.2827465558714192,0.282824969935498,0.23294709226060342,0.2828724450759646,0.26295081967213113,0.2829198994645394,0.2829982517482518,0.28307658691139514,0.26294516058553635,0.28312397596941563,0.2328527741371778,0.28317134432674457,0.2832496178204848,0.26291079812206575,0.28329694323144106,0.23283484335771204,0.23291857672997163,0.28331332533013204,0.28339153208206025,0.2210583742498636,0.28343879554876716,0.28351696301952656,0.2835951134380454,0.2627331224779147,0.23282442748091603,0.23290807981681386,0.2835804622764937,0.283658563174534,0.28373664704599955,0.22092643051771116,0.2210113339145597,0.2210962188078893,0.283721943778601,0.2837999782111341,0.2625272331154684,0.28384707548197363,0.23273796558483992,0.2625503648045301,0.28386324041811845,0.22101252041371802,0.22109732201175702,0.28387939479699575,0.2839573356552024,0.2624877571008815,0.22110990206746464,0.2326188662822326,0.26251087902523934,0.28391167192429023,0.28398955840765716,0.23262642740619902,0.2840365376250544,0.2210503425029901,0.23265927375516415,0.28405261441461027,0.2623913043478261,0.2840995543962613,0.2841773527494023,0.22101488645007064,0.2326162538026945,0.2841933731667572,0.28427112752552686,0.2843488649940263,0.2622719374456994,0.2623520469106309,0.28436482084690556,0.2844425143849745,0.2845201910551455,0.26234668403343103,0.26242674191447796,0.2845360824742268,0.232421875,0.26244982098296626,0.26252983293556087,0.2845210977329428,0.22071583514099782,0.2625528684524455,0.2626328345261332,0.23235389786403557,0.2626843018213356,0.28444444444444444,0.220680685020594,0.26270727213612227,0.28446033810143045,0.22071730414996207,0.2627302275189599,0.22077781388798615,0.26278162911611785,0.23221054911729666,0.28438379900368205,0.2628045479155387,0.28443048938934606,0.28450795712893795,0.2845854080969907,0.2627990042212361,0.2846320346320346,0.22064711611297477,0.26282190002164035,0.28464784160986695,0.26287321505841627,0.23201730665224446,0.2846636383300887,0.2206120904076998,0.28471020761245674,0.28478754459941613,0.2628108108108108,0.28483407199221705,0.2319498486813662,0.23203285420944558,0.2848497946833802,0.22052944354403026,0.2627484874675886,0.2848655071837528,0.22056599697558868,0.26277135759801273,0.28488120950323975,0.2206025267249757,0.284927661412222,0.2850048580373529,0.22063903281519862,0.26270912034538585,0.28502050507230736,0.22067551526923493,0.2627319810099266,0.26281152227856297,0.23171521035598705,0.2849746521410851,0.2850517687661777,0.2206405693950178,0.2850981237869312,0.22070080862533692,0.2627210004312204,0.2851137221084402,0.26277214917007974,0.23159823256816467,0.2851293103448276,0.23165607154401466,0.28517560870502046,0.2627383388990628,0.22059457130547178,0.22067851373182554,0.22076243807882834,0.22084634435232045,0.22093023255813954,0.23156421573904618,0.285037674919268,0.2316219997847379,0.26259147653895826,0.22091897126869686,0.22100279750376586,0.2316299085529855,0.2849612736660929,0.22103904485317843,0.28500752850075284,0.28508441767932036,0.28516129032258064,0.23158800129018386,0.2316706084712965,0.28517682468021066,0.22098022355975924,0.26233207952713594,0.22104018912529552,0.2851617062426131,0.26235496347228193,0.23160382425609624,0.23168635875402793,0.2851466007947589,0.23174398625429554,0.2851927413293246,0.23180158900579773,0.2318840579710145,0.22091026191498497,0.2851776322850703,0.2621807254775703,0.26225989913080805,0.22092274678111587,0.22100632979294066,0.2622827719373525,0.23179234152096964,0.23187473187473187,0.2850402144772118,0.2209950675530774,0.2850863085665273,0.2851629502572899,0.23185764819380428,0.2210075026795284,0.2851784374665095,0.28525503643377625,0.22104360870031073,0.2620527105206771,0.22110337439742903,0.2621036846615253,0.22116311449073578,0.2621546369672307,0.23171645786486775,0.23179871520342613,0.26217749705598975,0.23185613359023763,0.2319383495665204,0.2320205479452055,0.22108079186730872,0.22116413438904345,0.22124745907777896,0.2620881471972614,0.28484329874852926,0.2621390374331551,0.2622179446048551,0.231928999144568,0.26226879076232223,0.221188796236904,0.28476750400855155,0.22124839675074817,0.2319119375868334,0.2622355204103441,0.2623143498236991,0.23194444444444445,0.23202649289605812,0.26233710745567185,0.28463099433942113,0.22116616830414354,0.26235985050720767,0.22122571001494767,0.2213088502188534,0.22139197267292912,0.2845554488205785,0.2214514407684098,0.22153452139579555,0.26227059325650875,0.26234930118425265,0.28451034777042883,0.22154666666666667,0.2216296928327645,0.2217127012903914,0.2217956920452122,0.2844652948075488,0.22185501066098082,0.23163841807909605,0.23172031549776168,0.23180219545987424,0.28442028985507245,0.28449653702717104,0.26209247815896014,0.22179610099073185,0.2317852577758841,0.2844818404515923,0.26208732694355696,0.26216590352465124,0.28449744463373083,0.2845736186521878,0.2621886310410901,0.2622671633847791,0.28458918688803747,0.28466531871874,0.2622898489040221,0.22161932120438343,0.2623404255319149,0.22167854483565577,0.2217613273771538,0.2623630756141657,0.26244151424925566,0.23147262094630516,0.28449925579417396,0.2624641224619964,0.22172619047619047,0.2625146136677649,0.26259298618490967,0.22176176814366166,0.28442413939651506,0.22182088600871136,0.28446993838963247,0.26255974508762614,0.22185641461342395,0.28448550493787833,0.2845614780208112,0.22189192058604948,0.23121019108280255,0.28457700881010506,0.2846529399278285,0.23124270402207364,0.22188030560271646,0.2312997347480106,0.2313812858052196,0.22191577384109473,0.28457785320322443,0.2314137236186234,0.22195121951219512,0.28459336231576715,0.22201017811704835,0.23142160500371037,0.23150307398770406,0.22204557498675145,0.2845485375158966,0.23153544558652114,0.26202585293494385,0.2621040364445386,0.28453389830508474,0.22201038025632877,0.22209277695403515,0.22217515620036005,0.2222575180008471,0.2844891476971943,0.23142070717764132,0.23150206414734836,0.2619602032176122,0.2222457402899778,0.22232804232804232,0.2315098931330018,0.2619551417689378,0.2315666984026235,0.262005500317326,0.22231623479640403,0.28426395939086296,0.22237496034683304,0.23155001057305985,0.2842795221482186,0.2843551797040169,0.22238663989007504,0.2315578101881209,0.28437070696396494,0.231614539306847,0.2844162704701532,0.2223748151278259,0.23164677300095068,0.23172792564427547,0.2224099693737459,0.26166842661034845,0.22246858832224686,0.22255067567567569,0.2317111791407157,0.2842516360565759,0.22258575197889183,0.22266779231743353,0.22274981534240793,0.2842371808398396,0.2228083131131976,0.23164556962025318,0.2317266111169708,0.22284328200801518,0.2614151639776442,0.22290172922817378,0.22298365840801265,0.2841028884672148,0.28417834932012226,0.2316610455311973,0.28422383812835916,0.28429926238145414,0.2843746707407017,0.23166877370417194,0.22290108501000738,0.28439014114177374,0.28446550816219063,0.2845408593091828,0.28461619458776455,0.22288902926931986,0.23160332666596484,0.2846315789473684,0.284706872960741,0.28478215112607874,0.2848574134483847,0.2849326599326599,0.2609153077327722,0.2228066484325689,0.2849479331019249,0.23148927219183846,0.22284151856136292,0.23154574132492114,0.23162653769319735,0.23170731707317074,0.2848733312309471,0.23176371662812698,0.23184445612191276,0.2848886086591005,0.22275927288010927,0.23187644463122506,0.22281752284903877,0.22289915966386556,0.22298077932990232,0.22306238185255198,0.2605271448073086,0.2231205375892482,0.2605774278215223,0.2231786689061516,0.2232602078303768,0.28463476070528965,0.2605729877216917,0.2316894018887723,0.2846500891826671,0.22324800671422576,0.2846952690653519,0.22330606251311097,0.2847404299947562,0.28481543624161076,0.2848904267589389,0.2604319563849864,0.2849355278331062,0.23155136268343815,0.260454878943507,0.26053238314818694,0.26060987110971395,0.2315590947191953,0.28486118386589837,0.2231301068510371,0.2232114800460878,0.2605781315458735,0.22326945229867,0.2606282722513089,0.26070568526855825,0.2607830820770519,0.2314456191772218,0.23152606238224827,0.2846677132391418,0.26077856843867725,0.2608559171288061,0.23153379368068633,0.2231404958677686,0.22322175732217572,0.22330300177805668,0.23154151851077182,0.26079682108125063,0.2233375156838143,0.23157344485101933,0.28444490905289566,0.2607923068882617,0.28448996655518394,0.22332532135019334,0.2608150470219436,0.23153275519799393,0.23161303802758043,0.28444583725060063,0.23166910382285355,0.28449086161879894,0.2607560568086884,0.22324318680171243,0.22332428481937774,0.22340536590458293,0.2607515657620042,0.2608287235152907,0.2843873930285953,0.23155588020452886,0.28443238731218695,0.28450704225352114,0.28458168161902775,0.22332325023469282,0.28462661660408844,0.26071540306601315,0.2607924921793535,0.2608695652173913,0.22331109257714762,0.22339205670801626,0.2313946216385241,0.2845231891610214,0.2845977490621092,0.2314264874439929,0.223379870806418,0.284612980518804,0.2607291666666667,0.2234142276846162,0.2846282024578213,0.2234718317192544,0.2607246980424823,0.260801665799063,0.284613783052259,0.23128968460497554,0.23136969192339718,0.23144968258923926,0.2845993756503642,0.22338986577879513,0.22347066167290885,0.23145740143555601,0.2315373413771583,0.2606344253770151,0.28452579034941766,0.2846001871685557,0.23154501975462674,0.26063000311882734,0.2316008316008316,0.2316806984720923,0.28455622531698194,0.2846305725865115,0.2232959268495428,0.22337662337662337,0.2234573031373364,0.26051729510751015,0.2235147486497715,0.2845570671928549,0.22357217030114226,0.2605129270065414,0.2605897009966777,0.2845427177410983,0.26063940211750053,0.2607161390762844,0.22353673723536738,0.2236173082909619,0.22369786262710106,0.2844693432928727,0.23132780082987553,0.28451405455865575,0.2845882596971583,0.2236855750285181,0.23133554541683948,0.26054950751684813,0.26062616628654367,0.22369648595418265,0.23134328358208955,0.23142294538294123,0.23150259067357512,0.22370738783545746,0.22378781599668462,0.2238682274940433,0.2315102548166563,0.2843086483687209,0.26045981772990884,0.22387905146525836,0.2605094222406295,0.22393622528212032,0.2605590062111801,0.22399337542697442,0.2240736907472573,0.22415398944427198,0.2605546357615894,0.2606311433005691,0.2840885578315746,0.2313023688838316,0.2606537029375259,0.23135794808149757,0.22409513960703206,0.2241753696618757,0.2313895781637717,0.28398635376822084,0.23144511060574735,0.26056847545219636,0.28400165357585777,0.22413971272088457,0.2242198801405249,0.2243000309949375,0.2839876033057851,0.26051027786385705,0.26058665564965916,0.2606630176598162,0.22428748451053285,0.2839442436757873,0.22434441461903779,0.2839888510374729,0.22440132122213047,0.2311900092888843,0.22445820433436534,0.2605510267258281,0.23122162608336772,0.2313009388218302,0.28388694037549,0.23135636926250644,0.28393151815181517,0.2243992987521914,0.23138791503402764,0.2604392205381998,0.22443298969072165,0.2604886094217091,0.22448979591836735,0.2245697207049366,0.22464962901896127,0.2837712519319938,0.2604574490006182,0.2605336355207582,0.28378656777915123,0.2246369348027603,0.26055612770339853,0.26063227268046546,0.26070840197693573,0.2311335323792855,0.28371422688902614,0.22460113226968606,0.2607039934129271,0.28372954615622104,0.26075324140769707,0.2837740508282745,0.26080246913580246,0.28381853718753214,0.23102242336967702,0.26082484829785046,0.22449609214315097,0.23105398457583548,0.23113304544519844,0.22452965971008532,0.2837171052631579,0.22458628841607564,0.23114080164439876,0.283732401603124,0.2311960542540074,0.2606596116305353,0.23125128415861929,0.22455059065228558,0.22463023829087922,0.2836602649686762,0.28373382624768945,0.2606017044871137,0.2606776180698152,0.22461759572939125,0.2607267501539725,0.2246741250128297,0.23111658456486042,0.2607491021036429,0.22470757233736918,0.2311480455524777,0.23122691834222406,0.28351625807775155,0.2835897435897436,0.22469490308686288,0.2247744052502051,0.22485389111042756,0.2606110313717449,0.28354689902614044,0.231139811398114,0.23121861227836424,0.28356220536995286,0.23127369607541756,0.2836065573770492,0.2836799508247106,0.2837533292358123,0.22472600635050702,0.2604465383039738,0.28376856118791605,0.2838419004710219,0.2604689259752227,0.22471334971334972,0.26051796499129903,0.2247697031729785,0.2605669839320438,0.28376995497339336,0.26061598280978204,0.23102107632494373,0.2606649616368286,0.28375613747954176,0.2607139204254884,0.2838003681734506,0.22466509868084672,0.2607361963190184,0.2838155607811062,0.2838887753015743,0.23091076356945722,0.22465249386753883,0.28390393459376595,0.22470876762722256,0.2606518851537754,0.28391908459337967,0.2607007865972009,0.23084780388151174,0.2607496680625064,0.2608251633986928,0.28387623812927604,0.22462732285072493,0.22470648289943848,0.28389138423846466,0.283964478922119,0.23076137987344356,0.28400857230329624,0.26071428571428573,0.2307927762473217,0.28402366863905326,0.2607365092318678,0.26081191350469196,0.28403875573686893,0.22455639404446257,0.28408279800142755,0.2841557911908646,0.28422876949740034,0.28430173292558614,0.28437468147997147,0.2245209947003669,0.22460002038112709,0.28438964744242917,0.28446255731023945,0.23054197229013854,0.22461036976673118,0.2605418618863312,0.28444851817904065,0.22464358452138494,0.26056409734242947,0.2844634493993077,0.2246767789880892,0.26058631921824105,0.28447837150127225,0.2606350498676979,0.26071028798209017,0.2844932844932845,0.22464136738223625,0.2607324516785351,0.28450818838368425,0.22467453213995117,0.28455201871249874,0.2846247712019524,0.23019827147941027,0.2302765351769012,0.284639625902206,0.23033136816426103,0.22461632279703223,0.2605691056910569,0.2246722894014836,0.22475106685633,0.2605912831453825,0.22480698902885007,0.22488572879634333,0.2606134470851107,0.2606885345790596,0.2607636068237206,0.2843943547568281,0.2248730964467005,0.22495178154502082,0.2844092570036541,0.28448188369024663,0.23005885934645828,0.26067985794013193,0.23011363636363635,0.22491630313482805,0.22499492797727733,0.2250735368698651,0.2843813387423935,0.28445390933982356,0.2251064692760089,0.22518503497921524,0.23002838605028386,0.28443993917891536,0.2604905736874113,0.2844836323097193,0.28455614106201865,0.2605127165872935,0.22998986828774062,0.2845709654543613,0.26053484602917343,0.2606097437455687,0.26068462629127,0.2607594936708861,0.22995139732685296,0.28449934190543685,0.2845717756630897,0.22492155076424739,0.225,0.2299362412711264,0.28455778182554137,0.2846301730243853,0.22996762444354513,0.23004552352048557,0.2605705037426664,0.23010013148578942,0.2845873786407767,0.2605925776114875,0.26066734074823056,0.2846021635830553,0.2607157298827335,0.26079045789952493,0.2846169395593289,0.2608388074785245,0.2609135004042037,0.26098817823582904,0.28460295009092745,0.26103646833013433,0.2298989898989899,0.22997677002322997,0.28458897192486365,0.2245784105826517,0.26100565428109856,0.22998485613326602,0.23006258833030488,0.26102755627334207,0.26110213968510293,0.2300938540720557,0.284460141271443,0.26112400363232774,0.26119854721549635,0.2612730757591042,0.26134758926770224,0.22440746343923348,0.23003227107704718,0.26136936573560554,0.26144383948376687,0.2300635144671842,0.2842741935483871,0.22437254309041427,0.23009473896391858,0.2842890254963217,0.28436114469971785,0.22438287153652392,0.26133387064275637,0.22443840032235318,0.23005640612409348,0.2843186625037768,0.28439073514602214,0.26130299063538415,0.261377366089408,0.23004127655290446,0.2301187839742299,0.23019627579265223,0.23027375201288244,0.261346482841904,0.23032803380961964,0.26139450648958645,0.28420523138833,0.26144251081380143,0.2615167974250654,0.26159106909383484,0.2241552695092518,0.2302664655605832,0.2841343253569274,0.2615864079621997,0.22416566143948533,0.23027439943712935,0.23035175879396985,0.23042910260275348,0.2615554662379421,0.23048327137546468,0.2840064295760498,0.2840783525866399,0.22408597830453997,0.2615245555890328,0.22414139385418758,0.2304448237774877,0.23052208835341365,0.2615199277181006,0.26159405741818914,0.26166817223727795,0.23052990766760337,0.22408429503261415,0.2241621513144692,0.2242399919735126,0.26163723916532905,0.2305145952452603,0.2616850551654965,0.2305686490823388,0.28369434416365824,0.2837661686553695,0.22418287547623822,0.23057644110275688,0.2837810745789896,0.22421569610103237,0.26157546602525555,0.22427096903497346,0.2837675350701403,0.2615970343652941,0.28381085954718493,0.22428127817289392,0.2838541666666667,0.2839258888332499,0.22431403965551772,0.2615400020026034,0.2839407288746496,0.22434678145960557,0.283983983983984,0.22440196176558902,0.28402722177742196,0.26148303812668866,0.23023814288573144,0.28404202101050524,0.2302921168467387,0.26147844353305993,0.23034606921384276,0.2304230423042304,0.2305,0.283971602839716,0.2840431913617277,0.22423273018094572,0.2305077968812475,0.28405797101449276,0.284129522286628,0.284201059258519,0.23051558752997603,0.26126486162453794,0.23056943056943058,0.261312556188193,0.2613863363963244,0.2614601018675722,0.2615338526063511,0.23055416874687967,0.2615814696485623,0.23060796645702306,0.23068476741864644,0.2616029543866653,0.22395209580838324,0.22402953797026245,0.28387547395729396,0.2839469220792178,0.22406225059856344,0.23062344139650873,0.23070017953321365,0.2839333798743393,0.2840047865975269,0.28407617908066607,0.22402791625124627,0.2241052736516798,0.2840909090909091,0.22416027110535233,0.23061590591987244,0.26128550074738416,0.2613591072140295,0.2840490186310651,0.23062363020522017,0.28409204103994423,0.2613545816733068,0.2841350463101285,0.22405895239992032,0.23060838394901922,0.28414974113898844,0.23066202090592333,0.26129802906629507,0.22404697919777047,0.22412420382165604,0.28410787142999305,0.26129353233830843,0.26136702815640234,0.26144050935137286,0.22411220531184722,0.2614879649890591,0.26156141223272006,0.2241447891805887,0.261608829670876,0.2616822429906542,0.2241773536136793,0.2242544731610338,0.2303945929828049,0.22430928244881734,0.2838119844976647,0.23042527821939587,0.22434177844013908,0.2615736141466322,0.2243965431608225,0.2244735796583234,0.23041016982818552,0.22452830188679246,0.2615430443848674,0.26161636219221607,0.23041794897250076,0.23049434187016082,0.28357320099255584,0.23054783644303295,0.23062419370844497,0.261559833300258,0.2244270264907233,0.22450396825396826,0.26158119234202953,0.22455861932156318,0.2834473866904691,0.28351844506148355,0.23054040654437283,0.23061669641086655,0.26152473480717753,0.22452418715305314,0.22460105064922192,0.26154608523290385,classic
