5_196840099_196842129,1.0,0.5,0.6666666666666666,0.5,0.2,0.5,0.2857142857142857,0.375,0.4444444444444444,0.3,0.36363636363636365,0.3333333333333333,0.07692307692307693,0.35714285714285715,0.3333333333333333,0.375,0.4117647058823529,0.4444444444444444,0.2631578947368421,0.45,0.2857142857142857,0.09090909090909091,0.13043478260869565,0.16666666666666666,0.4,0.2692307692307692,0.18518518518518517,0.21428571428571427,0.20689655172413793,0.23333333333333334,0.3548387096774194,0.375,0.24242424242424243,0.38235294117647056,0.2,0.2222222222222222,0.24324324324324326,0.21052631578947367,0.23076923076923078,0.225,0.24390243902439024,0.23809523809523808,0.2558139534883721,0.25,0.26666666666666666,0.2826086956521739,0.2978723404255319,0.2916666666666667,0.30612244897959184,0.3,0.19607843137254902,0.21153846153846154,0.3018867924528302,0.2222222222222222,0.3090909090909091,0.32142857142857145,0.2807017543859649,0.29310344827586204,0.2033898305084746,0.31666666666666665,0.21311475409836064,0.2903225806451613,0.2222222222222222,0.296875,0.3076923076923077,0.19696969696969696,0.208955223880597,0.3088235294117647,0.3188405797101449,0.21428571428571427,0.28169014084507044,0.20833333333333334,0.2876712328767123,0.21621621621621623,0.30666666666666664,0.2236842105263158,0.2857142857142857,0.23076923076923078,0.2911392405063291,0.2,0.20987654320987653,0.23170731707317074,0.24096385542168675,0.25,0.2823529411764706,0.27906976744186046,0.28735632183908044,0.2840909090909091,0.24719101123595505,0.28888888888888886,0.2857142857142857,0.1956521739130435,0.24731182795698925,0.2872340425531915,0.29473684210526313,0.3020833333333333,0.30927835051546393,0.2755102040816326,0.31313131313131315,0.19,0.31683168316831684,0.27450980392156865,0.32038834951456313,0.27884615384615385,0.2857142857142857,0.18867924528301888,0.19626168224299065,0.2037037037037037,0.3119266055045872,0.20909090909090908,0.27927927927927926,0.21428571428571427,0.2831858407079646,0.21052631578947367,0.28695652173913044,0.3017241379310345,0.21367521367521367,0.3050847457627119,0.2857142857142857,0.20833333333333334,0.21487603305785125,0.30327868852459017,0.21951219512195122,0.3064516129032258,0.28,0.20634920634920634,0.2125984251968504,0.21875,0.27906976744186046,0.2846153846153846,0.29770992366412213,0.2196969696969697,0.2857142857142857,0.291044776119403,0.2222222222222222,0.22794117647058823,0.23357664233576642,0.2028985507246377,0.28776978417266186,0.20714285714285716,0.23404255319148937,0.28169014084507044,0.2867132867132867,0.2916666666666667,0.296551724137931,0.2808219178082192,0.2857142857142857,0.20270270270270271,0.22818791946308725,0.23333333333333334,0.2847682119205298,0.2894736842105263,0.29411764705882354,0.2987012987012987,0.3032258064516129,0.3076923076923077,0.19745222929936307,0.310126582278481,0.31446540880503143,0.31875,0.32298136645962733,0.2222222222222222,0.26993865030674846,0.22560975609756098,0.23030303030303031,0.2710843373493976,0.31736526946107785,0.27380952380952384,0.2781065088757396,0.18823529411764706,0.2807017543859649,0.313953488372093,0.2832369942196532,0.22413793103448276,0.3142857142857143,0.3181818181818182,0.3220338983050847,0.2808988764044944,0.18435754189944134,0.32222222222222224,0.281767955801105,0.2857142857142857,0.2185792349726776,0.28804347826086957,0.31891891891891894,0.3225806451612903,0.2192513368983957,0.324468085106383,0.2857142857142857,0.22105263157894736,0.2879581151832461,0.22395833333333334,0.32124352331606215,0.28865979381443296,0.2923076923076923,0.29591836734693877,0.3197969543147208,0.32323232323232326,0.32663316582914576,0.33,0.21890547263681592,0.29207920792079206,0.2955665024630542,0.29901960784313725,0.3024390243902439,0.1650485436893204,0.32367149758454106,0.30288461538461536,0.1674641148325359,0.21428571428571427,0.3222748815165877,0.3018867924528302,0.215962441314554,0.3037383177570093,0.30697674418604654,0.3194444444444444,0.3087557603686636,0.3211009174311927,0.3105022831050228,0.31363636363636366,0.3167420814479638,0.31981981981981983,0.16143497757847533,0.3169642857142857,0.2088888888888889,0.3185840707964602,0.31718061674008813,0.3201754385964912,0.2096069868995633,0.3217391304347826,0.3246753246753247,0.3275862068965517,0.3133047210300429,0.2094017094017094,0.2127659574468085,0.15677966101694915,0.16033755274261605,0.21428571428571427,0.32217573221757323,0.325,0.3278008298755187,0.16115702479338842,0.3045267489711934,0.32786885245901637,0.16326530612244897,0.3048780487804878,0.3076923076923077,0.16532258064516128,0.20883534136546184,0.212,0.32270916334661354,0.3253968253968254,0.16600790513833993,0.3031496062992126,0.3254901960784314,0.3046875,0.16731517509727625,0.3062015503875969,0.3088803088803089,0.16923076923076924,0.1724137931034483,0.17557251908396945,0.17870722433460076,0.18181818181818182,0.2037735849056604,0.3157894736842105,0.31835205992509363,0.3208955223880597,0.20446096654275092,0.32222222222222224,0.2066420664206642,0.3235294117647059,0.326007326007326,0.17883211678832117,0.18181818181818182,0.18478260869565216,0.18772563176895307,0.29136690647482016,0.20430107526881722,0.32142857142857145,0.3238434163701068,0.3262411347517731,0.1872791519434629,0.3274647887323944,0.20350877192982456,0.2867132867132867,0.289198606271777,0.1875,0.2906574394463668,0.1896551724137931,0.2920962199312715,0.2945205479452055,0.29692832764505117,0.19047619047619047,0.19322033898305085,0.19594594594594594,0.2962962962962963,0.31543624161073824,0.19732441471571907,0.2,0.2026578073089701,0.31456953642384106,0.31683168316831684,0.3190789473684211,0.19344262295081968,0.2908496732026144,0.2931596091205212,0.2012987012987013,0.29449838187702265,0.2967741935483871,0.19292604501607716,0.2980769230769231,0.31309904153354634,0.29936305732484075,0.2,0.30063291139240506,0.31230283911671924,0.31446540880503143,0.30094043887147337,0.190625,0.30218068535825543,0.19875776397515527,0.3126934984520124,0.3148148148148148,0.3169230769230769,0.1901840490797546,0.1926605504587156,0.3170731707317073,0.19756838905775076,0.2,0.20241691842900303,0.31626506024096385,0.3183183183183183,0.3203592814371258,0.32238805970149254,0.20238095238095238,0.20474777448071216,0.1893491124260355,0.2890855457227139,0.2911764705882353,0.2932551319648094,0.19005847953216373,0.1924198250728863,0.19476744186046513,0.2927536231884058,0.315028901734104,0.2017291066282421,0.20402298850574713,0.2922636103151863,0.3142857142857143,0.3162393162393162,0.3181818181818182,0.32011331444759206,0.2909604519774011,0.2028169014084507,0.3202247191011236,0.32212885154061627,0.18994413407821228,0.3231197771587744,0.325,0.20221606648199447,0.287292817679558,0.325068870523416,0.3269230769230769,0.3287671232876712,0.28688524590163933,0.2888283378746594,0.2907608695652174,0.32791327913279134,0.2918918918918919,0.29380053908355797,0.2956989247311828,0.2975871313672922,0.18449197860962566,0.2986666666666667,0.324468085106383,0.1856763925729443,0.18783068783068782,0.29815303430079154,0.3,0.30183727034120733,0.3219895287958115,0.3028720626631854,0.1875,0.19220779220779222,0.32124352331606215,0.3023255813953488,0.19329896907216496,0.3033419023136247,0.18717948717948718,0.18925831202046037,0.1913265306122449,0.19338422391857507,0.19543147208121828,0.19240506329113924,0.3005050505050505,0.19395465994962216,0.314070351758794,0.3157894736842105,0.195,0.29925187032418954,0.3009950248756219,0.19602977667493796,0.19801980198019803,0.3135802469135803,0.30049261083743845,0.19164619164619165,0.3137254901960784,0.30073349633251834,0.1926829268292683,0.31386861313868614,0.3155339805825243,0.30024213075060535,0.1956521739130435,0.19759036144578312,0.19230769230769232,0.19904076738609114,0.20095693779904306,0.20286396181384247,0.2976190476190476,0.2042755344418052,0.19194312796208532,0.30969267139479906,0.19339622641509435,0.31058823529411766,0.31220657276995306,0.31381733021077285,0.1939252336448598,0.1958041958041958,0.313953488372093,0.19721577726218098,0.3148148148148148,0.2909930715935335,0.20046082949308755,0.31494252873563217,0.19724770642201836,0.3157894736842105,0.2009132420091324,0.20273348519362186,0.20454545454545456,0.20634920634920634,0.31447963800904977,0.2076749435665914,0.3153153153153153,0.31685393258426964,0.2085201793721973,0.31767337807606266,0.31919642857142855,0.20935412026726058,0.32,0.28159645232815966,0.21017699115044247,0.282560706401766,0.2841409691629956,0.1912087912087912,0.2850877192982456,0.1925601750547046,0.1943231441048035,0.28540305010893247,0.1956521739130435,0.19739696312364424,0.2857142857142857,0.31317494600431967,0.19827586206896552,0.2064516129032258,0.3133047210300429,0.20770877944325483,0.3141025641025641,0.31556503198294245,0.3170212765957447,0.3184713375796178,0.3199152542372881,0.19661733615221988,0.19831223628691982,0.32,0.32142857142857145,0.20545073375262055,0.32217573221757323,0.2776617954070981,0.19791666666666666,0.1995841995841996,0.2012448132780083,0.2028985507246377,0.3202479338842975,0.3216494845360825,0.2037037037037037,0.2032854209445585,0.32172131147540983,0.20449897750511248,0.20408163265306123,0.2729124236252546,0.32113821138211385,0.2738336713995943,0.20445344129554655,0.3212121212121212,0.2056451612903226,0.32193158953722334,0.27309236947791166,0.2745490981963928,0.206,0.20159680638722555,0.20318725099601595,0.2047713717693837,0.20634920634920634,0.3188118811881188,0.2727272727272727,0.20710059171597633,0.20866141732283464,0.21021611001964635,0.3176470588235294,0.31898238747553814,0.271484375,0.20272904483430798,0.31906614785992216,0.32038834951456313,0.20930232558139536,0.21083172147001933,0.2702702702702703,0.27167630057803466,0.27307692307692305,0.21113243761996162,0.21264367816091953,0.2734225621414914,0.20038167938931298,0.3161904761904762,0.31749049429657794,0.3187855787476281,0.21212121212121213,0.21361058601134217,0.27169811320754716,0.2730696798493409,0.2744360902255639,0.21388367729831145,0.2153558052434457,0.21682242990654205,0.27425373134328357,0.31471135940409684,0.3159851301115242,0.3172541743970315,0.31851851851851853,0.2735674676524954,0.27490774907749077,0.2154696132596685,0.1948529411764706,0.27522935779816515,0.31684981684981683,0.2760511882998172,0.3175182481751825,0.2768670309653916,0.19454545454545455,0.3176043557168784,0.1956521739130435,0.19710669077757687,0.27617328519855594,0.2126126126126126,0.31654676258992803,0.19748653500897667,0.1989247311827957,0.31663685152057247,0.275,0.27629233511586454,0.199288256227758,0.20071047957371227,0.31560283687943264,0.2761061946902655,0.2773851590106007,0.2786596119929453,0.2007042253521127,0.20210896309314588,0.3140350877192982,0.31523642732049034,0.27797202797202797,0.20767888307155322,0.2787456445993031,0.28,0.28125,0.2824956672443674,0.2837370242214533,0.2003454231433506,0.28448275862068967,0.2857142857142857,0.20618556701030927,0.2864493996569468,0.3099315068493151,0.20683760683760682,0.310580204778157,0.28620102214650767,0.28741496598639454,0.19864176570458403,0.288135593220339,0.2893401015228426,0.2905405405405405,0.3086003372681282,0.2053872053872054,0.3092436974789916,0.2902684563758389,0.2914572864321608,0.3093645484949833,0.2921535893155259,0.31,0.31114808652246256,0.19601328903654486,0.29187396351575456,0.29304635761589404,0.20330578512396694,0.19636963696369636,0.2932454695222405,0.2944078947368421,0.2955665024630542,0.19672131147540983,0.3076923076923077,0.20261437908496732,0.29526916802610115,0.2964169381107492,0.2975609756097561,0.19642857142857142,0.2025931928687196,0.19741100323624594,0.3053311793214863,0.3064516129032258,0.2962962962962963,0.297427652733119,0.30658105939004815,0.2980769230769231,0.2016,0.2987220447284345,0.3062200956937799,0.3073248407643312,0.30842607313195547,0.30952380952380953,0.2979397781299525,0.20094936708860758,0.20221169036334913,0.20347003154574134,0.29763779527559053,0.29874213836477986,0.3076923076923077,0.19278996865203762,0.3082942097026604,0.309375,0.1934477379095164,0.29750778816199375,0.20217729393468117,0.2981366459627329,0.1937984496124031,0.29876160990712075,0.29984544049459044,0.30092592592592593,0.3020030816640986,0.3030769230769231,0.30568356374807987,0.30368098159509205,0.2006125574272588,0.2018348623853211,0.3053435114503817,0.30335365853658536,0.3059360730593607,0.303951367781155,0.30652503793626706,0.2015151515151515,0.2027231467473525,0.30362537764350456,0.20361990950226244,0.3042168674698795,0.30526315789473685,0.3048048048048048,0.1889055472263868,0.30538922155688625,0.20328849028400597,0.30597014925373134,0.18926974664679583,0.30654761904761907,0.3075780089153046,0.3086053412462908,0.3022222222222222,0.20266272189349113,0.30280649926144754,0.30383480825958703,0.203240058910162,0.3044117647058823,0.3054331864904552,0.20381231671554254,0.30600292825768666,0.2046783625730994,0.3051094890510949,0.30612244897959184,0.2052401746724891,0.30523255813953487,0.3062409288824383,0.3072463768115942,0.18523878437047755,0.30491329479768786,0.2049062049062049,0.3069164265129683,0.30503597122302156,0.20545977011494254,0.18507890961262555,0.30515759312320917,0.3061516452074392,0.30714285714285716,0.30813124108416545,0.30484330484330485,0.3058321479374111,0.20454545454545456,0.20567375886524822,0.20679886685552407,0.3055162659123055,0.2076271186440678,0.306064880112835,0.2084507042253521,0.3066104078762307,0.30758426966292135,0.30434782608695654,0.20868347338935575,0.3048951048951049,0.20949720670391062,0.2105997210599721,0.2116991643454039,0.30598052851182195,0.18055555555555555,0.30374479889042993,0.21191135734072022,0.18118948824343015,0.3052486187845304,0.30344827586206896,0.30578512396694213,0.30398899587345257,0.1813186813186813,0.3058984910836763,0.30684931506849317,0.3036935704514364,0.2103825136612022,0.3069577080491132,0.30381471389645776,0.2108843537414966,0.30434782608695654,0.3066485753052917,0.3075880758807588,0.3085250338294993,0.30945945945945946,0.21052631578947367,0.3032345013477089,0.30955585464333785,0.30376344086021506,0.21073825503355706,0.3042895442359249,0.21151271753681392,0.17780748663101603,0.308411214953271,0.212,0.303595206391478,0.3045212765957447,0.17795484727755645,0.3076923076923077,0.17880794701986755,0.21164021164021163,0.3038309114927345,0.17941952506596306,0.30434782608695654,0.18026315789473685,0.3061760840998686,0.30708661417322836,0.21100917431192662,0.1806282722513089,0.30718954248366015,0.30809399477806787,0.30247718383311606,0.3033854166666667,0.3081924577373212,0.3090909090909091,0.21011673151750973,0.1800518134715026,0.3091849935316947,0.3023255813953488,0.3032258064516129,0.21005154639175258,0.30373230373230375,0.17994858611825193,0.3080872913992298,0.3038461538461538,0.3047375160051216,0.18030690537084398,0.3052362707535121,0.30739795918367346,0.2089171974522293,0.2099236641221374,0.21092757306226176,0.1802030456852792,0.30671736375158426,0.21139240506329113,0.21238938053097345,0.18055555555555555,0.3064312736443884,0.181360201511335,0.3069182389937107,0.21231155778894473,0.21329987452948557,0.18170426065162906,0.30037546933667086,0.30625,0.1822721598002497,0.21321695760598502,0.18306351183063513,0.18407960199004975,0.21366459627329193,0.2990074441687345,0.18463444857496902,0.30445544554455445,0.29913473423980225,0.21358024691358024,0.18495684340320592,0.29926108374384236,0.1857318573185732,0.29975429975429974,0.3030674846625767,0.21323529411764705,0.30354957160342716,0.30440097799511,0.21367521367521367,0.2146341463414634,0.2984165651644336,0.29927007299270075,0.3037667071688943,0.21480582524271843,0.2993939393939394,0.30024213075060535,0.21523579201934703,0.3007246376811594,0.30156815440289503,0.3024096385542169,0.1829121540312876,0.30288461538461536,0.3037214885954382,0.18345323741007194,0.3005988023952096,0.18421052631578946,0.3010752688172043,0.301909307875895,0.2133492252681764,0.18452380952380953,0.30202140309155767,0.3028503562945368,0.18505338078291814,0.3033175355450237,0.3005917159763314,0.30141843971631205,0.3022432113341204,0.21226415094339623,0.21319199057714958,0.21411764705882352,0.3019976498237368,0.2147887323943662,0.30246189917936694,0.30327868852459017,0.18362573099415205,0.3037383177570093,0.18436406067677946,0.3041958041958042,0.2991850989522701,0.3,0.3008130081300813,0.30162412993039445,0.21320973348783315,0.21412037037037038,0.21502890173410405,0.302540415704388,0.18339100346020762,0.30069124423963134,0.30264672036823936,0.30344827586206896,0.18369690011481057,0.3038990825688073,0.30469644902634596,0.30549199084668194,0.29942857142857143,0.2134703196347032,0.2998859749144812,0.30068337129840544,0.1831626848691695,0.30454545454545456,0.300794551645857,0.30158730158730157,0.3023782559456399,0.3031674208144796,0.21242937853107344,0.3036117381489842,0.21307779030439683,0.30405405405405406,0.3048368953880765,0.3056179775280899,0.2132435465768799,0.3060538116591928,0.18141097424412095,0.30648769574944074,0.21340782122905028,0.21428571428571427,0.30657748049052397,0.29955456570155903,0.3003337041156841,0.3011111111111111,0.2142064372918979,0.30155210643015523,0.30564784053156147,0.21460176991150443,0.18011049723756906,0.3057395143487859,0.18081587651598677,0.30616740088105726,0.30033003300330036,0.21428571428571427,0.300768386388584,0.18092105263157895,0.30558598028477546,0.21444201312910285,0.21530054644808744,0.1812227074235808,0.3053435114503817,0.21568627450980393,0.21653971708378672,0.21739130434782608,0.30510314875135724,0.30585683297180044,0.21776814734561215,0.18073593073593072,0.30594594594594593,0.30669546436285094,0.21790722761596548,0.2963362068965517,0.29709364908503766,0.21827956989247313,0.21911922663802363,0.29721030042918456,0.21972132904608788,0.29764453961456105,0.2983957219251337,0.1794871794871795,0.304162219850587,0.29850746268656714,0.1799787007454739,0.30425531914893617,0.29861849096705634,0.18046709129511676,0.18133616118769882,0.3040254237288136,0.182010582010582,0.3044397463002114,0.18268215417106654,0.3048523206751055,0.3055848261327713,0.2168421052631579,0.305993690851735,0.3067226890756303,0.1825813221406086,0.30712788259958074,0.29528795811518327,0.18305439330543932,0.3072100313479624,0.2954070981210856,0.21584984358706985,0.3072916666666667,0.18314255983350677,0.21621621621621623,0.3073727933541018,0.18360995850622408,0.29430051813471503,0.2163561076604555,0.30713547052740436,0.18388429752066116,0.3075335397316821,0.21649484536082475,0.21730175077239958,0.18415637860082304,0.18499486125385406,0.3069815195071869,0.18564102564102564,0.29200819672131145,0.1862845445240532,0.2167689161554192,0.30643513789581206,0.2173469387755102,0.18654434250764526,0.29124236252545826,0.1871820956256358,0.18800813008130082,0.2913705583756345,0.3052738336713996,0.1884498480243161,0.305668016194332,0.1890798786653185,0.30606060606060603,0.29061553985872857,0.2157258064516129,0.21651560926485397,0.3058350100603622,0.18894472361809045,0.1897590361445783,0.28986960882647944,0.30561122244488975,0.2902902902902903,0.291,0.18981018981018982,0.2155688622754491,0.21635094715852443,0.1902390438247012,0.191044776119403,0.1918489065606362,0.21648460774577954,0.30357142857142855,0.2893954410307235,0.30396039603960395,0.2166172106824926,0.191699604743083,0.28923988153998026,0.28994082840236685,0.30344827586206896,0.1919291338582677,0.30383480825958703,0.28978388998035365,0.3042198233562316,0.30490196078431375,0.21547502448579825,0.1917808219178082,0.30498533724340177,0.2890625,0.19219512195121952,0.3050682261208577,0.305744888023369,0.28891050583657585,0.21477162293488825,0.21553398058252426,0.2162948593598448,0.30523255813953487,0.21684414327202323,0.28820116054158607,0.30531400966183575,0.305984555984556,0.21697203471552556,0.2880539499036609,0.3060635226179018,0.19038461538461537,0.2881844380403458,0.21689059500959693,0.28859060402684567,0.19061302681992337,0.2889952153110048,0.3049713193116635,0.21680993314231137,0.28912213740458015,0.2897998093422307,0.3047619047619048,0.29019980970504283,0.2908745247148289,0.21652421652421652,0.29127134724857684,0.21706161137440758,0.2178030303030303,0.30368968779564803,0.29111531190926276,0.21813031161473087,0.30377358490566037,0.29123468426013194,0.2919020715630885,0.30385700846660396,0.29229323308270677,0.29295774647887324,0.18761726078799248,0.2933458294283037,0.18820224719101122,0.21702525724976612,0.18878504672897195,0.2931839402427638,0.29384328358208955,0.1891891891891892,0.3016759776536313,0.18976744186046512,0.2936802973977695,0.2943361188486537,0.21614100185528756,0.21686746987951808,0.2175925925925926,0.29417206290471787,0.21811460258780038,0.2945521698984303,0.2952029520295203,0.1889400921658986,0.2955801104972376,0.29622815087396503,0.296875,0.2975206611570248,0.2981651376146789,0.21723189734188816,0.18864468864468864,0.29734675205855443,0.21755027422303475,0.2182648401826484,0.29744525547445255,0.29808568824065634,0.29690346083788705,0.29754322111010006,0.29818181818181816,0.29791099000908267,0.18784029038112524,0.29827742520398914,0.18840579710144928,0.29773755656108597,0.298372513562387,0.2981029810298103,0.18862815884476533,0.18935978358881875,0.1900900900900901,0.29792979297929795,0.29856115107913667,0.215633423180593,0.2989228007181329,0.21614349775784752,0.2992831541218638,0.18979409131602507,0.19051878354203935,0.2957998212689902,0.29642857142857143,0.2988403211418377,0.2994652406417112,0.30008904719501334,0.30071174377224197,0.21511111111111111,0.21580817051509768,0.3007985803016859,0.29521276595744683,0.295837023914969,0.18938053097345134,0.29619805481874445,0.2968197879858657,0.21535745807590467,0.2998236331569665,0.21585903083700442,0.3001760563380282,0.18909410729991205,0.21616871704745166,0.21685689201053557,0.21754385964912282,0.18930762489044697,0.29509632224168125,0.18985126859142606,0.29895104895104896,0.29519650655021834,0.29930191972076786,0.2999128160418483,0.2952961672473868,0.21671018276762402,0.3,0.21720243266724587,0.2951388888888889,0.29575021682567215,0.18890814558058924,0.21731601731601732,0.2179930795847751,0.29559204840103714,0.29620034542314333,0.29680759275237273,0.2982758620689655,0.2988802756244617,0.21772805507745266,0.21840068787618228,0.29896907216494845,0.296137339055794,0.18782161234991424,0.299057412167952,0.2996575342465753,0.30025662959794697,0.30085470085470084,0.30145175064047824,0.2175767918088737,0.30179028132992325,0.29471890971039183,0.29531914893617023,0.3018707482993197,0.21750212404418012,0.30220713073005095,0.30279898218829515,0.21779661016949153,0.18628281117696868,0.2182741116751269,0.3026204564666103,0.2939189189189189,0.3029535864978903,0.30354131534569984,0.18618365627632688,0.30387205387205385,0.21783010933557612,0.3042016806722689,0.3047858942065491,0.18624161073825504,0.2179379715004191,0.2185929648241206,0.30460251046025105,0.21906354515050167,0.29156223893065997,0.2921535893155259,0.1859883236030025,0.30416666666666664,0.3047460449625312,0.21880199667221298,0.3050706566916043,0.30564784053156147,0.18589211618257262,0.291044776119403,0.1864125932062966,0.2913907284768212,0.1869313482216708,0.3049586776859504,0.305532617671346,0.3061056105610561,0.29101401483924155,0.18698517298187808,0.21728395061728395,0.3059210526315789,0.3064913722267872,0.2175697865353038,0.21821164889253486,0.18688524590163935,0.28992628992628994,0.2905073649754501,0.18724448078495504,0.18790849673202614,0.29061224489795917,0.2911908646003263,0.2176039119804401,0.30456026058631924,0.21806346623270953,0.2186991869918699,0.30463038180341184,0.21915584415584416,0.2197891321978913,0.3047001620745543,0.2202429149797571,0.220873786407767,0.22150363783346808,0.18659127625201938,0.3042776432606941,0.2887096774193548,0.18694601128122482,0.30434782608695654,0.3049074818986323,0.22106109324758844,0.18714859437751005,0.30497592295345105,0.28789093825180434,0.22115384615384615,0.3050440352281825,0.2216,0.28776978417266186,0.28833865814696485,0.18675179569034317,0.2886762360446571,0.18725099601593626,0.2890127388535032,0.28957836117740654,0.1875993640699523,0.28991262907069104,0.1880952380952381,0.1887390959555908,0.18938193343898574,0.28978622327790976,0.3022151898734177,0.18972332015810275,0.30252764612954186,0.19021310181531176,0.19085173501577288,0.19148936170212766,0.1921259842519685,0.3021243115656963,0.19261006289308177,0.30243519245875883,0.3029827315541601,0.19294117647058823,0.30329153605015674,0.3038371182458888,0.30438184663536777,0.3049257232212666,0.28671875,0.21701795472287275,0.21762870514820593,0.2868277474668745,0.21806853582554517,0.28715953307392994,0.30404354587869364,0.21833721833721834,0.28726708074534163,0.2187742435996897,0.2193798449612403,0.30364058869093724,0.21981424148606812,0.3039443155452436,0.22024729520865532,0.22084942084942086,0.30401234567901236,0.3045489591364688,0.22110939907550076,0.30484988452655887,0.30538461538461537,0.2851652574942352,0.30568356374807987,0.2210283960092095,0.30598159509202455,0.3065134099616858,0.1891271056661562,0.2846212700841622,0.18960244648318042,0.2849503437738732,0.3061068702290076,0.28527841342486654,0.2858231707317073,0.22010662604722012,0.2207001522070015,0.3057034220532319,0.189209726443769,0.30599848139711466,0.2852807283763278,0.22062168309325247,0.22121212121212122,0.18925056775170326,0.30559757942511345,0.30612244897959184,0.2212990936555891,0.2218867924528302,0.30618401206636503,0.18914845516201959,0.1897590361445783,0.30624529721595184,0.28345864661654135,0.22163786626596543,0.18993993993993993,0.2835708927231808,0.2841079460269865,0.22172284644194756,0.30538922155688625,0.28421839940164545,0.2219730941704036,0.3054518297236744,0.22238805970149253,0.2841163310961969,0.3055141579731744,0.18912881608339538,0.30580357142857145,0.30631970260223046,0.22213967310549776,0.30660727542687455,0.18916913946587538,0.28317272053372866,0.2837037037037037,0.18948926720947445,0.22189349112426035,0.22246858832224686,0.30576070901033975,0.2833948339483395,0.18952802359882007,0.22254974207811348,0.22312223858615612,0.28329654157468726,0.2838235294117647,0.2843497428361499,0.28487518355359764,0.22303741746148203,0.22360703812316715,0.22417582417582418,0.18887262079062958,0.1894659839063643,0.22441520467836257,0.30314097881665447,0.22481751824817517,0.22538293216630198,0.18950437317784258,0.22578295702840495,0.22634643377001457,0.2829090909090909,0.18968023255813954,0.3021060275962237,0.3026124818577649,0.1899927483683829,0.30289855072463767,0.19044170890658943,0.191027496382055,0.22559652928416485,0.19147398843930635,0.2259927797833935,0.2813852813852814,0.22638788752703676,0.19164265129682997,0.2814974802015839,0.3014388489208633,0.19194823867721064,0.22629310344827586,0.19239052404881551,0.19296987087517933,0.3010752688172043,0.2808022922636103,0.19327129563350035,0.3011444921316166,0.30164403145103647,0.19357142857142856,0.19414703783012136,0.2253922967189729,0.22594440484675696,0.2799145299145299,0.2804270462633452,0.22617354196301565,0.28073916133617627,0.30042613636363635,0.28105039034776436,0.19361702127659575,0.2813607370659107,0.3002832861189802,0.19391365888181175,0.30056577086280056,0.19434628975265017,0.19491525423728814,0.22512350035285816,0.3004231311706629,0.30091613812544044,0.2802816901408451,0.19493314567206194,0.19549929676511954,0.2803935347856641,0.19592696629213482,0.3003508771929825,0.3008415147265077,0.22424667133847231,0.3011204481792717,0.30160951714485656,0.22447552447552446,0.3018867924528302,0.19553072625698323,0.30216329378925333,0.2789400278940028,0.19581881533101045,0.3022284122562674,0.27905358385525403,0.30250347705146036,0.1959694232105629,0.22361111111111112,0.3025676613462873,0.3030513176144244,0.19611919611919612,0.278393351800554,0.19653979238754327,0.1970954356846473,0.27850725639253626,0.30248618784530384,0.30296756383712903,0.19724137931034483,0.1977946243969676,0.22245179063360881,0.22298692360633174,0.27785419532324623,0.3024054982817869,0.30288461538461536,0.303363074811256,0.303840877914952,0.30431802604523644,0.3047945205479452,0.1971252566735113,0.19767441860465115,0.19822282980177716,0.3046448087431694,0.3051194539249147,0.2762619372442019,0.22154055896387184,0.276566757493188,0.2770592239618788,0.27755102040816326,0.19782460910944935,0.30434782608695654,0.27766463000678887,0.3046132971506106,0.27796610169491526,0.2784552845528455,0.2789438050101557,0.2794316644113667,0.30425963488843816,0.22027027027027027,0.30452397029034434,0.22064777327935223,0.2791638570465273,0.1967654986522911,0.27946127946127947,0.27994616419919244,0.2804303967720242,0.22043010752688172,0.22095366017461385,0.28053691275167786,0.30315224681421865,0.22117962466487937,0.3034159410582719,0.3038821954484605,0.30434782608695654,0.3048128342245989,0.2798931195724783,0.22096128170894527,0.1954636424282855,0.28,0.2804796802131912,0.2809587217043941,0.3040585495675316,0.28125,0.28172757475083055,0.1952191235059761,0.28201725282017254,0.28249336870026526,0.22001325381047052,0.19536423841059603,0.2825943084050298,0.3029100529100529,0.30337078651685395,0.3038309114927345,0.30429042904290426,0.2196569920844327,0.3045484508899143,0.22002635046113306,0.2205398288347597,0.28157894736842104,0.304404996712689,0.22076215505913271,0.3046618516086671,0.3051181102362205,0.3055737704918033,0.30602883355176935,0.28094302554027506,0.193717277486911,0.19424460431654678,0.3058823529411765,0.30633572828216854,0.30678851174934724,0.2804957599478147,0.28096479791395046,0.2814332247557003,0.21940104166666666,0.19388418998048146,0.2815344603381014,0.19428200129954515,0.19480519480519481,0.28163530175210905,0.30544747081712065,0.30589760207388206,0.2189119170984456,0.21941747572815534,0.19469598965071153,0.28118939883645766,0.21963824289405684,0.2814719173660426,0.30516129032258066,0.2198581560283688,0.30541237113402064,0.30585962652929816,0.22007722007722008,0.22057877813504823,0.19408740359897173,0.2806679511881824,0.2811296534017972,0.281590763309814,0.28205128205128205,0.2825112107623318,0.3047375160051216,0.19385796545105566,0.2826086956521739,0.3047923322683706,0.21966794380587484,0.22016592214422465,0.3048469387755102,0.28234544295729763,0.3050955414012739,0.282622533418205,0.22010178117048346,0.30514939605848695,0.2827191867852605,0.2831746031746032,0.19289340101522842,0.30500951173113505,0.30544993662864384,0.3058898036732109,0.1930379746835443,0.30613535736875397,0.1934260429835651,0.3063802905874921,0.3068181818181818,0.21892744479495269,0.30706179066834804,0.21928166351606806,0.1933249370277078,0.30711139081183136,0.2811320754716981,0.3073538654934004,0.2814070351758794,0.3075957313245449,0.2189460476787955,0.30783699059561126,0.21929824561403508,0.28115216030056356,0.1927409261576971,0.28142589118198874,0.281875,0.28232354778263585,0.30711610486891383,0.3075483468496569,0.192643391521197,0.30778816199376946,0.3082191780821918,0.21841941505911636,0.28171641791044777,0.19266625233064014,0.19316770186335402,0.281812538795779,0.28225806451612906,0.28270303781773093,0.218091697645601,0.21857585139318886,0.3069306930693069,0.19294990723562153,0.28244746600741655,0.3069796170475602,0.21851851851851853,0.2825416409623689,0.28298397040690504,0.21873074553296365,0.3066502463054187,0.3070769230769231,0.21894218942189422,0.28272894898586354,0.2831695331695332,0.283609576427256,0.19202453987730062,0.2838749233599019,0.28431372549019607,0.21861604409063073,0.28457772337821297,0.21896024464831804,0.21943765281173594,0.1918142944410507,0.3052503052503053,0.2843197071384991,0.2847560975609756,0.21937842778793418,0.19183922046285018,0.21972002434570906,0.2846715328467153,0.2851063829787234,0.28554070473876064,0.21979356405585915,0.30400485436893204,0.2856276531231049,0.22,0.3040581465778316,0.22033898305084745,0.3042952208106473,0.19105199516324062,0.2851963746223565,0.30434782608695654,0.3047676523838262,0.2852834740651387,0.22001205545509342,0.22048192771084338,0.19084888621312462,0.2851985559566787,0.19122068550811785,0.2854567307692308,0.1915915915915916,0.3037214885954382,0.3041391721655669,0.22002398081534771,0.2852007189934092,0.30419161676646705,0.22022740873728305,0.30442583732057416,0.22056186491332935,0.1911589008363202,0.3044776119402985,0.3048926014319809,0.22063208109719737,0.28426698450536353,0.28469326980345444,0.22083333333333333,0.3045806067816776,0.28478002378121287,0.19073083778966132,0.2850356294536817,0.285459940652819,0.2206405693950178,0.30409010077059867,0.28554502369668244,0.22084073416222616,0.30414201183431955,0.22117090479006504,0.19030732860520094,0.2852923803898405,0.3040141676505313,0.22123893805309736,0.30424528301886794,0.2852091926929876,0.22143698468786807,0.3042966450853443,0.2852941176470588,0.22163433274544386,0.30434782608695654,0.3047563123899002,0.22183098591549297,0.30498533724340177,0.22215709261430247,0.22261277094317516,0.18911007025761123,0.28437682855471036,0.18947368421052632,0.18994739918176504,0.22254672897196262,0.28429655575014595,0.22287047841306884,0.1900874635568513,0.22319347319347319,0.28421665695981363,0.19033760186263096,0.22338568935427575,0.19069767441860466,0.3027309703660662,0.1910569105691057,0.2838073128264655,0.302784222737819,0.30318840579710143,0.2230590961761298,0.2235089751013318,0.30324074074074076,0.30364372469635625,0.1907514450867052,0.30387059503177355,0.28290993071593534,0.2233121754183497,0.2831603229527105,0.19077809798270892,0.1912442396313364,0.30339666090961426,0.28308400460299193,0.28349626221966645,0.22298850574712645,0.2234348075818495,0.22388059701492538,0.2834193918531268,0.30275229357798167,0.2836676217765043,0.22394043528064148,0.28391528334287347,0.2242562929061785,0.28416237850200116,0.22457142857142856,0.2844089091947459,0.19006849315068494,0.19053051911009697,0.2844925883694413,0.30142450142450145,0.30182232346241455,0.2242458736482641,0.22468714448236632,0.3018760659465605,0.30227272727272725,0.2839295854628052,0.19012485811577753,0.1905842314237096,0.22448979591836735,0.30198300283286117,0.3023782559456399,0.2246745897000566,0.3026018099547511,0.22498586772187676,0.1903954802259887,0.19085262563523434,0.2827313769751693,0.19120135363790186,0.19165727170236754,0.3019718309859155,0.19200450450450451,0.30219471018570626,0.3025871766029246,0.224283305227656,0.19213483146067414,0.3026389668725435,0.19248035914702583,0.3028603477285474,0.3032511210762332,0.22408963585434175,0.303471444568869,0.28091773922775604,0.19239373601789708,0.3035215204024595,0.3039106145251397,0.19262981574539365,0.19308035714285715,0.30395984383714447,0.28037904124860646,0.19331476323119778,0.2806236080178174,0.2810239287701725,0.1935483870967742,0.3035019455252918,0.2811111111111111,0.1937812326485286,0.19422863485016648,0.3033832501386578,0.28104212860310424,0.2221606648199446,0.19435215946843853,0.3032650802434975,0.3036504424778761,0.2222222222222222,0.19447513812154696,0.3036996134732192,0.2803532008830022,0.1947049089906233,0.28059536934950385,0.19504132231404958,0.19548458149779735,0.30324711062190424,0.19581958195819582,0.19626168224299065,0.3032967032967033,0.30367929708951125,0.1964873765093304,0.2797586396050466,0.19682017543859648,0.30356164383561646,0.30394304490690033,0.22058018609742747,0.3041575492341357,0.2793876435210498,0.22076502732240438,0.304205352266521,0.2210698689956332,0.2214948172394981,0.3042529989094875,0.2790190735694823,0.22167755991285404,0.3043004899292324,0.2219804134929271,0.22240348015225667,0.1956521739130435,0.2786529060293319,0.1959826275787188,0.3038524145415084,0.30422993492407807,0.2222222222222222,0.30444203683640303,0.2782891174878181,0.2224025974025974,0.3044889129259059,0.27837837837837837,0.2225823878984333,0.3045356371490281,0.3049109552077712,0.22276159654800431,0.22318059299191376,0.30495689655172414,0.22347872913301023,0.3051668460710441,0.3055406132329209,0.22365591397849463,0.3057495969908651,0.2771213748657358,0.19431025228126678,0.30579399141630903,0.3061662198391421,0.22347266881028938,0.306373861810391,0.30674518201284795,0.2236490101658641,0.306951871657754,0.27632282202031,0.22382478632478633,0.30699412706887347,0.22411953041622198,0.1936,0.19402985074626866,0.30687266915290357,0.19435569755058574,0.19478445981905268,0.275531914893617,0.1951089845826688,0.3065887353878852,0.3069569835369092,0.2234607218683652,0.30716180371352786,0.22375397667020147,0.22416534181240064,0.3072033898305085,0.22445738485971414,0.3074074074074074,0.22474881015335801,0.1945031712473573,0.3074484944532488,0.3078141499472017,0.27387862796833773,0.22468354430379747,0.30785450711649975,0.273972602739726,0.1943127962085308,0.3078947368421053,0.30825881115202525,0.2245005257623554,0.22490803993694167,0.22531512605042017,0.22572178477690288,0.2261280167890871,0.307813319349764,0.22641509433962265,0.3080146673651126,0.27277486910994764,0.22658294086865516,0.19351464435146443,0.19393622582331416,0.19435736677115986,0.30757180156657965,0.27244258872651356,0.22639540949400105,0.30761209593326383,0.27253778009379886,0.19427083333333334,0.30765226444560123,0.30801248699271594,0.3083723348933957,0.3087318087318087,0.27220779220779223,0.22585669781931464,0.30877010897768553,0.3091286307053942,0.22602384655261792,0.3093264248704663,0.3096841015018125,0.2261904761904762,0.3098810139679255,0.2714581178903826,0.22635658914728682,0.30991735537190085,0.31027361899845124,0.19298245614035087,0.3104693140794224,0.31082474226804124,0.226172076249356,0.2708547888774459,0.2712300566134843,0.19290123456790123,0.19331619537275063,0.3103802672147996,0.3107344632768362,0.22587268993839835,0.31092868137506413,0.19333333333333333,0.2706304459251666,0.22592213114754098,0.1935483870967742,0.19396110542476971,0.3104859335038363,0.19427402862985685,0.3106796116504854,0.19458631256384065,0.19499744767738642,0.19540816326530613,0.31055583885772564,0.3109072375127421,0.2251655629139073,0.31109979633401225,0.22544529262086513,0.26907426246185145,0.19522114895780376,0.195630081300813,0.31081767394616555,0.19593908629441625,0.1963470319634703,0.31085192697768765,0.31120121642169285,0.22492401215805471,0.19645569620253164,0.31123481781376516,0.3115832068791098,0.2679474216380182,0.19656392117230925,0.19696969696969696,0.31145885916203936,0.31180625630676084,0.19717599596570853,0.2242943548387097,0.3118387909319899,0.22457200402819738,0.3120281831907398,0.267102615694165,0.19708396178984414,0.31206030150753766,0.197388247112004,0.19779116465863453,0.19819367787255393,0.19859578736208625,0.22406015037593985,0.2665330661322645,0.2243365047571357,0.3113113113113113,0.31165582791395696,0.1985,0.3118440779610195,0.19880119880119881,0.19920119820269597,0.31187624750499005,0.26583541147132167,0.19940179461615154,0.1998006975585451,0.26593625498007967,0.20009955201592833,0.22338308457711442,0.22376926902038788,0.20029821073558648,0.22404371584699453,0.31082423038728896,0.2655086848635236,0.31101190476190477,0.26574119980168565,0.26610505450941524,0.20009905894006935,0.3108910891089109,0.31123206333498266,0.3115727002967359,0.31191300049431536,0.22332015810276679,0.2237037037037037,0.2240868706811451,0.22446965959546128,0.22485207100591717,0.26515524889107933,0.31133004926108376,0.31166912850812406,classic
