5_6807988_6817501,1.0,1.0,0.3333333333333333,0.25,0.4,0.5,0.42857142857142855,0.5,0.4444444444444444,0.1,0.45454545454545453,0.5,0.5384615384615384,0.35714285714285715,0.5333333333333333,0.375,0.5294117647058824,0.1111111111111111,0.3684210526315789,0.4,0.14285714285714285,0.4090909090909091,0.43478260869565216,0.08333333333333333,0.16,0.4230769230769231,0.18518518518518517,0.42857142857142855,0.3448275862068966,0.36666666666666664,0.3870967741935484,0.40625,0.3939393939393939,0.4117647058823529,0.4,0.08333333333333333,0.40540540540540543,0.39473684210526316,0.41025641025641024,0.425,0.0975609756097561,0.42857142857142855,0.37209302325581395,0.4318181818181818,0.1111111111111111,0.43478260869565216,0.44680851063829785,0.4583333333333333,0.46938775510204084,0.34,0.47058823529411764,0.4807692307692308,0.49056603773584906,0.5,0.10909090909090909,0.32142857142857145,0.49122807017543857,0.3275862068965517,0.11864406779661017,0.3333333333333333,0.3442622950819672,0.12903225806451613,0.09523809523809523,0.34375,0.13846153846153847,0.4393939393939394,0.34328358208955223,0.14705882352941177,0.15942028985507245,0.42857142857142855,0.16901408450704225,0.4305555555555556,0.4383561643835616,0.44594594594594594,0.4533333333333333,0.4605263157894737,0.3116883116883117,0.16666666666666666,0.08860759493670886,0.3125,0.4444444444444444,0.0975609756097561,0.3132530120481928,0.16666666666666666,0.3176470588235294,0.32558139534883723,0.3333333333333333,0.42045454545454547,0.33707865168539325,0.34444444444444444,0.3516483516483517,0.16304347826086957,0.0967741935483871,0.40425531914893614,0.16842105263157894,0.40625,0.17525773195876287,0.336734693877551,0.40404040404040403,0.41,0.09900990099009901,0.3333333333333333,0.33980582524271846,0.40384615384615385,0.10476190476190476,0.11320754716981132,0.3364485981308411,0.39814814814814814,0.4036697247706422,0.11818181818181818,0.40540540540540543,0.125,0.40707964601769914,0.41228070175438597,0.41739130434782606,0.4224137931034483,0.15384615384615385,0.1271186440677966,0.42016806722689076,0.425,0.15702479338842976,0.30327868852459017,0.3089430894308943,0.16129032258064516,0.312,0.4126984126984127,0.12598425196850394,0.3125,0.3178294573643411,0.16153846153846155,0.32061068702290074,0.32575757575757575,0.12781954887218044,0.39552238805970147,0.16296296296296298,0.39705882352941174,0.40145985401459855,0.3188405797101449,0.12949640287769784,0.4,0.1347517730496454,0.14084507042253522,0.3146853146853147,0.3194444444444444,0.32413793103448274,0.14383561643835616,0.32653061224489793,0.1554054054054054,0.3825503355704698,0.38666666666666666,0.15894039735099338,0.3881578947368421,0.39215686274509803,0.16233766233766234,0.3161290322580645,0.391025641025641,0.3184713375796178,0.3227848101265823,0.16352201257861634,0.325,0.32919254658385094,0.3333333333333333,0.3374233128834356,0.16463414634146342,0.3393939393939394,0.37349397590361444,0.16766467065868262,0.17261904761904762,0.3727810650887574,0.3764705882352941,0.3333333333333333,0.3372093023255814,0.34104046242774566,0.3735632183908046,0.12571428571428572,0.3409090909090909,0.12994350282485875,0.34269662921348315,0.1340782122905028,0.34444444444444444,0.16574585635359115,0.13736263736263737,0.3442622950819672,0.16847826086956522,0.17297297297297298,0.1774193548387097,0.18181818181818182,0.13829787234042554,0.3492063492063492,0.3526315789473684,0.14136125654450263,0.14583333333333334,0.3316062176165803,0.18041237113402062,0.18461538461538463,0.33163265306122447,0.34517766497461927,0.3484848484848485,0.3316582914572864,0.185,0.1890547263681592,0.3465346534653465,0.33004926108374383,0.19117647058823528,0.14146341463414633,0.3300970873786408,0.3333333333333333,0.34134615384615385,0.14354066985645933,0.3333333333333333,0.1895734597156398,0.19339622641509435,0.19718309859154928,0.3317757009345794,0.33488372093023255,0.14351851851851852,0.19815668202764977,0.3302752293577982,0.3333333333333333,0.2,0.20361990950226244,0.3333333333333333,0.14349775784753363,0.33482142857142855,0.3377777777777778,0.3407079646017699,0.2026431718061674,0.34210526315789475,0.31877729257641924,0.3217391304347826,0.20346320346320346,0.3232758620689655,0.14163090128755365,0.1452991452991453,0.32340425531914896,0.3347457627118644,0.32489451476793246,0.14705882352941177,0.1506276150627615,0.3333333333333333,0.3360995850622407,0.15289256198347106,0.3374485596707819,0.3401639344262295,0.19591836734693877,0.1991869918699187,0.340080971659919,0.31451612903225806,0.20080321285140562,0.152,0.3147410358565737,0.20238095238095238,0.31620553359683795,0.3188976377952756,0.3333333333333333,0.3203125,0.20233463035019456,0.2054263565891473,0.2084942084942085,0.21153846153846154,0.31800766283524906,0.21374045801526717,0.3269961977186312,0.3181818181818182,0.32075471698113206,0.32706766917293234,0.32209737827715357,0.3246268656716418,0.3271375464684015,0.14444444444444443,0.21033210332103322,0.3235294117647059,0.326007326007326,0.3284671532846715,0.33090909090909093,0.3333333333333333,0.33574007220216606,0.20863309352517986,0.14336917562724014,0.3357142857142857,0.33807829181494664,0.31560283687943264,0.31802120141342755,0.3204225352112676,0.32280701754385965,0.32517482517482516,0.3344947735191638,0.1423611111111111,0.1453287197231834,0.33448275862068966,0.3230240549828179,0.20205479452054795,0.20477815699658702,0.3231292517006803,0.3254237288135593,0.14527027027027026,0.3265993265993266,0.3288590604026846,0.2040133779264214,0.20666666666666667,0.20930232558139536,0.32781456953642385,0.21122112211221122,0.3223684210526316,0.32786885245901637,0.3235294117647059,0.3289902280130293,0.21103896103896103,0.32362459546925565,0.32903225806451614,0.3247588424437299,0.21153846153846154,0.14057507987220447,0.21337579617834396,0.21587301587301588,0.3259493670886076,0.3280757097791798,0.330188679245283,0.21630094043887146,0.33125,0.3177570093457944,0.33229813664596275,0.21671826625386997,0.3333333333333333,0.21846153846153846,0.22085889570552147,0.3333333333333333,0.2225609756097561,0.3130699088145897,0.22424242424242424,0.13595166163141995,0.3313253012048193,0.3333333333333333,0.1377245508982036,0.31044776119402984,0.3333333333333333,0.3115727002967359,0.3136094674556213,0.13864306784660768,0.1411764705882353,0.31378299120234604,0.3157894736842105,0.3294460641399417,0.2180232558139535,0.22028985507246376,0.22254335260115607,0.3285302593659942,0.33045977011494254,0.332378223495702,0.3342857142857143,0.1396011396011396,0.3096590909090909,0.3342776203966006,0.3107344632768362,0.3126760563380282,0.3146067415730337,0.1400560224089636,0.21787709497206703,0.3147632311977716,0.14166666666666666,0.1440443213296399,0.1464088397790055,0.1487603305785124,0.21703296703296704,0.2191780821917808,0.22131147540983606,0.3242506811989101,0.32608695652173914,0.3089430894308943,0.22162162162162163,0.22371967654986524,0.30913978494623656,0.14745308310991956,0.31016042780748665,0.14933333333333335,0.31117021276595747,0.3129973474801061,0.3148148148148148,0.1503957783641161,0.22105263157894736,0.31496062992125984,0.31675392670157065,0.1514360313315927,0.3177083333333333,0.3142857142857143,0.31865284974093266,0.3152454780361757,0.3170103092783505,0.31876606683804626,0.32051282051282054,0.32225063938618925,0.21683673469387754,0.21882951653944022,0.22081218274111675,0.32151898734177214,0.31313131313131315,0.1486146095717884,0.32160804020100503,0.22055137844611528,0.3225,0.3117206982543641,0.31343283582089554,0.315136476426799,0.3217821782178218,0.14814814814814814,0.31527093596059114,0.21867321867321868,0.3161764705882353,0.1491442542787286,0.3195121951219512,0.15085158150851583,0.1529126213592233,0.3196125907990315,0.15458937198067632,0.3204819277108434,0.32211538461538464,0.2158273381294964,0.21770334928229665,0.3221957040572792,0.21904761904761905,0.32304038004750596,0.3080568720379147,0.32387706855791965,0.15330188679245282,0.3247058823529412,0.32629107981220656,0.21779859484777517,0.21962616822429906,0.30536130536130535,0.30697674418604654,0.3248259860788863,0.3263888888888889,0.3279445727482679,0.15207373271889402,0.15402298850574714,0.32798165137614677,0.3295194508009153,0.3310502283105023,0.1548974943052392,0.30227272727272725,0.3310657596371882,0.3031674208144796,0.3047404063205418,0.3310810810810811,0.3056179775280899,0.33183856502242154,0.30648769574944074,0.3080357142857143,0.30957683741648107,0.3111111111111111,0.31263858093126384,0.32964601769911506,0.152317880794702,0.31277533039647576,0.3142857142857143,0.3157894736842105,0.15317286652078774,0.32751091703056767,0.3289760348583878,0.33043478260869563,0.31453362255965295,0.33116883116883117,0.31533477321814257,0.15301724137931033,0.3161290322580645,0.15450643776824036,0.15631691648822268,0.202991452991453,0.15778251599147122,0.3148936170212766,0.32696390658174096,0.2033898305084746,0.20507399577167018,0.20675105485232068,0.3263157894736842,0.3277310924369748,0.31236897274633124,0.3138075313807531,0.3277661795407098,0.15625,0.158004158004158,0.2053941908713693,0.31262939958592134,0.2066115702479339,0.3134020618556701,0.32510288065843623,0.20739219712525667,0.3135245901639344,0.2085889570552147,0.21020408163265306,0.3136456211812627,0.21138211382113822,0.2129817444219067,0.31376518218623484,0.3212121212121212,0.3225806451612903,0.21327967806841047,0.21485943775100402,0.21643286573146292,0.322,0.32335329341317365,0.3107569721115538,0.3240556660039761,0.3253968253968254,0.3108910891089109,0.32608695652173914,0.3116370808678501,0.32677165354330706,0.31237721021611004,0.15098039215686274,0.3131115459882583,0.314453125,0.15204678362573099,0.3151750972762646,0.32427184466019415,0.21124031007751937,0.32495164410058025,0.21235521235521235,0.325626204238921,0.21346153846153845,0.21497120921305182,0.32567049808429116,0.15105162523900573,0.3110687022900763,0.32571428571428573,0.3269961977186312,0.32827324478178366,0.21401515151515152,0.31001890359168244,0.1509433962264151,0.21468926553672316,0.3101503759398496,0.15196998123827393,0.15355805243445692,0.21495327102803738,0.3246268656716418,0.21601489757914338,0.2174721189591078,0.3079777365491651,0.32407407407407407,0.30868761552680224,0.2177121771217712,0.3241252302025783,0.32536764705882354,0.326605504587156,0.32783882783882784,0.3290676416819013,0.3302919708029197,0.2167577413479053,0.33090909090909093,0.15063520871143377,0.15217391304347827,0.15370705244122965,0.1552346570397112,0.3027027027027027,0.329136690647482,0.3303411131059246,0.33154121863799285,0.2146690518783542,0.30178571428571427,0.21568627450980393,0.3309608540925267,0.3321492007104796,0.21631205673758866,0.2176991150442478,0.3321554770318021,0.2998236331569665,0.301056338028169,0.3022847100175747,0.33157894736842103,0.30297723292469353,0.3041958041958042,0.2164048865619546,0.21777003484320556,0.30434782608695654,0.3055555555555556,0.30675909878682844,0.3079584775086505,0.3281519861830743,0.3086206896551724,0.3098106712564544,0.31099656357388317,0.3276157804459691,0.21575342465753425,0.3111111111111111,0.32764505119453924,0.3287904599659284,0.21598639455782312,0.14770797962648557,0.3101694915254237,0.32825719120135366,0.21621621621621623,0.3102866779089376,0.3114478114478115,0.3277310924369748,0.31208053691275167,0.3132328308207705,0.3277591973244147,0.21535893155258765,0.14666666666666667,0.31281198003327787,0.3272425249169435,0.2155887230514096,0.21688741721854304,0.14710743801652892,0.32673267326732675,0.3113673805601318,0.32730263157894735,0.31198686371100165,0.32786885245901637,0.32896890343698854,0.21568627450980393,0.31158238172920066,0.3127035830618892,0.14634146341463414,0.3133116883116883,0.31442463533225284,0.215210355987055,0.3263327948303716,0.31451612903225806,0.32689210950080516,0.31511254019292606,0.3274478330658106,0.14583333333333334,0.1472,0.3274760383386581,0.14832535885167464,0.32802547770700635,0.32909379968203495,0.3126984126984127,0.21236133122028525,0.3291139240506329,0.1484992101105845,0.32965299684542587,0.33070866141732286,0.33176100628930816,0.2119309262166405,0.21316614420062696,0.3317683881064163,0.2140625,0.33229329173166927,0.308411214953271,0.3328149300155521,0.3338509316770186,0.21395348837209302,0.3080495356037152,0.33384853168469864,0.21450617283950618,0.14637904468412943,0.3076923076923077,0.3087557603686636,0.2147239263803681,0.3093415007656968,0.3103975535168196,0.33129770992366414,0.3323170731707317,0.3333333333333333,0.21428571428571427,0.3095599393019727,0.3106060606060606,0.3328290468986384,0.3338368580060423,0.334841628959276,0.21385542168674698,0.33533834586466166,0.30930930930930933,0.335832083958021,0.30988023952095806,0.14349775784753363,0.3358208955223881,0.21311475409836064,0.33630952380952384,0.30906389301634474,0.3367952522255193,0.21333333333333335,0.21449704142011836,0.33677991137370755,0.33775811209439527,0.3078055964653903,0.3088235294117647,0.3377386196769457,0.3093841642228739,0.33821376281112736,0.30994152046783624,0.3386861313868613,0.3396501457725947,0.21251819505094613,0.30959302325581395,0.21335268505079827,0.14057971014492754,0.3096960926193922,0.33815028901734107,0.1414141414141414,0.30979827089337175,0.3381294964028777,0.21264367816091953,0.14203730272596843,0.30945558739255014,0.3376251788268956,0.21285714285714286,0.21398002853067047,0.3091168091168091,0.33712660028449504,0.21448863636363635,0.21560283687943263,0.3371104815864023,0.14144271570014144,0.307909604519774,0.33709449929478136,0.21549295774647886,0.33755274261603374,0.33848314606741575,0.3071528751753156,0.3389355742296919,0.33986013986013985,0.21508379888268156,0.3403068340306834,0.14066852367688024,0.14186369958275383,0.3055555555555556,0.33980582524271846,0.3060941828254848,0.34024896265560167,0.3411602209944751,0.21379310344827587,0.3415977961432507,0.3425034387895461,0.21428571428571427,0.3429355281207133,0.34383561643835614,0.3036935704514364,0.3442622950819672,0.3042291950886767,0.3446866485013624,0.345578231292517,0.13994565217391305,0.34599728629579374,0.14092140921409213,0.14208389715832206,0.34594594594594597,0.30229419703103916,0.3032345013477089,0.1426648721399731,0.14381720430107528,0.30335570469798656,0.3445040214477212,0.3038821954484605,0.3048128342245989,0.2096128170894526,0.21066666666666667,0.34354194407456723,0.34441489361702127,0.21115537848605578,0.21220159151193635,0.14304635761589404,0.21296296296296297,0.34346103038309117,0.34432717678100266,0.30171277997364954,0.3447368421052632,0.30223390275952694,0.2125984251968504,0.34469200524246396,0.14267015706806283,0.34509803921568627,0.30156657963446476,0.21251629726205998,0.3020833333333333,0.30299089726918077,0.34415584415584416,0.3035019455252918,0.30440414507772023,0.34411384217335056,0.3449612403100775,0.21161290322580645,0.21262886597938144,0.30373230373230375,0.3444730077120823,0.3042362002567394,0.34487179487179487,0.21254801536491677,0.3452685421994885,0.30395913154533843,0.21301020408163265,0.3452229299363057,0.3460559796437659,0.3468869123252859,0.2131979695431472,0.302915082382763,0.3468354430379747,0.213653603034134,0.30303030303030304,0.3467843631778058,0.3035264483627204,0.3471698113207547,0.3479899497487437,0.21329987452948557,0.3032581453634085,0.3479349186483104,0.34875,0.1373283395755306,0.3029925187032419,0.3038605230386052,0.3482587064676617,0.30434782608695654,0.34863523573200994,0.3048327137546468,0.21163366336633663,0.34857849196538937,0.30493827160493825,0.30579531442663377,0.13669950738916256,0.34809348093480935,0.2113022113022113,0.21226993865030674,0.13725490196078433,0.3047735618115055,0.3471882640586797,0.21245421245421245,0.3048780487804878,0.3471376370280146,0.34793187347931875,0.30498177399756987,0.21237864077669902,0.21333333333333335,0.21428571428571427,0.3047158403869408,0.13647342995169082,0.30518697225572977,0.3060240963855422,0.30685920577617326,0.3449519230769231,0.3457382953181273,0.3069544364508393,0.3077844311377245,0.3456937799043062,0.2126642771804062,0.30787589498806683,0.13587604290822408,0.2130952380952381,0.2140309155766944,0.13657957244655583,0.30723606168446027,0.21445497630331753,0.3431952662721893,0.3073286052009456,0.30814639905548996,0.13679245283018868,0.30859835100117783,0.30941176470588233,0.3419506462984724,0.2136150234741784,0.3094958968347011,0.31030444964871196,0.34152046783625734,0.3107476635514019,0.3115519253208868,0.3123543123543124,0.3410942956926659,0.3127906976744186,0.313588850174216,0.314385150812065,0.21205098493626884,0.3148148148148148,0.3398843930635838,0.31524249422632794,0.3160322952710496,0.33986175115207373,0.31645569620253167,0.31724137931034485,0.13432835820895522,0.3394495412844037,0.21076746849942726,0.33981693363844395,0.31657142857142856,0.13470319634703196,0.33979475484606614,0.31662870159453305,0.1353811149032992,0.3397727272727273,0.3166855845629966,0.31746031746031744,0.33975084937712347,0.3404977375565611,0.20903954802259886,0.31715575620767494,0.20969560315670802,0.3400900900900901,0.13498312710911137,0.3404494382022472,0.20987654320987653,0.34080717488789236,0.3157894736842105,0.13534675615212527,0.3407821229050279,0.34151785714285715,0.34225195094760313,0.20935412026726058,0.135706340378198,0.3422222222222222,0.34295227524972255,0.20953436807095344,0.3133997785160576,0.3141592920353982,0.3149171270718232,0.31567328918322296,0.34178610804851156,0.2092511013215859,0.31573157315731576,0.34175824175824177,0.20965971459934138,0.21052631578947367,0.3154435925520263,0.2111597374179431,0.3158469945355191,0.21179039301310043,0.21264994547437296,0.33986928104575165,0.3405875952121872,0.34130434782608693,0.21281216069489686,0.34164859002169196,0.13326110509209102,0.341991341991342,0.13405405405405404,0.34233261339092874,0.21251348435814454,0.3426724137931034,0.31216361679224974,0.31290322580645163,0.3426423200859291,0.3133047210300429,0.1339764201500536,0.31370449678800855,0.21176470588235294,0.2126068376068376,0.3137673425827108,0.21321961620469082,0.3407880724174654,0.21382978723404256,0.3134962805526036,0.31422505307855625,0.3149522799575822,0.3400423728813559,0.31534391534391537,0.3403805496828753,0.34107708553326294,0.34177215189873417,0.3150684931506849,0.13263157894736843,0.31545741324921134,0.21218487394957983,0.13326337880377753,0.34067085953878407,0.3413612565445026,0.3148535564853556,0.13375130616509928,0.13465553235908143,0.3409801876955162,0.3416666666666667,0.13527575442247658,0.341995841995842,0.31360332294911736,0.21058091286307054,0.21139896373056996,0.3416149068322981,0.3133402275077559,0.3140495867768595,0.3415892672858617,0.13505154639175257,0.3419155509783728,0.31378600823045266,0.34224049331963,0.3141683778234086,0.3425641025641026,0.21004098360655737,0.3428863868986694,0.31390593047034765,0.3432073544433095,0.3142857142857143,0.3435270132517839,0.20977596741344195,0.2105798575788403,0.3434959349593496,0.31370558375634516,0.3144016227180527,0.3434650455927052,0.3441295546558704,0.31445904954499493,0.34444444444444444,0.34510595358224017,0.34576612903225806,0.3464249748237664,0.31388329979879276,0.34673366834170855,0.3473895582329317,0.2086258776328987,0.2094188376753507,0.34734734734734735,0.348,0.2097902097902098,0.34830339321357284,0.13160518444666003,0.34860557768924305,0.31144278606965176,0.3489065606361829,0.34955312810327704,0.3501984126984127,0.3508424182358771,0.3108910891089109,0.13155291790306628,0.35079051383399207,0.3109575518262586,0.3510848126232742,0.20788177339901479,0.13188976377952755,0.13274336283185842,0.2082514734774067,0.20902845927379785,0.35,0.13320274240940255,0.350293542074364,0.3509286412512219,0.30859375,0.35121951219512193,0.30896686159844056,0.30963972736124634,0.35116731517509725,0.3100097181729835,0.3106796116504854,0.3113482056256062,0.20736434108527133,0.3504356243949661,0.2079303675048356,0.3111111111111111,0.31177606177606176,0.3500482160077146,0.31213872832369943,0.3128007699711261,0.35,0.31316042267050914,0.3502879078694818,0.13135186960690318,0.13218390804597702,0.35023923444976074,0.13288718929254303,0.3123209169054441,0.31297709923664124,0.34985700667302194,0.2057142857142857,0.31303520456707895,0.31368821292775667,0.2060778727445394,0.31404174573055027,0.2066350710900474,0.20738636363636365,0.3140964995269631,0.34782608695652173,0.2077431539187913,0.3141509433962264,0.31479736098020733,0.3474576271186441,0.31514581373471307,0.20770676691729323,0.3474178403755869,0.3151969981238274,0.3477038425492034,0.13108614232209737,0.13189897100093545,0.34766355140186916,0.3146591970121382,0.34794776119402987,0.34855545200372784,0.13221601489757914,0.1330232558139535,0.34851301115241634,0.3138347260909935,0.34879406307977734,0.3493975903614458,0.3138888888888889,0.1332099907493062,0.20517560073937152,0.2059095106186519,0.13376383763837638,0.2064516129032258,0.20718232044198895,0.34774609015639374,0.3483455882352941,0.3122130394857668,0.3486238532110092,0.3125572868927589,0.3489010989010989,0.3494967978042086,0.20658135283363802,0.20730593607305936,0.20802919708029197,0.20875113947128532,0.20947176684881602,0.21019108280254778,0.3109090909090909,0.3115349682107175,0.132486388384755,0.21033544877606528,0.34692028985507245,0.31131221719457014,0.3471971066907776,0.34778681120144533,0.21028880866425992,0.3480613165013526,0.3108108108108108,0.1323132313231323,0.34802158273381295,0.3108715184186882,0.13285457809694792,0.1336322869955157,0.34767025089605735,0.3106535362578335,0.20930232558139536,0.13404825737265416,0.13482142857142856,0.13559322033898305,0.34670231729055256,0.3098842386464826,0.13612099644128114,0.2088888888888889,0.13676731793960922,0.3460514640638864,0.3466312056737589,0.13728963684676704,0.13805309734513274,0.138815207780725,0.13957597173144876,0.34598411297440423,0.34656084656084657,0.14008810572687225,0.14084507042253522,0.14160070360598065,0.14235500878734622,0.1431079894644425,0.14385964912280702,0.3453111305872042,0.3458844133099825,0.14435695538057744,0.34615384615384615,0.14497816593886462,0.1457242582897033,0.14646904969485613,0.34581881533101044,0.14708442123585727,0.34608695652173915,0.1476976542137272,0.2048611111111111,0.14830875975715524,0.34575389948006935,0.14891774891774892,0.3460207612456747,0.1495246326707001,0.15025906735751296,0.3011216566005177,0.3456896551724138,0.2041343669250646,0.20481927710843373,0.3456577815993121,0.20532646048109965,0.30042918454935624,0.30102915951972553,0.30162810625535563,0.2054794520547945,0.34473909324208724,0.3452991452991453,0.30145175064047824,0.30204778156996587,0.30264279624893436,0.20528109028960817,0.20595744680851064,0.2066326530612245,0.30246389124893797,0.3030560271646859,0.30364715860899066,0.3042372881355932,0.3048264182895851,0.20642978003384094,0.14792899408284024,0.20692567567567569,0.34177215189873417,0.342327150084317,0.34288121314237574,0.3434343434343434,0.3036164844407065,0.20672268907563024,0.2073887489504618,0.2080536912751678,0.20871751886001677,0.30318257956448913,0.30376569037656903,0.20903010033444816,0.14703425229741018,0.34140233722871455,0.3419516263552961,0.1475,0.1482098251457119,0.34193011647254573,0.342477140482128,0.3430232558139535,0.14854771784232365,0.3018242122719735,0.1491300745650373,0.3021523178807947,0.2076095947063689,0.20826446280991737,0.3022295623451693,0.3028052805280528,0.2085737840065952,0.20922570016474465,0.34074074074074073,0.3412828947368421,0.30238290879211177,0.30295566502463056,0.30352748154224773,0.34098360655737703,0.14823914823914824,0.34124386252045824,0.3417825020441537,0.30310457516339867,0.20816326530612245,0.3034257748776509,0.3414832925835371,0.34201954397394135,0.3425549227013832,0.34308943089430893,0.3436230706742486,0.34415584415584416,0.3446877534468775,0.14748784440842788,0.20728744939271254,0.3446601941747573,0.14793856103476152,0.30129240710823907,0.20742534301856336,0.14838709677419354,0.3440773569701853,0.20772946859903382,0.3008849557522124,0.20819935691318328,0.30120481927710846,0.3017656500802568,0.1483560545308741,0.14903846153846154,0.34267413931144913,0.3016,0.20783373301358912,0.2084664536741214,0.3016759776536313,0.3022328548644338,0.34183266932270917,0.14888535031847133,0.3023070803500398,0.30286168521462636,0.3415409054805401,0.34206349206349207,0.34258524980174465,0.14896988906497624,0.3428345209817894,0.34335443037974683,0.3019762845849802,0.20695102685624012,0.3022888713496448,0.3028391167192429,0.3033884948778566,0.30393700787401573,0.14870180959874116,0.14937106918238993,0.34171249018067557,0.206436420722135,0.20705882352941177,0.34169278996865204,0.20751761942051683,0.3028169014084507,0.1493354182955434,0.34140625,0.30288836846213896,0.3416536661466459,0.3421667965705378,0.14953271028037382,0.3424124513618677,0.20684292379471228,0.30225330225330227,0.20729813664596272,0.14972847168347556,0.34186046511627904,0.3020914020139427,0.34210526315789475,0.3023975251353442,0.14992272024729522,0.3027027027027027,0.30324074074074076,0.3037779491133385,0.34129429892141755,0.3418013856812933,0.3423076923076923,0.1498847040737894,0.20583717357910905,0.34228702993092863,0.2062883435582822,0.3425287356321839,0.3430321592649311,0.3435348125478194,0.20642201834862386,0.3437738731856379,0.14961832061068703,0.20671243325705568,0.34375,0.15003808073115005,0.3006088280060883,0.3011406844106464,0.15045592705167174,0.343204252088079,0.20637329286798178,0.3009855951478393,0.20681818181818182,0.3012869038607116,0.30181543116490167,0.15041572184429328,0.1510574018126888,0.3418867924528302,0.30165912518853694,0.20648078372268275,0.20707831325301204,0.3017306245297216,0.3022556390977444,0.3410969196093163,0.3415915915915916,0.3023255813953488,0.3028485757121439,0.3415730337078652,0.34206586826347307,0.3425579655946148,0.3430493273542601,0.3435399551904406,0.3440298507462687,0.30201342281879195,0.20566318926974664,0.20625465376023827,0.3020833333333333,0.3026022304832714,0.3031203566121842,0.3429844097995546,0.14910979228486648,0.34321719792438843,0.3437037037037037,0.20577350111028866,0.34393491124260356,0.30229120473022913,0.30280649926144754,0.34391143911439115,0.3443952802359882,0.30287398673544585,0.3446244477172312,0.3451066961000736,0.14852941176470588,0.3453343130051433,0.20484581497797358,0.30227439471753487,0.3027859237536657,0.34505494505494505,0.1486090775988287,0.20482809070958302,0.34502923976608185,0.14901387874360847,0.3452554744525547,0.30196936542669583,0.30247813411078717,0.3029861616897305,0.34497816593886466,0.14909090909090908,0.345203488372093,0.345679012345679,0.3026124818577649,0.34590282813633066,0.30289855072463767,0.3461259956553222,0.3465991316931983,0.3470715835140998,0.20303468208092484,0.14873646209386282,0.14935064935064934,0.20331651045421772,0.3465417867435158,0.14974802015838734,0.3014388489208633,0.203450754852624,0.15014367816091953,0.3460157932519742,0.20373027259684362,0.3010752688172043,0.3015759312320917,0.3020758768790265,0.30257510729613735,0.1501072194424589,0.15071428571428572,0.34475374732334046,0.3024251069900143,0.203136136849608,0.2037037037037037,0.302491103202847,0.3029871977240398,0.34399431414356785,0.15056818181818182,0.3030518097941803,0.30354609929078014,0.3437278525868179,0.34419263456090654,0.3446567586694975,0.3451202263083451,0.34558303886925795,0.3029661016949153,0.2025405786873677,0.20310296191819463,0.30303030303030304,0.30352112676056336,0.3040112596762843,0.14978902953586498,0.15038650737877723,0.3441011235955056,0.20280701754385966,0.3443197755960729,0.20322354590049055,0.30322128851540614,0.1504548635409377,0.34405594405594403,0.30328441649196364,0.3442737430167598,0.34473133286810886,0.1506276150627615,0.34494773519163763,0.20264623955431754,0.302713987473904,0.20305980528511822,0.344683808200139,0.30277777777777776,0.34489937543372656,0.34535367545076284,0.30284130284130284,0.20290858725761773,0.30311418685121105,0.3450899031811895,0.3033863165169316,0.20303867403314918,0.3036576949620428,0.3041379310344828,0.30461750516884906,0.20316804407713498,0.14934618031658636,0.3046767537826685,0.2034364261168385,0.3434065934065934,0.3438572409059712,0.2037037037037037,0.30431802604523644,0.3047945205479452,0.3052703627652293,0.3057455540355677,0.14900888585099112,0.20355191256830601,0.34266211604095564,0.30559345156889495,0.1492842535787321,0.14986376021798364,0.3424098025867937,0.3054421768707483,0.20326308633582596,0.15013586956521738,0.20366598778004075,0.3419267299864315,0.2040677966101695,0.15040650406504066,0.20446851726472579,0.2050067658998647,0.341446923597025,0.3418918918918919,0.20526671168129643,0.2058029689608637,0.30343897505057316,0.30390835579514824,0.3414141414141414,0.1500672947510094,0.34162743779421656,0.30376344086021506,0.30423102753525855,0.3046979865771812,0.3413816230717639,0.15013404825737264,0.30475552578700604,0.3413654618473896,0.30501672240802674,0.34157754010695185,0.15030060120240482,0.3417890520694259,0.34222815210140095,0.3426666666666667,0.3044636908727515,0.20372836218375498,0.3047238855622089,0.30518617021276595,0.15016611295681062,0.20385126162018594,0.3417385534173855,0.3421750663129973,0.3426110006626905,0.15033112582781458,0.20383851753805426,0.30423280423280424,0.30469266358228686,0.20409511228533686,0.3419141914191419,0.20448548812664907,0.15029663810151614,0.15085638998682477,0.15141540487162608,0.3414473684210526,0.15187376725838264,0.3035479632063075,0.20420223243598162,0.3038057742782152,0.20459016393442622,0.34076015727391873,0.3411918795022921,0.20484293193717276,0.30346631785480704,0.3411764705882353,0.3037230568256042,0.304177545691906,0.30463144161774297,0.2046936114732725,0.304885993485342,0.3404947916666667,0.30513988288874433,0.2048114434330299,0.1507472384665367,0.34025974025974026,0.15120051914341337,0.1517509727626459,0.304601425793908,0.15220207253886012,0.2045307443365696,0.20504527813712808,0.3393665158371041,0.30426356589147285,0.30471271788250487,0.20516129032258065,0.20567375886524822,0.15206185567010308,0.33869929169349644,0.33912483912483915,0.33954983922829585,0.20565552699228792,0.15221579961464354,0.3395378690629012,0.3033996151379089,0.3038461538461538,0.20563741191543883,0.3040973111395647,0.30454254638515676,0.30498721227621484,0.20575079872204474,0.3052362707535121,0.3056796426292278,0.3380102040816326,0.2058636073932441,0.15159235668789808,0.33800127307447486,0.3053435114503817,0.20597584233947872,0.30559085133418046,0.3377777777777778,0.3381979695431472,0.33861762840837034,0.1514575411913815,0.3388220392653578,0.3050632911392405,0.3055028462998102,0.2054361567635904,0.3385975994946305,0.3390151515151515,0.33943217665615144,0.33984867591424966,0.30497794580970383,0.15113350125944586,0.3398363750786658,0.3050314465408805,0.34003771213073536,0.34045226130653267,0.20464532328939108,0.30489335006273527,0.30532915360501567,0.3057644110275689,0.30619912335629307,0.204630788485607,0.3395872420262664,0.34,0.3060587133041849,0.30649188514357056,0.30692451653150343,0.1502493765586035,0.3395638629283489,0.33997509339975096,0.3067828251400124,0.3072139303482587,0.33996270975761345,0.20372670807453416,0.30726256983240224,0.20409429280397023,0.1500309981401116,0.3395291201982652,0.2043343653250774,0.33972772277227725,0.3401360544217687,0.3405438813349815,0.3063619518221124,0.34074074074074073,0.2041949413942011,0.3064118372379778,0.3068391866913124,0.14963054187192118,0.2043076923076923,0.34009840098400984,0.14996926859250154,0.1504914004914005,0.15101289134438306,0.15153374233128836,0.3059472716125077,0.30637254901960786,0.30679730557256585,0.3390452876376989,0.2036697247706422,0.15158924205378974,0.306658521686011,0.33882783882783885,0.3392312385600976,0.15182926829268292,0.33942717854966487,0.15225334957369063,0.3061472915398661,0.30656934306569344,0.3069908814589666,0.33900364520048604,0.339404978749241,0.33980582524271846,0.3402061855670103,0.15212121212121213,0.2023016353725015,0.3062953995157385,0.33998790078644886,0.3403869407496977,0.30634441087613296,0.20229468599033817,0.3403741701870851,0.3407720144752714,0.3411693791440627,0.34156626506024096,0.3419626730885009,0.20216606498194944,0.2026458208057727,0.34194711538461536,0.3051051051051051,0.2028811524609844,0.20335932813437313,0.34172661870503596,0.304973037747154,0.30538922155688625,0.30580490724117293,0.3062200956937799,0.3413030484160191,0.2031063321385902,0.3414925373134328,0.3060859188544153,0.30649970184853903,0.2032181168057211,0.3412745681953544,0.30654761904761907,0.14991076740035694,0.3412604042806183,0.34165181224004754,0.20308788598574823,0.34183976261127597,0.15005931198102015,0.34202726733847066,0.3056872037914692,0.30609828300769687,0.2029585798816568,0.15020697811945594,0.15070921985815602,0.20318960425280566,0.3412042502951594,0.3415929203539823,0.3419811320754717,0.30524454920447847,0.3421672555948174,0.15067686874632136,0.1511764705882353,0.30511463844797176,0.3419506462984724,0.2025836758661186,0.3051643192488263,0.3419354838709677,0.15123094958968347,0.34212067955477443,0.202576112412178,0.342305441778818,0.34269005847953216,0.304500292226768,0.30490654205607476,0.2025685931115003,0.30513418903150524,0.20291545189504373,0.34207459207459207,0.20326150262085033,0.34225844004656575,0.3426410703897615,0.20348837209302326,0.1504938988959907,0.3042973286875726,0.15089959373186304,0.1513921113689095,0.34202898550724636,0.3041714947856315,0.3045744064852345,0.15162037037037038,0.30480046269519956,0.3416184971098266,0.341998844598498,0.342378752886836,0.20253894979803808,0.1516724336793541,0.34236311239193085,0.30414746543778803,0.2026482440990213,0.3043728423475259,0.30477285796434733,0.30517241379310345,0.15163699023549684,0.2026406429391504,0.20309810671256454,0.3411697247706422,0.2034383954154728,0.1517754868270332,0.3045220377790498,0.3049199084668192,0.3407661520869068,0.30514285714285716,0.3409480296973158,0.15182648401826485,0.34112949229891615,0.15222348916761688,0.34131054131054134,0.3416856492027335,0.34206033010813885,0.3424345847554039,0.3428084138715179,0.3431818181818182,0.1521862578080636,0.34335981838819524,0.34373227453204763,0.15249433106575963,0.34390934844192633,0.34428086070215175,0.15280135823429541,0.15328054298642535,0.30243075183719614,0.3440677966101695,0.3026538678712592,0.3030474040632054,0.20078962210941906,0.2012401352874859,0.20169014084507042,0.30292792792792794,0.3033202025886325,0.34308211473565803,0.30354131534569984,0.20168539325842696,0.34306569343065696,0.30359147025813693,0.1525518788558609,0.20179372197309417,0.30364145658263303,0.30403135498320266,0.30442081701175155,0.3048098434004474,0.3420905533817775,0.30502793296089387,0.152428810720268,0.20145089285714285,0.1528165086447295,0.3049052396878484,0.1532033426183844,0.20155902004454343,0.2020033388981636,0.20244716351501668,0.2028904947192885,0.20333333333333334,0.20377568017767908,0.30410654827968925,0.33998890737659454,0.34035476718403546,0.3041551246537396,0.20376522702104097,0.30437188710570007,0.15265486725663716,0.33996683250414594,0.15303867403314916,0.30425179458862506,0.1534216335540839,0.33976833976833976,0.3401323042998897,0.34049586776859503,0.15363436123348018,0.3037974683544304,0.20297029702970298,0.15393073117097306,0.3401098901098901,0.30367929708951125,0.3402854006586169,0.3406472846955568,0.34100877192982454,0.15397260273972602,0.3411829134720701,0.15435139573070608,0.3413566739606127,0.30289775833788957,0.34153005464480873,0.3418896777717094,0.3422489082969432,0.15439170758319695,0.3026172300981461,0.3422343324250681,0.3028322440087146,0.3424060968971149,0.3030467899891186,0.3034257748776509,0.20108695652173914,0.30363932645301467,0.30401737242128124,0.34183396635919694,0.1540130151843818,0.34200542005420054,0.3039003250270856,0.3042772062804548,0.3046536796536797,0.30502974580854514,0.3054054054054054,0.34143706104808214,0.1538876889848812,0.30545062061521855,0.3414239482200647,0.15417789757412398,0.3415948275862069,0.15455035002692516,0.3417653390742734,0.30500268961807425,0.3419354838709677,0.19935518538420205,0.19978517722878625,0.20021470746108427,0.3417381974248927,0.3420911528150134,0.342443729903537,0.3042313872522764,0.30460385438972165,0.3424291064740503,0.15401069518716579,0.3425975414216996,0.34294871794871795,0.3043246129204485,0.3046958377801494,0.3429333333333333,0.34328358208955223,0.3047416089504528,0.19914802981895632,0.19957424161788184,0.34308510638297873,0.3434343434343434,0.3044633368756642,0.1534784917684546,0.15392781316348195,0.30450928381962866,0.19936373276776245,0.34287228404875464,0.1996822033898305,0.3043938591847538,0.34285714285714286,0.3046007403490217,0.15380549682875264,0.3428420496566297,0.19957761351636746,0.2,0.34282700421940926,0.20031628887717448,0.15384615384615385,0.20063191153238547,0.3426315789473684,0.3429773803261441,0.20084121976866456,0.30320546505517604,0.3429621848739496,0.34330708661417325,0.34365162644281216,0.303093864708967,0.20073375262054508,0.3033001571503405,0.20104712041884817,0.20146520146520147,0.34309623430962344,0.15316257187663357,0.1536050156739812,0.3028720626631854,0.30323590814196244,0.30359937402190923,0.34254431699687177,0.34288692027097445,0.34322916666666664,0.3435710567412806,0.30332986472424556,0.20072802912116486,0.34355509355509356,0.3438961038961039,0.3032191069574247,0.15308770108977685,0.3034232365145228,0.343701399688958,0.20051813471502591,0.3438632832729156,0.3442028985507246,0.3445421624418003,0.3029989658738366,0.303359173126615,0.3037190082644628,0.3443469282395457,0.15273477812177502,0.2001031459515214,0.3443298969072165,0.30345182895414735,0.20030895983522143,0.34431291816778176,0.3446502057613169,0.20051413881748073,0.30318602261048305,0.15254237288135594,0.15297741273100615,0.34427911749615187,0.3030769230769231,0.3444387493593029,0.20030737704918034,0.1530977982590886,0.3029682702149437,0.20051150895140665,0.30316973415132925,0.3035258048032703,0.30388151174668027,0.2006125574272588,0.2010204081632653,0.3431922488526262,0.20132517838939856,0.20173204279164544,0.34317718940936864,0.3435114503816794,0.20193285859613427,0.30299949161159123,0.20223577235772358,0.34332148298628745,0.34365482233502537,0.2024353120243531,0.30273833671399597,0.34363912823112014,0.34397163120567376,0.30278481012658226,0.20242914979757085,0.2028325746079919,0.3028311425682508,0.3436078827690753,0.20303030303030303,0.1514386673397274,0.15186680121089807,0.2032274331820474,0.3432459677419355,0.3022670025188917,0.3434038267875126,0.20332159033719174,0.20372233400402415,0.3021618903971845,0.30251256281407035,0.34304369663485684,0.20381526104417672,0.15153035624686403,0.15195586760280844,0.20401002506265664,0.20440881763527055,0.30195292939409113,0.2047047047047047,0.34217108554277137,0.3425,0.1519240379810095,0.34265734265734266,0.3015476784822766,0.3018962075848303,0.30224438902743145,0.30259222333000996,0.3029397110114599,0.20418326693227093,0.30313588850174217,0.1517412935323383,0.3033316757831924,0.20427435387673956,0.20466964729259812,0.20506454816286,0.3409429280397022,0.3412698412698413,0.20525532969757065,0.34142715559960357,0.1515601783060921,0.3415841584158416,0.3419099455714993,0.15182987141444115,0.34206623826000987,0.3423913043478261,0.3017283950617284,0.2048371174728529,0.3019240256536754,0.3022682445759369,0.3420404139970429,0.34236453201970446,0.1516494337764648,0.3425196850393701,0.30201672405312346,0.3023598820058997,0.3027027027027027,0.30304518664047153,0.30338733431516934,0.3420019627085378,0.15154487493869545,0.20392156862745098,0.3419892209701127,0.20421155729676788,0.342143906020558,0.3424657534246575,0.3427872860635697,0.30254154447702836,0.30288226673180263,0.3427734375,0.30307467057101023,0.30341463414634146,0.3037542662116041,0.15107212475633527,0.30394544568923526,0.3422590068159688,0.30413625304136255,0.3424124513618677,0.15119105493437043,0.3425655976676385,0.3040310830500243,0.34271844660194173,0.3042212518195051,0.3428709990300679,0.30441105186621426,0.3430232558139535,0.20242130750605328,0.3431752178121975,0.343492985002419,0.34381044487427465,0.20251329144514257,0.15072463768115943,0.34379526798647997,0.30357142857142855,0.30390738060781475,0.20250723240115717,0.20289156626506025,0.34344894026974954,0.20317766008666346,0.20356111645813282,0.20394420394420396,0.20432692307692307,0.15040845747236906,0.30307396733909703,0.342774843975036,0.20441458733205375,0.20479616306954437,0.34276126558005754,0.3430761859127935,0.30268199233716475,0.2048827190043083,0.3028708133971292,0.20516499282639886,0.2055449330783939,0.20592451027233635,0.3027698185291309,0.3031026252983294,0.34208015267175573,0.1497377205531712,0.3031458531935176,0.303477846593616,0.15,0.34174202760590194,0.34205518553758324,0.34236804564907275,0.342680608365019,0.1501187648456057,0.15052231718898385,0.3028001898433792,0.3425047438330171,0.20483641536273114,0.2052132701421801,0.20558976788252012,0.2059659090909091,0.20634169427354473,0.206717123935667,0.3021276595744681,0.1502835538752363,0.3023145961265942,0.3413597733711048,0.3025011798017933,0.20660377358490567,0.34134842055634135,0.30254476908576816,0.20678285445124822,0.2071563088512241,0.20752941176470588,0.30244590780809033,0.34085566525622946,0.34116541353383456,0.14983560356975106,0.34131455399061034,0.341623650868137,0.2073170731707317,0.20768870135958745,0.30178069353327086,0.3414519906323185,0.30196629213483145,0.20776789892372485,0.3021515434985968,0.1496026180458158,0.30233644859813086,0.34096216721158334,0.14985994397759103,0.20765282314512365,0.2080223880597015,0.3407925407925408,0.20829450139794967,0.34094084769445737,0.14990689013035383,0.34108887854816194,0.3413953488372093,0.3417015341701534,0.15009293680297398,0.15048769159312586,0.34168987929433614,0.15081206496519722,0.2077922077922078,0.3004172461752434,0.30074142724745134,0.3413617415470125,0.15092592592592594,0.34150856085145764,0.30064754856614245,0.30097087378640774,0.30129390018484287,0.30161662817551965,0.30193905817174516,0.3410244577757268,0.15083025830258304,0.2070078377132319,0.34101382488479265,0.1510824504836481,0.30156537753222834,0.1514035895075932,0.3408463661453542,0.30160919540229886,0.30193014705882354,0.3022508038585209,0.30257116620752983,0.2065167508031207,0.3403669724770642,0.34066941769830356,0.20669110907424382,0.1511681172698122,0.20695970695970695,0.20732265446224257,0.1514181152790485,0.1518061271147691,0.20749542961608775,0.3015075376884422,0.30182648401826484,0.3021451392058421,0.30246350364963503,0.1518467852257182,0.20738377392889698,0.3389521640091116,0.3392531876138434,0.3395539371870733,0.15195632393084624,0.339699863574352,0.20727272727272728,0.20763289413902772,0.30154405086285196,0.2078983204720835,0.3393829401088929,0.30158730158730157,0.33952855847688124,0.33982782057091077,0.15172101449275363,0.20778632865550023,0.2081447963800905,0.1519674355495251,0.1523508137432188,0.3393583370989607,0.15266485998193316,0.3395033860045147,0.20803249097472923,0.3004059539918809,0.3394950405770965,0.15277151870211808,0.30045045045045043,0.30076542098153985,0.15301530153015303,0.2078272604588394,0.20818345323741008,0.338876404494382,0.33917340521114103,0.33947013920071845,0.3397666068222621,0.34006280843427544,0.20807174887892377,0.15284625728372928,0.3400537634408602,0.20824003582624273,0.29946284691136976,0.3400447427293065,0.20840787119856888,0.15288332588287887,0.20866845397676498,0.2090218847699866,0.209375,0.2989736724676484,0.3394290811775201,0.15292019616584931,0.29901960784313725,0.3394209354120267,0.20926090828138913,0.29906542056074764,0.20951957295373666,0.2992441084926634,0.2995555555555556,0.3389604620168814,0.3392539964476021,0.15268530847758544,0.29946761313220943,0.20931263858093127,0.1529255319148936,0.2995126273814798,0.29982285208148807,0.300132802124834,0.15309734513274337,0.30030959752321984,0.33819628647214856,0.30048608042421565,0.20892226148409895,0.1532008830022075,0.15357458075904679,0.2090868989854433,0.20943562610229277,0.3001322168356104,0.1537444933920705,0.337296345222369,0.20950704225352113,0.30004399472063353,0.30035180299032543,0.30065934065934063,0.2095782073813708,0.15371102327624067,0.3366988586479368,0.209741114523914,0.30043859649122806,0.15387987724682156,0.33654688869412797,0.33683749452474815,0.2097197898423818,0.1540481400437637,0.2099737532808399,0.33668561434193267,0.29982517482517484,0.21013543031891654,0.3,0.336534264513313,0.30017452006980805,0.2102049716528565,0.3365300784655623,0.15381263616557733,0.3366724738675958,0.2999564649542882,0.21018276762402088,0.15397999130056547,0.33652173913043476,0.21034332898739677,0.3366637706342311,0.2996092053842814,0.3368055555555556,0.3370932754880694,0.15394622723330442,0.3372345036844387,0.2993934142114385,0.3373754872239065,0.33766233766233766,0.33794893985287755,0.29930795847750863,0.20968439256377,0.2994814174589456,0.33779697624190064,0.3380829015544041,0.1536469572723349,0.20966350301984468,0.29926692539887884,0.33793103448275863,0.33821628608358467,0.15374677002583978,0.33835557468790356,0.2990533562822719,0.29935483870967744,0.2996560619088564,0.33820369574559517,0.20919243986254296,0.20953198797767283,0.2995708154506438,0.29987129987129985,0.30017152658662094,0.3377625375053579,0.2095115681233933,0.3002141327623126,0.3377568493150685,0.3380402225074882,0.30025662959794697,0.20949123557075675,0.33803418803418805,0.33831695856471594,0.338599487617421,0.3388817755014938,0.2999146757679181,0.2093816631130064,0.30008525149190113,0.3003834682573498,0.30068143100511074,0.20945083014048532,0.1523404255319149,0.15270097830710336,0.15306122448979592,0.3378665533361666,0.33814783347493627,0.30021231422505307,0.1532258064516129,0.3381417055579126,0.15351993214588636,0.33827893175074186,0.3,0.33841592545531557,0.3386960203217612,0.3389758781210326,0.2999153976311337,0.2084566596194503,0.30008453085376163,0.30038022813688214,0.33868243243243246,0.33896158716758124,0.3392405063291139,0.33951919021509913,0.33979763912310285,0.34007585335018964,0.15290648694187026,0.15326315789473685,0.2079124579124579,0.2082456878418174,0.33978132884777124,0.2992854140395124,0.2995798319327731,0.33977320453590926,0.29974811083123426,0.3000419639110365,0.2080536912751678,0.33962264150943394,0.2082984073763621,0.339757017176372,0.20854271356783918,0.1527835914608623,0.3397489539748954,0.15307402760351319,0.33988294314381273,0.3401587964897618,0.29908103592314117,0.29937369519832985,0.34015025041736224,0.15310805173133082,0.3402835696413678,0.299291371404752,0.34041666666666665,0.34069137859225324,0.34096586178184846,0.2992093216812318,0.20757071547420966,0.2993762993762994,0.29966749792186204,0.3406730369754882,0.3409468438538206,0.15276048152760482,0.15311203319502076,0.2994608046453754,0.3407960199004975,0.3410692084542064,0.15327257663628832,0.1536231884057971,0.34105960264900664,0.2991311543235416,0.3411910669975186,0.1537825547747003,0.2066115702479339,0.20693928128872366,0.2989265070189926,0.2071811803549319,0.2075082508250825,0.29896907216494845,0.34047815333882936,0.207663782447466,0.20799011532125206,0.3404693289419514,0.34074074074074073,0.34101192924722334,0.1533717105263158,0.29839704069050554,0.20788824979457682,0.3408624229979466,0.1535303776683087,0.2080426754205991,0.20836751435602954,0.2086920869208692,0.15368852459016394,0.3404342482589103,0.2977067977067977,0.1539091281211625,0.3404255319148936,0.2977505112474438,0.34055600981193784,0.2979158152840212,0.34068627450980393,0.34095549203756637,0.2979591836734694,0.20807833537331702,0.34094616639477976,0.3412148389726865,0.29788101059494704,0.20814663951120163,0.34120521172638435,0.34147334147334146,0.2978030919446705,0.2082147214314762,0.29796747967479675,0.1531897602600569,0.3411860276198213,0.2980105562322371,0.34131493506493504,0.2081135902636917,0.2980535279805353,0.29833806242399674,0.20826580226904376,0.2985014175779668,0.3408906882591093,0.2084176446782679,0.1529126213592233,0.15325515568135867,0.15359741309620048,0.2084848484848485,0.20880452342487885,0.34033104561970123,0.29782082324455206,0.34045986284792257,0.20887096774193548,0.20918984280532044,0.20950846091861403,0.2976238421264599,0.29790660225442833,0.1533199195171026,0.20957361222847948,0.29794933655006034,0.3396302250803859,0.33989554037766173,0.1534136546184739,0.2978723404255319,0.20947030497592295,0.3397513036502206,0.20970328789093826,0.3398797595190381,0.3401442307692308,0.15338406087304765,0.15372297838270615,0.15406162464985995,0.2096,0.15433826469412235,0.33972821742605913,0.3399920095884938,0.15455271565495207,0.2966067864271457,0.20949720670391062,0.33984842441164737,0.2966507177033493,0.33997608609007574,0.2968127490039841,0.34010354440461965,0.29697452229299365,0.3402307998408277,0.34049323786793956,0.3407554671968191,0.3410174880763116,0.3412793007548669,0.3415409054805401,0.296546248511314,0.2968253968253968,0.3415311384371281,0.20856463124504362,0.2968688069758224,0.20879556259904913,0.297029702970297,0.3412509897070467,0.3415116739216462,0.29707278481012656,0.20877817319098457,0.20909090909090908,0.2971157645199526,0.15323854660347552,0.29727595736281087,0.2091554853985793,0.3408284023668639,0.34108832807570977,0.2972014189988175,0.3412135539795114,0.34147302087436,0.297244094488189,0.15308933490751672,0.34146341463414637,0.2088084939048368,0.34158805031446543,0.15324165029469547,0.1535742340926944,0.3415783274440518,0.2967032967032967,0.34170262848175753,0.3419607843137255,0.2967463739709918,0.3420846394984326,0.1535448491970231,0.3422083007047768,0.3424657534246575,0.2081377151799687,0.34258897145091904,0.15363565285379202,0.29620945681906996,0.208203125,0.3424443576727841,0.34270101483216237,0.296137339055794,0.296411856474259,0.15360623781676414,0.3425565081839439,0.1538761199844176,0.29633956386292837,0.20786298170494355,0.3424124513618677,0.20809023726176584,0.2962674961119751,0.20831713952584532,0.20862470862470864,0.2963106796116505,0.296583850931677,0.2087698874660458,0.3417377812257564,0.20899573478092284,0.29651162790697677,0.34172801239829526,0.29666924864446165,0.3418505613627565,0.34210526315789475,0.2967117988394584,0.3422273781902552,0.34248163896405104,0.15301391035548687,0.2966396292004635,0.3424710424710425,0.29679660362794286,0.3425925925925926,0.34284612418048593,0.2081727062451812,0.34296724470134876,0.15292758089368258,0.3430881786676935,0.3433410315627406,0.29626779530588687,0.20807692307692308,0.3433294886582084,0.15295926210607225,0.2961966961198617,0.3433179723502304,0.20806142034548944,0.29623944742901,0.15304948216340622,0.2963957055214724,0.3430433116136451,0.3432950191570881,0.2079662964381463,0.34341500765696786,0.15308075009567546,0.15340474368783474,0.2959847036328872,0.20795107033639143,0.34314100114635077,0.20817417876241406,0.29591447117220315,0.2083969465648855,0.2960702022128958,0.15331807780320367,0.29622569576820434,0.20846036585365854,0.29638095238095236,0.2086824067022087,0.34221545489151123,0.15334855403348555,0.29631038417649297,0.208745247148289,0.34207525655644244,0.20896656534954408,0.29624003038359287,0.2965072133637054,0.3419354838709677,0.2090288315629742,0.29654910883579827,0.15314632297194844,0.34179613489958316,0.20909090909090908,0.29647860658841346,0.2967448902346707,0.3416572077185017,0.34190620272314676,0.15311909262759923,0.15343915343915343,0.2965621458254628,0.34176737160120846,0.3420158550396376,0.20867924528301887,0.2089777442474538,0.20927601809954752,0.29626837542404827,0.2965335342878674,0.3416195856873823,0.29668674698795183,0.34173880316146027,0.34198645598194133,0.209101165851824,0.15300751879699248,0.20931980458474259,0.2963936889556724,0.29665790461885094,0.20945945945945946,0.2097560975609756,0.21005251312828208,0.34120734908136485,0.15292353823088456,0.34132633945297863,0.3415730337078652,0.2961437663796331,0.3416916167664671,0.1530115974560419,0.34181002243829467,0.34205607476635513,0.29596412556053814,0.3421740754576018,0.342419716206124,0.3426651735722284,0.2958955223880597,0.2092502797463633,0.34265473527218493,0.3428997390980246,0.3431445603576751,0.20931098696461825,0.2956068503350707,0.2958689988835132,0.2961309523809524,0.3428783934548159,0.1524163568773234,0.34299516908212563,0.2960624071322437,0.29632380245079837,0.20898292501855975,0.34285714285714286,0.15244807121661721,0.342973674453096,0.29614529280948854,0.29640607632456467,0.2966666666666667,0.3428359866716031,0.15247964470762398,0.20865704772475027,0.29659763313609466,0.2968576709796673,0.3425720620842572,0.34281492427041005,0.3430576070901034,0.3433001107419712,0.2966789667896679,0.2969383991147178,0.20833333333333334,0.20862513822336898,0.2969786293294031,0.20883977900552486,0.3427835051546392,0.2970187707029812,0.2972774098601913,0.3427730783376241,0.2974264705882353,0.2087467842704888,0.20903747244673035,0.3426367976496511,0.15161527165932454,0.34275229357798165,0.342993396918562,0.297029702970297,0.34310850439882695,0.15170392085012827,0.3432234432234432,0.3434639326254119,0.29685212298682284,0.34357848518111966,0.34381858083394295,0.3440585009140768,0.29678362573099415,0.2082572159298502,0.34404674945215485,0.3442862358525009,0.3445255474452555,0.2083181320685881,0.2964989059080963,0.2967553773240977,0.29701166180758015,0.3442622950819672,0.15112891478514204,0.34437568256279577,0.29694323144104806,0.2971989814477992,0.208,0.34423845874227554,0.1511627906976744,0.3443516164184526,0.2970225127087872,0.29727767695099816,0.29753265602322204,0.3442147261516141,0.15119651921682378,0.20768394345777455,0.20797101449275363,0.2973560304237595,0.3439536567704562,0.34419109663409336,0.34442836468885674,0.3446654611211573,0.29718004338394793,0.2974340440910734,0.20773121387283236,0.20801733477789816,0.29747292418772564,0.2082280765066763,0.34415584415584416,0.29751172015867294,0.29776496034607064,0.15063063063063062,0.2979106628242075,0.20813827871804105,0.2084233261339093,0.34364879453040664,0.15071942446043166,0.34376123696512045,0.34399712437095614,0.2975206611570248,0.34410919540229884,0.15080789946140036,0.3442211055276382,0.3444564047362756,0.29734576757532283,0.3445679455001793,0.34480286738351257,0.3450376209243999,0.29727793696275073,0.20766201217329036,0.345025053686471,0.34525939177101966,0.34549356223175964,0.2077225598855917,0.29699785561115083,0.2972490175062522,0.2975,0.3452338450553374,0.1502498215560314,0.3453442739921513,0.29743223965763194,0.2976827094474153,0.2074126870990734,0.3452084075525472,0.3454415954415954,0.3456746173015308,0.29750889679715303,0.29775880469583776,0.3456614509246088,0.1500177746178457,0.20717839374555794,0.20746003552397868,0.2975852272727273,0.3454029108981186,0.3456352022711143,0.3458673288400142,0.34609929078014184,0.29741226515420066,0.297661233167966,0.20722635494155153,0.2075070821529745,0.2976991150442478,0.20771408351026185,0.3455960382030421,0.29773691654879775,0.2979851537645811,0.34558303886925795,0.298127870010597,0.2076271186440678,0.20790681256618426,0.34544812985179957,0.1492063492063492,0.3455571227080395,0.3457878040183292,0.2977448907681466,0.34589644240929907,0.14929577464788732,0.3460049278423091,0.3462350457424349,0.2975729862820964,0.34634317862165964,0.34657293497363795,0.34680252986647925,0.2975061468212153,0.2071629213483146,0.3467883467883468,0.3470175438596491,0.34724658014731674,0.20722300140252453,0.2972309849281458,0.29747722494744216,0.29772329246935203,0.34698879551820727,0.1487574378718936,0.3470958712386284,0.29765652325988107,0.29790209790209793,0.2069206571128976,0.3469601677148847,0.14879497031086272,0.3470670391061452,0.29773123909249566,0.29797627355198886,0.2982211370770841,0.346931659693166,0.14883234576507495,0.3470383275261324,0.20654824103099964,0.298050139275766,0.3470240167072746,0.34725121781489215,0.34747826086956524,0.3477051460361613,0.2064650677789364,0.297776233495483,0.2066689822855158,0.20694444444444443,0.2978132592849705,0.20714781401804302,0.34720776968435657,0.2978502080443828,0.2072790294627383,0.3471933471933472,0.2978870800138552,0.20740997229916897,0.20768431983385255,0.34705882352941175,0.14804565894154273,0.34716459197787,0.1482889733840304,0.29751209398756046,0.3471502590673575,0.1484806629834254,0.34725578184328615,0.3474810213940649,0.29734391169368746,0.34758620689655173,0.3478110996208204,0.34803583735354926,0.29727867723045126,0.20695592286501377,0.3480206540447504,0.34824501032346866,0.348469212246302,0.20701513067400276,0.29700928154004813,0.2972508591065292,0.29749227069735484,0.3482142857142857,0.1479574322004806,0.348318462594372,0.2974271012006861,0.29766803840877915,0.2067192320877614,0.34818368745716244,0.14799588900308325,0.34828767123287674,0.29750085587127695,0.29774127310061604,0.2979815258296271,0.3481532147742818,0.14803418803418802,0.348257006151743,0.20635462931329004,0.2978142076502732,0.3482417207237965,0.3484641638225256,0.3486864551347663,0.34890859481582537,0.20627344016365495,0.29754601226993865,0.20647359454855196,0.20674386920980928,0.2975825672454886,0.20694349897889722,0.34841782919360326,0.2976190476190476,0.20707242434546072,0.3484024473147519,0.2976554536187564,0.20720108695652173,0.20747028862478778,0.34826883910386963,0.14726840855106887,0.3483717774762551,0.34859274330281453,0.2972881355932203,0.34869535750593017,0.14735772357723578,0.147646461225872,0.34867975626269465,0.2971235194585448,0.34878213802435726,0.34900236726411904,0.34922244759972954,0.29705981750591415,0.20675675675675675,0.3492063492063492,0.34942606347062793,0.3496456294296321,0.3498650472334683,0.20674536256323778,0.29669588671611596,0.296932928884395,0.2971698113207547,0.34961266419669923,0.14713804713804715,0.3497139010434197,0.2971063257065949,0.2973427514295325,0.20645595158036315,0.3495798319327731,0.14717741935483872,0.3496808867987907,0.3498992612491605,0.297079556898288,0.35,0.3502180476350218,0.3504359490274983,0.14716728126047604,0.29691689008042893,0.2971524288107203,0.3503014065639652,0.35051891529963175,0.14725568942436412,0.3506189360990298,0.14749163879598662,0.29689067201604813,0.35060160427807485,0.35081857667891747,0.2969271877087508,0.20534223706176963,0.205607476635514,0.350684017350684,0.20580386924616412,0.20606868956318772,0.3506666666666667,0.35088303898700435,0.14723517654896737,0.350982350982351,0.3511984021304927,0.2961730449251248,0.35129740518962077,0.35151313601596273,0.14727393617021275,0.3516118311731472,0.29601328903654484,0.3517103952175357,0.351925630810093,0.3521407235313641,0.2959522229595222,0.20530679933665008,0.3521220159151194,0.35233675836924094,0.35255135851557323,0.2053660152368334,0.2956953642384106,0.2959285004965243,0.29616148246194574,0.29639431028779356,0.3521825396825397,0.14677685950413222,0.3522802379378718,0.29633300297324083,0.2965653896961691,0.2967976229778805,0.35214521452145214,0.1468162322665787,0.35224274406332456,0.29673590504451036,0.2969676994067238,0.35222405271828666,0.35243741765480896,0.1468554494567007,0.35253456221198154,0.2968081605791379,0.2042763157894737,0.35251561986188756,0.3527284681130835,0.20440354912914888,0.14684625492772668,0.296551724137931,0.29678266579120155,0.2044634066294716,0.2047244094488189,0.29681862905870776,0.20491803278688525,0.352015732546706,0.20511140235910877,0.2967572879135277,0.20530451866404714,0.3518821603927987,0.14659685863874344,0.3519790644422637,0.29659908436886856,0.2052958483164433,0.3519607843137255,0.35217249264946093,0.14663618549967342,0.3522690173032974,0.2963446475195822,0.2965742251223491,0.3522504892367906,0.1467231822627975,0.1470013037809648,0.3522319973932877,0.2964169381107492,0.29664604363399544,0.20475260416666666,0.29677839245037424,0.297007156798959,0.2048780487804878,0.29713914174252276,0.35164120896977574,0.35185185185185186,0.14680090938616433,0.35194805194805195,0.35215839013307365,0.20473718364698248,0.3522542977619202,0.29669260700389105,0.14683954619124798,0.3522359040829553,0.296728215095562,0.35233160621761656,0.3525412754936873,0.14692556634304207,0.2966677450663216,0.20439844760672704,0.35240866472680243,0.3526179702650291,0.1470113085621971,0.20445736434108527,0.2964158863416209,0.29664299548095546,0.2968699580509842,0.352258064516129,0.20445017736214124,0.3523533204384268,0.2046406703190461,0.2967139175257732,0.2969404186795491,0.35222150676110753,0.3524299967814612,0.20463320463320464,0.29688002573174654,0.352411575562701,0.35261973641915784,0.20469151670951158,0.3527144233858015,0.29672447013487474,0.1463884430176565,0.35269576379974327,0.20468399101700352,0.20493906350224503,0.3526771401090093,0.20512820512820512,0.2963793655879526,0.2966047405509289,0.2052513608709574,0.20550576184379002,0.29664,0.3522072936660269,0.29677006715701953,0.3523017902813299,0.3525087887503995,0.20543130990415334,0.14595975726604918,0.3524904214559387,0.20555378231726779,0.14613911933631143,0.3524720893141946,0.20567602040816327,0.3525661459993624,0.3527724665391969,0.35297865562280983,0.14617834394904458,0.20566698503661254,0.352959898154042,0.35316576519249127,0.35337150127226463,0.353577106518283,0.29529561347743166,0.2055926278995869,0.295425667090216,0.35344553826611624,0.35365079365079366,0.29546175817200887,0.20558375634517767,0.3536314620995877,0.14584654407102093,0.35372424722662443,0.2953105196451204,0.2955337345581248,0.29575680810639643,0.3535929091484647,0.3537974683544304,0.2957924707371085,0.3538899430740038,0.20518495099589,0.29582806573957016,0.20537124802527645,0.20562223626026532,0.2958635933059678,0.2058080808080808,0.35342379299463555,0.20599369085173502,0.20624408703878902,0.2957124842370744,0.20642924676961866,0.353182104599874,0.35338582677165353,0.29565491183879095,0.2958766131570664,0.14505978602894903,0.29600503302925446,0.14528301886792452,0.3530336372209997,0.3532369578881207,0.353440150801131,0.20603015075376885,0.14536891679748823,0.3534212178279975,0.14559146532789458,0.2954830614805521,0.29570398243963625,0.35329153605015673,0.14572234409276089,0.20582706766917294,0.29564672721578455,0.35316217908578584,0.1458528951486698,0.3532540675844806,0.3534563653425086,0.2954971857410882,0.3535479837449203,0.35375,0.20556076226179318,0.2954403497813866,0.2057446144239775,0.1457553058676654,0.2059282371294852,0.2953836556456644,0.29560336763330214,0.3531795511221945,0.20598317232782798,0.2062305295950156,0.145748987854251,0.29545454545454547,0.20634920634920634,0.14592408214063474,0.2954898911353033,0.2957089552238806,0.35250233136462544,0.2958359229334991,0.35259397328362846,0.3527950310559006,0.35299596398633964,0.3531967721911856,0.29568724790567796,0.353287841191067,0.20589147286821705,0.20613763174209548,0.29563061667183144,0.35315985130111527,0.353360173428306,0.35356037151702785,0.14546580006190035,0.29548267326732675,0.14568512217754406,0.2956091527520099,0.20587326120556415,0.3532138442521632,0.29564411492122333,0.20599135268684374,0.3531954306884841,0.295679012345679,0.20610922554767047,0.3531770512029611,0.29571384520505706,0.2959309494451295,0.3531587057010786,0.14540973505853358,0.3532491530643671,0.14562807881773399,0.3533394890735611,0.20584615384615385,0.29560135342971394,0.3533210332103321,0.14571165078389178,0.3534111862323294,0.35360983102918586,0.3538083538083538,0.1458397298127111,0.14610190300798034,0.20558453513347652,0.35368098159509204,0.29500153327200246,0.2952176578786021,0.2056389825314128,0.20588235294117646,0.29525267993874427,0.3533374157991427,0.20599938781756963,0.29528763769889843,0.2955032119914347,0.29571865443425077,0.2959339651482727,0.29614914425427874,0.20592728383745798,0.3527794746487477,0.2961832061068702,0.14560439560439561,0.3527616722612145,0.2059182428309945,0.296126867947545,0.35274390243902437,0.2060347455044194,0.20627666057282146,0.2960706670727993,0.29628501827040193,0.20639269406392693,0.3524041387705417,0.14542135686035898,0.3524939172749392,0.29613864396473094,0.20638297872340425,0.35247645092677,0.3526731470230863,0.296082599453386,0.35276259866423804,0.14537177541729893,0.35285194174757284,0.35304822565969063,0.2959369314736204,0.20612306759624127,0.353030303030303,0.20630112087246288,0.29588128407026043,0.353012412957917,0.14527845036319612,0.29591527987897126,0.1454930429522081,0.3528878137284548,0.35308343409915355,0.35327893623451195,0.14561933534743202,0.3533675626698882,0.35356280193236717,0.29550256565046784,0.3536511768255884,0.35384615384615387,0.20566948130277443,0.2954476936991257,0.29566003616636527,0.35372100030129555,0.14548192771084337,0.35380909364649205,0.354003612281758,0.2055371652121577,0.14560770156438027,0.14586466165413534,0.2952495490078172,0.3537721671175233,0.14603365384615385,0.3538600180234305,0.35405405405405405,0.14620234163914742,0.35414165666266506,0.35433543354335434,0.2948410317936413,0.20509745127436282,0.35431654676258995,0.20527419838178004,0.29478729778310364,0.35429769392033544,0.35449101796407184,0.2053277461837773,0.35457809694793535,0.2946455279688902,0.20544258373205743,0.35455904334828103,0.20561864913329347,0.14580221093516582,0.3545400238948626,0.20573305464317707,0.3546268656716418,0.20590868397493287,0.3547136038186158,0.35490605427974947,0.2060226595110316,0.2938897168405365,0.3548867699642431,0.20613643133750373,0.2939249553305539,0.29413515927359335,0.2943452380952381,0.14549241297232968,0.2944675788221297,0.3544454356229557,0.35463733650416174,0.20594353640416047,0.20617944147355913,0.2943272943272943,0.20635391923990498,0.1454437518551499,0.3543026706231454,0.1456541085731237,0.3543890865954923,0.14586421583160392,0.35447540011855366,0.3546666666666667,0.2938388625592417,0.29404797157240153,0.354647720544701,0.14590115418762947,0.2940828402366864,0.3546288080449571,0.35481963335304556,0.2057345551285841,0.3549054373522459,0.20590841949778435,0.14589486119314826,0.14614703277236493,0.2936835891381346,0.29389200354086753,0.35457227138643066,0.20583898554998525,0.14622641509433962,0.29384025935750074,0.14643488509133765,0.20589101620029454,0.3542402826855124,0.14659994112452163,0.1468510888758093,0.20594292438952633,0.29352941176470587,0.2937371361364305,0.29394473838918284,0.35380546576550104,0.29406580493537016,0.14684287812041116,0.14709336465061656,0.20575286175520985,0.29401408450704225,0.3534760926958052,0.1472140762463343,0.35356200527704484,0.14742086752637748,0.3536478171696455,0.3538371411833626,0.3540263543191801,0.14754098360655737,0.35411179397131987,0.3543007606787595,0.2933606317636736,0.3543859649122807,0.14761765565624085,0.20514319111630624,0.29330996202161846,0.20531542056074767,0.3541605839416058,0.20548744892002335,0.3542456959439743,0.29317386231038506,0.14756488772236803,0.2055393586005831,0.293208976974643,0.354020979020979,0.20565103408097873,0.3541059988351776,0.14759825327510917,0.3541909196740396,0.1478033168460867,0.2929028504944735,0.3541727246292527,0.14796511627906977,0.2054635280441732,0.35415456130156886,0.20563462097008423,0.35423925667828104,0.35442670537010157,0.14799767846778875,0.3545111691325791,0.3546983758700696,0.20556683096549724,0.1481159420289855,0.14836279339321937,0.29200463499420626,0.14856646394439618,0.20555877243775333,0.35426917510853834,0.20572916666666666,0.3543534856812265,0.3545401966454598,0.14859786065336802,0.29161849710982657,0.291823172493499,0.20566146735990756,0.14871498700548658,0.3542147806004619,0.3544011544011544,0.1488747836122331,0.35448514565907124,0.14907727797001152,0.3545690400691842,0.3547550432276657,0.14923653125900316,0.1494815668202765,0.2052980132450331,0.3546344271732873,0.29093525179856117,0.3547180667433832,0.3549036525740581,0.14951121334100057,0.2052313883299799,0.14971264367816092,0.20540074691180696,0.20562894887995406,0.2058570198105082,0.2060849598163031,0.29038737446197993,0.29059093516924844,0.20619443647834815,0.20642201834862386,0.29062768701633707,0.29083094555873923,0.20653107991979375,0.3536655211912944,0.3538505582593759,0.20663995420721237,0.29070100143061517,0.2909038901601831,0.29110666285387476,0.3536306460834763,0.35381537582166334,0.14914285714285713,0.14938588974578693,0.3537978298115363,0.14958606908364258,0.14982876712328766,0.20627674750356634,0.29064460924130064,0.20644425434844596,0.29076396807297605,0.2066115702479339,0.20683760683760682,0.2908003417829678,0.29100227790432803,0.1497295758610874,0.14997154240182128,0.2910384068278805,0.2912400455062571,0.3525732158089281,0.3527572484366117,0.29127593066211993,0.3528409090909091,0.29139449020164726,0.3529244747302669,0.2915129151291513,0.2917139614074915,0.2919148936170213,0.29211571185479296,0.20612418485965409,0.3526077097505669,0.2921507509209408,0.20623229461756373,0.29226847918436705,0.2924688561721404,0.20634022077554487,0.3522920203735144,0.2925035360678925,0.2927036199095023,0.2929035906135143,0.2063312605992086,0.35207685786945464,0.20649717514124294,0.2928551256707145,0.2930547713156409,0.3519616144510302,0.29317155756207675,0.35204513399153736,0.14890016920473773,0.35212855934592613,0.14909808342728298,0.3522118906734291,0.14929577464788732,0.14953534215713885,0.2927927927927928,0.29299183788347877,0.293190770962296,0.29338959212376936,0.3517997750281215,0.3519820073095305,0.2934232715008432,0.35206518685023885,0.149438202247191,0.35214827295703455,0.2933745087029759,0.35223126578725794,0.1495510662177329,0.14978962131837306,0.35221536735838477,0.3523969722455845,0.35257847533632286,0.14990193331465396,0.35266106442577033,0.20498459815177822,0.3527435610302352,0.3529247131262245,0.35310576385002795,0.2925874125874126,0.35318791946308725,0.2927033827229522,0.14980435997764113,0.29281922324671694,0.2930167597765363,0.2046914269757051,0.3528754885538805,0.2930505163271002,0.3529575892857143,0.1497907949790795,0.15002788622420524,0.29300250906049624,0.15022296544035674,0.20451379214265814,0.20473537604456823,0.35254803675856305,0.352728285077951,0.3529084330642917,0.35308848080133554,0.3532684283727399,0.15016685205784205,0.2046149569085349,0.3532518065591996,0.1503195332036677,0.2922222222222222,0.3532352124409886,0.20460855080510829,0.2048293089092423,0.29217536071032185,0.35312066574202494,0.2922906267332224,0.3532021070141392,0.20482261640798227,0.35328345802161265,0.35346260387811634,0.35364165051232344,0.2920819490586932,0.20481594243011347,0.3536247924737133,0.3538035961272476,0.14988938053097345,0.291954658556815,0.2921503593145384,0.29234595192042,0.35359116022099446,0.29246064623032314,0.35367200441744895,0.2925752139111234,0.2927704194260486,0.2929655172413793,0.20435741864313292,0.3534601599117728,0.2929988974641676,0.2044640396803527,0.2046831955922865,0.3533461856237951,0.20484581497797358,0.35342691990090835,0.29279031370390757,0.20495185694635487,0.20517051705170516,0.2928237558427275,0.2930181418361737,0.35311898873316844,0.3532967032967033,0.2930513595166163,0.35337726523887975,0.2931649739225913,0.2933589462129528,0.2935528120713306,0.20488206253428415,0.1488894982177132,0.14912280701754385,0.14935598794190189,0.3528767123287671,0.3530539578197754,0.20481927710843373,0.35313441007391183,0.35331143951833605,0.1493844049247606,0.3533916849015317,0.14957615531856713,0.3534718425369054,0.14976769609182836,0.35355191256830604,0.2045889101338432,0.3536318951392682,0.29238329238329236,0.3537117903930131,0.3538881309686221,0.35406437534097107,0.2923370602672484,0.14967284623773172,0.35404742436631237,0.14986376021798364,0.3541269408880414,0.3543028322440087,0.29213177239313914,0.2923244420250408,0.35428571428571426,0.3544613710554951,0.20397062822953493,0.3545405111473627,0.3547159554226692,0.14972826086956523,0.3547948926922032,0.29196089082020643,0.3548737442302471,0.1498371335504886,0.15006784260515604,0.35485621269669015,0.35503119066992134,0.3552060737527115,0.35538086202222824,0.35555555555555557,0.35573015442969386,0.15005417118093176,0.1502843216896832,0.35571196534921495,0.2912043301759134,0.35579004329004327,0.29131728428455506,0.35586803677663603,0.15031089483644228,0.3559459459459459,0.291272629019184,0.35602377093462995,0.35619767755873616,0.3563714902807775,0.2026990553306343,0.35644900161899623,0.291070946857297,0.3565264293419633,0.29118360744135885,0.35660377358490564,0.15009431420102398,0.3566810344827586,0.2911392405063291,0.20247711362412493,0.3566621803499327,0.35683530678148545,0.3570083400591875,0.20252824098977945,0.15004033342296316,0.35698924731182796,0.15022843321687718,0.20257925846319183,0.2906258393768466,0.29081632653061223,0.3567785234899329,0.15029522275899088,0.29085055004024685,0.29104077253218885,0.2912308930008045,0.29142091152815014,0.35647279549718575,0.2023043944265809,0.35654969193678004,0.29137653990358864,0.3566265060240964,0.2914882226980728,0.29167781643029167,0.3566078116639914,0.20219309975929392,0.35668449197860963,0.20235231221598504,0.3567610903260289,0.1498797755810847,0.35683760683760685,0.20240320427236316,0.3569140416444207,0.14998665599145983,0.35699039487726786,0.29101093624966656,0.15013333333333334,0.35697147427352705,0.291044776119403,0.2912336797228884,0.35695258391049545,0.15019973368841544,0.15042598509052182,0.15065211605003992,0.2911122937732837,0.29130087789305664,0.29148936170212764,0.201808029779314,0.35645933014354064,0.3566303481264948,0.3568012752391073,0.3569721115537849,0.35714285714285715,0.35731351207857714,0.357484076433121,0.3576545502785885,0.2909814323607427,0.2911694510739857,0.15031813361611876,0.35754041876490855,0.1505034446210917,0.3576158940397351,0.2910487288135593,0.20121789780248875,0.2911593435680254,0.2013760254035459,0.3574074074074074,0.2911928061359429,0.3574828133262824,0.3576526566217288,0.2912262156448203,0.2013210039630119,0.3576333861595351,0.20147874306839186,0.35770855332629353,0.20163631565056744,0.15013192612137202,0.20179372197309417,0.15031645569620253,0.29079883996836275,0.15050079072219294,0.15072463768115943,0.2017913593256059,0.29075585988938635,0.15086887835703003,0.2908660173729929,0.2910526315789474,0.20178900289397528,0.1509731720147291,0.15119642387588747,0.15141955835962145,0.15164257555847568,0.15186547556489752,0.1520882584712372,0.20168067226890757,0.15227093725387242,0.35590551181102364,0.29047494096037785,0.35598111227701995,0.2905848413322843,0.15233350812794966,0.20157273918741808,0.29061844863731656,0.3557767880534451,0.29072812991094815,0.29091385179366325,0.29109947643979056,0.1523161476053389,0.20146520146520147,0.1524980381899032,0.20162133891213388,0.2909803921568627,0.20177731312075275,0.29108962633916907,0.3550156739811912,0.2018803865238966,0.202088772845953,0.29104672409292615,0.20224425887265135,0.15236107487607617,0.2023995826812728,0.20260756192959584,0.20281543274244004,0.20302319520458692,0.15242313705054716,0.2031779109143006,0.15260416666666668,0.20333246550377507,0.35398230088495575,0.3541504033307312,0.354318418314256,0.20338101430429129,0.15262610504420177,0.20353522225110476,0.15280665280665282,0.3541179527149909,0.15298701298701298,0.20358348480914049,0.2037902388369678,0.15312743316895924,0.20394395433316034,0.28949416342412454,0.20409751037344398,0.1532278973295307,0.2042509072058061,0.15340761855402954,0.2044041450777202,0.2046102046102046,0.3531848783013982,0.20476313745793426,0.20496894409937888,0.20517464424320828,0.15338851526125194,0.2888544091026636,0.20527404343329886,0.3528043422072887,0.35297157622739017,0.353138723843968,0.2053202479338843,0.20552543248128066,0.15332989158492513,0.20567741935483871,0.15350877192982457,0.20582924941965436,0.20603403816400206,0.15364784738334622,0.20618556701030927,0.3524864725586189,0.3526532715095312,0.15374710275560133,0.20623069001029867,0.15392535392535392,0.28769943386515695,0.2878826858759969,0.20627572016460904,0.15402417073797892,0.206426735218509,0.15420200462606015,0.35200411099691675,0.20652453120986386,0.20672829994863892,0.20693196405648268,0.20713552361396304,0.2073389787015653,0.15418163160595177,0.3516286227237753,0.28717948717948716,0.15431940528069726,0.15453613531522295,0.2072764540097361,0.15471311475409835,0.20742637644046094,0.15488991295442908,0.3511645764013309,0.3513306038894575,0.28677411102583783,0.15498721227621484,0.28688315008949117,0.3512269938650307,0.15512394582162023,0.3513030148185999,0.15530012771392082,0.20709908069458632,0.20730150625478683,0.1554364471669219,0.20745088032661393,0.2864795918367347,0.28666156592705944,0.20754716981132076,0.15549324496558756,0.1557084607543323,0.1559235668789809,0.15613856342333163,0.15635345047109753,0.2074847250509165,0.35021634003563246,0.35038167938931297,0.15644874077842788,0.20752797558494404,0.1566234426646326,0.15683782409761057,0.28589580686149935,0.20757113821138212,0.28600457200914403,0.1569324530218385,0.20766692053820768,0.15710659898477158,0.3496574473483887,0.2858954845256215,0.2860765914278468,0.20765720081135902,0.15716096324461343,0.15737455651292448,0.1575880415505447,0.34929078014184395,0.20764750569764498,0.2078481012658228,0.28575044292584156,0.1576417004048583,0.20794333417657476,0.3490136570561457,0.3491782553729456,0.3493427704752275,0.20798584786454385,0.15765538150581102,0.15786814852235412,0.28535353535353536,0.3491542539762686,0.3493185259969712,0.20792329043653798,0.1579212916246216,0.15813366960907946,0.3492183560262229,0.34938240483992944,0.15826612903225806,0.20786092214663643,0.28488664987405543,0.2080080584235709,0.2849949647532729,0.20815504656430908,0.28510317060895823,0.2852830188679245,0.20824949698189135,0.20844857933115413,0.1581196581196581,0.20859512440311637,0.15829145728643215,0.28510424516453153,0.28528377699648416,0.20863670600050213,0.28539156626506024,0.28557089084065246,0.15830406422478677,0.20867820416353147,0.28560682046138414,0.20882426673351717,0.3476190476190476,0.20897018291155098,0.2091683366733467,0.1582769847232657,0.20931397095643464,0.2095118898623279,0.15840840840840842,0.3472604453340005,0.1585792896448224,0.28507126781695424,0.2095,0.28517870532366907,0.15867066466766616,0.2852860354733949,0.3469030969030969,0.20948813982521847,0.2853220169745382,0.3468929373596207,0.20958083832335328,0.20977799950112247,0.34688279301745634,0.15856394913986538,0.2851445663010967,0.15873411412908048,0.158943697060289,0.15915317559153175,0.3466135458167331,0.1593228777694797,0.2849676455948233,0.2095048519532222,0.28507462686567164,0.2096493409599602,0.15937344604674292,0.28511061396967435,0.3461729622266402,0.15950310559006212,0.15971187282662694,0.2850757387633474,0.346077457795432,0.15984115165053364,0.2851116625310174,0.34606797320764077,0.15997023809523808,0.34614430944706176,0.34630639563708476,0.1600991325898389,0.2849355797819623,0.3462967550161011,0.1602278355621595,0.20896261450854173,0.34628712871287126,0.2848304875030933,0.285007422068283,0.16027702201335642,0.2089515331355094,0.2850432632880099,0.20909540286702916,0.3459352606869286,0.20923913043478262,0.2850086441096567,0.3459259259259259,0.20933102937546286,0.28504442250740375,0.20947446336047373,0.34583127775037,0.2850801479654747,0.16000986193293887,0.28518609810204587,0.2853622474125185,0.1601379650160138,0.16034482758620688,0.16055158827874907,0.345396356474643,0.20920502092050208,0.28518700787401574,0.2093480934809348,0.2852926709296606,0.28546840422916153,0.2856440511307768,0.20938805603342345,0.34496314496314495,0.16040284942274624,0.1606090373280943,0.2855389148048122,0.2857142857142857,0.1607361963190184,0.16094210009813542,0.34461613931812607,0.16110838646395292,0.16131404756067663,0.3446078431372549,0.16148002940455772,0.3446839784419402,0.20891501347048738,0.20910871694417238,0.28518971848225216,0.2092511013215859,0.16148764374847077,0.34442270058708413,0.1616532159452189,0.34449877750611246,0.16181862625274993,0.34457478005865105,0.16198387490838015,0.20908646800195407,0.2847374847374847,0.162109375,0.16231388821088602,0.16251830161054173,0.16272261527201756,0.2846341463414634,0.1628871007071446,0.20892247684056559,0.20911528150134048,0.34381091617933723,0.16297198538367844,0.1631758402338042,0.28439250060871685,0.1633398247322298,0.34363592114869795,0.1635036496350365,0.34371199221600585,0.20890077821011674,0.20909311937758326,0.3437044239183277,0.28408262454434996,0.20918367346938777,0.1634685450570804,0.2093249150072851,0.20951687302743385,0.20970873786407768,0.16355253579228343,0.20984958757884523,0.16371574096531652,0.20999030067895247,0.16387878787878787,0.16408143480368395,0.1642839835231403,0.342781007751938,0.16444659723904093,0.2099273607748184,0.1646090534979424,0.3426911907066796,0.21001693684974596,0.21020803096274795,0.21039903264812576,0.2105899419729207,0.21078075900410925,0.28274528757854034,0.21092051220101474,0.2111111111111111,0.3421878773243178,0.21125060357315306,0.16437364228819695,0.21138996138996138,0.2825090470446321,0.28268210323203086,0.2828550759585242,0.16441658630665382,0.21137623523740662,0.16457831325301206,0.16477957118766562,0.21146435452793835,0.34143992294726705,0.21160327395281656,0.34151624548736464,0.16482194417709337,0.2116911234063026,0.2118807118807119,0.16494349603270017,0.21201923076923077,0.1651045421773612,0.28207592503604034,0.2822483785731444,0.16522574447646493,0.34093637454981995,0.21195391262602017,0.21214302855771539,0.2123320537428023,0.3408491244902854,0.3410071942446043,0.16518820426756173,0.3410834132310642,0.16534867002156722,0.21226641111643507,0.16550898203592815,0.21240421455938696,0.2125927699305722,0.21278123504068933,0.21296960995453457,0.2131578947368421,0.1655106433867496,0.3405069344811095,0.21324408319388,0.28107074569789675,0.16559139784946236,0.2811753463927377,0.16575113446381656,0.34025787965616044,0.1659107185485796,0.16610978520286396,0.21307563827248865,0.21326335877862596,0.2809444311948486,0.34000953743443013,0.2133492252681764,0.16611058150619637,0.166309268525137,0.2808480228680324,0.2133841390807335,0.16642857142857143,0.28088550345155916,0.3396001903855307,0.3397573162027123,0.21336822074215034,0.16646848989298454,0.2807893485496909,0.33967197527929643,0.280893536121673,0.16654787360418152,0.28099762470308787,0.2132510092614581,0.28110161443494774,0.16662710657488725,0.21333649738965355,0.28113879003558717,0.21347248576850095,0.33910362817168604,0.21360834518729255,0.21379473808959468,0.21398104265402842,0.3390191897654584,0.3391757460918996,0.21406582997868814,0.16642992424242425,0.21420118343195266,0.3390913393279697,0.2805772415424651,0.3391674550614948,0.33932371719082527,0.2806146572104019,0.16639092413141102,0.3393194706994329,0.2806520198440822,0.2808219178082192,0.21393152302243212,0.33923512747875356,0.16639131460939344,0.16658801321378008,0.2139655579146025,0.16674528301886793,0.21410044800754538,0.1669024045261669,0.16709875088380863,0.21418473138548538,0.3387514723203769,0.2143193593970796,0.2145043560160113,0.21468926553672316,0.338667921863968,0.28,0.2801693719124912,0.33866415804327377,0.33881965671290853,0.16690173953925716,0.2145710928319624,0.33881578947368424,0.3389711064129669,0.2799436355096289,0.3390467245832355,0.16690140845070423,0.16709692560431824,0.21445330830595966,0.16725310813980765,0.21458724202626642,0.2797186400937866,0.21472105016408813,0.27982188891492854,0.16729147141518275,0.33848676505036307,0.16744730679156908,0.3385623975649731,0.27972846441947563,0.16756377252515797,0.21455311183902667,0.16771929824561405,0.16791393826005613,0.21463642740238484,0.3382421692379617,0.3383968216873101,0.16799065420560746,0.16818500350385424,0.33839327417094817,0.16833994863413496,0.2145191409897292,0.2147024504084014,0.2790480634624358,0.21483554933519944,0.3381529850746269,0.33830729773840057,0.279020979020979,0.3383826613842927,0.16821994408201305,0.27905893314698343,0.2792268281322776,0.27939464493597205,0.21461824953445066,0.16825692343495463,0.214751046998604,0.337985578041405,0.21488372093023256,0.16833294582655198,0.16852626685262667,0.21496630257959562,0.21514869888475838,0.337746806039489,0.3379006038086391,0.3380543301602043,0.16852367688022285,0.21513112090972383,0.21531322505800465,0.3379726281605196,0.16859925788497218,0.3380477625782518,0.3382012053778396,0.2152954808806489,0.2154772937905468,0.1686356265925411,0.278138026864289,0.16878907154433898,0.21550925925925926,0.21569081231196482,0.3378065710319297,0.3379597501734906,0.3381128584643848,0.16878612716763006,0.21567267683772537,0.21585394037439334,0.2160351201478743,0.21621621621621623,0.3378752886836028,0.3380281690140845,0.16874422899353647,0.21624740364643433,0.1688970927549608,0.21637831603229526,0.16904981549815498,0.3377910998385981,0.16920239741816506,0.33786586771145427,0.2769585253456221,0.33794056668970285,0.16927683095347765,0.2162099930923325,0.27693370165745856,0.21634062140391255,0.3377818683847216,0.21647112951460779,0.33785648574057037,0.338008737640837,0.33816091954022987,0.27671799586302,0.16911764705882354,0.2768205835056283,0.27698667891593937,0.21630309988518945,0.1691919191919192,0.21643332568280926,0.21661312528682883,0.2768983711860519,0.21674311926605505,0.2169227241458381,0.27693718477762497,0.33738253495301396,0.21700274977085243,0.27697594501718215,0.277141548327989,0.16899473322647127,0.21703296703296704,0.16914625772487984,0.277116704805492,0.16929764355982613,0.3369167429094236,0.2170134918820032,0.16941015089163236,0.21714285714285714,0.16956124314442414,0.27690198766278273,0.1697121973503883,0.2770038821648778,0.3365296803652968,0.3366811230312714,0.27704244637151987,0.1697467488021903,0.1699361313868613,0.33660205245153935,0.21682626538987687,0.1700478687029861,0.33659981768459435,0.3367509683299157,0.21685649202733484,0.3368253245274425,0.33697632058287796,0.2765763715001138,0.2767410104688211,0.16996587030716723,0.2167879890809827,0.21696611325904025,0.21714415643474305,0.21732211866333256,0.2175,0.2176778004998864,0.2178555202180827,0.2180331592096298,0.21821071752951862,0.3362088535754824,0.218338629142079,0.16972997503970955,0.16991833030852996,0.3361306418689045,0.17006802721088435,0.21831784175923827,0.17021758839528559,0.2757761160208475,0.2183960126869053,0.3359003397508494,0.17028985507246377,0.21847407742811864,0.21865097329108193,0.17040054310930075,0.17058823529411765,0.1707758425695544,0.27544097693351427,0.275604793126837,0.21858047016274865,0.21875706214689267,0.27564392227745144,0.33521572170770275,0.17073170731707318,0.3352901332129149,0.33544018058690744,0.21868652674339878,0.17080324909747294,0.17099030002255808,0.17117726657645466,0.1713641488162345,0.17155094679891794,0.3351363533919315,0.17169896349707076,0.2185176841630998,0.21869369369369368,0.2749380770096825,0.21882035119315624,0.2750393878010353,0.2752025202520252,0.2188976377952756,0.33468286099865047,0.21902406116483022,0.17153776978417265,0.2191503708698584,0.17168539325842697,0.33453156594023814,0.17183288409703504,0.27487087356838086,0.27503367759317465,0.17194163860830528,0.2751346499102334,0.334305586717523,0.2189322566173172,0.33437990580847726,0.21905829596412557,0.17193454382425466,0.2749887942626625,0.21913511091194263,0.21931003584229392,0.21948488241881298,0.21965965069413346,0.3340049250055966,0.1718889883616831,0.17207428955023496,0.2196868008948546,0.27465891299485573,0.1721824686940966,0.2747596691258663,0.3337058560572195,0.21966480446927375,0.33378016085790885,0.21979003797185614,0.1721750781598928,0.21991515963384684,0.17232142857142857,0.17250613702298595,0.21999107541276217,0.22016506803479813,0.22033898305084745,0.1725752508361204,0.17275969683459652,0.22041453086694895,0.17290552584670232,0.33303631098240144,0.22048997772828507,0.33311066577599646,0.17297417631344614,0.2205653238370799,0.17311971517578995,0.33303670745272523,0.2206405693950178,0.2208138759172782,0.17318808359270788,0.33296288064014223,0.17333333333333334,0.17351699622306155,0.22079075966237227,0.2731512325116589,0.22091474245115453,0.17358490566037735,0.3326675543719485,0.1737297537164411,0.2209405501330967,0.22111332889776003,0.3325942350332594,0.2728884947905121,0.17375886524822695,0.33259472634611126,0.17390341160832964,0.22104097452934662,0.17404782993799822,0.2211644897055568,0.2726870296591412,0.17415357379951316,0.1743362831858407,0.2727272727272727,0.22114108801415303,0.1744417422065001,0.33200707338638374,0.22121546961325966,0.17454706142288998,0.3320079522862823,0.22128975265017667,0.3320821373371605,0.22141280353200882,0.22158463915250495,0.17453662842012357,0.17471872931833224,0.1749007498897221,0.22160970231532526,0.3317901234567901,0.2217324223054882,0.22190392243278978,0.22207534699272968,0.1748898678414097,0.22219775379872275,0.22236900044033464,0.3314990094651112,0.2224911971830986,0.33157315731573156,0.3317201935767708,0.17484055421156808,0.17502198768689534,0.331721257419213,0.33186813186813185,0.22236871017358822,0.33194200351493847,0.33208873270371186,0.22244180939833114,0.33216245883644346,0.17493415276558386,0.22251481237656354,0.3321632294866169,0.22263654310155737,0.33223684210526316,0.33238324928743695,0.3325295922840859,0.22266053035283803,0.17484662576687116,0.3325301204819277,0.22273324572930356,0.33260345960148896,0.2701401050788091,0.17487415189319325,0.175054704595186,0.2701815795230803,0.27034120734908135,0.22261097747649244,0.2704416265850459,0.27060109289617484,0.27076048951048953,0.17500546209307408,0.27086063783311487,0.1751474120987115,0.3318777292576419,0.3320235756385069,0.17525098210388476,0.17543094043203142,0.22229493891797555,0.2706652126499455,0.33187963366768425,0.2223675604970569,0.22253705318221448,0.2227064719982567,0.22287581699346407,0.1753430625136136,0.2229965156794425,0.1754844328325713,0.22311710927296474,0.2232861806311208,0.3313751087902524,0.22340656950184903,0.22357546759460636,0.2237442922374429,0.331304347826087,0.2238643773092806,0.22403302911777487,0.3313056702150771,0.17528236316246742,0.2241042345276873,0.26964828484585324,0.22422400694595182,0.2697482638888889,0.2243436754176611,0.33101952277657265,0.26978963348514423,0.17519514310494363,0.17537394320398872,0.22431729518855656,0.26977248104008666,0.2244367417677643,0.17543859649122806,0.3306626245127761,0.1755791296817493,0.22445887445887447,0.22462670417658515,0.26958026828212894,0.22474583603720527,0.3304498269896194,0.2696216216216216,0.22481625594466062,0.26972120164253294,0.17545375972342264,0.2698206956146036,0.1755939524838013,0.17577197149643706,0.26986183074265974,0.17591193611051154,0.1760897712559344,0.26990291262135924,0.22454702329594478,0.17619150312702178,0.1763691246226822,0.17654666954084933,0.22456896551724137,0.22473604826546004,0.3293838862559242,0.22485461985785052,0.17657192075796727,0.2695371367061356,0.17671114937580715,0.26963632451043684,0.3291738382099828,0.22477952247795224,0.32924731182795697,0.17673618576650182,0.22484952708512468,0.22501611863313992,0.2251826385904598,0.3291084854994629,0.17676116838487974,0.1769379428816835,0.3291112065264062,0.32925520497960936,0.22510729613733907,0.17700064363870413,0.22522522522522523,0.17713918078490243,0.2688679245283019,0.3290460878885316,0.22524646378054008,0.3291193486179559,0.3292630676949443,0.22531591347183552,0.22548179871520344,0.22564761293084992,0.17701198630136986,0.22576503316927027,0.17715019255455713,0.26844919786096255,0.17728828058169377,0.1774641864443019,0.32877297990594273,0.1776020517204531,0.32884615384615384,0.17773979918820765,0.22554463904314395,0.17787742899850523,0.1780529461998292,0.17822838847385272,0.3286384976525822,0.17836569234051633,0.22546928327645052,0.22563446363830242,0.2257995735607676,0.2677467490940098,0.2679028132992327,0.22586831451097378,0.17831273966766084,0.1784877529286475,0.32815161839863716,0.22588886523312754,0.17858663260962113,0.22600553309214727,0.17872340425531916,0.17889810678579027,0.17907273500638027,0.17924728896449074,0.3278061224489796,0.17938363443145589,0.3278793030174246,0.22583386445719142,0.2259983007646559,0.22616266723295816,0.2670912951167728,0.26724686902992995,0.2262308998302207,0.22639507744536388,0.22655918540517608,0.1792152704135737,0.17938931297709923,0.22662709349162605,0.2267910131411615,0.3271879635515999,0.17944915254237287,0.22685871637364965,0.22702244811520542,0.17954689815795047,0.17972057578323455,0.17989417989417988,0.18006771053745238,0.18024116775967844,0.18041455160744502,0.18058786212729963,0.18076109936575052,0.2663284717818643,0.1808960270498732,0.26642721318402707,0.22665821715251372,0.22682154171066526,0.22698479729729729,0.22714798395609034,0.18087800759814268,0.26630090736442286,0.2272151898734177,0.2273781902552204,0.2275411218894981,0.22770398481973433,0.32567453625632375,0.32581664910432034,0.32595870206489674,0.22772277227722773,0.2660067396798652,0.180669614655717,0.22778947368421051,0.2660492527888865,0.2662037037037037,0.22785609088996422,0.22801851072780815,0.22818086225026288,0.2283431455004205,0.18057599327307125,0.266078184110971,0.2662324017650767,0.26638655462184874,0.2665406427221172,0.18059638807223855,0.18076842326264958,0.1809403862300588,0.3248688352570829,0.22807385648342426,0.22823578770715336,0.22839765100671142,0.3248060390018872,0.1809224318658281,0.22846363445818488,0.2661357921207041,0.22857741462392625,0.3246753246753247,0.18094240837696335,0.1811139028475712,0.1812853255181076,0.2285475094181666,0.2659552207574806,0.22866108786610878,0.2288224220874294,0.2659974905897114,0.22893581434246288,0.3242056856187291,0.2290491118077325,0.2292101964061847,0.22937121370378108,0.22953216374269006,0.22969304656504488,0.22985386221294363,0.23001461072844917,0.2301752921535893,0.23033590653035677,0.23049645390070922,0.23065693430656933,0.32360300250208507,0.3237440066708359,0.3238849520633597,0.2652635965826214,0.230625,0.2307852530722766,0.2653061224489796,0.23089735581927961,0.2654038301415487,0.2655567117585848,0.23096129837702872,0.18036197212398586,0.1805324459234609,0.23102516115616553,0.2654885654885655,0.2311369777593016,0.2655860349127182,0.23124870143361728,0.18051516410469465,0.23136033229491174,0.3228820598006645,0.18061033838488685,0.23142382731423827,0.23158331604067234,0.23174273858921163,0.23190209500103712,0.18063044379925342,0.3226207754509641,0.23196517412935325,0.18072538860103626,0.32262743472855365,0.18085767557489124,0.18102734051367025,0.18119693518326777,0.1813664596273292,0.18153591388946388,0.23178807947019867,0.18166770122077386,0.18183698800165493,0.3222337125129266,0.23180314309346567,0.23196195989249535,0.23212071103761886,0.23227939656953916,0.18181818181818182,0.18198719272877506,0.2641470466749277,0.23229403262440637,0.2324525185796862,0.18204334365325078,0.2325629385059843,0.23272127088920982,0.18213696369636964,0.23283151165188698,0.2329896907216495,0.26386312100597814,0.18219291014014838,0.26396043684318976,0.23300370828182942,0.23316168898043255,0.1822487644151565,0.18241712991558576,0.32091395636064224,0.18254784935171847,0.2331275720164609,0.2332853322361654,0.32085561497326204,0.32099527040921244,0.32113486842105265,0.32127440904419324,0.18249075215782984,0.1826587220053421,0.32128184059161874,0.23310741425344014,0.23326488706365503,0.1827140217614453,0.32122331691297207,0.18284424379232506,0.18301189987689784,0.3212307692307692,0.18314191960623463,0.32130408037728114,0.3214432144321443,0.2627587620414019,0.23299180327868851,0.18315918869084205,0.18332650553052027,0.18349375383985256,0.18366093366093367,0.26264073694984647,0.18379042161277118,0.2627378759975445,0.2628887070376432,0.3209245244426263,0.18384458077709612,0.18401144960130852,0.3209321340964841,0.3210709176374412,0.23252962811606048,0.23268641470888662,0.32107843137254904,0.1839901980804574,0.23274806043282972,0.26250255154113084,0.3210204081632653,0.3211589471536421,0.26254589963280295,0.32123189883744646,0.18393148450244698,0.2326197757390418,0.2625356706074195,0.32117383329936827,0.2626324368378158,0.18394785088612753,0.26272912423625255,0.23253919771940543,0.18403908794788273,0.18420516995725625,0.2627187627187627,0.23255340793489318,0.2628152969894223,0.232662192393736,0.23281821878812525,0.23297418174425696,0.233130081300813,0.3204633204633205,0.18407151564404714,0.23319114361161894,0.18419983753046304,0.18436548223350255,0.2624847746650426,0.18449360665719505,0.1846590909090909,0.32014607425441266,0.23306288032454361,0.23321841411478403,0.26236820762368207,0.18467464017839044,0.2332792865828942,0.18480243161094226,0.18496758508914102,0.3198298561879684,0.2622519238558121,0.2332455962745495,0.31983805668016196,0.23335357215138636,0.2622420072845002,0.31984624721828847,0.3199838187702265,0.23336703741152678,0.32005661140315406,0.18475843945825754,0.32012934518997577,0.2333804809052334,0.18484848484848485,0.3201373459907089,0.2334410339256866,0.1849384211588936,0.26180863948324584,0.2619576185671039,0.233454398708636,0.2336090377244301,0.18495361032674465,0.3198225448679169,0.23366935483870968,0.18504333803668616,0.2617896009673519,0.2619383437437034,0.233682514101531,0.2338368580060423,0.1850583971002819,0.31950875780148985,0.23389694041867956,0.26182330448782454,0.2619718309859155,0.2339569503118085,0.2620675784392599,0.23406394530464508,0.18496180136710896,0.2621105527638191,0.31913183279742763,0.23407675306409484,0.2342306147047007,0.2343844145410725,0.31907630522088354,0.23449106605099376,0.3191489361702128,0.26189042745334135,0.2345505617977528,0.2619859578736209,0.31909346169273967,0.31922999799478646,0.2620288692862871,0.23451593505712567,0.31923847695390783,0.26207172911240234,0.3193108974358974,0.2621670338473863,0.31938325991189426,0.3195195195195195,0.2622097678142514,0.23434060436261758,0.3195278111244498,0.26225245049009804,0.2344,0.31953609278144374,0.26229508196721313,0.26244253447931243,0.26258992805755393,0.23436563436563437,0.31941669996004796,0.2626323147593369,0.23442492012779553,0.2627270912357756,0.3193612774451098,0.3194971063659948,0.18375897845171588,0.31956912028725315,0.23434383725568408,0.31964107676969095,0.2625598086124402,0.18377516444090095,0.26265444400159427,0.23430962343096234,0.3195219123505976,0.18382792272455686,0.3195937873357228,0.1839538124626717,0.26253980891719747,0.18407960199004975,0.31953840031834463,0.23413566739606126,0.23428798727128083,0.2624776297474647,0.23439363817097417,0.2625720532697277,0.18402225755166932,0.2626664017484602,0.18414779499404052,0.23435948361469713,0.23451151707704526,0.18423664879888824,0.18439857086145295,0.26255209366937887,0.23452380952380952,0.1844872049196588,0.26259420864736216,0.23458258972833632,0.18457573354480572,0.2626362735381566,0.262782401902497,0.31840697444026156,0.18462757527733756,0.3184789067142008,0.18475247524752475,0.31855078202336173,0.18487727632620743,0.31862260043538493,0.26256430550059356,0.18496538081107813,0.23417721518987342,0.31856832113901523,0.31870304468169236,0.23423601502273175,0.31877470355731224,0.23434103932029243,0.318846305807981,0.23444598064388703,0.3189178515007899,0.18479763079960512,0.18495854717726018,0.2344582593250444,0.2346093133385951,0.2619846123495759,0.23471400394477318,0.3186748175902189,0.18493690851735015,0.3187463039621526,0.26192353173039024,0.234679802955665,0.2620173364854216,0.2621626945046287,0.26230799527372983,0.3185666469777515,0.2346456692913386,0.2347962999409565,0.3185753640299095,0.3187094235687586,0.23485444531864674,0.23500491642084562,0.23515532835233977,0.3186553961077256,0.23525943396226415,0.3187266653566516,0.318860510805501,0.2353172264780986,0.261783189316575,0.31886903593167093,0.2618767177071064,0.31894013738959764,0.31907378335949765,0.2352364135766137,0.23538642604943116,0.18415375563836045,0.26176470588235295,0.3189570672417173,0.23539788318306545,0.23554771702919852,0.2617554858934169,0.31890303623898136,0.18409714061887975,0.23555903661640884,0.31891151135473766,0.23566255627324328,0.31898238747553814,0.2357659949129329,0.3190532081377152,0.2614903187952278,0.261634728197106,0.1839687194525904,0.18412822517591867,0.31893687707641194,0.18425166080500197,0.23559288923617894,0.2615234375,0.23569615309509862,0.184303006638032,0.18446222916260005,0.2615144418423107,0.23570731707317072,0.18454935622317598,0.2358104154476302,0.2359594383775351,0.2361084031975044,0.18460038986354776,0.1847593061781329,0.3181995323460639,0.18488213520358465,0.23607323724191664,0.236222005842259,0.18496884735202493,0.3180844851080397,0.3182172051381861,0.2609457092819615,0.26108949416342414,0.3182260260649679,0.23609490470633995,0.31829671398016723,0.23619751166407466,0.2610301263362488,0.18480373105324524,0.18496211385272976,0.3181818181818182,0.1850844824237716,0.18524271844660195,0.26092020966802565,0.31812888198757766,0.18532893460120317,0.31819945673263483,0.23588748787584868,0.2608611326609775,0.26100445995733956,0.3181465684373788,0.23589842992828067,0.23604651162790696,0.26099593102111995,0.3180937621077102,0.23610304086771258,0.26103795507358635,0.18509196515004842,0.31804103755323265,0.23611379910973485,0.23626160990712075,0.2609789127490811,0.31798839458413924,0.23631792690001935,0.18503480278422274,0.31799729364005414,0.26091998453807497,0.31806763285024153,0.3181993817619784,0.318331079775932,0.2361915797605253,0.18497779494110833,0.31833976833976835,0.26076047095155375,0.260903126206098,0.2361566660235385,0.23630401234567902,0.31822565091610416,0.3183571153104512,0.3184885290148448,0.23631457208943715,0.18481402967816535,0.2606936416184971,0.2608360624157195,0.3183744221879815,0.2362796071634893,0.2364266461301502,0.3183830606352262,0.18475750577367206,0.3184529536270925,0.3185840707964602,0.1848432390844393,0.2605769230769231,0.1849644299173236,0.185121107266436,0.2606188737266961,0.18524212144504226,0.26071085494716617,0.1853630426431041,0.3182254657192241,0.18548387096774194,0.26070263006335187,0.1856046065259117,0.3181730953751679,0.23580199539524174,0.3182428544024554,0.31837360951285004,0.26059443911792907,0.23581288343558282,0.3183822119992333,0.2606362591031046,0.18547614485533628,0.31839080459770114,0.23577858647768626,0.26062811183454615,0.318399387325292,0.18549004594180704,0.23578947368421052,0.18561040949100652,0.26057011670174096,0.18573068094873757,0.3182252820807038,0.2606118546845124,0.31829478111259796,0.18577981651376146,0.26065354481177144,0.3183034008406572,0.2607449856733524,0.31837280366692133,0.3185029597097575,0.2607865597556319,0.26092765794999045,0.3185114503816794,0.18565159320740315,0.23521556657764212,0.26091932099942783,0.3184591914569031,0.2610104861773117,0.3185284025924514,0.26110158185629884,0.31859756097560976,0.18555915412459517,0.2611428571428571,0.31860597981336886,0.3187357197258187,0.2349133828288597,0.3188047202131709,0.3189343482397716,0.3190639269406393,0.2609853528628495,0.23488018257892734,0.23502567027952082,0.31901140684410645,0.3191408477475765,0.18529076396807298,0.26087782633479006,0.18541033434650456,0.3190883190883191,0.2349031522977592,0.18549458895006646,0.31909643128321946,0.2349591952932245,0.23510436432637571,0.26067159931701767,0.3190440060698027,0.18547316518111132,0.3191126279863481,0.23507109004739338,0.2352160727824109,0.31912071252605645,0.2605153467222433,0.3191892403864368,0.31931818181818183,0.23518273054345767,0.18534645967436578,0.26045807306454666,0.2605980317940954,0.23519394512771996,0.26068861142640937,0.2608284471344808,0.31902420574886536,0.26091888825865,0.31909262759924384,0.2351162351162351,0.2609599395313681,0.18515019837521254,0.2610502455610125,0.26118980169971673,0.26132930513595165,0.1851991693411365,0.3187995469988675,0.2613700698244952,0.18528301886792453,0.2614601018675722,0.26159939645416824,0.18536677352442013,0.18552036199095023,0.31856738925541944,0.31869581605729363,0.2615413604673073,0.31876412961567446,0.18553399886984367,0.2615819209039548,0.3187723592543777,0.18561746987951808,0.26162243553547904,0.3187805796010538,0.23424270931326435,0.26166290443942813,0.31878879067143123,0.23429860849943587,0.31885692799398385,0.31898496240601504,0.18549144897575642,0.31905298759864714,0.3191809130189743,0.1855747558226897,0.26140845070422536,0.31918888471648516,0.18565796883799512,0.31925675675675674,0.18577594295364985,0.18592870544090057,0.3192646782967548,0.26125281320330085,0.23382711419463717,0.2613423322084739,0.2614807872539831,0.2616191904047976,0.31909312347760915,0.2617085050580742,0.23375163888368608,0.31910112359550563,0.2617487361917244,0.23380756271059527,0.18566348493355792,0.3190494011976048,0.18578110383536015,0.2616909839132061,0.3190574153731064,0.31918474195961105,0.2617311647036829,0.31925233644859813,0.31937955522332273,0.3195067264573991,0.18569026713992154,0.18584236085169967,0.3195144724556489,0.26157580283793874,0.2333395557214859,0.3195222097797686,0.26161597312931517,0.319589552238806,0.3197164708076851,0.26165609847071986,0.18571694946858103,0.31972408650260997,0.3198508853681267,0.1857994781960492,0.3199180175144401,0.32004470938897167,0.26150121065375304,0.2616387337057728,0.1858126978216347,0.31999255398361875,0.3201191140889633,0.32024562709341275,0.18586046511627907,0.3203125,0.23265761577087596,0.2614354778728152,0.23275701803309165,0.18587360594795538,0.3202007061884408,0.3203270159791899,0.1859557867360208,0.32039375928677566,0.3205199628597957,0.3206461195692536,0.18600334137739002,0.3207126948775056,0.26108740025978844,0.3207792207792208,0.261176034130959,0.26131305637982194,0.3207862043389579,0.26140155728587317,0.23225208526413346,0.32079318013343217,0.32091902909023534,0.3210448314190441,0.18577514354510094,0.23222222222222222,0.2612479170523977,0.32099222510181413,0.32111789746437164,0.23223538119911177,0.3211840888066605,0.3213096559378468,0.3214351766228962,0.23224852071005916,0.32150120170086893,0.2609981515711645,0.3215671779708002,0.3216925351071693,0.3218178459264733,0.3219431104543775,0.26094182825484763,0.32200886262924666,0.18534244046520215,0.32207456626061276,0.26093375161468907,0.32214022140221404,0.3222652647113079,0.26097381040206563,0.261110086667896,0.3222713864306785,0.23170506912442396,0.23184666420936234,0.2611018979178183,0.32221812822402357,0.18511696445017498,0.32228360957642727,0.3224083962437857,0.23177466863033874,0.3224737713970182,0.18513065881486934,0.23183072677092917,0.3224797645327447,0.3226043774140151,0.1851783744023538,0.3226696083838941,0.26066176470588237,0.32273479139864,0.2607497243660419,0.26088554106191436,0.2316311535635562,0.3226813590449954,0.23172970987881014,0.32274646594455664,0.322870778267254,0.2607817948247385,0.26091743119266053,0.32287653641533665,0.26100513573000733,0.23161562442692096,0.32288228822882287,0.261044912923923,0.18475073313782991,0.32288803371816016,0.2610846463906193,0.3229529217805459,0.3230769230769231,0.23145943966306537,0.18473086781398754,0.32308255537250596,0.1848462664714495,0.26093321134492226,0.323088181485547,0.32321199926833727,0.2609729334308705,0.32327665021027613,0.18482632541133456,0.3233412538841163,0.32346491228070173,0.23113466106340216,0.3235294117647059,0.32365296803652965,0.26077428780131484,0.26090925689245936,0.32365826944140197,0.2609965322139077,0.2611313868613139,0.3236635650428754,0.3237869390733309,0.26117089184752873,0.3238512035010941,0.2612579762989973,0.26139263580021876,0.32385638782577,0.2614795918367347,0.1843687374749499,0.3238615664845173,0.23055909670369695,0.2614712308812819,0.261605679956308,0.1843829632326174,0.18453139217470427,0.32368995633187775,0.26159723485537567,0.18461258639505274,0.3236952173122386,0.2616363636363636,0.3237593164879113,0.3238822246455834,0.26167544975467927,0.32394622093023256,0.2617620345140781,0.26189611333091173,0.23007081895769022,0.2619825708061002,0.1844254855690688,0.2620689655172414,0.3237162039557249,0.26215529753265604,0.23000181389443133,0.32372143634385203,0.26219401631912964,0.3237853517041334,0.32390792097154253,0.26223269300471186,0.22993295886936038,0.3239130434782609,0.26227132765803296,0.1841724013038754,0.32391816042006155,0.32404055032585083,0.26226244343891403,0.3241042345276873,0.3242265243350823,0.262301013024602,0.32429010671007413,0.3244122965641953,0.1840535165431206,0.3244757772957339,0.26224471353696005,0.32453921214311526,0.2623306233062331,0.26246387283236994,0.2625970742279213,0.32448537378114845,0.2626827947282903,0.2292418772563177,0.3244901642302833,0.2627210393359798,0.22929821396355765,0.2628066378066378,0.26293958521190264,0.2293544897223224,0.32431945195601225,0.32444124008651765,0.22941070463146512,0.3245045045045045,0.2628355251306071,0.22946685878962536,0.32450927426616244,0.2628736046092906,0.18343834383438343,0.2629589632829374,0.3244556415332014,0.1835192515293271,0.32451879834502606,0.22931654676258992,0.3245819097284661,0.26285508809780656,0.18353406435376596,0.18368080517613228,0.32452830188679244,0.2628458498023715,0.22920783186635532,0.2629310344827586,0.3244747710540492,0.263016157989228,0.32453778495781727,0.3246590093323762,0.18356361026377177,0.32472192321492643,0.2629596412556054,0.1836441893830703,0.183790568405953,0.3246683399067766,0.32478938877935115,0.2629032258064516,0.263035298333632,0.22877104980293803,0.2631201862797779,0.3246776504297994,0.1837063563115488,0.3247404224847834,0.2631107929121174,0.2287043664996421,0.3247450348899624,0.2288014311270125,0.1836880701126811,0.26305436337625177,0.2288575004469873,0.324633535931355,0.32475424486148347,0.32487491065046464,0.1836698231195283,0.2629510539478385,0.3248794427576353,0.18375,0.2629887520085699,0.32488397001071045,0.32500446189541315,0.2630264097073519,0.2631578947368421,0.3250089190153407,0.26324237560192615,0.3250713266761769,0.3251916562667142,0.2632798573975045,0.26341115665656745,0.1835352815395581,0.26349545697487975,0.3250801567509797,0.1836153161175423,0.26353276353276356,0.26366387751468756,0.32502669989320043,0.2637479978643887,0.26387900355871885,0.1835972246931151,0.263963002490217,0.32491552552018493,0.22777382645803698,0.264,0.2641308211873445,0.3248622711924649,0.22778962331201139,0.22792680760348197,0.32486678507992894,0.22802344166222696,0.3249289772727273,0.2639801171666962,0.18335108271210507,0.32493345164152615,0.18346344925479063,0.32499556501685295,0.2639233770840724,0.3250576343323284,0.26400709219858154,0.26413756426165574,0.2642679900744417,0.3250044302675882,0.2643515237420269,0.26448184233835254,0.32500885582713424,0.26456525588808216,0.2646954674220963,0.26482563285537264,0.2649557522123894,0.1831534241727128,0.3248407643312102,0.2649920396249779,0.32490272373540857,0.32502210433244916,0.32514144271570017,0.18313593777620646,0.3252032520325203,0.26488778936207813,0.26501766784452296,0.1831831831831832,0.2651006711409396,0.18329507328271236,0.3250353107344633,0.22683142100617829,0.2650900105894811,0.3250397035468502,0.2651729004940014,0.18327747398130181,0.2652557319223986,0.32498677481925586,0.2267277856135402,0.3250484752335625,0.32516743038420864,0.226784140969163,0.3252290345313601,0.2651048088779285,0.2652342374075379,0.3252333157245994,0.2653169014084507,0.18306636155606407,0.3252375923970433,0.26535280661622385,0.3252990851513019,0.3254177660510114,0.26538867393598314,0.22648144891858624,0.32542194092827004,0.26542450342766744,0.2655536028119508,0.3254261114039712,0.3255446240337316,0.26558932021781134,0.3256059009483667,0.2656716417910448,0.32566713483146065,0.3257855011409514,0.3259038259038259,0.18266362519740306,0.2656140350877193,0.18277495176284864,0.26569624693090144,0.26582500438365775,0.22598176718092566,0.2659070990359334,0.26603575184016826,0.18275801647100054,0.1829011913104415,0.32545104221404797,0.2660245183887916,0.18298021362283312,0.32545518207282914,0.26605986346928057,0.2257612880644032,0.26614173228346455,0.2662701189643107,0.32534546090606964,0.2663518712836656,0.18289910823570554,0.2664335664335664,0.2665617898968712,0.2666899685424677,0.32517910186964877,0.3252969951083159,0.2667248908296943,0.3253580160670625,0.2668063558582155,0.2669343575418994,0.32536219235468666,0.2670157068062827,0.1826906299075205,0.2670969993021633,0.3253096110238967,0.3254272758981514,0.2671316477768091,0.18270571827057183,0.2672128290047063,0.26734053677239455,0.2674682000348493,0.267595818815331,0.22487371538059572,0.32514803204458376,0.224969528121191,0.32520891364902504,0.26753698868581377,0.32526975287156284,0.3253871585174874,0.267571329157968,0.3254479039833014,0.32556521739130434,0.3256824900017388,0.2675591098748262,0.3257430905614462,0.26763990267639903,0.32580364900086883,0.3259207783182766,0.2676741358346361,0.325981243487322,0.3260982809515541,0.2677083333333333,0.2678354452352022,0.18205484206872613,0.2679160159639077,0.18216516308119363,0.18230702515177796,0.32587582379465835,0.26790358938789666,0.22416782246879335,0.32587970185474086,0.3259965337954939,0.2678911800381216,0.32605682605682607,0.18222761129395462,0.32611707655005195,0.3262337662337662,0.32635041551246535,0.2677860481218626,0.1822429906542056,0.2678664128741997,0.18235294117647058,0.3262411347517731,0.2237979937737807,0.26785405498876014,0.22389349930843708,0.2240276577355229,0.182336674732112,0.2678417141869708,0.3260193503800968,0.32613577474520644,0.3262521588946459,0.2678293904334312,0.26795580110497236,0.3262558259968928,0.26803589920607523,0.26816220880069025,0.26828847481021395,0.268414697257202,0.22369782683684028,0.26849456802897054,0.26862068965517244,0.22375452508188243,0.2687004481213375,0.3258659314147855,0.1819434872501723,0.268733850129199,0.26885980020668276,0.3258136731530911,0.3259297520661157,0.3260457910139439,0.26884681583476766,0.26897263810015487,0.22350309704060564,0.2690521245484259,0.32593739250086,0.2235597592433362,0.18174002751031637,0.3259412068076328,0.32605706428325887,0.18181818181818182,0.26890034364261167,0.3260608142930768,0.26897973205084164,0.2691052721964623,0.22338598901098902,0.22351931330472102,0.26913834534843806,0.18174017504719409,0.22357584076870282,0.32578486875965,0.2691252144082333,0.3258446235637112,0.26920438957475995,0.32590433739070807,0.32601988344189237,0.2234790059982862,0.2691912268677176,0.22357375364056878,0.1815690304898938,0.1817091967802706,0.18184931506849314,0.26913199794555726,0.3257446080109552,0.32586000342289917,0.22347707049965776,0.32591958939264326,0.26907287033869315,0.26919787925431843,0.26932284541723667,0.18174046845614636,0.2234188034188034,0.32575628097761067,0.2693096377306904,0.18178711771740988,0.18192688759822342,0.32570452604611444,0.22336065573770492,0.32576404302543965,0.2692045066575623,0.18194231097456903,0.18208191126279863,0.3257123357788773,0.325827362674855,0.3259423503325942,0.32605729877216916,0.3261722080136402,0.22315035799522673,0.32623146412135673,0.326346284935242,0.2688703356619526,0.2231686541737649,0.2689490717083972,0.32629427792915533,0.22322492763493956,0.3263534218590398,0.22331914893617022,0.1817562968005446,0.18189552492768418,0.18203470568220484,0.18217383908828033,0.18231292517006803,0.3261350110525421,0.1824209452567154,0.182559918408975,0.3261386811692726,0.22310960067969413,0.22324159021406728,0.22337353490742315,0.32608695652173914,0.1825437255900832,0.18268251273344652,0.2682057375657783,0.2683299389002037,0.18275920583743424,0.1828978622327791,0.2683630195080577,0.1830054274084125,0.18314397151093775,0.18328246863343506,0.18342091879979658,0.2683050847457627,0.22301304863582444,0.18349711962046764,0.1836354396069795,0.18377371273712736,0.32531752751905163,0.32543176430748394,0.3255459624174708,0.22291807718348003,0.2680656625486546,0.3255499153976311,0.22297411605481307,0.18369418132611637,0.18383223406054455,0.22303009807237065,0.18393913778529164,0.18407707910750506,0.18421497380429272,0.1843528218992903,0.18449062341611758,0.18462837837837837,0.32511400101334237,0.18473488686254644,0.18487253081208846,0.1850101282916948,0.3250632911392405,0.18511643604454944,0.3251223215792138,0.18522267206477733,0.18536009445100354,0.32512647554806073,0.18546619457089866,0.32518543492919755,0.2671498398786449,0.3252443545669026,0.3253580454928391,0.2671832884097035,0.3254168772107125,0.32553048164365106,0.2222596396699781,0.3255892255892256,0.18532233630701903,0.3256479299899024,0.32576139996634695,0.22224091520861372,0.26694701429772916,0.2670702993609149,0.3257104422397848,0.18527236045729656,0.2222222222222222,0.26705882352941174,0.3256595530162998,0.22227822580645162,0.18528473038803964,0.2670473631172321,0.3256087321578505,0.32572196104768303,0.32583515192210843,0.2670359180933199,0.32589360630978353,0.26711409395973157,0.2221103841637309,0.18517276081851727,0.18530940801609927,0.2221663313212609,0.1854149203688181,0.2670130740864901,0.3256242668007374,0.22218498659517427,0.22231529569442118,0.26700167504187605,0.22240830681627868,0.2225385130609511,0.26703499079189685,0.22263140274522933,0.32535564853556487,0.3254685408299866,0.2670235904299816,0.3255269320843091,0.3256397390868038,0.1851170568561873,0.26701220531683667,0.3256435974590438,0.26709008858432226,0.2672125668449198,0.18512949039264828,0.18526561977948547,0.3255386671120762,0.22227788911155644,0.3255969277007848,0.32570951585976626,0.3258220664329828,0.26702269692923897,0.3258801935591523,0.32599265932599264,0.2670558798999166,0.26717811874583053,0.2221110555277639,0.32594198066022007,0.26721120186697783,0.185,0.18513581069821697,0.3258913695434855,0.22205563884724305,0.3259493670886076,0.3260616153205662,0.3261738261738262,0.18511736307641086,0.2669773635153129,0.2670993509735397,0.22196339434276208,0.32606887373149224,0.2671324018629408,0.32612672542823884,0.3262387761888926,0.3263507896924356,0.22190824468085107,0.26707661625394713,0.326354270521768,0.22196378135902975,0.32641196013289037,0.22205613685434314,0.184822318166722,0.2669765897393326,0.26709827357237714,0.2220746887966805,0.26717557251908397,0.32619877219180354,0.2221300597213006,0.26720849228727817,0.3262023217247098,0.18471231968164484,0.2672413793103448,0.2221117188794961,0.22224063639376865,0.26727423363711683,0.3260437375745527,0.222295842305781,0.2673070553163299,0.32604735883424407,0.2673841059602649,0.32610494951167024,0.222277391592188,0.18451100446797947,0.3261085373924553,0.267328370554177,0.1845848494872643,0.22225897139077228,0.32605820105820105,0.26731691188626217,0.32611570247933885,0.3262270699058007,0.1845670852610707,0.3262844870312242,0.2672613148331682,0.26738232865400496,0.32628797886393657,0.2674591381872214,0.22202046880158469,0.22214886945040435,0.26749174917491747,0.32618379805312653,0.32629495216100296,0.326406069602507,0.22213060686015831,0.32646331409727947,0.2222222222222222,0.2673479479149497,0.3264667106130521,0.2674246169055858,0.32652388797364085,0.26750123538132103,0.3265810276679842,0.22213074263131896,0.2675337504115904,0.3265843621399177,0.18400263331138908,0.2675662333388185,0.22211253701875616,0.26764270439216975,0.32648026315789475,0.32659102121361616,0.2676751068727392,0.326648035508795,0.1839250493096647,0.3267050123253903,0.3268156424581006,0.32692623624116973,0.3270367936925099,0.2675316143865988,0.1839080459770115,0.3270398949269414,0.32715036112935,0.22172985393074018,0.26747620610436496,0.3271534044298605,0.18389107611548555,0.18402493029358702,0.327156444735979,0.2674208886702738,0.1840983606557377,0.26749713161776756,0.2676171746968207,0.32705226937571685,0.3271625163826999,0.2676494676494677,0.18408123157549952,0.3271655477321107,0.2676817288801572,0.18415452610901947,0.3271685761047463,0.2677139584356079,0.32722513089005234,0.2677899558318338,0.32728164867517173,0.18413736713000817,0.3273381294964029,0.2677783227072094,0.3273945733899967,0.32750449419839844,0.18415032679738563,0.26776670478679954,0.26788631166285526,0.2208067940552017,0.32740039190071846,0.2679183673469388,0.1841332027424094,0.26799412436755343,0.32734986945169714,0.18420623266438244,0.18433931484502447,0.32735279725982713,0.267938682322244,0.18441219631501712,0.32735572220410825,0.32746536267318666,0.26792698826597133,0.32752159035359296,0.26800260671228415,0.26812184394852584,0.3275244299674267,0.22032242305813385,0.26815369586453924,0.2682728308643985,0.2683919270833333,0.26851098454027666,0.18418483566547347,0.1843175532780218,0.18445022771633052,0.3272076760448853,0.2684552845528455,0.32726385953503495,0.2685305591677503,0.26864943929790347,0.32726681832954174,0.2687246141348497,0.2688434048083171,0.2199122949488387,0.3272166287755765,0.26887481734047736,0.21996753246753248,0.2689498458042526,0.26906848425835767,0.22002271620963818,0.32706035042180404,0.26909975669099756,0.1840739539409666,0.26917463920869145,0.18417639429312582,0.18430863997406388,0.32690437601296596,0.3270134500081024,0.18438107582631239,0.327069496193099,0.18448331713637836,0.18461538461538463,0.3270725388601036,0.1847175004047272,0.1848494658465523,0.32707557857258457,0.1849514563106796,0.18508331985115678,0.3270786153348431,0.26863981885815946,0.3271345407503234,0.32724333063864186,0.26867119301648884,0.21933085501858737,0.3272462831286361,0.26870253675876554,0.32730210016155087,0.3274107575512841,0.32751937984496127,0.268690456967544,0.32757507265095254,0.2687651331719128,0.21917366042608133,0.3275778602549621,0.3276863504356244,0.2687530246814002,0.2688709677419355,0.32768908240606354,0.18461786520477266,0.32774463969047235,0.2688588007736944,0.21901692183722804,0.3277473412826297,0.32785564685033025,0.3279639175257732,0.1845707843453052,0.3280193236714976,0.32812751569795523,0.3282356728911784,0.2686302913246419,0.32829095590601864,0.3283990345937249,0.26866151866151866,0.268779153932765,0.21871984560952074,0.2688535134265959,0.3282958199356913,0.26892782510850344,0.2690453230472517,0.2187048047565483,0.328245501285347,0.1842570281124498,0.21876003854802442,0.32824795246507144,0.18432883750802825,0.18445978487718734,0.32825040128410915,0.26881720430107525,0.26893453145057766,0.32825284774586877,0.26900866217516844,0.32830793905372896,0.26908274534958304,0.18438351771685105,0.26915678101955753,0.3282577336111556,0.3283653846153846,0.18442557282486782,0.26914450496635695,0.21832452346628223,0.26921844971172326,0.32826261008807045,0.2692923471021454,0.2694093164719065,0.21830985915492956,0.1843494959193471,0.26944,0.3281075027995521,0.32821497120921306,0.18439149208379976,0.328269907259354,0.26938449240607515,0.3283248081841432,0.2694582068083746,0.2181208053691275,0.26953187410129414,0.26964856230031947,0.3282223287014854,0.18428617055253912,0.2696790675395178,0.3282247765006386,0.3283320031923384,0.32843919565911267,0.2696665071006861,0.32849393746011485,0.2697399904290955,0.32854864433811803,0.2698134268856642,0.26992984693877553,0.27004622987406346,0.2177239400701307,0.2701195219123506,0.3283938814531549,0.18400509797674047,0.32844855049378785,0.3285555024685459,0.2176751592356688,0.3286100939340869,0.2699777141037886,0.27009390418589846,0.3286123488224061,0.2701670644391408,0.21762647152402165,0.2702401781453794,0.2703562340966921,0.2704722531404039,0.3284578696343402,0.2705452233349229,0.3285123966942149,0.27061814714762433,0.32856688910073084,0.18363780778395553,0.27064803049555275,0.2707638558043513,0.3285169895204827,0.27083664073662483,0.27095238095238094,0.3285192826535471,0.328625833068867,0.27098207202919244,0.3286802030456853,0.27105471847739887,0.27117031398667935,0.3286824163627715,0.2712428662016487,0.18338880963702647,0.32868462757527733,0.2712723815560133,0.27138783269961975,0.3286868366862031,0.27146024707000316,0.27157561361836896,0.18334388853704878,0.27164793414595534,0.3285849952516619,0.2166482038297199,0.2716772151898734,0.3285872488530296,0.2717494463777286,0.32864146765775737,0.2718216318785579,0.32869565217391306,0.27189377173569396,0.27200885095621935,0.1831542351453856,0.2720808974561542,0.3285939968404423,0.21639551413678723,0.27210991787744787,0.27222485393968104,0.21645089990527314,0.27229676400947117,0.21654040404040403,0.18305191731103046,0.27232565478068793,0.27244044802019246,0.1831230283911672,0.27251222204699577,0.2726269315673289,0.21645908875926217,0.27269861286254726,0.2728132387706856,0.2165143397415695,0.327871435323775,0.3279773156899811,0.32808316270278787,0.272755905511811,0.3281373012124075,0.18293450881612092,0.328191405635133,0.2727415801070192,0.27285601888276945,0.18297671491504092,0.18310523831996225,0.2728845548914753,0.3280389998427426,0.1831761006289308,0.2729130639836504,0.2730273498899717,0.327989941851328,0.32809553739786296,0.3282010997643362,0.2730128809299403,0.2731270614103974,0.27324120603015073,0.18307426597582038,0.27331240188383044,0.2734264636634751,0.2735404896421846,0.21575396202730268,0.2736115469093191,0.18305882352941177,0.18318695106649938,0.32774031676336834,0.1832862966447162,0.1834143282646183,0.32774294670846393,0.21564018178968813,0.2734252585396427,0.27353908820303935,0.21569548872180452,0.18339859044635864,0.2735671782023176,0.27368091435728825,0.32748904195366313,0.327594302707779,0.2737089201877934,0.2738225629791895,0.32759699624530664,0.2738933208196465,0.21551454488583047,0.3275996872556685,0.32770481550969355,0.32780991089573236,0.27383557361675526,0.2155024222534771,0.3278125,0.2738634588345571,0.2739768822243049,0.1830392003748243,0.18316677076826984,0.32771272443403593,0.27396191070871057,0.2740752302169502,0.32771535580524347,0.32782025276954285,0.18315132605304213,0.2740602090157542,0.2152214597629445,0.21534383283954467,0.32772061116308077,0.2740452065471551,0.27415835411471323,0.18310737104565997,0.183234652539732,0.27418601028197537,0.21526479750778815,0.18330478118673105,0.27421364061040177,0.21531994395142456,0.21544209215442092,0.32731517509727626,0.27419856831621536,0.1832892484829625,0.27426882389545737,0.1833877741483901,0.3272161741835148,0.27429637692427306,0.2744092039800995,0.2745219959583398,0.2746347528753497,0.18337218337218336,0.32706650093225603,0.27466210967842164,0.3271202236719478,0.327224724336077,0.27468944099378884,0.27480204937121566,0.27491462278795403,0.32717678100263853,0.18327126008690253,0.1833979829325058,0.32717964629227425,0.21482860245075228,0.27481389578163773,0.27492634516979375,0.2750387596899225,0.32708107270190667,0.27510849349039057,0.18332558499922516,0.21475054229934923,0.32703330751355536,0.275092936802974,0.21480563729286045,0.27516258903685353,0.2752748103421582,0.18328173374613002,0.32688438322241137,0.27530176415970287,0.32693795451028934,0.3270420792079208,0.27532869296210366,0.21466130528920507,0.3270449976805319,0.18320964749536178,0.18333590972329572,0.327047913446677,0.27522794004017925,0.2753399258343634,0.27545187702765334,0.1833487797343219,0.27552123552123553,0.275633106856084,0.27574494364675006,0.27585674590923126,0.27596851365951536,0.21435185185185185,0.27603764851103224,0.2761493366244986,0.326546351997532,0.32665021591610116,0.2761757902852737,0.2143077397471477,0.27624479728688145,0.27635635018495686,0.32655262752350134,0.27642526964560865,0.2765367431828686,0.2142637091805299,0.32650546742645925,0.27656298121342776,0.2766743648960739,0.21428571428571427,0.27674311220563336,0.32640812557710064,0.3265117710416987,0.32661538461538464,0.2142747269650823,0.1827130113811135,0.3266184837767184,0.21432964329643298,0.2765564950038432,0.27666769136181985,0.2143845089903181,0.1826982175783651,0.27669380857274545,0.21443932411674346,0.2145599754262018,0.32632063882063883,0.32642407492706893,0.21461467608228432,0.3264773599386032,0.2765500306936771,0.2146693263771674,0.3264805154955508,0.276576161988035,0.2766871165644172,0.2767980371108726,0.32643360932229376,0.21462517246665644,0.27682403433476394,0.3264367816091954,0.1823475329451425,0.27685000766048723,0.2769607843137255,0.32638995251952824,0.21454823889739663,0.326443117439902,0.18233312921004285,0.27690188274911987,0.2770125497398225,0.1824024483550115,0.27708078335373315,0.3262964662689307,0.27714897522178034,0.3263495947392568,0.277217125382263,0.2773276257452989,0.32635279730969124,0.2142747974935045,0.27735330073349634,0.2774637127578304,0.2775740910479682,0.21429662440812586,0.32620647525962126,0.2775996335318369,0.2777099236641221,0.32620973897114947,0.2777777777777778,0.21425301388676943,0.32621299969484285,0.2778032036613272,0.27791336180597925,0.27802348635046514,0.27813357731015553,0.1818874828479951,0.2782012195121951,0.32601737540009146,0.2141115513562938,0.2782264208441262,0.2783363802559415,0.32597105864432596,0.278403898872982,0.18181818181818182,0.3259744214372716,0.27842898462475263,0.2785388127853881,0.18185968650129355,0.27860620815581255,0.18195648866575384,0.32582902342561604,0.32593155893536124,0.21380778588807786,0.18199787136992548,0.2785041045910611,0.32588539291685664,0.18206686930091184,0.3259383072481386,0.32604071710726223,0.2784444782014279,0.27855407047387604,0.326044039483675,0.27862131794716066,0.2787308334598452,0.21357012750455373,0.21368948247078465,0.2787556904400607,0.325898953117888,0.21374393203883496,0.3259517670256332,0.27873824689111315,0.18180439727065958,0.27880533656761675,0.2789146581779597,0.21370112155198545,0.32580694044552205,0.27893939393939393,0.32585971822451143,0.18176310209027569,0.1818870210510374,0.18201090248334342,0.32581377744133233,0.21359370269452013,0.2137127289238686,0.2138317191283293,0.1820245120290513,0.32571860816944026,0.21388594766298594,0.27858439201451907,0.21397247845153486,0.2786513456304808,0.182010582010582,0.1821342200725514,0.3255251624603295,0.32562707766696886,0.1822027496600695,0.3256797583081571,0.21386497507929317,0.21398369072787676,0.2784236750717198,0.32563405797101447,0.182188679245283,0.21400543314216722,0.3256375433831296,0.18225709112854557,0.3256901493437924,0.27828054298642535,0.27838938320012063,0.18229794933655005,0.1824212271973466,0.2784142297256557,0.2138658628485305,0.18248945147679324,0.2784390537893627,0.21391985537812594,0.3253502033438771,0.2784638554216867,0.18250263514530943,0.18262571514604034,0.2784886346530182,0.3252558699578567,0.21384499623777276,0.21396328618718025,0.32525951557093424,0.27842960288808666,0.18258384719506693,0.21398496240601503,0.278454367764246,0.18265183403487673,0.21403877949797084,0.2784791103095882,0.32501878287002256,0.21409254807692307,0.2785038305543037,0.18263742865725444,0.2141462682084397,0.3249249249249249,0.2784867137066507,0.21419993995797057,0.18265045775176347,0.18277310924369747,0.18289572393098275,0.2784278427842784,0.18299085045747712,0.1831133773245351,0.27845254161043637,0.2785607196401799,0.18318093239394392,0.3244904076738609,0.2785853439232729,0.18324842673059635,0.2786516853932584,0.18334331935290593,0.18346562827617194,0.27867625037436355,0.32430004491690373,0.21377245508982035,0.18350546325400388,0.324304100568692,0.21382612599132125,0.18357271095152602,0.1836948391922214,0.27849237212084954,0.32421115597427846,0.2138157894736842,0.2139333233667215,0.3242152466367713,0.1836795695710656,0.18380155409444113,0.324219333632153,0.32432028682402153,0.18386855862584017,0.21385902031063322,0.21397640734657308,0.18393550313526424,0.18405732198835648,0.18417910447761193,0.3241307267572004,0.21396598030438674,0.1842458600626585,0.32413484486873506,0.2140193885160328,0.3241872949597375,0.2141046667660653,0.18425760286225404,0.18437919212997467,0.27764530551415795,0.2141260616897631,0.21424314660309893,0.3239982124236556,0.21432826928805482,0.3240506329113924,0.2144133412745682,0.18430847104362066,0.32405477820779993,0.2144664384581039,0.184375,0.18449635470912068,0.21451948824754538,0.18459021270266252,0.18471148126115408,0.32386617100371745,0.323966696402022,0.18477776126059164,0.27705112960760997,0.18487145192450588,0.32392273402674593,0.27707621452978753,0.214349376114082,0.3239269270755978,0.21443421443421443,0.27706013363028953,0.18482779097387173,0.21448716045717678,0.3238349658652419,0.2770440718207449,0.2771513353115727,0.18483904465212878,0.2772174428952833,0.21444460922438083,0.18490510083036774,0.1850259451445515,0.1851467536317818,0.27716021935675117,0.277267338470658,0.3234553267150689,0.2773333333333333,0.18515775440675455,0.27739928909952605,0.21427513697615874,0.18522357121705657,0.3233160621761658,0.2773830669034932,0.32336835873908537,0.1852619118082273,0.2774079005770084,0.1853550295857988,0.32332495193018784,0.2774327122153209,0.2141061659027059,0.32332939089296275,0.21419068736141908,0.18533845699083654,0.18545884439190188,0.2142434988179669,0.32323829221450734,0.2772525849335303,0.21429626347659134,0.32324276432368576,0.2772774250701314,0.21434898139946856,0.18538745387453875,0.1855076741440378,0.18562785893463185,0.27722041900265565,0.2773270393863402,0.3230088495575221,0.2773927149387996,0.18563845473311708,0.2774583517617573,0.27756485849056606,0.21414885777450257,0.27763041556145,0.21423309267717697,0.27769593400117853,0.27780232729415233,0.32268041237113404,0.3227801501987925,0.2142226148409894,0.32283232739584866,0.2777450691786871,0.18543046357615894,0.3228369629193643,0.21421215242018538,0.32288908502500735,0.27768789527871746,0.18544117647058825,0.32289369210410235,0.21420170538077035,0.3229457592238718,0.2776308054085832,0.1854518736223365,0.3229503379371143,0.2776553547818422,0.2777614571092832,0.32295491261565573,0.32305433186490456,0.18543532520922038,0.32310628302994715,0.3232056362835755,0.27766363369533315,0.32325752017608217,0.2777288732394366,0.18541880592636056,0.18553828102082723,0.2777533362663147,0.18563049853372435,0.21375164931828178,0.21386690120199356,0.21398211930235966,0.2776963657678781,0.2778021978021978,0.18561382947553473,0.18573311850007324,0.2778265963678969,0.18582515741689853,0.18594436310395315,0.18606353388962085,0.18618266978922718,0.18630177081808869,0.21378402107111502,0.322457937088515,0.2776477472205968,0.27775340061430454,0.18631178707224336,0.2778183945021202,0.21374269005847954,0.21385762315450957,0.32227418883367437,0.32237322811632324,0.2777615429573349,0.21387874360847334,0.18624014022787028,0.2139623192639112,0.3222838785046729,0.18630457001022047,0.18642335766423357,0.18654211064078235,0.18666082895504962,0.27754268203706406,0.3221476510067114,0.21385849744711888,0.21397316219369894,0.18667055563657575,0.3221055701370662,0.2774456917918064,0.32215743440233235,0.18670747704416266,0.18682599825123872,0.3221623196852688,0.21386946386946387,0.32221412964311724,0.32231284590736964,0.18683559050531529,0.2138905066977286,0.27718736351725143,0.21397379912663755,0.21408819676902927,0.21420256111757857,0.214316892186818,0.3220832121035787,0.2144,0.21451425247236766,0.2770103242693035,0.21459726664728118,0.27707515627271406,0.27718023255813956,0.21464903357070192,0.2772449869224063,0.3218073514455906,0.3219058686809994,0.21466957153231664,0.3219575951205344,0.2147524321184841,0.18641114982578397,0.1865292495282334,0.27706821480406385,0.27717312436511393,0.3218224027858387,0.3219207892064413,0.32201914708442125,0.18651196519216823,0.3220707656612529,0.18660287081339713,0.1867207886343868,0.18683867227134368,0.27695652173913043,0.18692943051731634,0.18704723268617793,0.18716500072432277,0.18728273464658168,0.21433743664011587,0.2768607008398494,0.32170262052989723,0.18731905037637522,0.18743667679837892,0.21432706222865414,0.214440746635798,0.1875,0.187617532185737,0.18773503037315592,0.32147505422993494,0.2144303065355697,0.2765649848200087,0.21451286498988148,0.18774389362624658,0.18786127167630057,0.321340846698454,0.18795145911586247,0.2764697385526506,0.21447140381282495,0.3212996389891697,0.3213976321108865,0.21452288147827342,0.32144919168591224,0.32154712079665176,0.21457431457431458,0.214687635261867,0.214800923254472,0.27621520265397376,0.18777040669166425,0.18788752703677,0.21482122260668973,0.18797751189274903,0.18809455174401846,0.2148724600086468,0.18818443804034582,0.21495461749027517,0.27600115240564677,0.21503672763934897,0.3209965437788018,0.18819294456443483,0.2759861790958825,0.18828271196199797,0.32095567069660336,0.21499496330407253,0.21510791366906476,0.21522083153503094,0.32091484464902187,0.27585215015101394,0.18823698590739144,0.18835370237239396,0.18847038527889592,0.21517895644674429,0.2152917505030181,0.3207357378933755,0.18850574712643678,0.18862232437868123,0.1887388681413387,0.18885537842883815,0.320649052268811,0.21521895190236898,0.2153316106804479,0.18889048370891345,0.1890068886337543,0.18912326015210218,0.27532281205164993,0.18921245158513844,0.18932874354561102,0.18944500215115445,0.189561227416117,0.1896774193548387,0.21516628440366972,0.18976637523290812,0.21524792204069934,0.2153603668147299,0.2154727793696275,0.21558515971923792,0.21569750787739903,0.18974652728053845,0.31987399770904923,0.215748031496063,0.3199255654165474,0.21582939745241161,0.18975386376645678,0.18986979539276005,0.27467811158798283,0.27478186239450725,0.18993135011441648,0.27484627484627483,0.2157563625965113,0.21586847748391708,0.21598056032018295,0.18993854509075317,0.19005430122892256,0.19017002428918417,0.216,0.19025853449507213,0.3193373321908026,0.3194345280594031,0.21601941747572814,0.21613133476088509,0.21624322009705965,0.21635507349793065,0.19021118721461186,0.27436153516906836,0.21640513552068474,0.21651690201112536,0.31916714204221336,0.2743476400969628,0.19019104647847163,0.216535994297933,0.21664766248574688,0.21675929884566053,0.31903676261043035,0.2168400056988175,0.19017094017094016,0.21692066657171344,0.3189974366277414,0.21700128150363093,0.2171127562642369,0.1901779359430605,0.19029319669797892,0.27394336132062047,0.21713147410358566,0.19035424669227485,0.2739687055476529,0.2171810553264116,0.274032992036405,0.19038817005545286,0.21723059425646857,0.2173418621179815,0.19044911881750995,0.31845957083984655,0.2739414606422279,0.31851115215229436,0.21732954545454544,0.2174407044453913,0.19042885543879579,0.2175209427800653,0.27385008517887566,0.21760113555713273,0.2177121771217712,0.27387540797502485,0.27397843359818386,0.21776138459355937,0.2178723404255319,0.19032761310452417,0.21795235394214407,0.1904154260598327,0.27388715622341936,0.19050318922749823,0.31788548752834467,0.21793963440555478,0.31793709266081044,0.19053690324408556,0.1906515580736544,0.19076618042770146,0.31789861229113564,0.19085374486762,0.2178652321630804,0.2736022646850672,0.21794508915935465,0.19088722230083488,0.31777023203169213,0.3178667421134531,0.19094766619519093,0.21793239994343092,0.21804298642533937,0.21815354163721193,0.3177834322872491,0.19095406360424028,0.31783493499152066,0.1910414017238943,0.21814071771686916,0.19112869049300749,0.2731638418079096,0.31775172998164103,0.21815871222818412,0.2731893265565438,0.3177583286278938,0.3178546224417784,0.3179508890770533,0.1910540426132355,0.19116817155756208,0.31795739878685286,0.21805359661495063,0.191228317585672,0.3179639029892837,0.1913153813619061,0.19142937693825768,0.19154334038054968,0.3179255918827508,0.3180216993095674,0.3181177796562412,0.31821383293421607,0.27267605633802816,0.31826503309393045,0.31836102506336245,0.31845699000422356,0.21776463963963963,0.19141449683321604,0.21784407542921475,0.2179541297312509,0.19147439504783342,0.19158812772541847,0.31828410689170183,0.1916748699198425,0.31833520809898763,0.21791086742584,0.19173460781557491,0.2179901616303584,0.2181000562113547,0.19179429534916398,0.21817926383815678,0.31816266329540666,0.19185393258426967,0.3182137340261199,0.21819713563605728,0.21830689316299312,0.2184166198764739,0.191859649122807,0.191973056413135,0.3180861512557879,0.1920594837261504,0.31813718614111375,0.19214586255259467,0.31818819239938295,0.19223219293325855,0.2182812280947708,0.3181945612559574,0.2183601962158374,0.21846973094170405,0.3182009247583018,0.3182964415802746,0.21851799971984873,0.27128851540616244,0.21859683517714606,0.19210305236628394,0.19221615567688646,0.19232922732362823,0.19244226731980407,0.19255527567870137,0.31803553938715545,0.31813094571908224,0.2184920967967548,0.2186013986013986,0.19256048105160117,0.2186800894854586,0.2709352719138823,0.31800391389432486,0.3180992313067785,0.21869759642258244,0.27092357132876904,0.21877619446772842,0.19248498393630395,0.1925977653631285,0.31797235023041476,0.1926836079307456,0.3180231746474941,0.21873255164712452,0.21884159106769016,0.21895060005581915,0.21905957862425005,0.21916852678571427,0.21927744455293624,0.2193863319386332,0.21949518895551526,0.21960401561628556,0.19252753380733306,0.19264008921103987,0.27038327526132405,0.21962095875139354,0.21972969207189633,0.31749791028141544,0.31759297952361054,0.21977715877437326,0.21988580977579725,0.2702589807852966,0.31755533899484895,0.21993318485523386,0.31760612386917186,0.27024770386863345,0.317656880478642,0.19240400667779634,0.31770760884684934,0.21988873435326842,0.21999721874565428,0.31771412680756395,0.19240928680661754,0.1925215457325549,0.31772063933287004,0.21998332406892718,0.3177712935945533,0.3178660739094193,0.2698985970273649,0.3179166666666667,0.19247326760172198,0.19258539294640378,0.21990837151187007,0.2698500832870627,0.3178348369188064,0.2199555925617541,0.22006382683502151,0.22017203107658156,0.22028020529893189,0.2203883495145631,0.26972680626820134,0.22046589018302828,0.22057396367669485,0.22068200720820627,0.2207900207900208,0.2696784922394678,0.31744492171262295,0.22083679689664726,0.1922703975619892,0.3174515235457064,0.19235562941420856,0.31750207698698424,0.31759656652360513,0.3176910299003322,0.3177854671280277,0.19236091890395793,0.3178358931783589,0.19244604316546762,0.1925577534928759,0.31784232365145226,0.19264278799612777,0.19275442477876106,0.3178487487902668,0.2204865910975947,0.2691085003455425,0.31785516860143725,0.1927594307033301,0.19287095882840563,0.31786158309158724,0.19295580110497237,0.31791189062284214,0.19304059652029826,0.19315200883611763,0.26891220320265047,0.3178743961352657,0.26897598675131107,0.26907685939009246,0.22019867549668873,0.269140571113257,0.19310344827586207,0.3177492759619363,0.26916712630998346,0.19316145043430305,0.19327267714364488,0.19338387319090283,0.19349503858875414,0.1936061733498691,0.2200330669605952,0.19369059099049457,0.2690082644628099,0.22007987880457236,0.22018727623244286,0.3173619716370646,0.19369493392070486,0.2202339986235375,0.2689237544728874,0.3173248933535159,0.22028068244358834,0.1936992708763241,0.1938101788170564,0.1939210562508596,0.19403190319031904,0.31720060497731334,0.31729447346714323,0.2202061855670103,0.2203133589884552,0.22042050295451424,0.3172574883209673,0.317351284517104,0.22046703296703296,0.22057409696470265,0.2206811315572645,0.26843333791020185,0.19384953322350357,0.1939601921757035,0.26846006038978865,0.22066694112803623,0.22077387486278816,0.22088077925641378,0.19396433470507546,0.1940748868467974,0.31692265496434446,0.317016317016317,0.1941321634219907,0.31706648389307746,0.22080592105263158,0.22091270385089762,0.26815565908468075,0.22098917659953418,0.2210958904109589,0.2681824407615395,0.3168994795946316,0.31699301656853346,0.19400328587075574,0.19411362080766598,0.2681357788119354,0.1941973450116327,0.3169129720853859,0.2209604597072103,0.2210670314637483,0.22117357406647517,0.26805251641137856,0.26815260495008886,0.19414820891441073,0.268215994531784,0.2683160196828868,0.1942052753860872,0.22109866083629406,0.3165733023637109,0.1942622950819672,0.2682693621090015,0.19434580715651462,0.19445582411579954,0.22105406881485526,0.26825938566552904,0.2683592683592684,0.22110004094445201,0.19445960698689957,0.26838586437440304,0.19454297407912688,0.31619151548219887,0.3162847790507365,0.194599754534297,0.3163348786473957,0.31642808452624405,0.2209651035986914,0.3164781245740766,0.22104115562823656,0.2681564245810056,0.22111716621253405,0.26821958861190576,0.22119313538545354,0.2212991965136865,0.22140522875816993,0.22151123213070115,0.22161720664307105,0.2217231523070641,0.19433859553620034,0.22179888420193222,0.2680272108843537,0.2681267854713644,0.26822633297062026,0.26832585339317283,0.268425346750068,0.3158395649218219,0.31593257205002717,0.22169362511893434,0.31598260396846967,0.19418399239027043,0.2217391304347826,0.22184485803559298,0.3159467535995653,0.1942143148173299,0.22189027702335687,0.2219959266802444,0.3159109421667119,0.19424460431654678,0.31596091205211724,0.2220111276971095,0.31601085481682495,0.2679419346086013,0.19424850786760717,0.316017903160179,0.3161106590724166,0.19430508474576272,0.2678958785249458,0.2219059238172699,0.19436161561398754,0.19447079550074536,0.22195121951219512,0.26784988483945266,0.2220265510701707,0.26791277258566976,0.268011917659805,0.31577522004062286,0.22204170051448688,0.31582509814539056,0.31591770438549,0.22208688591149006,0.3159675236806495,0.1942903531321878,0.22213203463203463,0.2222372514540782,0.31593183662429,0.31602434077079106,0.31611681990265006,0.19426794646478301,0.2222222222222222,0.22232734153263956,0.19432432432432434,0.26753141467369274,0.2676303701702243,0.19438065649061192,0.19448946515397084,0.2676569885212694,0.19457196867404808,0.26771972458485216,0.2678185745140389,0.3156971251180996,0.3157894736842105,0.3158817973282958,0.3159740960604425,0.26777283151220826,0.2678715942810898,0.1944706675657451,0.31593851132686085,0.2219226102197654,0.3159881369641413,0.3160803342768567,0.2219676549865229,0.2220724969680636,0.26771759633521963,0.3160447258520814,0.2221174568965517,0.3160942760942761,0.3161863722057635,0.22216238050356807,0.31623586429725364,0.22223717862431014,0.3162853297442799,0.22231193648230385,0.19416038751345532,0.2223866541100498,0.22249125638956146,0.22259583053127102,0.19419042495965572,0.2673120882076106,0.222640494756655,0.2673746471299906,0.2674731182795699,0.2675715629619675,0.26766998118785273,0.1941421469837431,0.19425040300913488,0.22256548018804567,0.22266988987375771,0.2676245467973681,0.2677228786251343,0.26782118405155053,0.26791946308724834,0.2680177157428533,0.3154857756307032,0.22259492821682544,0.22269922189428495,0.3154929577464789,0.2227736051502146,0.31554244334182646,0.26790024135156876,0.22281807212763105,0.26796246648793565,0.19394183085377295,0.19404985258643795,0.19415784537049444,0.2679528403001072,0.2680509042196919,0.2681489418698098,0.19418775947502342,0.3152115693626138,0.22265363502476904,0.22275769745649263,0.31521884620532725,0.2680674518201285,0.3152682992104911,0.22277227722772278,0.222876254180602,0.22298020331728197,0.22308412464892335,0.2679860925381118,0.3151490841021527,0.31524064171122995,0.19395802700173773,0.3152900294039027,0.19403982360016037,0.3153393907001603,0.2678690714762859,0.3153887256211595,0.3154801656204087,0.22288995726495728,0.22299372412872212,0.22309746328437918,0.31544520090775596,0.3155365723438334,0.315627919391432,0.19388844408860423,0.2230820547031354,0.22318569903948773,0.22328931572629052,0.3155508135502801,0.3156420856114149,0.3157333333333333,0.2233035595253966,0.31578245801119703,0.26735972277755565,0.2674573560767591,0.19373750832778147,0.1938449240607514,0.26748368189689625,0.3156632924880128,0.2675456119323478,0.22316910785619173,0.26760750898681934,0.19382321618743345,0.3155863170504459,0.19390471120574926,0.2675981370592149,0.2231240021287919,0.19396035652520952,0.3155094440010641,0.19404176087245645,0.22313829787234044,0.1941231219252759,0.1942302579101303,0.26744649740794896,0.19431153641679957,0.31534883720930235,0.19439277172468775,0.26743722598644876,0.315356004250797,0.26749900385177316,0.3154050464807437,0.19439649448944363,0.1945034519383962,0.2674897119341564,0.19458455003981948,0.2228268082282681,0.2229299363057325,0.19463977709964178,0.26744494560891485,0.22297386921342352,0.1946949602122016,0.19480175043097733,0.2674356934500133,0.2675328118785629,0.22295864262990456,0.22306163021868788,0.2231645905115293,0.3148270836093812,0.22323794382617912,0.31487614253543517,0.1947019867549669,0.22328168454509337,0.19478283898305085,0.26731100225076126,0.22332539052157796,0.2673726009265387,0.314716781365802,0.19478629085615984,0.22333950780629797,0.19486704590554307,0.2673280423280423,0.2674249437905039,0.31459931235122984,0.26748644717704617,0.1948704389212057,0.3146067415730337,0.2232355273592387,0.2674772036474164,0.22330866807610994,0.267538644470868,0.22338177014531044,0.31448949940562676,0.3145800316957211,0.2234253268189621,0.22352785846316345,0.19471947194719472,0.2674234424498416,0.2675201266992213,0.2235418316178411,0.26758147512864494,0.3143799472295514,0.31447038649254716,0.19467159060933792,0.3145193195305288,0.19475210970464135,0.26750164798945286,0.31452675982072237,0.22340846184262556,0.26752767527675275,0.2676241929107919,0.3144927536231884,0.22342247398234752,0.31454162276080083,0.1946529698406427,0.26757966815907297,0.26767610269914416,0.22340705634544497,0.19468211135974728,0.3144248486443801,0.19476246874588762,0.26763157894736844,0.22339165899223787,0.31439094975006576,0.31448112587136656,0.3145712782745923,0.19474030243261012,0.31462003681304235,0.3147101354016038,0.19479495268138802,0.31475883821789985,0.26741130091984233,0.194849559847589,0.31476615869679453,0.19492972546959147,0.26740215392697664,0.19500984898227183,0.22308298319327732,0.2674281213076014,0.267524284589131,0.1950387189919937,0.31456692913385825,0.2230678388662905,0.22316977171346103,0.31457431457431456,0.22324239244491081,0.2674098360655738,0.3145816942040388,0.2232856955552642,0.26743576297850025,0.31458906802988595,0.26749672346002623,0.22329969859782467,0.26755765199161424,0.3145552207519979,0.31464500916950483,0.19476096922069416,0.31469355683603983,0.31478329186853476,0.194815396700707,0.31483178426495617,0.19489528795811517,0.2231383326789687,0.3148390473697985,0.3149286929216276,0.22318158032443747,0.1948986265533028,0.2671985351817944,0.3148947299594612,0.31498430962343094,0.22316642698391947,0.2671895424836601,0.2672853221801072,0.2232096184004182,0.3149091859401542,0.2673112098249281,0.3149575440888308,0.19474921630094044,0.3150058769753167,0.31509532515016975,0.19480349915132525,0.31514360313315926,0.3152329983030936,0.22304881232054294,0.31528122145373877,0.3153705636743215,0.22309197651663404,0.3154187320636577,0.3155080213903743,0.19470526864893062,0.3155561350893206,0.19478487614080833,0.2230478425237909,0.22314911366006257,0.26677961683826407,0.26687516288767266,0.26697068403908797,0.19476289734236582,0.22313403673309887,0.26699661370148475,0.3152754264878239,0.22317708333333333,0.31532352558260646,0.26698776360322835,0.31537159963555905,0.19469026548672566,0.2670136629798308,0.19476971116315378,0.31533758293222325,0.22307492195629552,0.22317596566523606,0.3153446033810143,0.1947731114289429,0.2232189287571503,0.3153516183543481,0.2232908760072784,0.22339181286549709,0.31535862785862784,0.22346368715083798,0.22356456222395427,0.19470061046889206,0.31532467532467534,0.19477989871445267,0.31537263048558817,0.26651953784239907,0.1948338525441329,0.3153796236210253,0.31546846613028806,0.1948877643700532,0.1949922158796056,0.19509664029056947,0.22334630350194554,0.19517572299312672,0.3153526970954357,0.22338908336574614,0.2234897588799585,0.2662346079066753,0.22356143079315707,0.2662951924322923,0.31523710805908267,0.22360409379453297,0.22370466321243523,0.2662867504209299,0.22377622377622378,0.19500194225042083,0.26631279129984464,0.2238187702265372,0.1950556562257313,0.2238902549501747,0.19513457556935818,0.2662698926122396,0.3148771021992238,0.31496572241624626,0.19516295913088463,0.3150135781714729,0.22381691233514353,0.22391725921137687,0.19519131334022752,0.3149799663952436,0.19527009563194625,0.3150277813671017,0.31511627906976747,0.19532360160186021,0.31516404029966416,0.19540229885057472,0.2658832644628099,0.19548095545513233,0.19558481797056546,0.1956886536723893,0.2236706246773361,0.19576719576719576,0.22374193548387097,0.19584569732937684,0.2657378740970072,0.19592415839030053,0.19602785659014701,0.19613152804642167,0.2236977823620423,0.3146835116668815,0.22376901263212168,0.2656270137904369,0.1961340206185567,0.2656874114160546,0.2657820149446019,0.26587659410021897,0.31452859350850076,0.22369607211848036,0.3145763584857069,0.22376722029097465,0.19606076210092688,0.22383833183163857,0.31454311454311457,0.1961137562733239,0.22388059701492538,0.2656631931043355,0.2239516336506303,0.19614147909967847,0.314429012345679,0.3145171660023145,0.2239650295705837,0.1961691734156061,0.1962724935732648,0.31448399948592726,0.19635055255718326,0.31453167159193113,0.19642857142857142,0.2653821451509313,0.1965065502183406,0.1966097341723385,0.22380585516178736,0.22390550776736423,0.19666238767650834,0.1967654986522911,0.31429671457905545,0.22391890157833955,0.3143443674621504,0.26516998075689546,0.31439199589533096,0.19674233679620368,0.3144395998974096,0.19682010514168483,0.31448717948717947,0.26509421868991156,0.2651884132273776,0.223760092272203,0.19682214249103025,0.1969250480461243,0.22380220343325646,0.26514666325092867,0.19697745901639344,0.314252785247791,0.1970550576184379,0.22378696709768275,0.2238863287250384,0.26507103545373095,0.19708216022523675,0.2651311580294306,0.26522517911975435,0.265319176154535,0.22384241493988233,0.31397876966363986,0.22391304347826088,0.31402633934279506,0.22398363589874712,0.2652435127189058,0.19695807770961146,0.19706070287539937,0.22399693329925888,0.26523572249904176,0.22406745017884516,0.19708775067058373,0.3137931034482759,0.3138807304303409,0.22408069458631255,0.31392825226605386,0.22415113607352566,0.2242501595405233,0.22434915773353753,0.313895623325252,0.31398315896912476,0.19696389845643578,0.2243622448979592,0.19704119372529014,0.31395052282580976,0.2244039270687237,0.26478837327893934,0.2648820905035054,0.19704307927606424,0.2244169746399898,0.31383792048929665,0.2244871958211237,0.19707006369426752,0.22455738122532162,0.19714722363728987,0.2246275308799185,0.22472625413801883,0.3136855506047104,0.22479633401221996,0.22489499809087438,0.19712395011453296,0.22496500827077237,0.19720101781170485,0.22503498282661238,0.22513355380310354,0.3134935775149434,0.26436927772126145,0.31354100445009536,0.22514619883040934,0.22524469302148215,0.2643619725470259,0.2644554581268268,0.26454891994917407,0.26464235802312286,0.22522865853658536,0.19700241331131715,0.3133096266192532,0.22526984126984126,0.19705434230573896,0.22533959629300496,0.22543792840822544,0.1971062317552989,0.22550761421319798,0.19718309859154928,0.2255772646536412,0.31307877711531146,0.19723490613901573,0.3131261889663919,0.22558965254882068,0.19728667427412197,0.3131338742393509,0.1973634174166561,0.19746514575411914,0.26409833988087694,0.31310187531677647,0.2255162802483213,0.2641246516341525,0.1974667511082964,0.3130699088145897,0.22552868177789034,0.22562674094707522,0.1974933535890619,0.22569620253164557,0.2640172130110113,0.26411035180966846,0.26420346703783376,0.19749493927125505,0.22567994939911448,0.19757146471034656,0.2257493360313646,0.19764795144157815,0.2641294727525604,0.22579013906447534,0.19769940589053217,0.31256319514661274,0.19777581195501073,0.19787717968157695,0.19797852179406192,0.31253158160687217,0.19805481874447392,0.3125789340742612,0.2256598055310014,0.19810606060606062,0.31258679459664185,0.19818227720272658,0.1982834784803736,0.2637556789500252,0.3125552050473186,0.22558667676003027,0.2637820108489971,0.3125630676084763,0.3126497666792786,0.22559899117276166,0.22569663346362376,0.2257942511346445,0.19815958653724947,0.2636753214015629,0.3125393824826717,0.3126260080645161,0.22577800176389065,0.263668430335097,0.26376117898979723,0.22581863979848865,0.3125550938168996,0.312641651976832,0.3127281883419363,0.2258308157099698,0.31277533039647576,0.3128618172665492,0.22587139801182837,0.26358832410669353,0.26368096615926534,0.3128301886792453,0.31291661426235695,0.19781187122736418,0.31296366151137933,0.2257983404576314,0.22589566310496542,0.19783810960281548,0.2635415357546814,0.2259361648655441,0.2260334212840809,0.2635678391959799,0.1978394674035925,0.26362722933936195,0.22604546025367322,0.22614264188849825,0.263653483992467,0.2262113984433844,0.22630852265595583,0.3125,0.1977663445852679,0.2636135508155583,0.1978421778948689,0.19794279979929755,0.2636397842719177,0.22623526460998244,0.31235109717868337,0.1979689067201605,0.2636329447160587,0.19804462271245926,0.3123198395788946,0.2636591478696742,0.26375140959779475,0.26384364820846906,0.2639358637103846,0.26402805611222446,0.31221039448966814,0.22602053593789131,0.26405408789282586,0.2641462193289935,0.31217924646388784,0.3122653316645807,0.3123513953197347,0.31243743743743746,0.22594770424121105,0.19777332999749814,0.19787367104440276,0.2259879939969985,0.22608478179317243,0.22618154538634658,0.1978997374671834,0.198,0.3122109736282965,0.22619345163709073,0.2262901411970511,0.2637431284357821,0.2638351030605871,0.26392705470896827,0.1979517921818409,0.22627372627372627,0.19802721937819953,0.19812734082397004,0.3119460741480464,0.22628557164253618,0.2263821290403095,0.2264786623409034,0.1981285090455396,0.26372255489021956,0.2265186478732693,0.2266151159890247,0.19815438333956853,0.22668329177057356,0.31168183518264553,0.3117676389927699,0.31185342141343636,0.2266949152542373,0.19813084112149532,0.19823075006229754,0.22673477015074125,0.1983059292476333,0.19840577905094034,0.19850560398505604,0.19860540405927032,0.19870517928286852,0.26328893315075313,0.26338063231267117,0.19875544492843808,0.2266052762568442,0.22670150553689186,0.22679771087335157,0.2268938922751586,0.2633084577114428,0.226961820669071,0.22705794578463068,0.3112022877035932,0.19865738438587768,0.1987569919204475,0.3112105393984589,0.227041133341618,0.2271371769383698,0.1987824574481302,0.2272049689440994,0.19885728480934045,0.22727272727272727,0.19893207500310442,0.22734045194934194,0.31098696461824954,0.22740814299900694,0.1989574283231972,0.2628443782576322,0.19903213798237995,0.22741935483870968,0.19910681056940827,0.2274869759364922,0.19918144611186903,0.2275545634920635,0.26274023558586485,0.1992313414331763,0.26279905789016983,0.19930589985126426,0.22753748915602925,0.1993804213135068,0.22760500557551727,0.19945490584737363,0.26272761055369753,0.31037899430270005,0.22761609907120742,0.19947994056463597,0.2276835458709917,0.26268878435256254,0.22775095927713826,0.22784653465346535,0.22794208637544858,0.22803761445186835,0.1994309043671904,0.2281048985650668,0.22820037105751392,0.2282958199356913,0.2283912452083591,0.228486646884273,0.22858202497218444,0.19938195302843015,0.22864911630206403,0.2287444389520514,0.22883973804522426,0.1994069681245367,0.3096973440395306,0.2288784584980237,0.2289736939607262,0.22906890590269202,0.19940733423879492,0.2291358024691358,0.22923095914084682,0.22932609232288323,0.19943230902135012,0.2293928923988154,0.229487970388649,0.22958302491981247,0.2618724559023066,0.2619634928465713,0.22962140831175237,0.22971639950678174,0.19935889532733325,0.1994575936883629,0.1995562677184765,0.19965491742666996,0.2618607516943931,0.19972893050763924,0.19982752248367625,0.22961320522296133,0.2297080921295726,0.1998768472906404,0.19997537249107253,0.20007387343018962,0.2617259633140465,0.2618168389955687,0.22966153846153847,0.3086389367462466,0.20007382798080472,0.2296998031496063,0.229794562676836,0.22988929889298892,0.22998401180666583,0.2000737825873094,0.23005041190212713,0.2001475288910745,0.30842040565457896,0.2002212389380531,0.20031952808160255,0.3084295895797493,0.20039316869394275,0.2004914004914005,0.3084387667362732,0.22991893883566691,0.20054034139751933,0.2299852652259332,0.3084100675260896,0.30849496685489813,0.20056462501534308,0.3085419734904271,0.20063811510614799,0.3085889570552147,0.22991044043675624,0.20068694798822376,0.22997669569483625,0.30856021584498405,0.30864500306560394,0.20071113290828838,0.22998651464999387,0.23008090218190733,0.30861625199166565,0.20073529411764707,0.2301188579830903,0.2302131830433717,0.20078402548082813,0.30854973052425283,0.3086344151867728,0.2302228753367622,0.26056079343700256,0.30864348677766895,0.308728118496756,0.308812729498164,0.23020438134867213,0.23029858051884483,0.3088217300868714,0.260459995106435,0.26055045871559634,0.2303082191780822,0.26060902531490765,0.3087551968696503,0.23034600806944613,0.230440097799511,0.30876420975430874,0.2305059887558054,0.2306000244409141,0.23069403714565004,0.26047648136835677,0.308697776691913,0.3087822157078295,0.308866634098681,0.23067529612895346,0.3089133089133089,0.30899768038090586,0.2001953125,0.3090443061149762,0.23065657798389066,0.26028065893837704,0.20021961932650073,0.23069415639868243,0.30897779946328374,0.30906208074155384,0.2002439024390244,0.3091086452871601,0.23067544501341136,0.30915518712666096,0.2601170160897123,0.23071297989031078,0.30916402632220324,0.23077860363104666,0.23087231968810917,0.23096601291265684,0.2310596833130329,0.23115333089757642,0.2312469556746225,0.2599537318884695,0.23131239347455565,0.23140596469872185,0.19997565725413827,0.3088718510405257,0.3089559503528839,0.30904002920063267,0.23138686131386862,0.23148035518793333,0.23157382631963025,0.30901130974097046,0.19990272373540857,0.3090577507598784,0.199975686846584,0.23155463717029293,0.20004861448711717,0.2001458257382428,0.25953827460510326,0.20021868545741708,0.2315354713313897,0.259565164581562,0.20026718484333253,0.3088038858530662,0.25959203496843125,0.3088503095787301,0.2314882252974023,0.30889671076586966,0.30898058252427185,0.23152530032763013,0.20019412763892258,0.2594929030692709,0.23156234837457546,0.30891449363250456,0.23162745573611448,0.2594882987753122,0.2316925315227934,0.25954661171051036,0.30884848484848487,0.3089322506362865,0.2317014057198255,0.30897855325336243,0.30906227283741217,0.23173834039975771,0.25944767441860467,0.23180331839651205,0.1999273431823686,0.25947451265286353,0.2,0.2595327442198281,0.30888404744613895,0.30896768728064866,0.23172797676669893,0.30901391409558376,0.3090975078635374,0.30918108140800776,0.23173681664247703,0.30922723424839765,0.309310761789601,0.23177366702937977,0.23186653771760155,0.2592771666868125,0.1997824510514866,0.30924471299093653,0.25930401159980665,0.19983085659055214,0.2593621647741,0.19990336997221886,0.2,0.30914140804250695,0.23170731707317074,0.30918749245442473,0.2317720907774022,0.2,0.30919623461259954,0.20007240255822373,0.20016891891891891,0.2591386174448064,0.30916767189384803,0.23169702086599928,0.2591654606849976,0.3091764138430001,0.30925970581143,0.3093429776974081,0.3094262295081967,0.23164999397372543,0.309472161966739,0.25906735751295334,0.2,0.25912540657752076,0.20007227174174896,0.3094062387089004,0.23157514450867053,0.20012040939193257,0.2590898145918613,0.2591790056578789,0.2315840154068368,0.2592369719581177,0.23164861612515042,0.3092287330044519,0.23171318575553418,0.3092746300974378,0.30935770988693767,0.2317498496692724,0.2591390091390091,0.3093663580618011,0.23178648713633085,0.3094121889650198,0.3094951923076923,0.1998557865641149,0.3095409757269887,0.19992791060915535,0.25901009130225855,0.2,0.2000960845544079,0.25903686801969494,0.23162824207492796,0.2590947292592148,0.23169267707082833,0.3093266114512063,0.23175708113298127,0.2000480019200768,0.30933525317974564,0.2590281943611278,0.20009596928982726,0.25908600215905003,0.2591748620772367,0.3092696966063077,0.2001199040767386,0.30931542980457977,0.30939822584512106,0.25913939829797433,0.23154362416107382,0.2591971240263631,0.23160795590702132,0.3093326943812148,0.2592237661715381,0.3093783686669062,0.23161676646706586,0.2592503891749491,0.30938697318007663,0.19992816951993295,0.23162556858989705,0.259245960502693,0.2593346098611776,0.1999521359339476,0.25939219909069156,0.3092475176456514,0.30933014354066984,0.309412749671092,0.23152355895718726,0.2593566901829487,0.23158775705404114,0.30938433950986255,0.19985656227587856,0.19995219313971554,0.259321223709369,0.23156888517146612,0.3093189964157706,0.3094015051965118,0.2593167701863354,0.23157769019467336,0.30941007881538096,0.19988059701492536,0.23161413562559693,0.23170586128685686,0.3093817140128909,0.1999045232127939,0.23174224343675418,0.19997613649922444,0.30935337628251014,0.23177859954670166,0.20002385496183206,0.20011926058437687,0.2590031004054376,0.3092881840944319,0.25906056270863137,0.20014304446298725,0.20023837902264602,0.25908711714932664,0.3092230695900858,0.23162158941975455,0.20026209197045508,0.30923168552709945,0.20033349213911386,0.2590210789567703,0.2591093117408907,0.30920347660435765,0.3092857142857143,0.2003332936555172,0.3093311116400857,0.2590741401880281,0.20038077106139934,0.20047590719809638,0.23138234594337379,0.20054716307838705,0.20064224548049478,0.25900820549411346,0.3091557669441142,0.2590655094519082,0.20066571564431765,0.30916438844645194,0.2590919895412408,0.20071301247771836,0.23122623574144488,0.2007841273612926,0.25908766928011406,0.2008552084570614,0.30902612826603326,0.23120769504809405,0.20090239848017097,0.30903478570580556,0.3091168091168091,0.2589910979228487,0.20092570614763827,0.309125430164946,0.2590175605125771,0.2009728318899039,0.30913404507710557,0.30921598861345034,0.25901328273244784,0.23099727261947112,0.2310884515058098,0.25903971547125076,0.30915125651967756,0.2009007941211331,0.20099549656316662,0.30915985306315913,0.23104265402843602,0.23113375192512736,0.20101871594408907,0.309131825180623,0.3092136428233065,0.2311426879810539,0.3092588207435472,0.30934059429383215,0.2587594696969697,0.2009705290566931,0.2311242603550296,0.25878594249201275,0.20101751064836726,0.20111203123151544,0.23113319138869173,0.2587817859254879,0.2588694418164617,0.25895707697765163,0.2011113738472452,0.25901406785672065,0.20118203309692673,0.3089469329866446,0.23103285275348617,0.3089920831856316,0.30907372400756145,0.25894861193148255,0.20115757146231986,0.2590055509625605,0.20122815304676428,0.2590624631007203,0.3089728453364817,0.3090544209656475,0.23087818696883852,0.25905818482237697,0.25914562190228935,0.23091445427728613,0.3089900896649363,0.2309779403090716,0.25914130691200754,0.23104139639108384,0.3089622641509434,0.23110482254451126,0.2311954727658571,0.3089708829423553,0.30905233380480907,0.23123158515026518,0.2590148479849163,0.2591021562389537,0.25918944392082943,0.23124042879019907,0.20082449941107186,0.23130373336473914,0.2313942534149788,0.25915459790415635,0.2592418177537085,0.20082401412595643,0.3087335216572505,0.20089443332941037,0.3087785361261473,0.23132133192140253,0.20094117647058823,0.3087872015057052,0.2591155022347683,0.20098788662824885,0.3087958607714017,0.30887713109935333,0.30895838231836353,0.23122134712589631,0.25905030559473435,0.20096368550946056,0.23125734430082256,0.20103395605686758,0.3088580827067669,0.3089392693527546,0.23126614987080105,0.23135642982971227,0.2589243776420855,0.3089115885875308,0.3089927212960789,0.20096255429040968,0.23133802816901408,0.3090012909282948,0.30908237502933583,0.30916344010325003,0.2313467855466917,0.2587683284457478,0.3091719446399249,0.2008912865017005,0.23135553470919323,0.25876421620354084,0.20093786635404454,0.25882077130465364,0.25890764181903425,0.3090355091995781,0.3091164752753691,0.2312829525483304,0.3091611996251172,0.30924212252547734,0.3093230264698993,0.25881250731935823,0.23126463700234193,0.3093314600163915,0.30941231561695154,0.20074915135198407,0.25877808988764045,0.25886483323581044,0.3093845073718699,0.3094653094653095,0.3095460926532522,0.30962685694233244,0.30970760233918126,0.30978832885042684,0.20065481758652948,0.2587396235239097,0.3097965863923311,0.20070134424313268,0.2007947639083684,0.2008881617389272,0.23089506894134143,0.3097324453791331,0.20093457943925233,0.25861464782151616,0.3097407147862649,0.20098096461520495,0.20107426436244746,0.258610624635143,0.3097128181181415,0.23076923076923078,0.2586367880485528,0.20107363753063368,0.2308051341890315,0.30964881577412207,0.20111992533831077,0.2586025895252537,0.2586890599486821,0.2587755102040816,0.30958488805970147,0.20111927247289263,0.2588015854511541,0.2011889497610444,0.23065268065268066,0.25882764246591305,0.23071545094383594,0.2012116975416521,0.2588536812674744,0.25894001164822367,0.25902632191940367,0.25911261208804004,0.30926874708896135,0.2306438467807661,0.20116414435389987,0.20125712955418462,0.23067970204841715,0.25904806237635286,0.30916918780544567,0.2591041303083188,0.23068869241507678,0.2012329882517157,0.2013258897418004,0.25909989533666705,0.2591860465116279,0.23067085222648528,0.23076028830504533,0.23084970359177032,0.2309390980939098,0.20127832655432887,0.2591215431094585,0.30881840362495644,0.30889869888475835,0.23092112905099316,0.23101045296167247,0.23109975612588549,0.2590571295866233,0.23116219667943805,0.2591130717436731,0.2591990713871155,0.23119777158774374,0.30869212022745735,0.23126015316778836,0.23134934447151642,0.2591647331786543,0.3086648880640297,0.2313848295059151,0.2591905369361011,0.20095083487940632,0.3086376811594203,0.23139346162763738,0.259186275646227,0.30864626796476585,0.30872638776219724,0.23140208574739282,0.2591820183061059,0.30873493975903615,0.23143750723966175,0.23152652304841326,0.3087434858135495,0.20078740157480315,0.25911774921847863,0.23153507756425099,0.25917351545317746,0.30868055555555557,0.23157042009026732,0.2316593381161768,0.3086891125766516,0.23172142526608053,0.2318102949681897,0.30869766365949575,0.3087776107320458,0.231845513413506,0.23193432766793848,0.30878612716763004,0.2319963010056641,0.20053166897827093,0.25886975615393504,0.20060087820660966,0.2589254766031196,0.30868761552680224,0.23195102229409725,0.20062370062370063,0.20071601801593716,0.20080831408775981,0.23195935804179657,0.2588316785961672,0.23202123975528108,0.20083102493074792,0.20092325447201384,0.20101546272790213,0.23202953732548748,0.23211813567143516,0.23220671357711387,0.2322952710495963,0.308268942451851,0.20099169741697417,0.20108382335985242,0.20117592806087156,0.20126801152737753,0.25852927616413096,0.2322231185893742,0.23231159253284167,0.232400046088259,0.2012672811059908,0.2324616979610644,0.25846579129232894,0.2013129102844639,0.2014048825426071,0.2584916522740357,0.2014736357356666,0.23241625417290204,0.20154235727440148,0.20163425020140407,0.23245109321058688,0.23253940858359223,0.23262770363552693,0.2016565052340964,0.2017483321831148,0.20184013801035078,0.2582796688132475,0.23260894561342993,0.2583352494826397,0.2018622830210369,0.20195402298850576,0.2020457418687507,0.23259020914732245,0.25830173503389636,0.20209099264705882,0.23262492820218264,0.25832759016770046,0.23268634432066154,0.3070739549839228,0.20208979216902057,0.3071182548794489,0.2582941108942716,0.20213498622589532,0.20222655801675657,0.23261418407160891,0.20229489386115893,0.2023864157870583,0.2582310427899507,0.2326221610461115,0.2327101731849983,0.20240825688073394,0.3068455452356381,0.23274478330658105,0.25816806144675,0.20243007794589638,0.2025214899713467,0.23275269310107724,0.20258966426034147,0.258134738771769,0.23278726085462254,0.3066437571592211,0.306723170312679,0.23282180485570317,0.20256498339631285,0.23288298603160065,0.25804235832856326,0.30666208791208793,0.2580977452214719,0.202563515678645,0.2581531067627875,0.2026315789473684,0.2582084429699119,0.202699611072981,0.25826375386023104,0.30649588289112534,0.20274442538593482,0.20283558198033386,0.2326511946953241,0.23273891175125744,0.20288032918047777,0.20297142857142858,0.23277339732601987,0.20303930530164535,0.23283445675768308,0.2031071510166781,0.25802398629354656,0.2031749657377798,0.20326595866164213,0.2328157113496232,0.20333371389428018,0.2328767123287671,0.3060152950576418,0.23293768545994065,0.203355015405683,0.23299863076220903,0.20342270393610953,0.23305954825462014,0.2331470286300901,0.20346715328467152,0.20355798836811495,0.2331812998859749,0.2332687264850074,0.3057455540355677,0.20357916334207227,0.23330294050604058,0.20364672364672365,0.2333637192342753,0.20371425316167255,0.23342447026657553,0.2037817519079622,0.25740318906605925,0.20384921990661656,0.3055112730585288,0.2574291244449505,0.23337887067395263,0.20387023335230506,0.23343956294104257,0.25742574257425743,0.23350022758306782,0.3053817271589487,0.2335608646188851,0.20384484131498123,0.2039353958143767,0.2040259297168202,0.20411644302933818,0.20420693575895396,0.23351523419736245,0.23360236444242355,0.2042509661286656,0.3051483123082168,0.20431818181818182,0.20440858993296215,0.30515791865485115,0.3052368510734977,0.2335302135393003,0.23361726291879614,0.23370429252782193,0.2337913023731123,0.23387829246139874,0.23396526279940968,0.2043132803632236,0.30507320394960846,0.23399909214707218,0.20435719959151255,0.3050828227819378,0.30516165626772546,0.2044010889292196,0.2339798117273449,0.2044681333635745,0.23404014060551082,0.23412698412698413,0.23421380795828137,0.2343006121060984,0.23438739657712795,0.23447416137805985,0.23456090651558073,0.20439610242465442,0.20448623541407046,0.30482555505210696,0.2563144183939291,0.23454133635334087,0.2346280149473446,0.20448369565217392,0.2346881014377901,0.3047317183608784,0.30481041312959817,0.3048890900860118,0.23469503225076382,0.3049332428151165,0.20443489082475394,0.3049773755656109,0.2045017531953399,0.3050214883510518,0.2045685853217234,0.23462234283129804,0.23470887507066138,0.23479538774587383,0.2045891262574884,0.30492766726943943,0.3050062153915697,0.20463276836158192,0.2347757315557564,0.25576140985088114,0.2558454761097933,0.3049469166478428,0.30502540937323547,0.30510388437217706,0.255842836174777,0.30514788891397604,0.3052263235128118,0.23465011286681717,0.3052702855208216,0.20446851726472579,0.2557824664334875,0.23465703971119134,0.2045121263395375,0.25580870742161066,0.23469042517198602,0.3051420838971583,0.23475025369263727,0.30518602029312286,0.25577725171908466,0.23478358881875563,0.3051955370224276,0.20441739914356546,0.2348169014084507,0.25574583145561064,0.23487664751605272,0.30513629195764813,0.2349363667079626,0.2350225225225225,0.20436887737867357,0.3051114613825715,0.2556568726781493,0.20441242683475913,0.3051209904333146,0.20447895566058968,0.30516484753010015,0.20454545454545456,0.23489706378670266,0.2046119235095613,0.3051400292430548,0.2349302744039586,0.2046553469020578,0.25545311445918595,0.20472175379426644,0.25550809352517984,0.20478813083061706,0.20487750056192403,0.20496685020788852,0.2050561797752809,0.3049095607235142,0.3049876432262413,0.23475233067505336,0.2050763701707098,0.2348119034250421,0.20514260049404895,0.3049287077579432,0.2348450830713965,0.20518576720170614,0.23490460157126825,0.20525193580967344,0.30486983842010773,0.2551329518680579,0.20529504150774064,0.25518788558609085,0.2053611484970839,0.30481103510149155,0.2054272258353891,0.2055163134880592,0.25515695067264577,0.2055823338190786,0.3047522976911006,0.25518323433822704,0.20562528014343343,0.25523809523809526,0.30472776159533943,0.2056681976027781,0.30477150537634407,0.23451674319632657,0.20571108622620382,0.2551785914231329,0.2345499328257949,0.30471286242023954,0.23460935751063353,0.20570789031897035,0.23466875559534467,0.2057737495803961,0.30465428507496084,0.23470186821792147,0.2058165548098434,0.20590537971144168,0.30462983672556476,0.20597115062059712,0.2346824686940966,0.2548910005589715,0.2347417840375587,0.30457136470325247,0.2348010728654448,0.23488657950609007,0.3045810055865922,0.23494581610993184,0.3046246648793566,0.25477493577571764,0.2349787804333259,0.2350642099385818,0.20578383206788745,0.25477280339399355,0.2548559946416611,0.3044982698961938,0.23504464285714285,0.20578060484320945,0.2548538272706985,0.20584625683364946,0.2549085229808121,0.20591187953151144,0.23499888467544056,0.23508419761347163,0.23516949152542374,0.25487791281079275,0.23522853957636566,0.23531378887526475,0.20586268390548373,0.20595118689401537,0.23534655671941163,0.30406685236768805,0.23540552584670232,0.30411050462292527,0.3041880151481399,0.2547054237665664,0.20590200445434298,0.25476004899231713,0.2548430193720775,0.23533340754758988,0.23541852181656278,0.20589872008903728,0.20598709103049187,0.20607544230555247,0.30396083667111706,0.20614083880298142,0.30400444938820914,0.3040818596374152,0.25467081850533807,0.20616034693650617,0.2547253724705359,0.2548082267926626,0.3040240106714095,0.23518950761364898,0.20615692376083575,0.25480608956550727,0.20622222222222222,0.25486057104766136,0.20628749166851812,0.2063756525602577,0.3038649489115948,0.23509161576901721,0.2351765489673551,0.25480182080603975,0.25488454706927177,0.20634920634920634,0.20643729189789123,0.23515703029630453,0.23524189968930315,0.2548540996338622,0.23530064344353227,0.3036051026067665,0.23535936113575864,0.3036486636353554,0.20636504768241296,0.20645304357467567,0.2547671840354767,0.25484979492295756,0.23531367767679007,0.235398426244043,0.2064494680851064,0.3034903047091413,0.30356747174828275,0.2064916362025036,0.2353788214443952,0.3035773618340902,0.235437430786268,0.2355220905769018,0.23560673162090345,0.20646518321709287,0.2545937569183086,0.23563918096292197,0.20650730411686588,0.20659510899634834,0.3033857048019473,0.23564553601062063,0.20663716814159291,0.2357040150425838,0.20670205706702058,0.20678978215194072,0.23573639982308714,0.30326147042564955,0.25436657086004866,0.20680888692384217,0.23574270557029178,0.23582716322245553,0.23591160220994475,0.23599602253894597,0.23608042421564296,0.2067822821164255,0.25425226419262204,0.2361126449475428,0.3030035335689046,0.20680136910676825,0.23614484433649813,0.20686610001103875,0.23620309050772628,0.23628738549828937,0.23637166188479364,0.23645591967339732,0.20686231244483672,0.20694980694980694,0.2070372821530995,0.23646189478328003,0.2071018967798853,0.23652001323188884,0.2071664829106946,0.23657810605225443,0.2072310405643739,0.3025460156508321,0.2366100947762839,0.20727272727272728,0.20736007051564567,0.2074473945136058,0.3024895351398987,0.2075118405110695,0.2365638766519824,0.20757625812135228,0.25357850693679806,0.20764064736320598,0.20772787318361954,0.3023665382498624,0.2077922077922078,0.23649169142731374,0.23657570422535212,0.2366596985366927,0.25346534653465347,0.23671763282367175,0.23680158380994282,0.25349169690971074,0.2077193754123598,0.3021440351841671,0.20778364116094986,0.23678135649115092,0.253462299406463,0.2368392131003407,0.23692307692307693,0.2077793649049555,0.23698088332234674,0.30198835548720204,0.23703866432337434,0.2371224601867106,0.20777509334504723,0.2371801910618206,0.2078392621870883,0.2532660006586892,0.237211855104281,0.3018329491823071,0.23726953467954345,0.23735323164709754,0.2078121571209129,0.2374108612177729,0.2374945151382185,0.23757815070746957,0.23766176793156393,0.30167781554995066,0.23771929824561402,0.3017213024887622,0.2077395308046481,0.2529869560451606,0.3017316966242876,0.2376986301369863,0.20775805391190005,0.2377561082502465,0.20782208588957055,0.2378135611786614,0.2378970427163198,0.23798050596867812,0.23806395094174332,0.20781780356947332,0.2527917670243048,0.25287356321839083,0.238069176882662,0.2381525664879063,0.3013788575180565,0.20779078673815515,0.20787746170678337,0.20796411771141013,0.2080507547582586,0.2527616755988188,0.23807961504811898,0.23816293056314927,0.20806910124644654,0.2081556794577457,0.23819414079580237,0.3011258060990272,0.23825136612021858,0.3011692711179106,0.3012456293706294,0.252594777668524,0.2081057461219139,0.25264882577826325,0.2527304499781564,0.3011903461832478,0.20812404455121206,0.23812643301670489,0.23820960698689955,0.23829276279882108,0.2383759004584152,0.25264651315071485,0.2080969009166303,0.25270049099836334,0.2383809731616845,0.30097087378640774,0.23843804537521815,0.3010142872723307,0.20806979280261723,0.30105768182313813,0.23844308765808983,0.3011010574512155,0.30117724002616086,0.2384741144414169,0.23855710549258935,0.3011877519886673,0.30126389191545,0.23858808149035843,0.2079520697167756,0.301274370983553,0.30135046830755824,0.20799303060002178,0.2385670731707317,0.3013609145345672,0.23862399303287612,0.25220420158920215,0.23868088811493252,0.23876373925345523,0.23884657236126225,0.2079207920792079,0.20800696257615317,0.23887740672250626,0.2080704807483141,0.2389342033713975,0.23901696389734667,0.23909970642600847,0.23918243096325287,0.23926513751494727,0.2519565217391304,0.23932181284642973,0.23940447728754619,0.20797566011083343,0.20806171229900045,0.23943508962520368,0.20812513578101238,0.30074942978168784,0.20818853171155516,0.20827451406233033,0.23941368078175895,0.20833785691021606,0.30069474598349977,0.23944426354064907,0.20837855437377903,0.3007053716766142,0.2394748263888889,0.20841922534447216,0.25157300932957255,0.20848248183100118,0.30065075921908896,0.23945342153779417,0.20852309694209498,0.2395099208500488,0.2085862966175195,0.3005962059620596,0.23954042922176458,0.23962284599544814,0.20860424794104898,0.3005742767363745,0.30065005417118096,0.208644783880403,0.20873050259965337,0.20881620275100185,0.20890188434048082,0.3005955603681646,0.2089649198787354,0.23947168994262205,0.23955401602078372,0.20900530360428618,0.20909090909090908,0.30050860296504706,0.23955853711317895,0.23964080926106243,0.20910861099091302,0.20919415900486749,0.23967120917153364,0.23975343354601492,0.2398356401384083,0.23991782895448158,0.2091891891891892,0.20927467300832342,0.25075659316904453,0.2508375661947477,0.20931489085800734,0.20940032414910859,0.23984442523768368,0.20946310899859566,0.239900626485202,0.2095258667242683,0.2096112311015119,0.2999676060900551,0.3000431872165839,0.30011875202418226,0.20962867012089811,0.2097139773340529,0.25059356788258147,0.23977554764217116,0.23985757444971947,0.3000323659510195,0.20970873786407768,0.2398878222413979,0.2505392579810181,0.23994392321794458,0.25059305585507874,0.20970350404312668,0.23997412677878396,0.2097660881750566,0.24003017891787023,0.2505657937277724,0.24008620689655172,0.20978342850985884,0.24014221073044603,0.2098459549714532,0.24019819043515725,0.20990845449649972,0.2995907818220978,0.25045762894368473,0.2099483204134367,0.2401765529120465,0.29956942949407966,0.20998816058551287,0.24020662935858803,0.2100505757021414,0.29954809554551326,0.24023668639053256,0.2403184165232358,0.25029579434226096,0.2503764250376425,0.21002258307344876,0.2403225806451613,0.25040318245349963,0.24037841324446355,0.21003977211652156,0.2504299226139295,0.29930145083288556,0.2403825488931872,0.240464166756205,0.21003437902879243,0.24051992695241164,0.2992481203007519,0.24057566319407153,0.24065721649484537,0.24073875228175667,0.29922697015245864,0.2993022007514761,0.24076857020180334,0.20993882150906945,0.24082421120412106,0.2501341345637944,0.24087982832618027,0.2992168222293745,0.2409354215833512,0.2099109728628124,0.2501072501072501,0.20997319034852546,0.2991636285653013,0.24091347700225152,0.24099485420240138,0.25008039446886055,0.209967845659164,0.25013396206194405,0.299078439777111,0.21000750026786671,0.21009213627598028,0.2409212640599893,0.2410025706940874,0.24108385991217735,0.2989933604626258,0.21008673305493095,0.24111349036402568,0.24119473289797666,0.21012631128238066,0.2102108530450605,0.2498929794520548,0.24119850187265918,0.24127969184677936,0.24136086444848615,0.24144201968335474,0.24986629586051984,0.21016042780748664,0.24991979467436637,0.2986526946107784,0.21019993584946006,0.24139405601881547,0.2414751469802245,0.2986318939717828,0.24153040504435183,0.21019448600128232,0.24158563949139866,0.24166666666666667,0.2497596410639889,0.24172185430463577,0.24981309409377336,0.24177701836821872,0.24185798184730378,0.24193892803758274,0.2983879577239244,0.2419940222032451,0.2984309958373359,0.24204909284951975,0.21000960409774838,0.24210413999146393,0.2100714819161421,0.2983784937059953,0.24213333333333334,0.2984215017064846,0.24218833315559346,0.24226914054169332,0.2984326687280094,0.24232409381663114,0.29847564225562306,0.20997655084203795,0.2100607481615688,0.21014492753623187,0.24230154501864679,0.24238227146814403,0.2983913923511239,0.21016190881976993,0.24241133241026733,0.24920127795527156,0.21020125652220212,0.21028534923339012,0.24922814862131373,0.2423887587822014,0.2103246407663651,0.24244359301830568,0.21038629349792487,0.21047031283251755,0.21055431428875412,0.24914893617021278,0.24922880544622913,0.24930865773239735,0.2105710943315963,0.21065504040833688,0.24231791600212652,0.24930895173293643,0.21069416392048473,0.2107780612244898,0.29779997874375597,0.2108395324123273,0.21092338752523643,0.24224394390140247,0.24922978859024753,0.2109623964308477,0.2110462028677642,0.24925658453695837,0.24222151428268027,0.24930983223614356,0.2110627455143858,0.21114649681528663,0.24222481689841843,0.2493101252388028,0.2422795288124801,0.21116298811544992,0.2423342175066313,0.29736897941862933,0.29744351331282487,0.29751803139584215,0.2111570686180931,0.2112407211028632,0.24228607782843814,0.24236641221374045,0.24244672956641578,0.24252702989188044,0.29740328563857976,0.24258160237388723,0.2426618628801526,0.24899343081161263,0.24271638944803475,0.2111228813559322,0.21120643999576316,0.21128998093624232,0.2113735041829927,0.2114570097416349,0.21154049761778718,0.2116239678170654,0.2117074203450831,0.29709991532599495,0.2971743041591703,0.29724867724867726,0.29732303459951326,0.24248836225137538,0.24256849677351106,0.24264861434313517,0.24272871496562665,0.24862521150592218,0.21158929893200804,0.21167265806724467,0.21175599957712232,0.2427061310782241,0.24278617482295742,0.24857324032974001,0.2428405368276445,0.2117497886728656,0.29698890649762283,0.24286921614198184,0.29703179465511775,0.21176594845796368,0.24849508923856795,0.24287222808870115,0.24295216978143808,0.2430320945945946,0.29694922411063024,0.2970234325522483,0.24306068601583114,0.24314056563951034,0.2432204284056136,0.24836463388900612,0.21162569891338748,0.21170886075949366,0.29690960869106636,0.24836532377135626,0.24844458504692607,0.24314635175031632,0.2484976278334212,0.21168037107316046,0.24317487087593548,0.24325463743676223,0.24333438718516176,0.2434141201264489,0.2484458961121062,0.2485250737463127,0.21162962182660908,0.2117126606277649,0.24339125855713534,0.21177337826453244,0.24849952616615772,0.24857864813644978,0.2118117696599642,0.24336842105263157,0.211872434480581,0.2119553778151968,0.21203830369357046,0.2962962962962963,0.29637033140452396,0.29644435093625077,0.24329441464184284,0.29648716870004205,0.24839625617835734,0.24332281808622502,0.24844916412574913,0.21194280908326324,0.21202564911174182,0.24332562539415598,classic
