8_163361256_163390990,1.0,0.5,0.3333333333333333,0.5,0.4,0.5,0.2857142857142857,0.5,0.5555555555555556,0.6,0.2727272727272727,0.5833333333333334,0.3076923076923077,0.5714285714285714,0.06666666666666667,0.1875,0.29411764705882354,0.5,0.21052631578947367,0.5,0.23809523809523808,0.09090909090909091,0.2608695652173913,0.25,0.28,0.11538461538461539,0.14814814814814814,0.25,0.3793103448275862,0.26666666666666666,0.3870967741935484,0.40625,0.2727272727272727,0.4117647058823529,0.14285714285714285,0.2222222222222222,0.40540540540540543,0.42105263157894735,0.4358974358974359,0.225,0.24390243902439024,0.23809523809523808,0.4186046511627907,0.25,0.4222222222222222,0.13043478260869565,0.23404255319148937,0.25,0.40816326530612246,0.14,0.4117647058823529,0.15384615384615385,0.41509433962264153,0.16666666666666666,0.21818181818181817,0.23214285714285715,0.24561403508771928,0.1724137931034483,0.1864406779661017,0.25,0.3770491803278688,0.20967741935483872,0.25396825396825395,0.265625,0.27692307692307694,0.18181818181818182,0.208955223880597,0.22058823529411764,0.18840579710144928,0.2714285714285714,0.3380281690140845,0.2222222222222222,0.2328767123287671,0.33783783783783783,0.26666666666666666,0.27631578947368424,0.18181818181818182,0.19230769230769232,0.27848101265822783,0.2875,0.2962962962962963,0.3170731707317073,0.3253012048192771,0.21428571428571427,0.29411764705882354,0.22093023255813954,0.22988505747126436,0.3181818181818182,0.3258426966292135,0.28888888888888886,0.17582417582417584,0.18478260869565216,0.1935483870967742,0.22340425531914893,0.23157894736842105,0.19791666666666666,0.30927835051546393,0.20408163265306123,0.2727272727272727,0.28,0.2079207920792079,0.28431372549019607,0.21359223300970873,0.28846153846153844,0.29523809523809524,0.29245283018867924,0.21495327102803738,0.2962962962962963,0.29357798165137616,0.20909090909090908,0.2972972972972973,0.21428571428571427,0.3008849557522124,0.2894736842105263,0.30434782608695654,0.29310344827586204,0.29914529914529914,0.3050847457627119,0.3025210084033613,0.20833333333333334,0.30578512396694213,0.3114754098360656,0.3170731707317073,0.29838709677419356,0.192,0.30158730158730157,0.1968503937007874,0.3125,0.20155038759689922,0.2076923076923077,0.31297709923664124,0.29545454545454547,0.3007518796992481,0.19402985074626866,0.3111111111111111,0.3161764705882353,0.32116788321167883,0.1956521739130435,0.2014388489208633,0.20714285714285716,0.19858156028368795,0.31690140845070425,0.32167832167832167,0.3263888888888889,0.20689655172413793,0.21232876712328766,0.32653061224489793,0.27702702702702703,0.19463087248322147,0.2,0.2052980132450331,0.21052631578947367,0.27450980392156865,0.2792207792207792,0.2064516129032258,0.21153846153846154,0.21656050955414013,0.27848101265822783,0.3081761006289308,0.20625,0.2111801242236025,0.2777777777777778,0.2147239263803681,0.3048780487804878,0.3090909090909091,0.3132530120481928,0.31736526946107785,0.20833333333333334,0.27218934911242604,0.3176470588235294,0.3216374269005848,0.32558139534883723,0.27167630057803466,0.27586206896551724,0.32571428571428573,0.2784090909090909,0.2033898305084746,0.20786516853932585,0.3240223463687151,0.2111111111111111,0.3259668508287293,0.27472527472527475,0.2786885245901639,0.1956521739130435,0.2810810810810811,0.1989247311827957,0.20320855614973263,0.2074468085106383,0.21164021164021163,0.2789473684210526,0.21465968586387435,0.3125,0.20207253886010362,0.27835051546391754,0.3128205128205128,0.21428571428571427,0.2182741116751269,0.2222222222222222,0.27638190954773867,0.225,0.27860696517412936,0.22772277227722773,0.28078817733990147,0.28431372549019607,0.3024390243902439,0.1941747572815534,0.19806763285024154,0.28365384615384615,0.3014354066985646,0.2,0.2843601895734597,0.3018867924528302,0.2863849765258216,0.21962616822429906,0.22325581395348837,0.28703703703703703,0.2903225806451613,0.29357798165137616,0.2968036529680365,0.3,0.3031674208144796,0.3063063063063063,0.3094170403587444,0.21875,0.2222222222222222,0.28761061946902655,0.2907488986784141,0.29385964912280704,0.22270742358078602,0.2956521739130435,0.30303030303030304,0.22413793103448276,0.30472103004291845,0.3076923076923077,0.31063829787234043,0.3135593220338983,0.22362869198312235,0.28991596638655465,0.2928870292887029,0.3125,0.2946058091286307,0.17768595041322313,0.2222222222222222,0.3114754098360656,0.17959183673469387,0.22357723577235772,0.3117408906882591,0.22580645161290322,0.2289156626506024,0.288,0.3107569721115538,0.17857142857142858,0.31225296442687744,0.18110236220472442,0.3137254901960784,0.31640625,0.31906614785992216,0.1821705426356589,0.3204633204633205,0.3230769230769231,0.32567049808429116,0.183206106870229,0.27756653992395436,0.32575757575757575,0.2792452830188679,0.2819548872180451,0.18352059925093633,0.21641791044776118,0.32342007434944237,0.32592592592592595,0.3284132841328413,0.33088235294117646,0.2783882783882784,0.21532846715328466,0.21818181818181817,0.18115942028985507,0.18411552346570398,0.21942446043165467,0.32616487455197135,0.18571428571428572,0.2206405693950178,0.3262411347517731,0.2226148409893993,0.22535211267605634,0.27017543859649124,0.22727272727272727,0.22996515679442509,0.2326388888888889,0.2698961937716263,0.27241379310344827,0.18213058419243985,0.3184931506849315,0.32081911262798635,0.3231292517006803,0.18305084745762712,0.2702702702702703,0.32323232323232326,0.18456375838926176,0.22742474916387959,0.3233333333333333,0.2691029900332226,0.32450331125827814,0.32673267326732675,0.22697368421052633,0.32786885245901637,0.3300653594771242,0.18241042345276873,0.18506493506493507,0.18770226537216828,0.32903225806451614,0.3311897106109325,0.1891025641025641,0.22364217252396165,0.33121019108280253,0.26031746031746034,0.3322784810126582,0.2618296529968454,0.3333333333333333,0.18808777429467086,0.2625,0.26479750778816197,0.2670807453416149,0.33126934984520123,0.26851851851851855,0.3323076923076923,0.21779141104294478,0.3333333333333333,0.18597560975609756,0.1884498480243161,0.3333333333333333,0.26586102719033233,0.33433734939759036,0.2672672672672673,0.33532934131736525,0.3373134328358209,0.3392857142857143,0.34124629080118696,0.1863905325443787,0.3421828908554572,0.34411764705882353,0.3460410557184751,0.1871345029239766,0.3469387755102041,0.2616279069767442,0.34782608695652173,0.34971098265895956,0.2622478386167147,0.26436781609195403,0.18624641833810887,0.2057142857142857,0.20797720797720798,0.3465909090909091,0.26345609065155806,0.3474576271186441,0.18591549295774648,0.2640449438202247,0.3473389355742297,0.26536312849162014,0.34818941504178275,0.35,0.2659279778393352,0.20441988950276244,0.349862258953168,0.3516483516483517,0.35342465753424657,0.3551912568306011,0.26430517711171664,0.18206521739130435,0.2032520325203252,0.35405405405405405,0.3557951482479784,0.20430107526881722,0.18230563002680966,0.18449197860962566,0.2613333333333333,0.3537234042553192,0.1856763925729443,0.3544973544973545,0.3562005277044855,0.35789473684210527,0.35958005249343833,0.18586387434554974,0.360313315926893,0.3619791666666667,0.2,0.3626943005181347,0.2558139534883721,0.25773195876288657,0.20051413881748073,0.36153846153846153,0.25831202046035806,0.1836734693877551,0.361323155216285,0.20050761421319796,0.20253164556962025,0.3611111111111111,0.18387909319899245,0.36180904522613067,0.20300751879699247,0.3625,0.3640897755610973,0.3656716417910448,0.36724565756823824,0.18316831683168316,0.36790123456790125,0.2512315270935961,0.36855036855036855,0.18382352941176472,0.3691931540342298,0.2,0.36982968369829683,0.25,0.2009685230024213,0.25120772946859904,0.20240963855421687,0.36778846153846156,0.18225419664268586,0.20334928229665072,0.2052505966587112,0.20714285714285716,0.3657957244655582,0.20853080568720378,0.21040189125295508,0.36556603773584906,0.36705882352941177,0.3685446009389671,0.2107728337236534,0.24532710280373832,0.3682983682983683,0.3697674418604651,0.37122969837587005,0.21064814814814814,0.371824480369515,0.1774193548387097,0.24367816091954023,0.24541284403669725,0.21052631578947367,0.3698630136986301,0.3712984054669704,0.21136363636363636,0.24489795918367346,0.37104072398190047,0.21218961625282168,0.21396396396396397,0.3707865168539326,0.24439461883408073,0.174496644295302,0.3705357142857143,0.37193763919821826,0.17555555555555555,0.37250554323725055,0.24336283185840707,0.24503311258278146,0.3722466960352423,0.17582417582417584,0.37280701754385964,0.3741794310722101,0.2445414847161572,0.17647058823529413,0.24565217391304348,0.37310195227765725,0.37445887445887444,0.24622030237580994,0.375,0.3763440860215054,0.24678111587982832,0.24839400428265523,0.20512820512820512,0.2068230277185501,0.20851063829787234,0.2484076433121019,0.3728813559322034,0.1733615221987315,0.37341772151898733,0.20842105263157895,0.24789915966386555,0.24947589098532494,0.17364016736401675,0.37160751565762007,0.20833333333333334,0.20997920997921,0.21161825726141079,0.2484472049689441,0.25,0.21237113402061855,0.2139917695473251,0.25051334702258726,0.1721311475409836,0.25153374233128833,0.2530612244897959,0.2545824847250509,0.3638211382113821,0.36511156186612576,0.2125506072874494,0.3656565656565657,0.2540322580645161,0.21327967806841047,0.3654618473895582,0.2545090180360721,0.256,0.3652694610778443,0.3665338645418327,0.25646123260437376,0.36706349206349204,0.3683168316831683,0.25691699604743085,0.21104536489151873,0.36811023622047245,0.16699410609037327,0.2568627450980392,0.2583170254403131,0.3671875,0.25925925925925924,0.2607003891050584,0.20970873786407768,0.21124031007751937,0.2611218568665377,0.2625482625482625,0.26396917148362237,0.36346153846153845,0.2648752399232246,0.2662835249042146,0.2676864244741874,0.36259541984732824,0.3638095238095238,0.3650190114068441,0.36622390891840606,0.16287878787878787,0.2665406427221172,0.1641509433962264,0.2674199623352166,0.16541353383458646,0.1669793621013133,0.26779026217228463,0.16822429906542055,0.16977611940298507,0.2048417132216015,0.20631970260223048,0.17068645640074212,0.26666666666666666,0.17190388170055454,0.2066420664206642,0.26703499079189685,0.17279411764705882,0.20733944954128442,0.2673992673992674,0.3546617915904936,0.20802919708029197,0.3551912568306011,0.2672727272727273,0.20871143375680581,0.21014492753623187,0.2115732368896926,0.26714801444043323,0.26846846846846845,0.21223021582733814,0.26929982046678635,0.27060931899641577,0.27191413237924866,0.2125,0.21390374331550802,0.21530249110320285,0.3481349911190053,0.34929078014184395,0.3504424778761062,0.16784452296819788,0.21516754850088182,0.3503521126760563,0.351493848857645,0.3526315789473684,0.1681260945709282,0.3531468531468531,0.2670157068062827,0.21428571428571427,0.35304347826086957,0.1684027777777778,0.16984402079722705,0.2664359861591695,0.17098445595854922,0.21379310344827587,0.21514629948364888,0.2663230240549828,0.17152658662092624,0.21575342465753425,0.3487179487179487,0.26621160409556316,0.21635434412265758,0.3486394557823129,0.17147707979626486,0.34915254237288135,0.21658206429780033,0.34966216216216217,0.35075885328836426,0.26430976430976433,0.17142857142857143,0.21644295302013422,0.3500837520938023,0.3511705685618729,0.17195325542570952,0.3516666666666667,0.17304492512479203,0.26245847176079734,0.17412935323383086,0.3509933774834437,0.17520661157024794,0.35148514851485146,0.26194398682042835,0.17598684210526316,0.35139573070607555,0.21311475409836064,0.3518821603927987,0.21405228758169934,0.3523654159869494,0.26058631921824105,0.2146341463414634,0.26136363636363635,0.21555915721231766,0.3511326860841424,0.17447495961227788,0.2161290322580645,0.35104669887278583,0.3520900321543408,0.17495987158908508,0.25961538461538464,0.352,0.35303514376996803,0.35406698564593303,0.35509554140127386,0.356120826709062,0.35714285714285715,0.358161648177496,0.21360759493670886,0.358609794628752,0.35962145110410093,0.3606299212598425,0.2138364779874214,0.36106750392464676,0.3620689655172414,0.21439749608763695,0.3625,0.17160686427457097,0.2538940809968847,0.25505443234836706,0.17236024844720496,0.17364341085271318,0.3606811145510836,0.2132921174652241,0.3611111111111111,0.362095531587057,0.25384615384615383,0.17357910906298002,0.21319018404907975,0.3614088820826952,0.3623853211009174,0.17404580152671756,0.21341463414634146,0.2146118721461187,0.3617021276595745,0.3626707132018209,0.21515151515151515,0.21633888048411498,0.17371601208459214,0.25037707390648567,0.1746987951807229,0.21654135338345865,0.36036036036036034,0.25037481259370314,0.36077844311377244,0.3617339312406577,0.1746268656716418,0.21609538002980627,0.36160714285714285,0.362555720653789,0.2166172106824926,0.21777777777777776,0.3624260355029586,0.17429837518463812,0.36283185840707965,0.24742268041237114,0.175,0.1762114537444934,0.24780058651026393,0.24890190336749635,0.21637426900584794,0.21751824817518248,0.21865889212827988,0.35953420669577874,0.36046511627906974,0.21915820029027577,0.24782608695652175,0.24891461649782923,0.21965317919075145,0.24963924963924963,0.2507204610951009,0.22014388489208633,0.22126436781609196,0.25107604017216645,0.2521489971346705,0.3562231759656652,0.35714285714285715,0.35805991440798857,0.25213675213675213,0.3584637268847795,0.2528409090909091,0.25390070921985813,0.358356940509915,0.3592644978783593,0.2542372881355932,0.2552891396332863,0.2563380281690141,0.170182841068917,0.21769662921348315,0.3576437587657784,0.17086834733893558,0.21818181818181817,0.3575418994413408,0.3584379358437936,0.1713091922005571,0.2545201668984701,0.35833333333333334,0.3592233009708738,0.17174515235457063,0.21715076071922546,0.35911602209944754,0.36,0.1721763085399449,0.2530949105914718,0.3598901098901099,0.3607681755829904,0.2534246575342466,0.2161422708618331,0.36065573770491804,0.3615279672578445,0.25340599455040874,0.2163265306122449,0.36141304347826086,0.21709633649932158,0.25338753387533874,0.2178619756427605,0.3608108108108108,0.3616734143049933,0.25336927223719674,0.1695827725437416,0.21774193548387097,0.21879194630872484,0.3605898123324397,0.3614457831325301,0.1697860962566845,0.36181575433911883,0.252,0.170439414114514,0.3617021276595745,0.36254980079681276,0.21750663129973474,0.25165562913907286,0.36243386243386244,0.21796565389696168,0.3627968337730871,0.36363636363636365,0.36447368421052634,0.16951379763469118,0.25065616797900264,0.36435124508519,0.36518324607329844,0.3660130718954248,0.16971279373368145,0.3663624511082138,0.25,0.21586475942782835,0.21688311688311687,0.3657587548638132,0.21761658031088082,0.2186287192755498,0.24935400516795866,0.2503225806451613,0.3646907216494845,0.25096525096525096,0.2185089974293059,0.21951219512195122,0.3641025641025641,0.22023047375160051,0.36445012787723785,0.2503192848020434,0.22066326530612246,0.3643312101910828,0.22137404580152673,0.22236340533672172,0.36421319796954316,0.3650190114068441,0.3658227848101266,0.3666245259165613,0.24873737373737373,0.3669609079445145,0.16498740554156172,0.1660377358490566,0.24874371859296482,0.24968632371392724,0.22055137844611528,0.22152690863579474,0.365,0.2222222222222222,0.3653366583541147,0.22291407222914073,0.24875621890547264,0.2496894409937888,0.22332506203473945,0.3643122676579926,0.22400990099009901,0.2249690976514215,0.22592592592592592,0.3637484586929716,0.24876847290640394,0.16359163591635917,0.36363636363636365,0.36441717791411044,0.24877450980392157,0.16401468788249693,0.22493887530562348,0.36385836385836384,0.22560975609756098,0.364190012180268,0.24817518248175183,0.16403402187120292,0.1650485436893204,0.22545454545454546,0.24818401937046006,0.36275695284159615,0.22584541062801933,0.36308805790108567,0.1650602409638554,0.36341756919374246,0.24759615384615385,0.16566626650660263,0.22541966426858512,0.362874251497006,0.36363636363636365,0.22580645161290322,0.3639618138424821,0.2467222884386174,0.16547619047619047,0.3638525564803805,0.22565320665083136,0.24673784104389088,0.2476303317535545,0.22603550295857988,0.24822695035460993,0.1652892561983471,0.22641509433962265,0.22732626619552415,0.24823529411764705,0.2491186839012926,0.22769953051643194,0.35990621336459555,0.24941451990632318,0.36023391812865496,0.22780373831775702,0.22870478413068845,0.2494172494172494,0.22933643771827705,0.25,0.3588850174216028,0.35962877030162416,0.1633835457705678,0.16435185185185186,0.35953757225433525,0.24942263279445728,0.35986159169550175,0.25,0.16455696202531644,0.35977011494252875,0.3605051664753157,0.1651376146788991,0.2268041237113402,0.2494279176201373,0.1657142857142857,0.2271689497716895,0.35917901938426455,0.24943052391799544,0.22753128555176336,0.35909090909090907,0.24971623155505107,0.35941043083900226,0.2276330690826727,0.22850678733031674,0.22937853107344633,0.23024830699774265,0.2491544532130778,0.25,0.23059617547806524,0.250561797752809,0.23120089786756454,0.35650224215246634,0.16349384098544234,0.1644295302013423,0.3564245810055866,0.23102678571428573,0.35674470457079155,0.23162583518930957,0.35706340378198,0.24888888888888888,0.35738068812430634,0.24944567627494457,0.1638981173864895,0.3573008849557522,0.24972375690607734,0.16445916114790288,0.23042998897464168,0.25,0.23102310231023102,0.23186813186813188,0.2502744237102086,0.25109649122807015,0.16429353778751368,0.25164113785557984,0.3540983606557377,0.2314410480349345,0.23227917121046893,0.1644880174291939,0.16539717083786726,0.2510869565217391,0.3528773072747014,0.23210412147505424,0.1657638136511376,0.16666666666666666,0.2508108108108108,0.23218142548596113,0.16720604099244876,0.16810344827586207,0.35091496232508074,0.23225806451612904,0.23308270676691728,0.35085836909871243,0.2497320471596999,0.3511777301927195,0.3518716577540107,0.16773504273504272,0.35218783351120597,0.24946695095948826,0.2321618743343983,0.16808510638297872,0.23273113708820403,0.16878980891719744,0.35100742311770944,0.2330508474576271,0.1693121693121693,0.35095137420718814,0.35163674762407604,0.35232067510548526,0.3530031612223393,0.2326315789473684,0.24710830704521555,0.24789915966386555,0.23294858342077648,0.3522012578616352,0.35287958115183243,0.24790794979079497,0.16823406478578892,0.23277661795407098,0.3524504692387904,0.353125,0.24765868886576484,0.1683991683991684,0.16926272066458983,0.35269709543568467,0.24766839378238342,0.16977225672877846,0.35263702171664946,0.24793388429752067,0.17027863777089783,0.3525773195876289,0.3532440782698249,0.24794238683127573,0.17060637204522097,0.2299794661190965,0.3528205128205128,0.24795081967213115,0.24872057318321392,0.35276073619631904,0.24923391215526047,0.1704081632653061,0.22935779816513763,0.35234215885947046,0.24923702950152593,0.17073170731707318,0.24974619289340103,0.22920892494929007,0.3515704154002026,0.3522267206477733,0.2295247724974722,0.3525252525252525,0.35317860746720486,0.22983870967741934,0.35347432024169184,0.24849094567404426,0.16984924623115577,0.3534136546184739,0.17051153460381144,0.24849699398797595,0.24924924924924924,0.229,0.24975024975024976,0.250499001996008,0.22931206380857427,0.2300796812749004,0.2308457711442786,0.3508946322067594,0.3515392254220457,0.3521825396825397,0.24975222993062438,0.35247524752475246,0.35311572700296734,0.35375494071146246,0.3543928923988154,0.2495069033530572,0.1684729064039409,0.25,0.16912487708947885,0.2288801571709234,0.25024533856722275,0.35294117647058826,0.1694417238001959,0.3532289628180039,0.2287390029325513,0.353515625,0.2497560975609756,0.3538011695906433,0.25024342745861733,0.3540856031128405,0.22837706511175898,0.2504854368932039,0.25121241513094084,0.22868217054263565,0.22942884801548888,0.3529980657640232,0.22995169082125605,0.2306949806949807,0.23143683702989393,0.35260115606936415,0.2502406159769009,0.25096153846153846,0.2516810758885687,0.23128598848368523,0.35186960690316393,0.23180076628352492,0.3521531100478469,0.251434034416826,0.23209169054441262,0.3520992366412214,0.35271687321258344,0.25142857142857145,0.35299714557564227,0.35361216730038025,0.23171889838556506,0.23244781783681215,0.35355450236966823,0.23295454545454544,0.35383159886471144,0.2504725897920605,0.1643059490084986,0.1650943396226415,0.16588124410933083,0.2504708097928437,0.3527751646284102,0.3533834586466165,0.231924882629108,0.35365853658536583,0.25023430178069356,0.16573033707865167,0.35360149672591207,0.2504672897196262,0.2315592903828198,0.353544776119403,0.35414725069897485,0.3547486033519553,0.23162790697674418,0.23234200743494424,0.35468895078922935,0.23283858998144713,0.35495829471733087,0.23333333333333334,0.23404255319148937,0.23475046210720887,0.24838411819021236,0.235239852398524,0.2359447004608295,0.35359116022099446,0.23643054277828887,0.3538602941176471,0.24793388429752067,0.163302752293578,0.24839596700274977,0.3534798534798535,0.24885635864592864,0.3537477148080439,0.354337899543379,0.2490875912408759,0.23518687329079307,0.3542805100182149,0.3548680618744313,0.24909090909090909,0.35513169845594916,0.35571687840290384,0.3563009972801451,0.1621376811594203,0.2343891402714932,0.3562386980108499,0.24841915085817526,0.1624548736462094,0.35617673579801623,0.3567567567567568,0.24842484248424843,0.35701438848920863,0.35759209344115006,0.24865350089766608,0.24932735426008967,0.25,0.23276633840644584,0.35688729874776387,0.3574620196604111,0.3580357142857143,0.24977698483496877,0.16131907308377896,0.3579697239536955,0.25,0.16177777777777777,0.1625222024866785,0.2502218278615794,0.35726950354609927,0.23117803365810452,0.23185840707964603,0.23253757736516356,0.3568904593639576,0.3574580759046778,0.2495590828924162,0.25022026431718064,0.3573943661971831,0.16182937554969218,0.1625659050966608,0.35733099209833186,0.35789473684210527,0.24978089395267308,0.35814360770577935,0.25021872265966755,0.16258741258741258,0.1633187772925764,0.35776614310645727,0.25021795989537926,0.35801393728222997,0.2297650130548303,0.1634782608695652,0.3579496090356212,0.2300347222222222,0.23070251517779705,0.3578856152512998,0.23116883116883116,0.35813148788927335,0.35868625756266204,0.16321243523316062,0.24849007765314926,0.3586206896551724,0.1636520241171404,0.2306368330464716,0.3585554600171969,0.23109965635738833,0.3587982832618026,0.35934819897084047,0.35989717223650386,0.23116438356164384,0.360136869118905,0.24700854700854702,0.36037574722459437,0.3609215017064846,0.24722932651321397,0.23083475298126066,0.3608510638297872,0.36139455782312924,0.1622769753610875,0.2470288624787776,0.361323155216285,0.24745762711864408,0.16257408975444537,0.36125211505922167,0.16314454775993237,0.3614864864864865,0.22953586497890296,0.24704890387858347,0.22999157540016849,0.2474747474747475,0.248107653490328,0.23025210084033612,0.3602015113350126,0.36073825503355705,0.24811399832355407,0.23031825795644892,0.3606694560669456,0.3612040133779264,0.3617376775271512,0.3622704507512521,0.16180150125104253,0.3625,0.22980849292256453,0.1622296173044925,0.3624272651704073,0.36295681063122925,0.3634854771784232,0.2462686567164179,0.3637116818558409,0.36423841059602646,0.22911497105045492,0.22975206611570248,0.36416184971098264,0.24587458745874588,0.23000824402308326,0.3640856672158155,0.23045267489711935,0.24588815789473684,0.16105176663927692,0.24630541871921183,0.2469237079573421,0.24754098360655738,0.24815724815724816,0.3625204582651391,0.22976287816843827,0.24836601307189543,0.24897959183673468,0.16068515497553018,0.22982885085574573,0.2304560260586319,0.24898291293734745,0.24959349593495936,0.2502030869212023,0.36038961038961037,0.2303325223033252,0.23095623987034036,0.16032388663967612,0.36003236245954695,0.3605497170573969,0.16074313408723748,0.24939467312348668,0.25,0.23045930701047543,0.1610305958132045,0.16170555108608206,0.16237942122186494,0.23052208835341365,0.35874799357945425,0.35926222935044105,0.359775641025641,0.3602882305844676,0.2488,0.2302158273381295,0.23083067092651757,0.23144453312051078,0.24880382775119617,0.3593625498007968,0.35987261146496813,0.1614956245027844,0.3600953895071542,0.36060365369340747,0.23095238095238096,0.16177636796193498,0.36053882725832015,0.24782264449722882,0.2310126582278481,0.2316205533596838,0.16192733017377567,0.16258879242304658,0.35962145110410093,0.36012608353033887,0.16299212598425197,0.24704956726986624,0.23113207547169812,0.2317360565593087,0.35949764521193095,0.23215686274509803,0.23275862068965517,0.3594361785434612,0.23317683881064163,0.23377638780297108,0.24609375,0.16237314597970337,0.24648985959438377,0.24707716289945442,0.24766355140186916,0.2482490272373541,0.24883359253499224,0.2494172494172494,0.1622670807453416,0.35686578743211794,0.23255813953488372,0.3570875290472502,0.23297213622291021,0.23356535189481825,0.23415765069551778,0.3567567567567568,0.35725308641975306,0.23438704703161142,0.24807395993836673,0.24865280985373364,0.3569230769230769,0.1614142966948501,0.2488479262672811,0.16193399846508058,0.2338957055214724,0.3563218390804598,0.2343032159264931,0.23488905891354248,0.3562691131498471,0.3567608861726509,0.35725190839694654,0.2479023646071701,0.24847560975609756,0.2345773038842346,0.24885844748858446,0.2349809885931559,0.35638297872340424,0.24905087319665908,0.16084977238239756,0.35633055344958303,0.3568181818181818,0.35730507191521577,0.3577912254160363,0.35827664399092973,0.35876132930513593,0.35924528301886793,0.23378582202111614,0.2479276563677468,0.2341867469879518,0.35891647855530473,0.3593984962406015,0.35987978963185574,0.15990990990990991,0.3600900225056264,0.23388305847076463,0.3602996254681648,0.36077844311377244,0.23410620792819745,0.3609865470852018,0.23450336071695296,0.23507462686567165,0.15958240119313946,0.23546944858420268,0.3603871928518243,0.23586309523809523,0.23643122676579925,0.2451708766716196,0.36005939123979214,0.23664688427299704,0.15937731653076354,0.23703703703703705,0.15988156920799407,0.23742603550295857,0.35920177383592017,0.35967503692762187,0.24428044280442804,0.2374631268436578,0.24465733235077378,0.23784977908689248,0.35908756438557765,0.35955882352941176,0.3600293901542983,0.23788546255506607,0.2384446074834923,0.23900293255131966,0.23956043956043957,0.15885797950219618,0.23994147768836868,0.24049707602339182,0.15924032140248356,0.24087591240875914,0.15973741794310722,0.16034985422740525,0.2425345957756737,0.3573508005822416,0.3578181818181818,0.24055232558139536,0.35802469135802467,0.3584905660377358,0.2422044960116026,0.2427536231884058,0.24040550325850832,0.24312590448625182,0.24078091106290672,0.24132947976878613,0.24187725631768953,0.24242424242424243,0.24297043979812544,0.24279538904899137,0.3563714902807775,0.24316546762589927,0.24299065420560748,0.3563218390804598,0.35678391959798994,0.24318507890961263,0.24372759856630824,0.35673352435530087,0.35719398711524697,0.35765379113018597,0.2437455325232309,0.24214285714285713,0.15774446823697358,0.24393723252496433,0.3570919458303635,0.1581196581196581,0.24412811387900357,0.15860597439544807,0.15920398009950248,0.24431818181818182,0.35628105039034774,0.24468085106382978,0.24096385542168675,0.15934844192634562,0.2448690728945506,0.24115983026874116,0.24169611307420494,0.355225988700565,0.35568101623147497,0.2447108603667137,0.3558844256518675,0.3563380281690141,0.2413793103448276,0.2419127988748242,0.24455375966268447,0.24508426966292135,0.35578947368421054,0.24193548387096775,0.3559915907498248,0.35644257703081234,0.244926522043387,0.24195804195804196,0.24528301886792453,0.35614525139664804,0.35659455687369157,0.35704323570432356,0.3574912891986063,0.2416434540389972,0.24217118997912318,0.2426981919332406,0.35719249478804727,0.15694444444444444,0.157529493407356,0.35714285714285715,0.24393624393624394,0.3573407202216066,0.15778546712802768,0.24412171507607192,0.35729094678645473,0.15814917127071823,0.24154589371980675,0.15862068965517243,0.35699517574086836,0.24173553719008264,0.15898141775636615,0.35694635488308113,0.24192439862542955,0.35714285714285715,0.3575840768702814,0.35802469135802467,0.24263193968471555,0.3582191780821918,0.3586584531143053,0.3590971272229822,0.3595352016404648,0.3599726775956284,0.24232081911262798,0.2407912687585266,0.24130879345603273,0.24250681198910082,0.359428182437032,0.15782312925170067,0.35961930659415364,0.15828804347826086,0.35980991174473864,0.24219810040705564,0.36,0.3604336043360434,0.24238320920785375,0.2401894451962111,0.3603786342123056,0.24256756756756756,0.36056718433490886,0.24021592442645073,0.3607552258934592,0.3611859838274933,0.3616161616161616,0.3620457604306864,0.24008069939475454,0.24059139784946237,0.24177300201477503,0.24228187919463087,0.24279007377598927,0.2432975871313673,0.3610180843938379,0.24364123159303883,0.3612040133779264,0.36163101604278075,0.156312625250501,0.23965287049399198,0.24016010673782523,0.24066666666666667,0.24117255163224516,0.15645805592543274,0.24151696606786427,0.3603723404255319,0.24186046511627907,0.3605577689243028,0.24220305242203052,0.36074270557029176,0.3611663353214049,0.2423841059602649,0.2415618795499669,0.24272486772486773,0.3608724388631857,0.24174372523117568,0.15577557755775578,0.3608179419525066,0.24192485168094924,0.24242424242424243,0.15602369980250164,0.3605263157894737,0.3609467455621302,0.24244415243101183,0.24294156270518713,0.24146981627296588,0.24327868852459017,0.36041939711664484,0.3608382449246889,0.24149214659685864,0.36102027468933945,0.24313725490196078,0.24167210973220118,0.24347258485639686,0.3607305936073059,0.24185136897001303,0.24364820846905538,0.244140625,0.3604424202992843,0.24187256176853056,0.24236517218973358,0.24415584415584415,0.2426995457495133,0.2444876783398184,0.3596889176928062,0.3601036269430052,0.3605177993527508,0.2425614489003881,0.15384615384615385,0.15439276485788114,0.24402840542285345,0.24258064516129033,0.24306898774983882,0.24420103092783504,0.24339987121699935,0.3590733590733591,0.3594855305466238,0.35989717223650386,0.3603082851637765,0.24390243902439024,0.3604874919820398,0.3608974358974359,0.3613068545803972,0.24263764404609475,0.24312220089571338,0.24360613810741688,0.24345047923322682,0.1532567049808429,0.24377791959157627,0.36033163265306123,0.36073932441045253,0.24331210191082803,0.2437937619350732,0.2436386768447837,0.15321042593769865,0.24396442185514614,0.24444444444444444,0.24492385786802032,0.24540266328471783,0.2458808618504436,0.24635845471817605,0.2468354430379747,0.24731182795698925,0.24778761061946902,0.24257738471257106,0.2481060606060606,0.1526813880126183,0.3575031525851198,0.24826717076244487,0.24874055415617127,0.24921334172435494,0.15283018867924528,0.3570081709616593,0.15326633165829145,0.24168236032642812,0.3569636135508156,0.1536050156739812,0.24185463659147868,0.15403882279273637,0.3566958698372966,0.24202626641651032,0.356875,0.24797001873828858,0.3570536828963795,0.24204616344354335,0.15399002493765587,0.24236760124610593,0.15442092154420922,0.1549471064094586,0.35634328358208955,0.2473586078309509,0.24782608695652175,0.24208566108007448,0.3560794044665012,0.356478611283323,0.35687732342007433,0.24210526315789474,0.35705445544554454,0.15460729746444032,0.242274412855377,0.15503397158739962,0.3567901234567901,0.24676125848241826,0.3569667077681874,0.3573629081947012,0.2419950738916256,0.24676923076923077,0.24723247232472326,0.24769514443761526,0.24815724815724816,0.35666052793124614,0.3570552147239264,0.35744941753525444,0.35784313725490197,0.24800979791794245,0.3580171358629131,0.24831804281345565,0.3581907090464548,0.35858277336591327,0.24847374847374848,0.24893227577791335,0.24024390243902438,0.24070688604509446,0.15347137637028013,0.3578819233110164,0.24878345498783455,0.24924012158054712,0.2496962332928311,0.15361262902246509,0.3574029126213592,0.15403274711946635,0.2496969696969697,0.15445184736523318,0.2397094430992736,0.3569267997580157,0.24969770253929868,0.35709969788519635,0.357487922705314,0.15449607724803863,0.24969843184559712,0.3574442435201929,0.2391566265060241,0.2498494882600843,0.2503008423586041,0.1545399879735418,0.25060096153846156,0.2510510510510511,0.15486194477791115,0.15536892621475704,0.35611510791366907,0.35650089874176155,0.3568862275449102,0.15559545182525433,0.3570574162679426,0.25044829647340106,0.35722819593787336,0.35761194029850746,0.15572792362768498,0.35778175313059035,0.35816448152562574,0.35854675402025016,0.35892857142857143,0.3593099345627603,0.15576694411414982,0.23648247177658943,0.23693586698337293,0.23738872403560832,0.2491103202846975,0.35862477771191464,0.23755924170616113,0.35879218472468916,0.24911242603550296,0.15552927261975164,0.3587470449172577,0.2492616656822209,0.24970484061393153,0.23716814159292035,0.25,0.2374779021803182,0.3580683156654888,0.25014714537963506,0.35823529411764704,0.23750734861845973,0.2502937720329025,0.15502055196711687,0.357981220657277,0.2504398826979472,0.2508792497069168,0.3579379027533685,0.3583138173302108,0.23698069046225864,0.3584795321637427,0.23728813559322035,0.2505841121495327,0.35843549328663166,0.3588098016336056,0.25072886297376096,0.2511655011655012,0.3587652882935352,0.23690337601862632,0.2513089005235602,0.2372093023255814,0.23765252760023242,0.23809523809523808,0.1538015089959373,0.35788863109048724,0.3582608695652174,0.3586326767091541,0.23798494499131442,0.3587962962962963,0.25043377674956624,0.23815028901734103,0.2385904101675332,0.2390300230946882,0.23946912867859205,0.35813148788927335,0.15331412103746397,0.358294930875576,0.358664363845711,0.35903337169159955,0.23921794134560093,0.24942528735632183,0.1533601378518093,0.23938002296211253,0.2495697074010327,0.3583715596330275,0.35873925501432663,0.23940435280641467,0.35890097309673724,0.2397025171624714,0.24928530588907946,0.15314285714285714,0.23986293546544832,0.24942922374429224,0.15345122646891043,0.24002280501710377,0.24957264957264957,0.15375854214123008,0.24985771200910642,0.2502844141069397,0.23990903922683343,0.3568181818181818,0.2504258943781942,0.24006810442678775,0.35677821894498013,0.24036281179138322,0.25042492917847026,0.2406568516421291,0.2507074136955291,0.15328054298642535,0.3561334087054833,0.35649717514124296,0.35686053077357427,0.3572234762979684,0.3575860124083474,0.2502818489289741,0.24,0.2505630630630631,0.1530669667979741,0.2508436445444319,0.25126475548060706,0.251685393258427,0.25210555867490175,0.23961840628507294,0.2523836231071228,0.1530269058295964,0.1535014005602241,0.3555431131019037,0.2395075545607163,0.35570469798657717,0.15371716042481834,0.23966480446927374,0.2400893355667225,0.35546875,0.2403792526491913,0.3556298773690078,0.2512534818941504,0.35579064587973275,0.24040066777963273,0.24082313681868742,0.24124513618677043,0.15333333333333332,0.1538034425319267,0.3551609322974473,0.2506932889628397,0.25110864745011086,0.2409972299168975,0.3549280177187154,0.35528500276701713,0.35564159292035397,0.2410171365395246,0.15359116022099448,0.3556046383213694,0.25055187637969095,0.15388858246001103,0.35556780595369347,0.25068870523415976,0.355726872246696,0.35608145294441385,0.2403740374037404,0.25068719076415613,0.2510989010989011,0.2515101592531576,0.2519209659714599,0.35545803620405925,0.35581140350877194,0.25205479452054796,0.2524644030668127,0.25287356321839083,0.35557986870897157,0.2531437944231821,0.3557377049180328,0.3560895685417804,0.2390829694323144,0.2531369339879978,0.23936750272628135,0.23978201634877383,0.35566448801742917,0.35601524224278713,0.3563656147986942,0.2528548123980424,0.2532608695652174,0.1520912547528517,0.3561346362649294,0.15246880086814976,0.23915401301518438,0.15284552845528454,0.23943661971830985,0.35571196534921495,0.2527056277056277,0.35586803677663603,0.35621621621621624,0.3565640194489465,0.2526997840172786,0.3567188343227199,0.2389428263214671,0.2528301886792453,0.23922413793103448,0.15239633817985998,0.2529601722282024,0.25336202259279184,0.15268817204301074,0.15314347125201505,0.35553168635875404,0.355877616747182,0.3562231759656652,0.15335120643431635,0.35637727759914256,0.25281199785752545,0.35653104925053536,0.3568753344034243,0.3572192513368984,0.35756280064136825,0.2377136752136752,0.3577148958889482,0.35805763073639274,0.3584,0.15298507462686567,0.25199786893979753,0.2523961661341853,0.23736029803086747,0.2526595744680851,0.3577884104199894,0.23751328374070138,0.35793945831120555,0.35828025477707004,0.15278514588859415,0.3584305408271474,0.25225225225225223,0.2526483050847458,0.23716251985177342,0.2529100529100529,0.2374405076679006,0.35782241014799154,0.25303750660327523,0.3579725448785639,0.23746701846965698,0.25316455696202533,0.15234580917237744,0.3577449947312961,0.253291205897841,0.2536842105263158,0.35770647027880065,0.3580441640378549,0.23699421965317918,0.3581932773109244,0.23727034120734908,0.2534102833158447,0.3581541688515994,0.3584905660377358,0.2535358826610791,0.25392670157068065,0.358451072736787,0.23692468619246862,0.25405122843700995,0.23719958202716823,0.23759791122715404,0.23799582463465555,0.15127803860198227,0.35766423357664234,0.3579989577905159,0.35833333333333334,0.23789692868297763,0.35848074921956297,0.2532501300052002,0.23804573804573806,0.23844155844155845,0.23883696780893043,0.239231966787753,0.3578838174273859,0.15085536547433903,0.35803108808290157,0.35836354220611083,0.358695652173913,0.23900672529746508,0.25232678386763185,0.15090439276485787,0.23915289256198347,0.25245224574083636,0.35810113519091846,0.35843218153687467,0.23917525773195877,0.35857805255023184,0.23944387229660144,0.25218733916623776,0.1507201646090535,0.23958868894601543,0.23997944501541624,0.1510015408320493,0.2402464065708419,0.25192406362237046,0.15128205128205127,0.2521783700666325,0.2525614754098361,0.24014336917562723,0.35670419651995905,0.2526854219948849,0.24028629856850717,0.35666836995401124,0.24055158324821246,0.25267993874425726,0.24081632653061225,0.25293217746047936,0.15086646279306828,0.3560876209882832,0.3564154786150713,0.3567430025445293,0.3570701932858596,0.35739705134722927,0.2525406504065041,0.24022346368715083,0.25279187817258886,0.1506849315068493,0.2530425963488844,0.25342118601115055,0.25379939209726443,0.2541772151898734,0.23987854251012145,0.25442589782498737,0.1506572295247725,0.1510864072764022,0.35555555555555557,0.2397778899545684,0.3557013118062563,0.15128593040847202,0.2399193548387097,0.2403022670025189,0.3554884189325277,0.24056366381479619,0.35563380281690143,0.25339366515837103,0.35577889447236183,0.24058262179809142,0.24096385542168675,0.2413447064726543,0.15095285857572718,0.15137844611528822,0.35521042084168336,0.2528793189784677,0.25325325325325326,0.24112056028014006,0.355,0.3553223388305847,0.35564435564435565,0.24113829256115826,0.15119760479041916,0.35561097256857854,0.2527417746759721,0.15146985550572994,0.3555776892430279,0.25286212045793927,0.35572139303482586,0.3560417702635505,0.24055666003976142,0.252856433184302,0.253227408142999,0.25359801488833744,0.25396825396825395,0.3554784333168071,0.3557978196233895,0.2540861812778603,0.25445544554455446,0.25482434438396834,0.3555885262116716,0.2550667325753831,0.3557312252964427,0.35604938271604936,0.23938795656465942,0.25505673408978785,0.23964497041420119,0.24001971414489898,0.3556650246305419,0.3559822747415066,0.3562992125984252,0.2547958681751107,0.2551622418879056,0.14987714987714987,0.356090373280943,0.15022091310751104,0.239450441609421,0.15056400196174596,0.23970588235294119,0.3557079862812347,0.2546523016650343,0.3558492413117964,0.3561643835616438,0.356479217603912,0.2546432062561095,0.35661944308744503,0.2392578125,0.2547584187408492,0.2395121951219512,0.15017064846416384,0.2548732943469786,0.2552362396492937,0.1504381694255112,0.15085158150851583,0.3555447470817121,0.35585804569761786,0.3561710398445092,0.15104419621175327,0.35631067961165047,0.2547307132459971,0.3564500484966052,0.35676199709161416,0.35707364341085274,0.35738498789346246,0.23814133591481124,0.3575229801644896,0.3578336557059961,0.35814403093281777,0.15072463768115943,0.2539835828102366,0.25434362934362936,0.23781958514230583,0.25458052073288334,0.35759036144578316,0.23795761078998073,0.35772749157438616,0.35803657362848895,0.15055315055315055,0.3581730769230769,0.2542047092743873,0.25456292026897215,0.23763802208353338,0.2380038387715931,0.2383693045563549,0.3576222435282838,0.3579300431241016,0.35823754789272033,0.25418860698898993,0.2545454545454545,0.15016738402678145,0.3580305927342256,0.2546583850931677,0.23782234957020057,0.23818615751789976,0.2385496183206107,0.23891273247496422,0.3574833174451859,0.25440686040971894,0.25476190476190474,0.3574488338886245,0.3577545195052331,0.35805991440798857,0.25475285171102663,0.23847980997624704,0.254985754985755,0.2553393450403417,0.23861480075901328,0.3575154101469891,0.23886255924170616,0.14921837991473236,0.3574810606060606,0.35778513961192615,0.35808893093661304,0.3583924349881797,0.358695652173913,0.35899858290033065,0.3593012275731822,0.2383199622463426,0.25424528301886795,0.3592644978783593,0.3595664467483506,0.35986811116344797,0.3601694915254237,0.3604705882352941,0.23800564440263405,0.2538787023977433,0.14849624060150377,0.23813997181775481,0.2539906103286385,0.14875645236977944,0.14915572232645402,0.3595874355368026,0.3598875351452671,0.23793911007025761,0.25374531835205993,0.3598502573701451,0.2380729653882133,0.23842917251051893,0.14906542056074767,0.23867351704810835,0.2535014005602241,0.14932337844143723,0.2537313432835821,0.2540792540792541,0.2385834109972041,0.3586399627387052,0.2541899441340782,0.23871568171242438,0.23906976744186045,0.3584379358437936,0.23931226765799257,0.23966558290757084,0.3584029712163417,0.23990719257540602,0.14888682745825602,0.2401483541956421,0.35820203892493047,0.3584993052339046,0.3587962962962963,0.35909301249421566,0.2530064754856614,0.25335182616736013,0.23983364140480593,0.2535796766743649,0.14866112650046168,0.1490539916935856,0.3583948339483395,0.239741816505302,0.3585253456221198,0.1492399815753109,0.23987108655616943,0.24022089277496547,0.24057037718491261,0.24091954022988507,0.24126838235294118,0.2416169039963252,0.25252525252525254,0.24185406149609912,0.2527522935779816,0.35717560751948646,0.2529789184234647,0.2418689876316995,0.2532051282051282,0.35697940503432496,0.3572735590118939,0.25331504343850025,0.24177330895795246,0.14846962083142987,0.2420091324200913,0.3569146508443633,0.3572080291970803,0.35750113999088007,0.24202370100273474,0.14851936218678816,0.24225865209471767,0.35730541647701414,0.3575978161965423,0.24238290131878126,0.3577272727272727,0.2521581099500227,0.24250681198910082,0.25238311393554247,0.35753176043557167,0.3578231292517007,0.25249320036264733,0.24241051200724967,0.35778985507246375,0.3580805794477139,0.2524886877828054,0.25282677521483493,0.14783001808318263,0.3578852236782648,0.3581752484191509,0.2528216704288939,0.24187725631768953,0.14794767704104647,0.24211000901713256,0.35781883731410546,0.1481981981981982,0.24223322827555155,0.1485148514851485,0.24246513720197932,0.3574640287769784,0.35775280898876405,0.35804132973944297,0.25190839694656486,0.1485637342908438,0.35800807537012114,0.35829596412556053,0.24204392649036308,0.35842293906810035,0.251679355127631,0.1486123545210385,0.14899328859060404,0.14937388193202147,0.3580688421993742,0.2515638963360143,0.1496203662349263,0.3580357142857143,0.35832217759928603,0.24130240856378235,0.3584485064645564,0.2415329768270945,0.3585746102449889,0.358860195903829,0.3591455273698264,0.3594306049822064,0.1493997332147621,0.3595555555555556,0.3598400710795202,0.36012433392539966,0.36040834442964936,0.36069210292812776,0.2501108647450111,0.24069148936170212,0.36065573770491804,0.2409211691762622,0.2412571934484285,0.25,0.2503317116320212,0.14898320070733864,0.14935925762262484,0.1497349823321555,0.2503311258278146,0.2506619593998235,0.24084693427437143,0.2508818342151676,0.24107536359629794,0.24140969162995596,0.24174372523117568,0.2420774647887324,0.2507699076110867,0.2510993843447669,0.25142857142857145,0.2517574692442882,0.2419850680720246,0.24231782265144863,0.25186485300570427,0.25219298245614036,0.24243752740026303,0.2427695004382121,0.25229960578186594,0.24299474605954466,0.24332603938730854,0.2436570428696413,0.25229558373414956,0.2526223776223776,0.2437745740498034,0.25283842794759825,0.25316455696202533,0.24389179755671903,0.24422154382904493,0.25326939843068874,0.25359477124183005,0.24433797909407665,0.24466695690030474,0.3546562228024369,0.24488908220965638,0.24521739130434783,0.3546284224250326,0.3549087749782798,0.355188884064264,0.35546875,0.24511930585683298,0.1474414570685169,0.3554399653229302,0.25259965337954937,0.2529233434387181,0.14761904761904762,0.1479878840328862,0.3551038062283737,0.14829226113272806,0.35522904062229904,0.2526997840172786,0.25302245250431776,0.24428139835994822,0.35504745470232957,0.2445019404915912,0.35517241379310344,0.24472210254200777,0.2450473729543497,0.35514421007318125,0.35542168674698793,0.3556989247311828,0.35597592433361996,0.14782982380747745,0.35609965635738833,0.24474023185916702,0.148068669527897,0.3560703560703561,0.25171526586620924,0.1483069009858551,0.3560411311053985,0.2518201284796574,0.2444349315068493,0.24475823705605476,0.1484174508126604,0.3557075673364686,0.14871794871794872,0.24476719350704826,0.14901793339026473,0.14938113529662825,0.24488054607508533,0.35522388059701493,0.24509803921568626,0.14955262036642522,0.14991482112436116,0.3550446998722861,0.15021276595744681,0.2505316886431306,0.3550170068027211,0.1504462388440289,0.24468988954970264,0.3549893842887473,0.24490662139219016,0.24522698345354263,0.2502120441051739,0.35481136074607883,0.1504237288135593,0.15078356628547226,0.15114309906858595,0.354633939906898,0.15143824027072758,0.1517970401691332,0.35460693153000844,0.1520912547528517,0.15244932432432431,0.15280709159983116,0.15316455696202533,0.35428089413749475,0.24915682967959527,0.2494732406236831,0.15332771693344566,0.15368421052631578,0.15404040404040403,0.15439629785443837,0.15475189234650968,0.15510718789407313,0.15546218487394958,0.15581688366232677,0.24307304785894207,0.24884599244649602,0.3527684563758389,0.1559748427672956,0.15632858340318526,0.15668202764976957,0.24874371859296482,0.24905818334030974,0.24937238493723848,0.24968632371392724,0.15677257525083613,0.15712494776431257,0.24979114452798662,0.15741127348643005,0.15776293823038398,0.24196912807676263,0.24979149291075897,0.15798249270529388,0.24208333333333334,0.3506872136609746,0.35095753538717733,0.2421972534332085,0.35108153078202997,0.35135135135135137,0.24937655860349128,0.15787287079351892,0.15822259136212624,0.35118306351183065,0.15850622406639003,0.15885524678556615,0.15920398009950248,0.35101533360961457,0.15948632974316487,0.1598343685300207,0.3509933774834437,0.16011584609019447,0.16046319272125723,0.3509714758164531,0.16074380165289257,0.161090458488228,0.2481420313790256,0.16137020222864218,0.1617161716171617,0.1620618556701031,0.24031327287716406,0.35022661722290893,0.16227347611202636,0.16261836146562372,0.16296296296296298,0.16330728095433977,0.16365131578947367,0.16399506781750925,0.16433853738701726,0.23983572895277208,0.16461412151067323,0.16495691423881823,0.23995077932731748,0.16523165231652318,0.16557377049180327,0.24006554690700532,0.24037674037674037,0.3483422022103971,0.3486088379705401,0.1656441717791411,0.16598528209321342,0.1663261136085002,0.16666666666666666,0.34830543078807674,0.3485714285714286,0.3488372093023256,0.1668026101141925,0.16714227476559315,0.34881825590872045,0.16741344195519348,0.16775244299674266,0.3487993487993488,0.1680227827502034,0.24481496543310288,0.16829268292682928,0.16863063795205202,0.16896831844029245,0.16930572472594396,0.16964285714285715,0.2385395537525355,0.16991078669910786,0.17024726388325903,0.2386547811993517,0.17051437829080598,0.1708502024291498,0.2387697288547147,0.24393203883495146,0.17104731095835018,0.23888439773645917,0.3466666666666667,0.23909531502423265,0.3467904723455793,0.24374495560936238,0.17103670835014118,0.17137096774193547,0.1717049576783555,0.17203867848509266,0.17237213048731373,0.17270531400966183,0.17303822937625754,0.24336283185840707,0.3457981503819863,0.17323151125401928,0.24347127360385698,0.24377510040160644,0.3456443195503814,0.17335473515248795,0.17368632170076215,0.34562951082598237,0.17394789579158318,0.17427884615384615,0.17460953143772526,0.2433947157726181,0.17486994797919167,0.1752,0.23710515793682527,0.17545963229416467,0.17578905313623652,0.23722044728434505,0.24311377245508983,0.3443735035913807,0.17590745911447947,0.1762360446570973,0.17656436827421285,0.24302788844621515,0.24332935085623258,0.24363057324840764,0.17668125746120175,0.1770087509944312,0.17733598409542745,0.34340222575516693,0.17759237187127533,0.17791898332009531,0.17824533545057564,0.2361111111111111,0.24315747719159064,0.3429817605075337,0.34324217201743956,0.2432646592709984,0.1782178217821782,0.17854315122723674,0.17886822318955284,0.23575949367088608,0.23606168446026096,0.17905138339920948,0.3425523508494666,0.34281200631911535,0.3430714567706277,0.23599052880820837,0.3431952662721893,0.236198738170347,0.2364998029168309,0.34318360914105595,0.34344230011815674,0.2421259842519685,0.24242424242424243,0.17859952793076317,0.23633503735745182,0.17885220125786164,0.17917485265225933,0.23644933228593873,0.23674911660777384,0.2370486656200942,0.3424872499019223,0.3427450980392157,0.23716189729517836,0.24177115987460815,0.3427340383862123,0.34299138606108065,0.23718199608610568,0.23748043818466355,0.23777864685177943,0.34284597341673184,0.23798358733880423,0.178515625,0.23818820773135493,0.17876658860265418,0.3425673039406945,0.23829953198127926,0.34269005847953216,0.17887763055339048,0.23841059602649006,0.24065420560747663,0.23861424678863372,0.2389105058365759,0.23920653442240372,0.17884914463452567,0.3420132141469102,0.23931623931623933,0.2396116504854369,0.17895962732919254,0.239813736903376,0.3417377812257564,0.341993020550601,0.23992248062015503,0.17900038744672608,0.24012393493415957,0.3418505613627565,0.34210526315789475,0.34235976789168276,0.24013921113689096,0.17897178198685737,0.23918083462132922,0.2402471996910004,0.3420849420849421,0.3423388653029718,0.3425925925925926,0.240262244504435,0.2405551272166538,0.3425818882466281,0.3428351309707242,0.3430881786676935,0.23864511162432642,0.34320892651019624,0.3434615384615385,0.34371395617070355,0.23866256725595697,0.23895505186323474,0.3437019969278034,0.23915547024952016,0.34382194934765925,0.2397391637897967,0.2392638036809816,0.1778459179762361,0.23984674329501915,0.2401378782075833,0.24042879019908117,0.23918867202449293,0.3431522570772762,0.17782026768642448,0.2392966360856269,0.2395873137179977,0.1779984721161192,0.24016800305460098,0.1782442748091603,0.34261732163296454,0.34286803966437834,0.23942051086542127,0.17835365853658536,0.23961904761904762,0.2399086062452399,0.1785306433193757,0.24010654490106545,0.2403955876759224,0.23954372623574144,0.34207525655644244,0.239741641337386,0.34219521458412455,0.3424449506454062,0.3426944971537002,0.34294385432473445,0.24004550625711035,0.2403335860500379,0.23948465327775673,0.23977272727272728,0.3426732298371829,0.3429220287660863,0.34317063942489595,0.2401664145234493,0.2396975425330813,0.2399848828420257,0.24027200604457877,0.24055891238670696,0.3427708569271423,0.3430188679245283,0.34326669181440966,0.34351432880844646,0.2404824726724463,0.17709118311981914,0.34350282485875705,0.24058734939759036,0.3436206247647723,0.3438675696012039,0.24069198946972545,0.23909774436090225,0.17700112739571588,0.17731029301277235,0.34359744648892226,0.23911411411411412,0.1774859287054409,0.3435858964741185,0.17772778402699663,0.1780359820089955,0.17834394904458598,0.34344569288389515,0.34369150131037063,0.343937125748503,0.3441825664047886,0.3444278234854151,0.3446728971962617,0.34491778774289983,0.23944714232349645,0.3450336071695295,0.3452780888391191,0.3455223880597015,0.34576650503543455,0.3460104399701715,0.17778606038017145,0.3461251862891207,0.3463687150837989,0.23901712583767684,0.34648306661704503,0.34672619047619047,0.23912235031610263,0.23940520446096655,0.23968784838350055,0.2399702823179792,0.240252506498329,0.3463251670378619,0.34656771799628944,0.2403560830860534,0.23655913978494625,0.23684210526315788,0.2404594294183031,0.23703703703703705,0.24065161051462422,0.2372316802368616,0.23751387347391786,0.24075443786982248,0.2377079482439926,0.23798965262379895,0.23827114887329146,0.17651403249630723,0.24067921742340348,0.34501845018450183,0.34526005164146073,0.34550147492625366,0.2406929598230741,0.24097273397199706,0.17642725598526704,0.17673048600883653,0.17703349282296652,0.2376747608535688,0.3449797719749908,0.23786764705882352,0.24072032341051083,0.3449669360764144,0.24091076019096586,0.34508076358296624,0.3453211009174312,0.23771093176815847,0.34543454345434543,0.17668621700879766,0.17698790765848296,0.3454212454212454,0.23764188941779568,0.34553440702781846,0.23783388218075374,0.23811265544989027,0.24021937842778793,0.23830409356725146,0.17683595177201317,0.34514243973703435,0.23840817816721432,0.177007299270073,0.2385990514410799,0.2399708242159008,0.17717827196500183,0.34475218658892126,0.23861566484517305,0.23889293517844137,0.1772843101565344,0.17758369723435224,0.17788286649690796,0.23963636363636365,0.34423845874227554,0.17805232558139536,0.17835088993824919,0.1786492374727669,0.238475499092559,0.17888243831640058,0.2386652158142909,0.34372733865119653,0.34396520478434217,0.17898550724637682,0.3440782325244477,0.23859522085445328,0.23887079261672095,0.17908827785817655,0.34394213381555155,0.23897324656543745,0.3440549331405855,0.1791907514450867,0.1794871794871795,0.344043321299639,0.3442800433056658,0.17965367965367965,0.3443923548503426,0.1798846431146359,0.23783783783783785,0.34438040345821325,0.23802664746128915,0.3444924406047516,0.23821518531845987,0.2381294964028777,0.3444804027328299,0.17972681524083392,0.18002155946819978,0.18031609195402298,0.3443447037701975,0.23797559224694903,0.2378902045209903,0.2381635581061693,0.3442093940480459,0.23835125448028674,0.23790756001433178,0.3441977077363897,0.18009308986752595,0.2383679312813171,0.23864042933810375,0.23891273247496422,0.23775473721844834,0.23909935668334525,0.2379421221864952,0.18,0.1802927525883613,0.18058529621698788,0.3432037103103817,0.18081312410841655,0.3433155080213904,0.23877405559515325,0.23762023512646954,0.2378917378917379,0.2381630473478106,0.23879003558718861,0.1807186054784774,0.1810099573257468,0.2388908638464273,0.1812366737739872,0.23907637655417407,0.23792613636363635,0.2392616258430955,0.23953158268275374,0.18126995388435616,0.18156028368794327,0.18185040765685928,0.23777462792345855,0.23946156571023733,0.23973087818696884,0.23787610619469027,0.1818825194621373,0.3409975238769013,0.3412305516265912,0.1820431247790739,0.3413427561837456,0.34157541504768635,0.3418079096045198,0.23932227320861277,0.3419195483415667,0.3421516754850088,0.3423836389280677,0.34261543884384915,0.23713883016208598,0.34272631208171894,0.2390845070422535,0.3428370292150651,0.18156228008444758,0.23918396060499472,0.34282700421940926,0.18172231985940246,0.23682361208713984,0.23919915700737618,0.23700842696629212,0.23938223938223938,0.23964912280701756,0.2399158190108734,0.2370266479663394,0.23729407641079564,0.3419761737911703,0.2374781085814361,0.23774509803921567,0.18130906545327266,0.23792862141357593,0.23819517313746066,0.3416083916083916,0.34183851800069903,0.3420684835779175,0.1812783793223891,0.23812849162011174,0.23839441535776615,0.18143754361479414,0.3418207185211022,0.1816596931659693,0.23875914952945276,0.34181184668989545,0.23824451410658307,0.34192200557103064,0.2387747998607727,0.23903966597077245,0.18156521739130435,0.2381780250347705,0.2384428223844282,0.1817234190410007,0.23862452240361237,0.34131944444444445,0.23880597014925373,0.18181818181818182,0.2389871661463753,0.23855755894590847,0.34107452339688044,0.2390852390852391,0.2393488049878767,0.18178670360110805,0.23952924887504326,0.2397923875432526,0.18194396402628848,0.23997233748271093,0.18216384376080194,0.23807878369039392,0.18238341968911917,0.23825966850828728,0.340006903693476,0.34023464458247066,0.23973784063470163,0.24,0.34022750775594623,0.23811164713990352,0.24009645194626247,0.2403581267217631,0.2406196213425129,0.18203716448726773,0.1823185414516684,0.33975240715268223,0.2406325197662427,0.1824742268041237,0.3397457918241154,0.18269230769230768,0.18297288019224167,0.24056280027453672,0.33962264150943394,0.3398491083676269,0.34007541995200546,0.2371487320082248,0.23741007194244604,0.23767123287671232,0.24032865457035263,0.2378507871321013,0.33971946630174477,0.3399452804377565,0.18256410256410258,0.18284347231715653,0.3399385035872907,0.23770491803278687,0.2400136565380676,0.33993174061433445,0.24019106107130672,0.18281036834924966,0.1830889873849301,0.23755964553510567,0.2402044293015332,0.3395776566757493,0.23765747361252978,0.33968686181075564,0.33991153453555634,0.3401360544217687,0.24005440326419586,0.24031271244051666,0.18280665987088004,0.34001358695652173,0.1830220713073005,0.23727087576374745,0.340006786562606,0.3402306648575305,0.3404543913190912,0.18305084745762712,0.2399186716367333,0.23712737127371275,0.24009481882831019,0.23730534867975625,0.24027072758037224,0.2374830852503383,0.24044639837673318,0.2376605814739689,0.2379182156133829,0.24054054054054055,0.3394123606889564,0.24071573261309925,0.18258521768477895,0.2408906882591093,0.18279932546374367,0.3391773432231962,0.24098415908324908,0.3392857142857143,0.339508251936679,0.24107744107744108,0.18276674520363514,0.3395020188425303,0.18298015472586612,0.33960995292535306,0.18319327731092436,0.24092741935483872,0.18340611353711792,0.23673606447280054,0.3393756294058409,0.3395973154362416,0.2408587722240859,0.24111334674714957,0.23667448876969494,0.18331099195710457,0.23685092127303184,0.3392498325519089,0.24104452628054904,0.18340026773761714,0.1836734693877551,0.23678929765886286,0.18388498829822802,0.18415775401069517,0.33879051119278314,0.24081496325985305,0.33889816360601,0.3391188251001335,0.24090757424090758,0.23649099399599732,0.2367455818606202,0.237,0.18393868710429856,0.2408394403730846,0.2410922410922411,0.1840878828229028,0.33843594009983363,0.33865602129075184,0.23678084469571,0.33876329787234044,0.2369557992688601,0.3388704318936877,0.1839920292261707,0.2407038512616202,0.2369731164951875,0.33875248838752486,0.23714759535655058,0.33885941644562334,0.23732184289028838,0.24055666003976142,0.3388539251407751,0.3390728476821192,0.18371400198609733,0.2372600926538716,0.33906715183592456,0.23743386243386244,0.33917355371900826,0.24025115664243227,0.3392798149983482,0.18361955085865259,0.3393859359524596,0.18382838283828382,0.3394919168591224,0.24010554089709762,0.2403560830860534,0.23698088332234674,0.18385502471169687,0.18412384716732544,0.24036878498518274,0.3390388413429888,0.24053965120105297,0.23684210526315788,0.33903321275896087,0.23701512163050625,0.2405520867564903,0.24080157687253614,0.24105090311986863,0.23703217334208798,0.24122087298982606,0.33858267716535434,0.3387996064283372,0.18360655737704917,0.18387413962635202,0.18414154652686762,0.338683262364887,0.2409954158480681,0.23666121112929622,0.3386780104712042,0.23683349689237815,0.23708306082406802,0.33867276887871856,0.3388888888888889,0.23717739300882065,0.33899412148922276,0.33920992491021873,0.3394255874673629,0.3396411092985318,0.18362687540769732,0.18389305510270623,0.18415906127770534,0.33952427500814597,0.24006514657980457,0.33962878541191793,0.240234375,0.2365766352098926,0.1841249186727391,0.33951219512195124,0.3397269180754226,0.33994150146246344,0.2400909681611436,0.34004546930821694,0.18409090909090908,0.23628691983122363,0.24010382868267358,0.2403503081414207,0.3398184176394293,0.24051863857374392,0.33992222942320155,0.24068675089083252,0.24093264248704663,0.3399158303658142,0.3401294498381877,0.23584600452927856,0.34023285899094435,0.23601681215648238,0.23626373626373626,0.34022617124394183,0.3404392764857881,0.3406522441072005,0.18334409296320206,0.34075508228460794,0.2403225806451613,0.23605288616575298,0.34074790457769183,0.34096036094102483,0.24033505154639176,0.24057971014492754,0.340952994204765,0.18313485677502414,0.23584298584298585,0.23608877452557092,0.1832797427652733,0.34072645451623274,0.2403598971722365,0.3408287825248956,0.2405266538214515,0.23595505617977527,0.24069319640564826,0.2409367982034007,0.23604874919820398,0.3404937479961526,0.2362179487179487,0.23646267222044218,0.340486867392697,0.34069804674991994,0.18277848911651728,0.23648,0.236724248240563,0.34058202750239847,0.23689258312020461,0.24033237456056247,0.3405750798722045,0.18268923666560205,0.34067688378033206,0.24034471752314077,0.18283343969368218,0.3406698564593301,0.24043367346938777,0.34077143767931145,0.3409815168897387,0.34119146224912394,0.3414012738853503,0.23623049984081504,0.23647358370464672,0.2402163538020999,0.24045801526717558,0.23656597774244834,0.3410680228862047,0.18239593263425485,0.2366581956797967,0.34106065417592885,0.3412698412698413,0.341478895588702,0.2366751269035533,0.24008880431335236,0.2403297400126823,0.2405705229793978,0.18219264892268694,0.1824516946468166,0.3410386320455985,0.341247230136119,0.24050632911392406,0.18253717178108195,0.34123972169512967,0.18273790705026874,0.2360935524652339,0.24044233807266982,0.34112444725205304,0.3413324913167035,0.34154040404040403,0.24045440201956453,0.3416403785488959,0.24061810154525387,0.2408575031525851,0.23573904821935077,0.24102079395085066,0.24125984251968505,0.18230478589420654,0.3412023921938936,0.24134675896790433,0.241585404215162,0.23553459119496856,0.24174787802577805,0.23570081709616594,0.18221803330191644,0.1824748743718593,0.34065934065934067,0.3408662900188324,0.24160652651396297,0.2418444165621079,0.2420821574161179,0.24231974921630095,0.1823879661548104,0.3405388471177945,0.24240526150955213,0.24264245460237946,0.18247261345852894,0.3404255319148936,0.34063184235220517,0.34083802376485306,0.2347608627696155,0.3409375,0.24242424242424243,0.24266083697688945,0.1823290665001561,0.23470661672908863,0.24274570982839314,0.23487211478477854,0.34050514499532275,0.2350374064837905,0.3406045497039576,0.2426791277258567,0.3407038305823731,0.18212951432129515,0.24276377217553688,0.24299937772246422,0.23483670295489892,0.34048507462686567,0.24308361827789865,0.24331883157240522,0.24355389872631253,0.3403726708074534,0.2437131325675256,0.340471756672874,0.24387216878684456,0.18176178660049627,0.2344186046511628,0.23465592064476132,0.24387976448713977,0.24411400247831475,0.2443480953855683,0.18173374613003096,0.3398328690807799,0.24443069306930693,0.2344571605320136,0.3398268398268398,0.2445131375579598,0.3399258343634116,0.24467099165894346,0.23440395305744285,0.24482865081815375,0.2345679012345679,0.24498611539648257,0.24521900061690316,0.24545174221399937,0.24568434032059186,0.339291217257319,0.24584103512014788,0.24607329842931938,0.24630541871921183,0.1809787626962142,0.18123076923076922,0.24638572746847123,0.33886838868388686,0.23393790347371657,0.33896742470805163,0.24639016897081414,0.33906633906633904,0.24654590113601474,0.24677716390423574,0.23381405339061062,0.3389570552147239,0.24685679239497088,0.33905579399141633,0.33925835121054243,0.24693627450980393,0.24716692189892803,0.23361910593998775,0.2473217018671564,0.24755201958384332,0.33894157234628325,0.24770642201834864,0.24793641088352186,0.2334963325183374,0.24809043690803545,0.24832009773976788,0.233587786259542,0.24847374847374848,0.24870308208727496,0.17998779743746188,0.24885635864592864,0.338109756097561,0.23346540688814385,0.2336989640463132,0.33810539141029544,0.33830694275274054,0.3385083713850837,0.3387096774193548,0.23364770307271068,0.24847931873479318,0.3387047734873822,0.2486322188449848,0.17958067456700091,0.3386998784933171,0.2335256604919526,0.24863387978142076,0.3386949924127466,0.33889563106796117,0.24871094934789204,0.1795027289266222,0.24886329190663836,0.1796969696969697,0.24901544986367768,0.2492428831011508,0.24947017862549198,0.24969733656174334,0.2329803328290469,0.33817301875378103,0.3383731478681585,0.1795646916565901,0.24962224236929587,0.1797583081570997,0.24977348233162186,0.33816425120772947,0.24992453969212194,0.25015087507543754,0.25037707390648567,0.2325090470446321,0.2505275851673199,0.3378541289933695,0.250677915034649,0.33795180722891566,0.25082806383619394,0.25105358217941,0.3379476376767981,0.3381468110709988,0.17924812030075188,0.251052315093205,0.23204087766756837,0.17938701923076922,0.2511264644037248,0.33783783783783783,0.1795256679675773,0.33793517406962786,0.25112511251125114,0.2513497300539892,0.17961019490254873,0.3378297362110312,0.3380281690140845,0.33822648292390656,0.17969451931716082,0.17994011976047905,0.18018557318168213,0.3381208856971873,0.3383188752617409,0.33851674641148327,0.2508221225710015,0.18021518230723252,0.18046011353450853,0.3384109916367981,0.18065094057927739,0.2507462686567164,0.3384064458370636,0.23060859188544153,0.25082016104980615,0.23076923076923078,0.18062593144560357,0.18087008343265792,0.23086088769734883,0.3379988088147707,0.338195891634415,0.33839285714285716,0.1808985421005653,0.33848899464604404,0.23074635741897115,0.3385850178359096,0.3387815750371471,0.23083778966131907,0.18087318087318088,0.23099762470308788,0.24992579400415554,0.25014836795252227,0.23108869771581134,0.2313167259786477,0.33827453305662614,0.23147599288678128,0.25007407407407406,0.23163507109004738,0.33816997334912646,0.3383658969804618,0.23172536253329387,0.25,0.2318840579710145,0.23211117681845062,0.33816139521135086,0.25,0.23220088626292468,0.18015357353809805,0.18039563035134337,0.25,0.33785777515491294,0.25014749262536873,0.25036862282512534,0.33785377358490565,0.25051576775714707,0.250736593989393,0.25095729013254786,0.3377502944640754,0.2316750073594348,0.23190111830488522,0.2321270962047661,0.25088235294117645,0.251102616877389,0.25132275132275134,0.179841316485454,0.25146886016451236,0.23201174743024963,0.17997651203758075,0.2515409451130026,0.2517605633802817,0.1801114696391904,0.23196480938416422,0.2518323072412782,0.2321219226260258,0.2323469088778201,0.18014059753954306,0.23250366032210834,0.25175644028103045,0.33596722270997953,0.25190169689877123,0.2325241298625329,0.252046783625731,0.2326805027769658,0.2521917007597896,0.23283669295939236,0.2330607476635514,0.3354744525547445,0.3356684179801518,0.2521155529617741,0.25233372228704787,0.17964421114027412,0.17988338192419825,0.25240454677936464,0.3353729603729604,0.25254879114477136,0.33546884100174723,0.33566229985443957,0.25261932479627475,0.33575792842595287,0.2527632344386271,0.2529805175923234,0.25319767441860463,0.23219994187736123,0.3355607205113306,0.23235550392099913,0.25319396051103366,0.23251088534107403,0.3354614045269878,0.25326370757180156,0.3355568445475638,0.2534067845752392,0.2536231884057971,0.2323964068385975,0.3354577056778679,0.2536924413553432,0.2539085118702953,0.2541244573082489,0.2543402777777778,0.33526178767717674,0.25448235974551764,0.23214801965886095,0.3352601156069364,0.33545218145044786,0.25447718082033505,0.1784579844065839,0.17869515011547343,0.17893217893217894,0.17916907097518753,0.1794058263628497,0.3350634371395617,0.17959066013260305,0.3351585014409222,0.3353500432152118,0.3355414746543779,0.3357327958537288,0.2538860103626943,0.3358273381294964,0.25402761795166856,0.3359217716422203,0.336112708453134,0.2311008910606496,0.33620689655172414,0.336397586900316,0.17920735209649627,0.17944300890037324,0.1796785304247991,0.2309899569583931,0.2535857716580608,0.23114425007169487,0.23136467889908258,0.3359128690169103,0.3361031518624642,0.2535090232025208,0.179553264604811,0.2536501574577727,0.25386376645678305,0.2311874105865522,0.2540045766590389,0.23134114955676294,0.23156089193825044,0.1794798513861103,0.254,0.2542130819765781,0.25442604226156484,0.25463888095917786,0.1795091324200913,0.1797432239657632,0.23131774101540217,0.1799258625605931,0.3346636259977195,0.2544884582502137,0.2547008547008547,0.3346624893192823,0.3348519362186788,0.2547680045545118,0.1798520204894707,0.2310099573257468,0.23122866894197952,0.33466022177992605,0.33484934621944284,0.3350383631713555,0.17982954545454546,0.18006248224936097,0.18029528676888132,0.1805279591257451,0.1807604994324631,0.3347517730496454,0.18094157685762904,0.33484547774312445,0.33503401360544216,0.33522244261830547,0.33541076487252125,0.2537524780515435,0.3355039637599094,0.25389187659213136,0.25410299943406905,0.3355021216407355,0.33569004524886875,0.1806615776081425,0.23007348784624082,0.23029104266742018,0.2305084745762712,0.33549844676645013,0.33568605307735744,0.33587355348574655,0.18058690744920994,0.2304654442877292,0.33587140439932317,0.3360586411051593,0.3362457722660654,0.3364327979712595,0.18056338028169014,0.1807941424950718,0.33643018018018017,0.2530256121587391,0.2301631963984243,0.18087201125175809,0.23031496062992127,0.33623840314872083,0.2304665542439573,0.2306827760606912,0.33623595505617976,0.23083403538331929,0.23104997192588433,0.33623351108616334,0.23120089786756454,0.2314165497896213,0.33623107122826695,0.2523128679562658,0.2525224215246637,0.252731857663211,0.23137254901960785,0.33604032483898066,0.3362262038073908,0.3364119787293591,0.3365976496922216,0.33678321678321677,0.33696868008948544,0.25244618395303325,0.25265511458915596,0.25286392847164013,0.23100558659217876,0.1798380340686959,0.33668341708542715,0.33686854591124754,0.33705357142857145,0.25271966527196654,0.17986614612381482,0.18009478672985782,0.33695652173913043,0.3371412649763165,0.18022284122562673,0.33723196881091616,0.2525055679287305,0.25271360979682717,0.25292153589315525,0.33713490959666204,0.33731924360400445,0.25298860161245484,0.25319622012229015,0.180050013892748,0.1802777777777778,0.25326298250485973,0.253470294280955,0.25367749097973913,0.2538845726970033,0.22968099861303745,0.18025513033832502,0.22983088439146104,0.33647450110864746,0.33665835411471323,0.3368421052631579,0.25366934367211297,0.18023255813953487,0.253805701632992,0.2540121748754842,0.25421853388658366,0.18030973451327434,0.2543544373790434,0.22940851299060255,0.2544901906604034,0.2546961325966851,0.2549019607843137,0.22943125345113197,0.3359094672922992,0.3360927152317881,0.25489655172413794,0.25510204081632654,0.1800385993934381,0.33599779492833515,0.25516671259300083,0.33608815426997246,0.2553015698154778,0.2555066079295154,0.3360858794384806,0.33626857457347276,0.2555708390646492,0.25577557755775576,0.17981853175694254,0.180043980208906,0.2558395163506458,0.22857142857142856,0.25597363361713815,0.228720483250961,0.2561076036233873,0.33562019758507133,0.256241426611797,0.17992320351069666,0.33561831642445844,0.2563048245614035,0.25650863250205536,0.3356164383561644,0.2566420158860586,0.1799014238773275,0.3356145633725705,0.33579638752052543,0.3359781121751026,0.3361597374179431,0.25649439431227783,0.33624931656642976,0.33643071877562175,0.17978142076502732,0.3365200764818356,0.2564172583287821,0.2566202566202566,0.2568231441048035,0.22755798090040927,0.3363338788870704,0.3365148622852468,0.3366957470010905,0.33687653311529026,0.2566757493188011,0.25687823481340233,0.17946623093681918,0.336781922134495,0.25694066412629285,0.33687074829931973,0.2570729053318825,0.22708729942888223,0.22729744426318652,0.33677629790703995,0.25706521739130433,0.2572670469980983,0.2574687669744704,0.17920173771382025,0.33659066232356133,0.3367706919945726,0.33695062398263703,0.33713045836723626,0.2269522776572668,0.22716183247492544,0.22737127371273713,0.2571118937957193,0.2275189599133261,0.25724343352288115,0.25744450460205737,0.17889039242219215,0.3365800865800866,0.3367595347579118,0.33693888588426174,0.33711814003784807,0.2272972972972973,0.257227776276682,0.3371150729335494,0.3372940858763165,0.1787257019438445,0.33738191632928477,0.17889908256880735,0.17912058268141354,0.33737864077669905,0.17929361013750336,0.33746630727762805,0.33764483966585823,0.2567349137931034,0.2569350929167789,0.2571351642434033,0.22664872139973083,0.33745963401506995,0.257196663976325,0.257396449704142,0.22667383705297123,0.33736559139784944,0.33754367105616767,0.17893605588393338,0.17915659414450713,0.17937701396348013,0.1795973154362416,0.33735909822866345,0.17976925140863967,0.25697424892703863,0.2571735049611156,0.257372654155496,0.25757169659608686,0.2577706323687031,0.336994374497723,0.2579003749330477,0.25809906291834,0.25829764453961457,0.3369012576933369,0.17950775815944356,0.25835784969243114,0.22566844919786097,0.3368083400160385,0.3369855692143239,0.33716270371359874,0.1794871794871795,0.17970627503337783,0.3371596369460758,0.337336535895383,0.33751334044823905,0.3376900506801814,0.17973333333333333,0.2252732604638763,0.3376865671641791,0.2576605382360778,0.257858284496537,0.25805592543275635,0.17971246006389777,0.3375033271227043,0.3376796168174561,0.3378558127161479,0.225,0.33794203669236905,0.1796916533758639,0.17990964655859687,0.18012752391073325,0.18034528552456838,0.18056293149229952,0.33766923281125566,0.1807324840764331,0.33775537277792517,0.33793103448275863,0.33810660302307083,0.25715800636267233,0.25735489000795125,0.2575516693163752,0.2243708609271523,0.3379237288135593,0.33809902038655015,0.33827421916357864,0.2574755226250331,0.22433862433862434,0.2576038085162655,0.25780010576414597,0.1802802008987576,0.3380021141649049,0.3381770145310436,0.33835182250396195,0.3385265381568524,0.2576557550158395,0.1802586434415413,0.22401055408970977,0.25771564231073596,0.2579113924050633,0.22409702082784075,0.2580390089615182,0.22424242424242424,0.18018967334035826,0.22438767447985253,0.33780937335439704,0.33798367991576733,0.2578947368421053,0.22441462772954485,0.258022093634929,0.2582171969497765,0.33780231335436384,0.2583442838370565,0.2585391487125591,0.22432361439453638,0.33771008403361347,0.2585980572328695,0.33779527559055117,0.2587247441616374,0.3378803777544596,0.22423288749016523,0.22443628736234925,0.25871559633027524,0.2589098532494759,0.2591040083835473,0.17941330539549502,0.33752291175700444,0.2243455497382199,0.2590944778853703,0.33751962323390894,0.25922050745487835,0.2594142259414226,0.33751633986928103,0.17929952953476216,0.22419649856284296,0.3375130616509927,0.33768607991642724,0.3378590078328982,0.33803184547115633,0.17927974947807934,0.2590660057396295,0.25925925925925924,0.25945241199478486,0.2596454640250261,0.2598384154287204,0.26003126628452317,0.17921333680646,0.3375,0.3376724811247071,0.33784487246225925,0.33801717408274784,0.17924037460978148,0.3381014304291287,0.25975039001560063,0.25994281258123214,0.26013513513513514,0.2603273577552611,0.22311688311688313,0.2604518306933264,0.3377466251298027,0.3379185050609914,0.338090295796575,0.3382619974059663,0.17894190871369295,0.17915478351050038,0.33825816485225507,0.2601710287639285,0.2603626943005181,0.26055426055426056,0.17918177110305541,0.2226249029251877,0.33799171842650105,0.33816300129366106,0.33833419555095706,0.33850530126713213,0.33867631851085833,0.22253812354613595,0.3387596899224806,0.3389305089124257,0.33910123966942146,0.33927188226181254,0.2225090345895715,0.3393548387096774,0.3395252837977296,0.17874645344338405,0.2596699329551315,0.1789120907450374,0.1791237113402062,0.2597268745168771,0.17928902627511592,0.22225083698171516,0.33908341915550977,0.33925353925353924,0.3394235717961915,0.25958322613841006,0.1792695473251029,0.25970686551812805,0.1794344473007712,0.17964533538936006,0.25976361767728673,0.22193680965836116,0.22213662044170518,0.33889602053915274,0.33906570841889117,0.3392353092122145,0.3394048229861467,0.2595537317260836,0.1794871794871795,0.25967700589592413,0.25986673500768837,0.33922623622854214,0.3393954918032787,0.33956466069142127,0.25985663082437277,0.3396467878167392,0.1793756397134084,0.33972883090304423,0.33989769820971866,0.17949373561748913,0.3399795501022495,0.3401482238691541,0.34031681144609094,0.17956577266922094,0.25944841675178754,0.3403114628542252,0.34047983665135273,0.25950497575912224,0.2209183673469388,0.22111706197398623,0.3403875573686894,0.2594952842212592,0.25968399592252805,0.22114649681528661,0.3402954661232807,0.22128851540616246,0.2214867617107943,0.22168490710104352,0.2595419847328244,0.259730348511829,0.34003051881993895,0.2598525298754132,0.26004067107269957,0.2216010165184244,0.3399390243902439,0.26009652019304036,0.3400203148806501,0.2602183295252602,0.17868020304568527,0.2603400152245623,0.33992897006595635,0.34009637331980724,0.260395537525355,0.34017743979721166,0.34034465281297516,0.178616670889283,0.3404255319148936,0.22106862496834642,0.260253164556962,0.2604403948367502,0.2606275303643725,0.22109790032886414,0.34016186140617094,0.34032869785082176,0.26061678463094035,0.2608036391205459,0.17837291561394644,0.17858044960848699,0.26085858585858585,0.26104519060843223,0.2612317011610298,0.33989401968205907,0.17860746720484358,0.2612862547288777,0.26147251638930913,0.22056970002520795,0.22076612903225806,0.3396321491559587,0.3397984886649874,0.17854444724250818,0.26132930513595165,0.3397936068462119,0.3399597382989431,0.22062893081761006,0.22082494969818914,0.2612522001508675,0.33986928104575165,0.26137220407137474,0.17839195979899497,0.22079879427279578,0.3397790055248619,0.2209389907105197,0.26129518072289154,0.2614805520702635,0.33968891118916206,0.22096814647604715,0.22116349047141423,0.3396841313612434,0.2614035087719298,0.33976447005762966,0.26152304609218435,0.17806160781367392,0.22108162243365048,0.3396745932415519,0.33983983983983984,0.3400050037528146,0.22111055527763882,0.26131532883220804,0.34,0.17795551112221944,0.2613693153423288,0.261553834624032,0.22102897102897104,0.3398252184769039,0.2616075886170744,0.2617918642375842,0.2619760479041916,0.22100274382639062,0.2620947630922693,0.17776115681874843,0.22108673978065801,0.33939695988038876,0.22122571001494767,0.26201743462017435,0.2622011952191235,0.2623848643266119,0.3392234942757591,0.2625031102264245,0.33930348258706466,0.2626212384978861,0.33938339134758827,0.2627392493164305,0.2629224652087475,0.2631055900621118,0.17734724292101342,0.2632232431090142,0.26340615690168817,0.26358897989575575,0.26377171215880896,0.1773753411064252,0.1775793650793651,0.26382345648400696,0.2640059494298463,0.26418835192069395,0.17765113974231914,0.26430517711171664,0.17781079742446756,0.26442188660559546,0.2646039603960396,0.1779262558772581,0.1781296387926769,0.21988622310165717,0.337784371909001,0.26452410383189123,0.21997034107760752,0.3377810723993081,0.33794466403162055,0.264509755495184,0.22,0.3379412490743026,0.22013820335636722,0.22033061929434986,0.33793783917118897,0.33810110974106045,0.33826429980276135,0.3384274094158245,0.338590438639724,0.177629958117763,0.17783251231527095,0.1780349667569564,0.17823732151649435,0.33841988678316515,0.17839566929133857,0.33849938499384996,0.2636497786522381,0.26383083353823455,0.17846607669616518,0.338412386335709,0.3385749385749386,0.33873741095553916,0.17853634577603145,0.17873803093542842,0.17893961708394698,0.33865030674846625,0.3388125613346418,0.3389747363257297,0.2633643943109367,0.33905368962981125,0.17892156862745098,0.17912276402842442,0.3390494855463008,0.263286798922361,0.26346718903036237,0.3390452876376989,0.3392070484581498,0.21874235380474677,0.2189334637964775,0.26338958180484223,0.26356968215158927,0.2637496944512344,0.26392961876832843,0.2189103347178109,0.21910112359550563,0.2192918192918193,0.338623046875,0.2638515987307786,0.3387018057589068,0.33886313735057333,0.26390243902439026,0.2640819312362838,0.3388590931253047,0.33902022910065804,0.26413255360623783,0.26431181485992694,0.2644909887968826,0.2646700754808863,0.17818889970788704,0.17838890240934535,0.2647201946472019,0.17854536609097543,0.17874513618677043,0.2647702407002188,0.264948954788527,0.17885783718104495,0.33819241982507287,0.17901384503279086,0.26493443419135504,0.17916970138383104,0.2650485436893204,0.21815093423926232,0.2183406113537118,0.3378607809847199,0.33802133850630456,0.21842424242424244,0.3380998545807077,0.21856069784346982,0.3381782945736434,0.33833858077016227,0.338498789346247,0.2185911401597676,0.33857696030977735,0.3387369949189451,0.33889695210449927,0.26432889963724304,0.17867504835589942,0.1788735798888083,0.3388110198163364,0.21841024402029477,0.2642512077294686,0.338807051436851,0.33896668276195074,0.33912623702630945,0.2642374517374517,0.33920386007237635,0.17872648335745298,0.2642874367012298,0.26446480231436836,0.2646420824295011,0.17879518072289158,0.21801975427607806,0.2646917148362235,0.2181555502046713,0.26480500722195477,0.3386281588447653,0.1787776708373436,0.3387057974500842,0.33886483886483887,0.2647270978600625,0.3389423076923077,0.21797644796923815,0.33901970206631427,0.2647129473937065,0.1786743515850144,0.26482593037214885,0.2650024003840615,0.21790256779457642,0.2651151631477927,0.3386903334132886,0.21798561151079138,0.3387676816111244,0.17857142857142858,0.17876827222621616,0.26497364638236703,0.17892215568862274,0.21791187739463602,0.338520469236294,0.2649593106749641,0.33859775065805214,0.33875598086124403,0.33891413537431236,0.17886178861788618,0.1790580922782692,0.26481835564053535,0.26499402628434887,0.21763019589106547,0.3386673035586339,0.33882521489971346,0.21771305800907137,0.33890214797136037,0.2178477690288714,0.3389790076335878,0.33913665633198187,0.3392942298521698,0.21787842669845053,0.2180648236415634,0.3392899690254944,0.3394473558837542,0.2643486544415337,0.3395238095238095,0.3396810283265889,0.3398381722989053,0.26433499881037353,0.3399143672692674,0.26444708680142687,0.26462196861626247,0.21773235084383172,0.33982889733840305,0.33998574483250177,0.17814726840855108,0.26454523866065066,0.2647198480531814,0.3399003085687159,0.1782154722354058,0.17841043890865954,0.17860531309297914,0.3398150343846336,0.26458036984352773,0.21735008295804692,0.33981042654028437,0.33996683250414594,0.34012316437707246,0.26450390717499406,0.2646780303030303,0.21727810650887575,0.3400378608613346,0.3401939910101727,0.3403500473036897,0.1782927406006148,0.3404255319148936,0.3405814228314819,0.17840264650283555,0.2171037089534609,0.34057628719886635,0.34073199527744985,0.3408876298394712,0.3410431909369837,0.17838603114676735,0.34111818825194623,0.3412735849056604,0.3414289082763499,0.21687883074021688,0.21706339853876974,0.34142318567389257,0.3415783274440518,0.17828544512482336,0.263480103602543,0.17843691148775895,0.26359143327841844,0.17858823529411766,0.34133145142319454,0.2636406396989652,0.17869739007759228,0.2637517630465444,0.17884841363102233,0.17904135338345864,0.2638007986845196,0.21653358384217944,0.263911716365344,0.17910798122065727,0.1793006336540718,0.21656499296105114,0.17945109078114005,0.21669793621013134,0.34044548651817114,0.21683075480543834,0.2170142957581439,0.3404404873477038,0.17943312251112672,0.3405152224824356,0.21704518848044954,0.2633426966292135,0.1794991809033466,0.2634534394010295,0.21707602339181287,0.21725912067352665,0.34019172317044655,0.17952314165497896,0.21734050011684974,0.17967289719626167,0.26325624854006074,0.1798225128444652,0.21737100163436843,0.21755368814192344,0.3397899649941657,0.2176854876341577,0.2178679729414509,0.17980410447761194,0.17999533690837025,0.3396270396270396,0.2628757865299464,0.3397017707362535,0.18006056370836246,0.26292501164415466,0.18020954598370198,0.26303538175046554,0.2175936700023272,0.21777570963238715,0.18027448243777622,0.18046511627906978,0.26296210183678215,0.1806136680613668,0.21775505461306066,0.33898698884758366,0.21788617886178863,0.2180678123548537,0.3389830508474576,0.18059424326833798,0.1807844047342771,0.26264501160092807,0.21804685687775457,0.2182282003710575,0.18084859726408534,0.2626332869726472,0.33858632676709155,0.21825764596848934,0.3386611072504054,0.18087077350625289,0.18106043065524427,0.18125,0.2182365193242305,0.26237852845904674,0.3384223918575064,0.3385753931544866,0.33872832369942196,0.2182154415164124,0.26230644788537094,0.338724584103512,0.1811041811041811,0.21824480369515012,0.21842530593396445,0.3386426592797784,0.21855527348257558,0.2621135209967697,0.21868512110726643,0.2622232472324723,0.21881484897394513,0.1809589672660212,0.1811477298916801,0.18133640552995392,0.26215157797742455,0.26232151082450483,0.26249136541561136,0.21869244935543278,0.2626006904487917,0.2627703635526921,0.21877156659765357,0.3376264949402024,0.18119107840882961,0.1813793103448276,0.26269823029188694,0.18152573529411764,0.21869974730071215,0.33739090491502066,0.21882893226176808,0.26262626262626265,0.21895799862290566,0.21913721890775584,0.1814636384491856,0.21926605504587157,0.26255445998624166,0.33700137551581844,0.26266330506532204,0.3370760769935839,0.33722794959908364,0.2627118644067797,0.2628806961300664,0.2190934065934066,0.33714808880750746,0.21922196796338672,0.21940059482955845,0.18115279048490393,0.33706837411388063,0.3372199359853681,0.21942857142857142,0.2625685557586837,0.1811743203107151,0.2626770214709913,0.21945649691710437,0.2627853881278539,0.1812371604656471,0.18142400730260155,0.26283367556468173,0.18156934306569342,0.2629418472063854,0.18171454628362974,0.21928424891725554,0.21946216955332726,0.3362952836637047,0.21958997722095672,0.3363698474151674,0.18169398907103826,0.18188026405645344,0.33636777423759673,0.21956769055745165,0.2625113739763421,0.18194223334091425,0.2626193724420191,0.21959536258240508,0.2197727272727273,0.18200408997955012,0.182189913675602,0.2625482625482625,0.18233424159854678,0.21975028376844494,0.3356786200635497,0.2198774676650783,0.22005444646098005,0.3356770242685416,0.18231292517006803,0.22013148945817276,0.18245693563009974,0.18264219351914798,0.3355233348436792,0.18278595696489242,0.22010869565217392,0.3355218474077428,0.33567224988682665,0.26182394206834125,0.18280542986425338,0.18299027369373444,0.22003618272274988,0.2618132489260683,0.33544303797468356,0.22011299435028248,0.26186172616357883,0.26202846171222044,0.22018970189701897,0.3352901332129149,0.2203160270880361,0.18280297901150983,0.3352888086642599,0.33543875479359353,0.33558863328822736,0.2617812852311161,0.18282236248872857,0.1830065359477124,0.2618296529968454,0.22009461590448298,0.1831081081081081,0.33528484575546047,0.22017109410175598,0.2617600720234076,0.33528352835283526,0.2202474690663667,0.33535762483130904,0.33550708342702945,0.3356564748201439,0.33580579905596764,0.18292134831460674,0.22017524151875983,0.261455525606469,0.18302268133842353,0.33565334530758867,0.2615039281705948,0.18312387791741472,0.3356517837110164,0.33580080753701214,0.22000448531060776,0.3358744394618834,0.18314279309571846,0.3359480053787539,0.2612592426618866,0.1832437275985663,0.335946248600224,0.3360949395432154,0.21983434072084174,0.3361683079677708,0.18326247482658312,0.2610738255033557,0.1834041601431447,0.21981216457960645,0.18354571875698636,0.21993741618238713,0.3358659217877095,0.3360142984807864,0.22001340183158366,0.33608753907994643,0.18352310783657066,0.26071428571428573,0.1836643606337871,0.21999107541276217,0.18380548739683247,0.22011596788581622,0.18394648829431437,0.18412839946500223,0.26053042121684866,0.3355614973262032,0.1842281131655157,0.3356347438752784,0.1843687374749499,0.26046304541406945,0.21989761851769418,0.3355585224744103,0.18442714126807563,0.33563167259786475,0.18456748943740273,0.21987550022232102,0.18470771282507223,0.26022222222222224,0.3354810042212842,0.18480675255442025,0.3355540750610704,0.18494671403197158,0.26015538290788015,0.2197070572569907,0.33547814510761037,0.1850044365572316,0.260146373918829,0.18514412416851442,0.18532476169363776,0.21963652482269502,0.3352537115001108,0.21976074435090828,0.3353266888150609,0.21988485385296722,0.22005756032765109,0.1852589641434263,0.18543925647267095,0.33517699115044247,0.2200840522008405,0.335249889429456,0.3353968604908247,0.2595048629531388,0.18541436464088398,0.33539549270879365,0.33554230174508504,0.21996466431095407,0.3356149260322367,0.18543046357615894,0.1856102405649967,0.33561341571050307,0.185748952128833,0.21989413321570359,0.25909592061742004,0.18584656084656084,0.2592021159356403,0.21992066989863376,0.2200925313945803,0.18590308370044054,0.18608236071349923,0.2591369440774989,0.18622055910191504,0.22007042253521128,0.18635863586358636,0.18653761548614167,0.2201451506487794,0.33465259454705365,0.2202681908111673,0.22043956043956045,0.1865524060646012,0.18673110720562391,0.3345047221612124,0.2204655248133509,0.25861690450054886,0.18678665496049165,0.2587228439763002,0.2204914436156209,0.2206624259706076,0.1868421052631579,0.18702039026529269,0.25865848312143797,0.1871575717729564,0.25876424189307623,0.18729463307776562,0.33377135348226017,0.2204948543901905,0.33384413309982486,0.33398993215145545,0.187308533916849,0.3340625683657843,0.3342082239720035,0.2204242291712224,0.2584171403585483,0.2205464480874317,0.33413461538461536,0.3342800961328381,0.22062035823503715,0.18715876829001965,0.1873362445414847,0.22069417157825802,0.33413356612832823,0.2208160593497709,0.22098603839441536,0.3341330425299891,0.3342782381160052,0.2210595160235448,0.18722755013077594,0.18740466332534322,0.25773420479302833,0.22108473099542583,0.1875,0.3339865011974744,0.22115803221593383,0.25767138193688793,0.1875543951261967,0.22123123776375897,0.25772074815137014,0.22135246792781038,0.22152173913043477,0.2577700499891328,0.1875271621034333,0.33347816641320877,0.3336229365768897,0.33376764386536373,0.2214502822405558,0.22161927501627957,0.2575954861111111,0.33369494467346494,0.3338394793926247,0.22164389503361526,0.1873373807458803,0.1875135486668112,0.2574772431729519,0.25763813651137596,0.18760831889081456,0.18778427550357374,0.18796015591165008,0.2576315219744533,0.1880952380952381,0.33326119887470246,0.2213327563825184,0.18818948734587929,0.25756920415224915,0.18832432432432433,0.18849978383052313,0.22130970391182192,0.1886343993085566,0.18880967811622382,0.257451403887689,0.18894407255452386,0.221286701208981,0.33261385711202246,0.2574449719464825,0.22135922330097088,0.33261432269197583,0.18891524692689238,0.33268650280293227,0.22138391894804915,0.33275862068965517,0.1889678948502478,0.2214562688496338,0.2216239500323067,0.2571059431524548,0.3326157158234661,0.22169608265174343,0.3326877555412094,0.18889845094664373,0.2570445257044526,0.18903225806451612,0.22167275854654914,0.22184006878761822,0.25703846980442724,0.18908465835840138,0.2571428571428571,0.22186426116838487,0.22203135065492807,0.18913696865607557,0.18931101094655506,0.2570815450643777,0.18944432525209182,0.18961818961818963,0.2219601115161913,0.18975128644939965,0.22207931404072884,0.33154736390912987,0.2221984143989715,0.25685518423307624,0.18976226172627972,0.1899357601713062,0.33140655105973027,0.3315496575342466,0.25679435052428845,0.18998716302952504,0.25689839572192513,0.2219846022241232,0.2570023519350011,0.1900384779820436,0.19021158367172472,0.257051282051282,0.1903439436017945,0.2219137120888509,0.19047619047619047,0.2220324508966695,0.22219850586979722,0.22236448997012379,0.330701941540431,0.2568259385665529,0.22243548731072724,0.1904051172707889,0.2225538264762311,0.22271952259164535,0.33049222245898147,0.19045590115040478,0.222790202342918,0.33049403747870526,0.1905471577602725,0.22286079182630908,0.22302617578208128,0.3304255319148936,0.25632844075728567,0.2230965546575925,0.2232617478205401,0.2234268707482993,0.22359192348565357,0.33021674458138545,0.3303590397280646,0.22366185216652507,0.19027394351242302,0.19044585987261148,0.22373169178518362,0.22389643463497452,0.3301506471461914,0.25583368689011454,0.2559915164369035,0.2561492790500424,0.190375238499046,0.19054684188215346,0.256198347107438,0.1906779661016949,0.19084939631434017,0.25624735281660316,0.25640482744018633,0.19093988145639287,0.3295238095238095,0.19107067287346594,0.1912418024116776,0.19141285956006768,0.22330302389511525,0.2562367864693446,0.3293172690763052,0.25633981403212175,0.32938939361926894,0.32953105196451205,0.3296726504751848,0.2563344594594595,0.32974456407008657,0.2230899113550021,0.22325385102342266,0.22341772151898734,0.2235815228854672,0.22374525516659638,0.2239089184060721,0.32946880269814505,0.32961011591148576,0.22397808680994521,0.22414156309247946,0.32961246840775066,0.2242577384712571,0.22442105263157894,0.32961481793306674,0.22453703703703703,0.22470018935409214,0.3296171644930585,0.22481598317560464,0.3296888141295206,0.22493167963001892,0.22509457755359394,0.32969111157806263,0.32983193277310924,0.19029615626969124,0.2251154976900462,0.32983413814822593,0.25503778337531485,0.22518363064008395,0.2253462022660512,0.32976714915040906,0.3299077181208054,0.19018662193331937,0.22536687631027252,0.3299098721442046,0.2548197820620285,0.25497590613869686,0.22538751571009635,0.2550785340314136,0.19011725293132328,0.3297048356709232,0.32984512348262873,0.2253609541745135,0.3299163179916318,0.25496758000418324,0.2551233793391886,0.19004808697470207,0.2253344481605351,0.32978056426332286,0.25511909736732136,0.25527470231878,0.22535505430242272,0.32971392775109626,0.3298538622129436,0.2552702984763097,0.3299248747913189,0.22532860421447945,0.32999582811848144,0.33013555787278415,0.1897414512093411,0.3302063789868668,0.18987077949145478,0.22525526151281516,0.3302083333333333,0.33034784419912516,0.25489379425239483,0.33041848844472205,0.18984179850124897,0.33048907388137355,0.22513524760715772,0.25483669648429375,0.2549916805324459,0.2252027448533999,0.33035343035343034,0.22531698191644148,0.25498753117206985,0.22543112403906088,0.2255920232654757,0.3302180685358255,0.33035714285714285,0.1895370562590824,0.33042756330427564,0.22556547001452584,0.3304979253112033,0.22567931964322754,0.33056822895064286,0.3307070288202364,0.25456053067993367,0.22569948186528496,0.33070866141732286,0.3308473171742283,0.33098591549295775,0.18927314143715054,0.22567287784679088,0.1894017801697371,0.3309188741721854,0.2542933995447962,0.2256930078609847,0.1894519131334023,0.3308519437551696,0.2542898490800083,0.225713104588673,0.22587311427980988,0.33078512396694215,0.22598636645321216,0.25423378769103677,0.22609952508775552,0.3307184145334434,0.33085655314757484,0.33099463475030955,0.1891891891891892,0.25412541254125415,0.22602598473912147,0.22618556701030929,0.22634508348794063,0.22650453421269579,0.33072326396043683,0.330861145447054,0.3309989701338826,0.3311367380560132,0.25386040765904877,0.22643062988884313,0.3311380942580778,0.33127572016460904,0.22649660563670027,0.25380501851090087,0.22660908903968743,0.25390625,0.33114080164439874,0.18865598027127004,0.25395520854735976,0.18878389482333607,0.22653522283836516,0.33100616016427103,0.2539519605830425,0.25410509031198686,0.33100759285860865,0.1887566680344686,0.18892307692307692,0.3310090237899918,0.22636866926389174,0.25399753997539976,0.2541504406640705,0.1889344262295082,0.2542511780372874,0.18906185989348628,0.33073929961089493,0.1891891891891892,0.3308085977482088,0.18931641424478102,0.18948229997953756,0.330810147299509,0.2540396809163428,0.22597137014314927,0.25414025761602943,0.22608340147179068,0.2542407520948293,0.2543931344503474,0.18937691521961184,0.25449346405228757,0.18950377782315703,0.254593711719069,0.25474586650336806,0.22591836734693876,0.254845949806162,0.25499796001631986,0.2551499082194575,0.2553017944535073,0.1893985728848114,0.2554015491235222,0.2555532912166293,0.18948655256723718,0.2257078834793237,0.2556008146639511,0.2258195886784769,0.255700325732899,0.2558518216975372,0.18945868945868946,0.2559511698880977,0.25610252237591535,0.25625381330079317,0.189507930052867,0.2256556210611913,0.25630081300813007,0.25645194066246696,0.18955709061357173,0.18972171440178753,0.22562956945572704,0.2564467005076142,0.2565976451481933,0.1897706515120763,0.18993506493506493,0.22560357070399675,0.2257606490872211,0.2565402555262624,0.25669099756691,0.22582606932900873,0.25678962302391567,0.2569402228976697,0.2570907617504052,0.2572412396192019,0.25739165654110974,0.2575420125531484,0.25769230769230766,0.25784254199554746,0.22561715904492108,0.32733158001213836,0.32746763754045305,0.25783619817997977,0.2579862515163769,0.22559126743480898,0.25808407437348424,0.2582339866639725,0.32727272727272727,0.22561098767925672,0.2582794830371567,0.22572178477690288,0.25837706903512314,0.225832492431887,0.32707828894269575,0.3272140407504539,0.18898749495764422,0.25831820931639443,0.18911290322580646,0.22576093529530336,0.25836356307940345,0.25851299617167034,0.2586623690572119,0.18912386706948642,0.25875956504228753,0.3267565935172136,0.32689210950080516,0.18917287180519218,0.2255533199195171,0.32689599678133174,0.3270313757039421,0.18922179770762115,0.18938480096501809,0.22552763819095478,0.3269694533762058,0.3271046815350613,0.1894335074327039,0.32717413135167706,0.1895582329317269,0.32724352539650675,0.22541148133279806,0.3273128637367048,0.22552166934189405,0.22567703109327983,0.32731648616125153,0.32745137357128534,0.2578187650360866,0.2579675285628382,0.18937875751503006,0.25806451612903225,0.18950320512820512,0.25816142599639497,0.1896275530636764,0.1897897897897898,0.25820656525220176,0.18991394836902142,0.19007603041216486,0.25825165033006603,0.2252,0.22535492901419715,0.258296681327469,0.2584449330401759,0.19004796163069546,0.22537462537462538,0.19017179384738314,0.19033353305372477,0.19049520766773162,0.19065681772808943,0.25828343313373253,0.2253043304729595,0.25837988826815644,0.32595252343905845,0.32608695652173914,0.19062811565304089,0.2583732057416268,0.1907514450867052,0.3260263053009167,0.2251444510858737,0.2252988047808765,0.22545309699263094,0.3259657506969335,0.258212223770655,0.19068471337579618,0.32597014925373136,0.19080779944289694,0.32603938730853393,0.25815433571996815,0.25830184927420957,0.3260437375745527,0.3261776982707215,0.1907790143084261,0.19093979733757202,0.3261819626539531,0.3263157894736842,0.19102462271644163,0.32638475282906493,0.3265184597062326,0.19110934709267713,0.19126984126984126,0.22475699266018648,0.2578341927806426,0.2248661511005354,0.32632831086439335,0.22497522299306244,0.2578279825604439,0.22508420844065782,0.1911648177496038,0.19132501485442663,0.25782178217821783,0.22510393981389823,0.2579176563737134,0.3259449831783099,0.19133359715077167,0.19149357072205736,0.2579113924050633,0.19161558236108364,0.3258204824041123,0.22494564143111287,0.22509881422924902,0.1916617269314365,0.25780323982615566,0.2579498321153466,0.2580963665086888,0.19170779861796644,0.32550335570469796,0.19182948490230906,0.3255722178374112,0.191951075162754,0.32564102564102565,0.25793729047525144,0.1920347003154574,0.192193968066233,0.32558139534883723,0.32571428571428573,0.32584712371946417,0.1922395115225527,0.22449783379283184,0.25772789919275446,0.3257874015748031,0.19228498327100965,0.19244391971664698,0.19260279362581154,0.2576711250983478,0.25781710914454276,0.19268580416830516,0.3255356791822292,0.32566823899371067,0.32580074670858716,0.19273084479371316,0.3258691809074838,0.19285153181461115,0.32593756135872765,0.22398900667451904,0.22414131501472032,0.22429356357927788,0.1928585442417108,0.19301686936053356,0.25730535399097865,0.22431372549019607,0.2574005097039796,0.25754606036848293,0.25769155398785026,0.1929858934169279,0.25778648383937314,0.19310614962788875,0.32523986684942235,0.22415818324197337,0.22431004110393424,0.32524461839530333,0.22441792212874193,0.2245696400625978,0.25757872090749073,0.22467735627688698,0.3251221896383187,0.32525410476935107,0.22474105921438342,0.19284876905041032,0.19300644657159602,0.1931640625,0.19332161687170474,0.32506833268254587,0.22467304313878586,0.2572209211553474,0.32507317073170733,0.19332813109637145,0.19348546908523503,0.25721528861154447,0.2573601091830766,0.22456140350877193,0.2574546871954785,0.25759937646141856,0.2577440093512566,0.3246980911569926,0.19337877312560856,0.3247663551401869,0.3248978002725326,0.22440638380692876,0.25763767269896864,0.1933852140077821,0.3248395253841665,0.3249708284714119,0.2243826560373323,0.2245334370139969,0.2575315840621963,0.22464049747376602,0.3248494268505926,0.19327894327894327,0.25752573315206834,0.32485436893203884,0.32498543972044264,0.3251164596273292,0.325247428682321,0.22448583624369423,0.3253152279340446,0.32544608223429017,0.3255768857863099,0.2572702597906165,0.22446210505911998,0.32558139534883723,0.22456888199961247,0.2247191011235955,0.19291109819872168,0.2571649883810999,0.1930300096805421,0.2572590011614402,0.2574027482097929,0.22465170278637772,0.3252079705939253,0.2574468085106383,0.2575904080448656,0.22467130703789637,0.19292480185578967,0.22477773482798608,0.25758454106280193,0.25772797527047914,0.25787135406606143,0.32483584395519505,0.25796485808071057,0.2581081081081081,0.2246670526925304,0.2248166730991895,0.2249662357707891,0.19270833333333334,0.25805207328833174,0.2581951407635943,0.2583381530749952,0.19275250578257516,0.32433994989400655,0.2583815028901734,0.258524369100366,0.25866718027734975,0.19275948392066242,0.2587601078167116,0.25890279114533205,0.2590454195535027,0.22455262651529728,0.22470180838784148,0.2248509328717061,0.225,0.258988656027687,0.2251057285659362,0.25908129925043244,0.22521137586471945,0.25917387127761765,0.22531694199001154,0.22546571922412137,0.22561443932411673,0.19235937799961605,0.1925143953934741,0.3231625407791211,0.2256331542594014,0.25896796470362554,0.25911008822401227,0.1925215723873442,0.32304447852760737,0.22560858731071498,0.225756995017248,0.25905345851695727,0.2591954022988506,0.32292664240566943,0.3230563002680965,0.2592379858318974,0.25937978560490044,0.22564593301435407,0.25947187141216993,0.3229385881002487,0.3230680948737567,0.25951424746605467,0.1921606118546845,0.2255782833110304,0.2595565749235474,0.32295050640168166,0.323079862437906,0.2255969436485196,0.2257448433919022,0.22589268665266374,0.22604047346315387,0.25940064897881276,0.1919847328244275,0.22610188895248998,0.2594429607020221,0.2595842075147816,0.19202898550724637,0.25967588179218304,0.32253145253526494,0.19210977701543738,0.25971798780487804,0.19222709087445228,0.2598095238095238,0.19234431536850125,0.2599009900990099,0.19246145059965733,0.2257327750285497,0.25994291151284493,0.2600837138508371,0.3220467947498573,0.32217573221757323,0.1924320212968245,0.2600760456273764,0.2602166888424254,0.26035727860129226,0.3220596617898537,0.2604483282674772,0.3221272554605888,0.32225598176984427,0.3223846591987849,0.2604403948367502,0.2605807553615487,0.26072106261859584,0.2251944602542212,0.32226858877086495,0.19211075289209179,0.19226393629124006,0.26066350710900477,0.2608036391205459,0.2609437180216032,0.2250852595680182,0.1922712634968744,0.22518939393939394,0.22533611058511646,0.2608860280196895,0.3217868635245126,0.26097653292959877,0.22535477767265846,0.2255013242527431,0.3217325515415169,0.2256051437216339,0.2257515598411798,0.22589792060491493,0.22604422604422605,0.2261904761904762,0.22633667107500471,0.2606724593879864,0.22644003777148253,0.26076283987915405,0.3213139512931848,0.19177047942619857,0.1919230043404416,0.22641509433962265,0.19203923787964536,0.32119954734062617,0.22647557986045636,0.2605580693815988,0.26069745523091425,0.260836788541274,0.22649331072168832,0.32102486812358705,0.22659634582783952,0.22674199623352165,0.19186593861796272,0.3209713855421687,0.1919819311123659,0.19213398569815582,0.22671683913452492,0.32091798344620015,0.1922136543163438,0.22677698382850695,0.26038729084414364,0.32086466165413535,0.19225709453110318,0.26042841037204056,0.22675183167386812,0.22689706987227648,0.26046948356807514,0.26060833646263615,0.22695701145109817,0.3205705705705706,0.2606492775379996,0.2270168855534709,0.3205777527668355,0.26069017254313576,0.22707669229326832,0.19197600299962506,0.19212746016869728,0.3204647676161919,0.19224283305227655,0.26058448857249905,0.22700880314665667,0.19232209737827716,0.1924733196030706,0.3202920254586297,0.2605277933745087,0.19255239520958084,0.3202993451824135,0.32042648709315374,0.19263138208341127,0.3204936424831713,0.19274630772106935,0.22672897196261682,0.32050084096430576,0.19282511210762332,0.2602279095834112,0.2267463578632798,0.19290382819794585,0.19305451829723674,0.3203285420944558,0.19316909294512877,0.2601231573054674,0.22667910447761194,0.2268233538518933,0.2269675494218575,0.32015662875256384,0.2600671140939597,0.2602050326188257,0.22698471859858368,0.2271287497670952,0.26024590163934425,0.2603836841124977,0.2605214152700186,0.22714578290821077,0.31980640357408785,0.31993299832495814,0.32005954596203945,0.26046511627906976,0.19270833333333334,0.2605542123860889,0.19282261063592412,0.22699386503067484,0.1929368029739777,0.22709533543950938,0.227238944630249,0.2604495634404607,0.22734026745913818,0.19294336118848654,0.22744151503898996,0.2275849266753295,0.227728285077951,0.26034514752273147,0.26048237476808905,0.26061955110369134,0.19287833827893175,0.2277025774151678,0.2278457545420838,0.2606116774791474,0.2607487027427724,0.22790439132851584,0.2608373471656169,0.2609742544915725,0.19277777777777777,0.26106276615441587,0.3185857089966679,0.19285582084027392,0.26110288675055515,0.2612395929694727,0.22770995190529042,0.2613279082670612,0.2614644970414201,0.22776853392493993,0.26155268022181144,0.26168915172796153,0.26182557280118257,0.22778496212820987,0.26191355744366457,0.26204986149584486,0.2621861152141802,0.22780136606978033,0.2279438907345884,0.2622255028603063,0.26236162361623616,0.2280022136137244,0.26244928070822576,0.26258528489765814,0.2627212389380531,0.2280184331797235,0.2281607077036491,0.2627602727105215,0.2628960943257185,0.22821882482961872,0.26298342541436465,0.2631191309151169,0.22827687776141384,0.22841892140622125,0.22856091277143908,0.26310947562097514,0.2632450331125828,0.26338054073937833,0.2285766826038985,0.2634675491818349,0.2636029411764706,0.22863444219812534,0.26368981991914736,0.22873415395921368,0.2637766348273328,0.26391184573002757,0.19151670951156813,0.2639985313016339,0.19162995594713655,0.26408515323912646,0.22862385321100917,0.26417171161254815,0.1916727806309611,0.19182101595452045,0.2642097543087642,0.22859761686526123,0.3156158357771261,0.2642477551768371,0.26438255771344815,0.1917933687488551,0.2644688644688645,0.22852957333821644,0.3154522153057488,0.2645066813106352,0.26464128843338214,0.31546203110704485,0.2647274057811928,0.26486189866471554,0.1916605705925384,0.19180837447430973,0.19195612431444242,0.31529884847377077,0.22825292397660818,0.3153663438699068,0.2647058823529412,0.2648401826484018,0.3153761869978086,0.2649260544093482,0.1918583424607521,0.22814382186530388,0.26496350364963506,0.31527093596059114,0.2650492520977745,0.3153383184388109,0.31546316557257476,0.31558796718322696,0.3157127232956617,0.2649899763076362,0.19169096209912537,0.3157223537985061,0.2278688524590164,0.22800947004188674,0.3157319737800437,0.1916985253959585,0.3157990535129232,0.22802547770700637,0.26473799126637554,0.26487174822630527,0.31575118224809023,0.22804146208401527,0.22818181818181818,0.1916015269950918,0.22828062522719011,0.31564601126658187,0.22837936046511628,0.2646684831970936,0.26480203414456954,0.19157435990557473,0.31554103122730576,0.315665275004538,0.19165154264972778,0.22827073126474323,0.31567489114658925,0.19172864139307091,0.3157417482771128,0.3158658204895739,0.19180565627266136,0.22820373391335871,0.19191736136281262,0.22830222866461317,0.26431159420289857,0.2644448469480167,0.26457805143064106,0.22831794314684048,0.2284576393917451,0.2285972850678733,0.22873688020267824,0.2645196309028406,0.26465267727930536,0.1917164044130946,0.31518987341772153,0.26468992948833847,0.264822848879248,0.2649557202241099,0.19172388868810986,0.26504065040650404,0.2651734104046243,0.22846306664258623,0.2652582159624413,0.26539086477703555,0.19169675090252708,0.2654755459303375,0.26560808372428724,0.1917734079018582,0.1919191919191919,0.1920649233543733,0.3144608727010458,0.26554894537587886,0.31452775775054076,0.22814921607496846,0.2655855855855856,0.22824716267339218,0.22838616714697407,0.2656221862056546,0.2657544112351458,0.1918991899189919,0.22840172786177107,0.3141983084398057,0.26574307304785894,0.22845835581939197,0.22859712230215828,0.22873583887789967,0.2657317511686444,0.26586374258493617,0.2287922358015816,0.31392632524708,0.3140495867768595,0.19166516975031436,0.19181034482758622,0.22876638534745916,0.3140035906642729,0.19188655537605456,0.2656137832017229,0.2287816256953167,0.2656978830283459,0.26582959641255605,0.1918938307030129,0.31378877532723687,0.31391179634277516,0.2658182469976698,0.22867383512544803,0.19190109299408709,0.22877104980293803,0.26580691384560273,0.26593839541547276,0.1919427036705461,0.31364124597207305,0.26597458385537853,0.1920186113099499,0.313651816067275,0.2660107334525939,0.19209443748882132,0.3136623748211731,0.1922045413910245,0.22845906328208795,0.19231456657730117,0.22855611150822017,0.2286939431838485,0.3135048231511254,0.26576174316842294,0.26589285714285715,0.2660239242992323,0.22866833273830775,0.31340353382116726,0.26605995717344755,0.22872435325602142,0.22886193364252586,0.2660959514892099,0.2289586305278174,0.31324656801568906,0.2661319073083779,0.2662626982712529,0.19191019244476124,0.31320149652592194,0.19201995012468828,0.2288512911843277,0.228988603988604,0.22912586790101477,0.19206123175507298,0.19220501868659903,0.26601423487544484,0.312933641700765,0.19228032728566347,0.2290592210563756,0.22919630156472262,0.26595555555555556,0.2292925702097405,0.22942953616491915,0.31272210376687987,0.22952567063421567,0.2658969804618117,0.26602734860593147,0.19211647727272727,0.2661104207349547,0.19222577209797656,0.22945874001774622,0.26614620298083747,0.31240021287919106,0.22951401206101454,0.22965064727788614,0.2661347517730496,0.2662648466583939,0.19213045019496633,0.22966507177033493,0.2663004961020553,0.3121346324180691,0.19217144881331916,0.1923145032760758,0.26628895184135976,0.31209063551070987,0.19238938053097346,0.26632454432843744,0.19249823071479122,0.2294356978595436,0.22957198443579765,0.2663129973474801,0.22966760961810467,0.2298037829238112,0.2663485330505479,0.2664781763562467,0.19240282685512367,0.2298180533474651,0.26651359943482866,0.19247748543174995,0.2665960451977401,0.2667255075022065,0.19255206494881752,0.3112758073054526,0.2667607621736062,0.26689010407479274,0.1925925925925926,0.22958913771821549,0.2669252468265162,0.26705446853516657,0.2671836446951005,0.2673127753303965,0.26744186046511625,0.2675709001233046,0.19249735822472702,0.31079415390033455,0.1926056338028169,0.3108607639500088,0.19271383315733898,0.22928030969558333,0.31087262491203377,0.3109938434476693,0.22933520928596554,0.1927202391419026,0.19286216596343178,0.19300404288978731,0.22934973637961337,0.26708838516956596,0.19307800421644414,0.22940453188125767,0.1931858096241658,0.3106233538191396,0.22945926966292135,0.2669826224328594,0.22955422955422955,0.19319178803298825,0.2670175438596491,0.3104718470443782,0.19326552086987023,0.31053831316850783,0.22948807854137449,0.2669588080631025,0.3105502979320014,0.19327142106185385,0.3106166783461808,0.3107374321247154,0.19334500875656743,0.2668534407284188,0.19345238095238096,0.1935935585506739,0.26688834441722087,0.22922134733158356,0.22935619314205738,0.3104775231764912,0.26687653025533403,0.2670047211050883,0.26713286713286716,0.3104352385946513,0.3105557497378539,0.19343001922068845,0.19357092941998602,0.2291703056768559,0.3105134474327628,0.2669809673476515,0.22922486033519554,0.3105253971024612,0.2670157068062827,0.22927935787820625,0.22941381716678297,0.3104831676260248,0.22950819672131148,0.19337401918047079,0.26691073919107394,0.3104409970367788,0.22952248170094108,0.22965673462275657,0.26689895470383274,0.2670266504093364,0.19331243469174503,0.22967090370886295,0.2670612813370474,0.26718885987815494,0.2297250261051166,0.2672698799373586,0.2673973556019485,0.26752478691946424,0.26765217391304347,0.30985915492957744,0.22965924895688455,0.22979315139926995,0.30987139381299966,0.2675933970460469,0.22984711605281447,0.30988361994094143,0.2676276484890587,0.19291543670776176,0.2298611111111111,0.19302204478389168,0.22995487677889623,0.23008849557522124,0.23022206800832756,0.1930615784908933,0.23031564342698577,0.26738338824345415,0.23040915395284328,0.3094123764950598,0.23050259965337955,0.3094784266158378,0.3095980595980596,0.30971765113459204,0.2672324211984759,0.26735930735930735,0.2674861495844875,0.26761294789683227,0.2303565247490481,0.23048970410105554,0.19273356401384084,0.30946203079052065,0.1928398478035282,0.1929794224450977,0.3094744121715076,0.26741573033707866,0.26754234358797097,0.26766891308104374,0.2303040774015204,0.23043703575747107,0.26770293609671847,0.2305301329649456,0.19285220994475138,0.1929915415156223,0.19313082499137038,0.23054357204486625,0.1932367149758454,0.2675521821631879,0.2305967575025871,0.3088463528194516,0.2675862068965517,0.23064988795035338,0.26766632195794554,0.2677925211097708,0.19314266023432117,0.19328165374677003,0.2678263864967275,0.19338729120027554,0.2679063360881543,0.3084868307798244,0.23046471600688467,0.2305971433488212,0.2678940123881624,0.30844658523997937,0.1933264533883729,0.1934651762682717,0.1936038514442916,0.2678356541172426,0.2679614987968374,0.23045196769204332,0.26804123711340205,0.23054457996907748,0.30814153211954654,0.23063712862785507,0.1935096153846154,0.30815450643776826,0.30827325780981807,0.267890852926034,0.3083390528483185,0.30845771144278605,0.1934819897084048,0.19362030526496313,0.2678326474622771,0.2679581690382308,0.26808364758313336,0.30831191088260496,0.23029472241261137,0.3083775912283707,0.30849606029462145,0.1935262887480733,0.30856164383561646,0.26793357301831877,0.1935980828483396,0.3085743624850248,0.19370294318959616,0.19384088964927287,0.308587068080739,0.26782965623396615,0.22999316005471956,0.30859976064284494,0.3087179487179487,0.2678174670996411,0.30878332194121666,0.30890141807620025,0.26785104202254867,0.1936806148590948,0.19381830601092895,0.26788458255079395,0.19392284055991807,0.3087557603686636,0.30887372013651876,0.2678723767275209,0.19396110542476971,0.308886235715504,0.2295361527967258,0.22966751918158568,0.2678145243777702,0.2679393216294529,0.30879345603271985,0.19390015334810018,0.22964224872231687,0.3088059955714529,0.2678814713896458,0.19393836199557296,0.3088185223016684,0.19404255319148936,0.2678692988427502,0.2679938744257274,0.1941136440966315,0.1942507229120599,0.3086734693877551,0.2293827580343479,0.19432165929955797,0.3086860445351011,0.22943575798776342,0.3087510620220901,0.2677539925246347,0.2294887039239001,0.30876358695652173,0.26778740023773134,0.19422750424448218,0.3087760991342726,0.26782077393075354,0.2294247412183947,0.22955548014930438,0.19423240033927056,0.26780868385345996,0.22960827539426829,0.2297388945405222,0.3085268689608408,0.2677966101694915,0.22979156075241486,0.26787529650965775,0.26799932237845164,0.19410569105691056,0.268077900084674,0.1942092786996275,0.22972744201794482,0.26811103588354773,0.2682348959214757,0.22978003384094756,0.22991033666046354,0.3080175913396482,0.26822256046000337,0.30808251606357795,0.1940828402366864,0.22988505747126436,0.26821024167652524,0.2683338965866847,0.2299374894407839,0.19408783783783784,0.26836682992737715,0.3078351908139142,0.2684450447408408,0.2685685347738015,0.26869198312236287,0.2688153898076274,0.19402733254597604,0.26889338731443996,0.2690166975881262,0.19409780775716695,0.3075366717248356,0.26904922454484154,0.30760155064891287,0.30771823390630265,0.1941027801179444,0.30778301886792453,0.19420582785918813,0.2689457729875379,0.22933153729584105,0.269023569023569,0.26914660831509846,0.19421070346684619,0.30758875988557965,0.1943135935397039,0.22926829268292684,0.22939791456441305,0.26904321506642004,0.19435104236718226,0.26912086064884855,0.2692436974789916,0.1944211056965216,0.2693212365591398,0.3072400470351083,0.2292576419213974,0.19445843828715365,0.26930826057756885,0.26943092160483467,0.2695535414568647,0.19449572075851654,0.2696308724832215,0.19459822177487,0.2697081516269708,0.2698306221700486,0.19466800804828974,0.19480301760268232,0.22896413007039892,0.26981732864085806,0.2290549597855228,0.22918411794270396,0.2698492462311558,0.22927482833696197,0.26992632283991963,0.22936547798426252,0.2294944760629394,0.22962343096234308,0.22975234270414993,0.2698678266688974,0.26998996319839413,0.30607124937280483,0.22976588628762543,0.3061360976425347,0.2699765964560348,0.19438408825004178,0.1945187165775401,0.2297410192147034,0.1946207818242566,0.30599632537163857,0.3061122244488978,0.2698280180330606,0.2297161936560935,0.2699048572859289,0.2298064085447263,0.2299349240780911,0.2300633967300634,0.23019182652210174,0.3058705803869246,0.19443054860763714,0.2302434144714905,0.2697116186031005,0.23033333333333333,0.1944675887352108,0.2304231922692436,0.23055139097118107,0.269653564290473,0.2697751873438801,0.2306027306027306,0.23073081405027468,0.3054260985352863,0.2308204360126477,0.23094841930116472,0.30544002661786723,0.19427811044577512,0.26958257109595873,0.26970402394413034,0.23092269326683293,0.2310505319148936,0.3053016453382084,0.269690927218345,0.23110151187904968,0.26976744186046514,0.269888722803521,0.19412155430089673,0.19425535447451436,0.2699203187250996,0.3050622406639004,0.3051775638898108,0.2699518831923013,0.2309223623092236,0.3051915740587162,0.26998341625207295,0.19416348864201624,0.1942970822281167,0.27001491795126803,0.1943984090155784,0.19453189726594863,0.2307819748177601,0.19463309590856387,0.269956939383902,0.23083291935750952,0.30480132450331127,0.26998841251448435,0.2701092353525323,0.304815488995532,0.23080741230972865,0.23093465674110836,0.30482963943102875,0.27005126509012733,0.2701719576719577,0.3048437758307158,0.2702479338842975,0.30490827962320277,0.3050231328486451,0.19428382620188336,0.3050875454245127,0.1943848059454996,0.3051519154557464,0.2701007099224038,0.23060415978870916,0.27017659679815154,0.2702970297029703,0.19435736677115986,0.3050148465852854,0.19445818901533893,0.1945910290237467,0.19472382522671064,0.27019452687108475,0.30492830064282184,0.2702702702702703,0.23035096391497775,0.23047775947281712,0.2306045132597595,0.3048418972332016,0.2702124156100774,0.3049061573921633,0.2702880658436214,0.27040816326530615,0.27052822116175745,0.19447186574531095,0.23046553709491693,0.27055921052631576,0.2706791646110837,0.19450838539953963,0.19464080223573896,0.2304404996712689,0.19474116680361545,0.2706210976010516,0.2707409232791194,0.1948094612352168,0.2708162259812777,0.2303776683087028,0.23050402232802494,0.3041694024950755,0.30428360413589367,0.1947817525434854,0.23051681706316654,0.23064304461942256,0.1948499261932098,0.2307313873401115,0.2705361534677816,0.270655737704918,0.304048516636617,0.23074401835463781,0.2706865475995412,0.27080602883355176,0.2709254709254709,0.19472649852603996,0.27100049123956116,0.27111984282907664,0.3038140448518579,0.2711947626841244,0.30387825233186055,0.2712696335078534,0.2713888434483887,0.2304546941445862,0.30384300899427635,0.27141922825376064,0.23050514958312898,0.2306309251389343,0.2307566595848995,0.2714052287581699,0.3037085443554975,0.23080692584122836,0.30377266046055856,0.2713912475506205,0.30383673469387756,0.19425399934704538,0.3039007670964583,0.19435378590078328,0.3039647577092511,0.27128874388254487,0.19442179089871148,0.23059360730593606,0.2713190934289907,0.30388001304206064,0.19445802770986145,0.23060625814863103,0.30389441094997555,0.3040078201368524,0.30412119237660856,0.3042345276872964,0.23058133854421103,0.30429827417779226,0.1943675728471431,0.27099609375,0.30431244914564687,0.1944354051415555,0.27102651700016267,0.1945348080676643,0.1946657993169621,0.23040650406504065,0.271012843440091,0.27113133940182055,0.3040793109052495,0.19467013324666882,0.19480097481722178,0.23034437946718647,0.30404417735910344,0.27102955505034104,0.2711479136223413,0.27126623376623377,0.2713845155007304,0.271502758844531,0.30391043323056954,0.27157689811810515,0.19464720194647203,0.2716509892961401,0.3038754661910167,0.2717250324254215,0.27184308639974064,0.2719611021069692,0.1946199967590342,0.22990926766040182,0.27199092823586585,0.2299967606090055,0.30364372469635625,0.27202072538860106,0.2721385785980249,0.2722563936549045,0.30360899821977666,0.27233009708737865,0.30367254489564793,0.3037851827887415,0.3038977842471292,0.2723156532988357,0.3039611964430073,0.22971225347559004,0.30402456764182967,0.1942469295410472,0.1943771206980126,0.30403877221324715,0.27216927798417057,0.27228682170542634,0.30405296302276763,0.27236034872457215,0.22953995157384988,0.3040671400903809,0.19428755849604648,0.2723459180380768,0.19438619132118085,0.22951612903225807,0.27237542331881953,0.3039342147694292,0.27244881508947283,0.22952933591231464,0.1943593875906527,0.30389945214308733,0.30401159980666986,0.30412371134020616,0.2723465936543727,0.19436392914653786,0.27241990017710516,0.3040888602704443,0.2724931595042652,0.2726102349533312,0.22928399034593724,0.2294079794079794,0.30400514717709504,0.27259568993245414,0.27271265476764756,0.27282958199356916,0.27294647162835556,0.22934747669559627,0.30387273019444,0.30398457583547556,0.22939759036144577,0.30404754256344363,0.3041593062469889,0.27280025690430315,0.27291700112377587,0.27303370786516856,0.22933718504252928,0.3040757381258023,0.30418738969998393,0.30429900545396216,0.30441058540497196,0.30452212957023733,0.27288760622093955,0.30458480282141714,0.2292033979804456,0.27291666666666664,0.3045986220157026,0.19352771547580905,0.19365689572321,0.30461242793081356,0.27285828662930345,0.19372398334934357,0.1938530494637426,0.3045774647887324,0.19395103216514642,0.19408,0.1942089265717485,0.30454254638515676,0.3046537661922277,0.3047649504317237,0.30487609912070346,0.2725383631713555,0.3049384689148154,0.30504953659316075,0.30516056878095543,0.27252396166134185,0.19405845711547676,0.3051740657936761,0.22848475171642982,0.2725095785440613,0.3051875498802873,0.22853495052665176,0.19403223232806766,0.2286215698787492,0.30515233689583665,0.27240829346092504,0.2725243182905438,0.272640306122449,0.2727562569743345,0.3050685368186165,0.27282868525896414,0.19391332058636074,0.3050820455631671,0.2284166932143995,0.27281414237935975,0.2285031847133758,0.22862601496576979,0.30499840815027063,0.30510902435142445,0.3052196053469128,0.3053301511535402,0.2726694241170856,0.19373310004771752,0.3053435114503817,0.305453967244395,0.2726550079491256,0.30551581624543,0.3056261919898284,0.27268393453043066,0.22831267874165873,0.22843526608419382,0.272712833545108,0.22852151818326186,0.27278501111463954,0.22860771551039846,0.22873015873015873,0.30534835740358673,0.30545858457632497,0.22877994605743296,0.3055203045685279,0.3056304520222046,0.30574056454170634,0.19327731092436976,0.2725110970196576,0.1933745443017911,0.27258320126782887,0.19347171605133892,0.19359949302915083,0.19372722952637414,0.19385492556224262,0.2725257323832146,0.272640911969601,0.2727560550894412,0.27287116176005066,0.2283589175502453,0.22848101265822784,0.3051732320835311,0.30528313824739006,0.19373715008698403,0.27277039848197343,0.19383399209486166,0.19396142902307936,0.30519993677888413,0.3053097345132743,0.272712908832359,0.3053712480252765,0.30548096667193175,0.30559065066329755,0.2726985630822675,0.3056520366277234,0.19384372533543803,0.2727272727272727,0.3056651412340224,0.3057746923319659,0.3058842088657517,0.27271293375394323,0.1938180097776376,0.30589719331441184,0.1939145514740659,0.22777427490542246,0.30591016548463357,0.272612669398046,0.2727272727272727,0.2277882797731569,0.19388880138604506,0.30582677165354333,0.1939851991812313,0.27267002518891686,0.2727845112545254,0.3057916273213724,0.27285601888276945,0.3058527375707992,0.30596193172880287,0.19392890846178043,0.1940556691303664,0.19418238993710693,0.3059267410784468,0.2727129833385728,0.19424799622819425,0.22737272155876806,0.194344069128044,0.3058435438265787,0.1944400816711167,0.30590452261306533,0.3060135029046946,0.2725274725274725,0.306074399623293,0.3061833019460138,0.2725560960301271,0.2271728898650769,0.30619607843137253,0.3063048933500627,0.3064136741414458,0.30652242082157416,0.19423107070073678,0.3065830721003135,0.3066917411064097,0.27232842369163274,0.3067523108256306,0.19423558897243107,0.27235708692247457,0.272471030378954,0.2725849381556286,0.27269881026925485,0.19424010017217092,0.30657276995305166,0.2727272727272727,0.27284105131414266,0.3065853277021742,0.30669377541445103,0.22658326817826427,0.27282676672920575,0.19415350945755824,0.2728977805564239,0.27301140803250507,0.273125,0.2732385564755507,0.22649172133708217,0.27330938622520695,0.27342286071205496,0.2265417642466823,0.27349359975023413,0.2736069923521149,0.22659176029962547,0.19394601341863005,0.22667706708268331,0.22679769146778975,0.19401122894572675,0.30594105722750664,0.3060492672279389,0.1940763834762276,0.30610972568578554,0.3062178588125292,0.2732938610158928,0.2266708210001558,0.2733644859813084,0.2734776514561595,0.22672064777327935,0.1939903471897867,0.273505603985056,0.2267704280155642,0.1940553999377529,0.2735335304185468,0.2268201617921593,0.1941203919738684,0.2735614307931571,0.22686984916809205,0.3056592039800995,0.2735893051453443,0.22691949020826857,0.22703962703962705,0.2271597265382225,0.2735746465744912,0.2736874805840323,0.19397421959931666,0.19409937888198758,0.27371526160534076,0.1941943495808755,0.3052925655750427,0.3054003724394786,0.19425911559348333,0.3054607508532423,0.3055684814642469,0.19432382133995038,0.3056287796557606,0.19441860465116279,0.1945434816307549,0.30564166150030997,0.1946381527971486,0.19476293771304617,0.22664601084430674,0.3056071871127633,0.27319188477621187,0.22669557138432953,0.1947669917943954,0.22678018575851394,0.2731775266986535,0.19483132157226865,0.2732477177781216,0.27336014851485146,0.19489559164733178,0.27343025054129294,0.30524199783516315,0.19495980210265926,0.2734580306075127,0.30525502318392583,0.19502395302117137,0.3053152039555006,0.2734435346825274,0.19508804448563485,0.30532818532818534,0.2734712785670167,0.2263393546394936,0.2735412164248225,0.27365334156505633,0.2263888888888889,0.27372319086560715,0.2738352360382598,0.30510566095943237,0.3052128315854411,0.2738627602158828,0.1948812827628739,0.22629875134885155,0.30517879161528977,0.22638310987825552,0.22650231124807396,0.2737636727776922,0.22658656808379543,0.2738333590020022,0.27394518016630737,0.2266358737490377,0.27401477832512317,0.27412651993227644,0.22668513388734995,0.2741960301584859,0.2743076923076923,0.2744193201045993,0.27453091356505693,0.2266646163309242,0.3045817958179582,0.27455803228285935,0.2267138026437135,0.2268326417704011,0.22695144437615242,0.27454294054386236,0.2270353302611367,0.27461219474735066,0.27472358722358725,0.22708429295255642,0.2747927540681609,0.27490406753645436,0.19413750767341928,0.2749731471535983,0.1942313593126726,0.304034361098328,0.22699386503067484,0.3040944640392578,0.22707758356332414,0.1942357810823241,0.30410790925812387,0.1943295019157088,0.22709163346613545,0.22721005055921556,0.2746629901960784,0.19436360851585235,0.30398162327718226,0.19445720410350636,0.2746478873239437,0.2271544466554416,0.3039485766758494,0.1944912012241775,0.2746328029375765,0.19458467186782927,0.19470786173141633,0.19483101391650098,0.22706422018348624,0.2745757529429751,0.2746866401712015,0.19486474094452086,0.30363691931540343,0.2270435446906035,0.19492820042774214,0.27462960134412706,0.22709224190592547,0.2746984272408001,0.2748091603053435,0.2749198595634254,0.27503052503052505,0.19487257744544484,0.19499542264266098,0.22700228832951946,0.27501525320317266,0.22708555741955164,0.19502897224763646,0.27504192712303704,0.30304878048780487,0.1950922115531169,0.30310880829015546,0.19518512875209507,0.19530773918342473,0.19543031226199542,0.27490100517819066,0.22689203593726207,0.27496954933008527,0.22697518648196072,0.22709284627092846,0.27499619540404807,0.2751065124771759,0.22714133576753384,0.2751749315485245,0.22722433460076047,0.22734184914841848,0.27520145963205106,0.27531164487686227,0.19516643866849065,0.2753799392097264,0.2273210758243428,0.19522941355211182,0.27540634968859184,0.27551640340218714,0.195292331055429,0.3021560886729426,0.2755427356915136,0.2272313296903461,0.3021702838063439,0.22731411229135054,0.22743134577454105,0.30218446601941745,0.2754436523585621,0.22747952684258416,0.2275966641394996,0.22771376591873863,0.22783083219645292,0.27538648075174293,0.27549628731626,0.195,0.22784426602029995,0.22796122387155407,0.30183250037861575,0.2754391278013325,0.27554882664647995,0.3018468059339994,0.19494475556228244,0.19506658595641646,0.3018610985020427,0.27549167927382756,0.2278021479352594,0.2279189352692075,0.3018297293210343,0.27547626247354096,0.22796674225245653,0.27554413542926237,0.22804896478766812,0.2756119673617407,0.2757214080676839,0.2280966767371601,0.19483461712732217,0.19495620658411356,0.19507775932356938,0.22810990338164253,0.19516981132075473,0.1952912767884093,0.2755394597857251,0.2756487628243814,0.30125207421933925,0.19532428355957768,0.2756748605036948,0.22798552472858866,0.22810191466907884,0.2757009345794392,0.27581009796533534,0.275919228450874,0.30103962633720055,0.1952395299789093,0.2759451724657328,0.1953313253012048,0.3010088842041861,0.30111412225233364,0.19539364744844198,0.30117399157134256,0.19548532731376975,0.2758049954860066,0.30118850609297426,0.22773766546329724,0.19551812302601895,0.1956390977443609,0.2277852954442941,0.2757065544197234,0.2278671276116038,0.2757739705440337,0.19564237415477084,0.30093149038461536,0.2757999098693105,0.30099128867527786,0.22781198378134854,0.22792792792792793,0.3010058549767302,0.301110777544281,0.27570163589974483,0.27581032412965184,0.19549887471867966,0.3010801080108011,0.19559022048897556,0.3011397720455909,0.19568151147098514,0.22773613193403297,0.3011542497376705,0.2278177458033573,0.22793346320995056,0.27554689841174707,0.30112359550561796,0.19562612342720193,0.3011831660925565,0.195717280622941,0.19583770025452912,0.19595808383233532,0.19607843137254902,0.1961987428913499,0.19631901840490798,0.27528426092160385,0.19640987284966344,0.3009273107986838,0.3010318528488111,0.27526913875598086,0.301091343997608,0.19641255605381167,0.19653265580630697,0.2752540346682606,0.19662333781562827,0.3010158350761876,0.27528005974607916,0.22729988052568698,0.22741526056443184,0.27530606151089876,0.19659650694133451,0.2753731343283582,0.3008506193105507,0.3009549388242316,0.30105922721169626,0.3011634844868735,0.3012677106636838,0.3013719057560394,0.22722528701356792,0.30143112701252234,0.3015352511551647,0.22727272727272727,0.3015943972582327,0.2273539928486293,0.27498882764784743,0.30160857908847183,0.3017125837676843,0.30181655747468733,0.2749739467023969,0.3018755582018458,0.19616014287840453,0.22723214285714285,0.22734712096414225,0.22746206486164833,0.3017997917596311,0.30190362879238547,0.30200743494423793,0.22747546833184656,0.27471383975026015,0.2748216409036861,0.19601723881706049,0.1961367013372957,0.2748477195067598,0.2749554367201426,0.301797118669241,0.275022275022275,0.19613956941351152,0.30181116389548696,0.3019147988719014,0.3020184030869694,0.2749666122570114,0.19614243323442138,0.2750333778371162,0.27514090774250965,0.3019427554500964,0.19617437722419928,0.22698295033358043,0.30195671509042393,0.30206017489254483,0.1962062833432128,0.30211883241961773,0.27496296296296296,0.27507035994667456,0.30213270142180093,0.30223604324004144,0.3023393544566183,0.30244263508512215,0.22676139727649497,0.22687583247003107,0.30245634803196214,0.30255955022932385,0.19600591715976332,0.27481141842922646,0.27491866311742086,0.19606683424515747,0.22678888231815494,0.2749445676274945,0.30239432456399645,0.27501108319787204,0.30245271867612294,0.19604077411729945,0.22673559822747416,0.19613055678629449,0.3024217365623154,0.19622028643141887,0.3024800708591674,0.3025830258302583,0.22668240850059032,0.2747528404898923,0.2267630569489525,0.2748192948812509,0.27492625368731566,0.22681020498451557,0.30241816573282215,0.226890756302521,0.2749115566037736,0.2750184229918939,0.19599174771588565,0.3023427140120819,0.2750441956393636,0.27515097952570333,0.19602356406480118,0.2752171992342807,0.2753239104829211,0.2267039599587811,0.2268177803944657,0.2753495217071376,0.27545615067686874,0.2755627482712962,0.3020005884083554,0.1959111634063833,0.30205882352941177,0.30216144684605206,0.27550720376359894,0.19594296633838013,0.30217519106408,0.19603232916972815,0.2754922127534528,0.30218892316732776,0.27555816686251466,0.2756645616096343,0.1960352422907489,0.302158273381295,0.3022607163828538,0.2263320123293703,0.2756090402113296,0.2757153338224505,0.1960093896713615,0.19612732873698108,0.19624523320621884,0.30209708168353133,0.30219941348973606,0.2262131652250403,0.30225740252125477,0.30235966583614243,0.27549824150058616,0.30241758241758243,0.1961617345443891,0.22616083199062545,0.30243116578793205,0.22624103089764241,0.302489019033675,0.3025911286780852,0.19613583138173302,0.2752817210595639,0.3026046239391279,0.30270665691294807,0.27530719719133995,0.27541319292087174,0.1961099736765136,0.30267582979967833,0.19619883040935673,0.22599035228767725,0.1962876351943876,0.3026450387257051,0.19637638807714786,0.3027027027027027,0.3028045574057844,0.2259383671681028,0.27511682242990654,0.27522266024237113,0.2753284671532847,0.3027295285359802,0.19629305312317571,0.30278710053990954,0.1963816749343449,0.3028446389496718,0.3029463243873979,0.19644159253317778,0.30300379119276755,0.30310540895174226,0.3032069970845481,0.22562308701355488,0.2257359370445934,0.303220166108116,0.30332167832167833,0.2748725418790969,0.22575007282260415,0.30333478957332166,0.22582993593476994,0.3033920512447227,0.3034934497816594,0.27477805268519867,0.19615832363213037,0.3035064746107959,0.30360779749781786,0.30370909090909093,0.30381035485747526,0.1961611167660317,0.30386740331491713,0.19624945486262538,0.30392441860465114,0.22554861212033134,0.3039814007555943,0.2256283597268633,0.30403834979662986,0.30413943355119827,0.19619517862329364,0.3041963118919704,0.19628339140534262,0.3042531572071418,0.225544267053701,0.304309969525468,0.22562391178177596,0.19628608733497752,0.1964026689875254,0.27396664249456126,0.1964907192575406,0.3041902276352037,0.27399246158306756,0.274097695318162,0.27420289855072466,0.27430807129401535,0.3041147493480151,0.27437346081413877,0.2253765932792584,0.22548877624909486,0.22560092673037938,0.19632257130447373,0.2743196294151708,0.1964104790852511,0.19652677279305356,0.2743452467081464,0.27445023148148145,0.22551714161724287,0.1965577089962395,0.19667389732465654,0.22556390977443608,0.2256758710423594,0.30355594102341715,0.3036565977742448,0.19667630057803467,0.27423782690362664,0.30366945969373016,0.27430304781164233,0.3037261698440208,0.303826714801444,0.22552699971123302,0.30388335498772917,0.22560623556581985,0.27420984269014287,0.2743145743145743,0.19650844034049922,0.2256203115983843,0.22573200634645896,0.27430054802422843,0.30367700072098053,0.22577854671280276,0.2743260775551391,0.27443067166330354,0.22582504683672,0.22593659942363112,0.30355856504826395,0.22601555747623164,0.1963128330692784,0.2743375576036866,0.27444204463642907,0.1963720126691621,0.27450698143083346,0.19645941278065632,0.19657504676931933,0.22589928057553957,0.19666235074090058,0.2744533947065593,0.22594563497770748,0.27451826287029046,0.22602444284687276,0.30304772857964346,0.30314790858128504,0.27450416786432885,0.1965799683862624,0.19669540229885057,0.30311736819422497,0.22594082160298765,0.19675427258365646,0.303130384836301,0.1968413496051687,0.19695664656904968,0.19707191043490743,0.27425373134328357,0.27435787056966565,0.19713055954088954,0.22579256921532062,0.3029259896729776,0.22587121755342032,0.2743045597935188,0.22594982078853046,0.30289564220183485,0.3029955568295829,0.22599598738893667,0.22610689210488608,0.22621776504297994,0.22632860621687437,0.2741334861071326,0.2742374337677216,0.2743413516609393,0.22634216177523264,0.30274835385055826,0.3028481465578932,0.19676588437321121,0.2742881671197596,0.19685264663805435,0.30281790873980835,0.27431350114416475,0.22622622622622623,0.22633686016585644,0.30278770550393136,0.3028873642081189,0.2742603973131342,0.1967705058588168,0.3029004143449064,0.2742857142857143,0.2262533923725182,0.2263638960297058,0.302870198486363,0.2264420331239292,0.2742326909350464,0.2743362831858407,0.3028400171257314,0.302939497716895,0.30303894992152947,0.2743223965763195,0.30309513621452006,0.22632629777524244,0.2743476400969628,0.3031080695751354,0.2263720598717035,0.19640820980615736,0.19652273051161465,0.274294670846395,0.27439806240205156,0.2745014245014245,0.27460475715710014,0.22628880660780404,0.2746689448953439,0.27477220956719817,0.22633451957295372,0.22644463421577,0.27479721075850294,0.2749003984063745,0.3026034997865984,0.27496443812233284,0.3026596501208932,0.1962457337883959,0.27498933598748754,0.27509240830253057,0.1963041933191187,0.27515633882888,0.2752593434702288,0.2753623188405797,0.22616848984230714,0.2262784090909091,0.2263882971168868,0.1962510650383414,0.2753088172653699,0.27541169789892106,0.27551454932576297,0.19628157820039738,0.27557826025258975,0.1963677639046538,0.30202865654702793,0.19645390070921986,0.19656786271450857,0.30204197390811116,0.30214093293633915,0.27544655514601646,0.22608079376328843,0.2755102040816326,0.2261584242596004,0.22626806460753754,0.3020257826887661,0.2263456090651558,0.30208185809375443,0.30218068535825543,0.19637547784227666,0.2753397508493771,0.2754423213021939,0.196433625813756,0.19654733267298713,0.3020656479909451,0.1966331871551846,0.22616690240452617,0.22627633998020083,0.2753110859728507,0.22635373957302418,0.27537461125247387,0.22643109540636042,0.30186546071226683,0.2753991804436908,0.27550155411133087,0.22644441305269106,0.2755649717514124,0.2756672786329614,0.3017509178198249,0.2264577156572074,0.3018068887634105,0.3019054340155258,0.2756138865368332,0.19627486947932835,0.2756772009029345,0.27577937649880097,0.19633286318758816,0.3017910026794528,0.27580372250423013,0.22627943042436205,0.30180434169720893,0.22635658914728682,0.30186020293122884,0.3019585740453713,0.2757114680191603,0.27581349485843076,0.3019718309859155,0.3020701309674694,0.3021684032666854,0.19611431789384767,0.3022240990990991,0.30232230823363826,0.2261469180973825,0.30237793724496975,0.3024760832864378,0.1960894640596427,0.30253164556962026,0.19617494023344115,0.27544994375703036,0.3025446365809082,0.3026426764127073,0.19620520028109628,0.27543563799887577,0.19629057187017002,0.30261309356560834,0.22587442056468604,0.19634831460674157,0.1964611711838225,0.30258354394832915,0.30268145444335254,0.3027793374508703,0.19649122807017544,0.3028346898680887,0.30293251017258316,0.30303030303030304,0.2256978538364427,0.30308555399719495,0.2257747861450007,0.3031407739764442,0.22585167531193046,0.19638351555929354,0.22592852137351085,0.22603699551569506,0.3030685161832703,0.1964135612216307,0.30312368679086704,0.1964985994397759,0.22601876487886852,0.27457294875385047,0.3030939381212376,0.196528555431131,0.30314905528341496,0.19661349006437168,0.2745207779487897,0.22593732512590933,0.3031193173870471,0.226013986013986,0.30317438120542584,0.30327181208053694,0.22605899622536,0.30332681017612523,0.30342417889587703,0.274315259921744,0.2260723766941456,0.22618049734562726,0.226288587791591,0.30335195530726256,0.2742633710375646,0.19631387880480314,0.2263018288426637,0.30332216638749304,0.22637822749476622,0.30337705833100753,0.22645458350774383,0.30343191964285715,0.30352908355419167,0.19623430962343097,0.27402035978245715,0.22643614054657,0.3034992332357452,0.3035963200446055,0.1962369337979094,0.30365105908584167,0.3037480841577261,0.1962942323767066,0.30380275804429585,0.19637883008356546,0.3038574014761175,0.19646338067390698,0.22622859529444522,0.303869710467706,0.22630480167014613,0.30392429724464237,0.22638096563239182,0.30397885364496385,0.30407567116427875,0.30417246175243395,0.3042692254206647,0.30436596218020023,0.22633115528986514,0.30442035029190995,0.1962473940236275,0.2263757643135075,0.19633180491871613,0.22645179216449013,0.30434782608695654,0.30444444444444446,0.22649631995556171,0.3044987503471258,0.3045953075107594,0.1962798445308162,0.2728660652324775,0.22647793505412156,0.2729290967115305,0.3045227524972253,0.2265224025523651,0.3045769764216366,0.3046734156150326,0.22656683305601774,0.2728407042839318,0.22664263931244802,0.3046431046431046,0.22671840354767184,0.3046972426215879,0.30479357162648935,0.30488987394375955,0.19598337950138503,0.27267691455477083,0.19606757130988645,0.22663713138585076,0.27270210409745294,0.22671280276816608,0.3047329089399391,0.30482911304829113,0.30492529053680134,0.27265181906211094,0.22669432918395574,0.27271470059466185,0.22676991150442477,0.3048527581916217,0.30494885264030963,0.2727021423635107,0.22678275290215588,0.1957993643775045,0.2727272727272727,0.19588340931067827,0.3048342541436464,0.2727523822676426,0.19594034797017398,0.30484605826315064,0.27277747101049143,0.22663906142167012,0.22674579078112062,0.19594314888919553,0.1960540838852097,0.3047316871292592,0.2726896551724138,0.19611088125775755,0.226696083838941,0.19619467806424928,0.2726771436448856,0.19627842866988285,0.27273980154355015,0.27284001653575857,0.2729402039129237,0.19630803140928502,0.2265840220385675,0.19639168158655831,0.19650234095290553,0.30428197714443067,0.19658590308370044,0.2728148657949071,0.2265345444536196,0.2728773909453695,0.30421023665382496,0.19658825147888292,0.19669876203576342,0.22651629762068493,0.1967821782178218,0.27278977038361063,0.2265603519384108,0.2728522336769759,0.27295217152281476,0.30397141679263434,0.19675735092058258,0.19686770160736364,0.30398351648351646,0.27290207389094906,0.1969239219994507,0.272964437731704,0.2730642504118616,0.22635552505147563,0.3038704364534724,0.3039659667901743,0.2730515916575192,0.19687199890245574,0.19698216735253773,0.3039363598957619,0.19706527701590784,0.19717537364596188,0.22621332602138744,0.2729266620973269,0.2730263157894737,0.19720433054680006,0.19731433269388873,0.273051102890807,0.1973972602739726,0.2731132721544994,0.3036154478225144,0.22607147747501027,0.27313800657174153,0.1973990417522245,0.22611552148918698,0.27316272067880115,0.2261904761904762,0.22629634696948966,0.30341997264021886,0.27315004787306796,0.1973468271334792,0.2263093121837823,0.19742958709324582,0.22638414217361585,0.22648988518316018,0.2730627306273063,0.30322492484285324,0.19743134307965568,0.19754098360655736,0.1976505941811228,0.27301283802239823,0.2264099412808958,0.2265155652648826,0.3030716723549488,0.273000273000273,0.273099495018425,0.2731986899563319,0.2732978578250785,0.3030013642564802,0.2733597053607966,0.30305510092744137,0.1974635210691395,0.22634305972184346,0.22644853442399454,0.22655398037077426,0.2266593975739403,0.3029435813573181,0.3030385611118681,0.19741144414168937,0.19752077373654817,0.2266412421683465,0.30300966907258614,0.19757625272331156,0.27297481279782165,0.2730737816498775,0.30298080849326253,0.19760479041916168,0.19771397469043409,0.30299319727891155,0.19779621820160523,0.2729869423286181,0.22643818849449204,0.1978515093826489,0.226512576478586,0.27297444263186516,0.30284083186081284,0.1978798586572438,0.30289441500203834,0.3029891304347826,0.27292487433772583,0.27302363488182557,0.22640228167866358,0.2265073329712113,0.30291921249151393,0.273011132229161,0.273109814035564,0.2732084690553746,0.19772017912878273,0.19782903663500678,0.3028083028083028,0.30290287574606617,0.19788417197884173,0.19799294819636562,0.22630508474576272,0.30287418655097614,0.3029686864579097,0.27297370561127676,0.27307223200975744,0.22628726287262874,0.2731337217179244,0.27323218639934976,0.19788703778951647,0.22630010834236186,0.22640487474610696,0.27321960465746004,0.2733179910653851,0.22644829453167298,0.27337934767898225,0.19783491204330175,0.2734406710864565,0.22646103896103897,0.19788989584742323,0.22653502840140655,0.27342799188640976,0.273526230394808,0.2265783425713127,0.1978913219789132,0.22665225030409514,0.3021621621621622,0.2267261180921497,0.3022156174007025,0.22679994596785086,0.22690437601296595,0.19783929777177583,0.19794761004590872,0.3021466180639935,0.22691684665226783,0.30220002699419624,0.19797570850202428,0.2731075428417218,0.22692930383162438,0.27316875758802106,0.19800377663879148,0.19811193526635199,0.27319309600863,0.19819333962518537,0.22688056079805877,0.30192748348834075,0.22695417789757413,0.2270583479315456,0.3019401778496362,0.22713188737707127,0.22723599137931033,0.1981144781144781,0.19822246162133045,0.30187154975090885,0.22724824986537426,0.3019248889487145,0.2728129205921938,0.19822365765038352,0.30193756727664156,0.30203148123234225,0.2271993543179984,0.3020847343644923,0.19822485207100593,0.27269060104881,0.19830599623554718,0.2727517139400457,0.2271505376344086,0.22725440129014918,0.19833378124160173,0.301894397420395,0.2727028479312198,0.22726662189388852,0.27276390008058016,0.2273398684033839,0.2728249194414608,0.2729225399382467,0.27302013422818794,0.22735203328412293,0.22745571658615138,0.27304441164631693,0.27314193721491814,0.27323943661971833,0.27333690987124465,0.22743730722810782,0.27339769375167605,0.30138088215578496,0.1979892761394102,0.22744940356520574,0.30139372822299654,0.30148733753182366,0.3015809217577706,0.19799062290689887,0.30163407447093493,0.22740056247488952,0.1980449919657204,0.30164680680144595,0.22744310575635876,0.22754651318431268,0.1980728051391863,0.27298273785628263,0.2730800107037731,0.19812709030100334,0.27314071696094167,0.19820783736792832,0.22746723722920567,0.2275705308196283,0.22767379679144384,0.19823553000935704,0.2730553327987169,0.19831618334892423,0.1984233030464992,0.2730794923179693,0.22762489981298423,0.22772806197408843,0.30101495726495725,0.22780077446922153,0.27303070761014686,0.27312775330396477,0.19834490122797652,0.19845188842920058,0.2277822257806245,0.3008672448298866,0.22785485592315902,0.3009203681472589,0.22792744731928513,0.22803040405387384,0.1984,0.19850686575123316,0.3008531058384431,0.22804211648673864,0.30090618336886993,0.22811459027315123,0.27271516120436984,0.19848141734381244,0.27277570591369205,0.22812624850179783,0.22822902796271638,0.19850885368126747,0.19861554845580404,0.2727272727272727,0.19869576789992016,0.22821024617431804,0.30055880787653005,0.27271517892776376,0.30061186485767494,0.2282218380103737,0.27273936170212765,0.19864379736737137,0.19875033235841533,0.3005449953476007,0.22820308346624135,0.30059800664451825,0.19877757108689875,0.27261857313670784,0.22821466524973433,0.228317173595431,0.19880478087649403,0.1989111671756739,0.2725703664365374,0.19899110580114165,0.27263074064242104,0.19907100199071,0.300291932059448,0.22820750961921188,0.228309896524277,0.3003050802493699,0.3003978779840849,0.1990452194669142,0.2724741447891806,0.19912501657165585,0.3003711558854719,0.22823061630218688,0.22833289159819772,0.1991519809195707,0.27239003709591947,0.27248642204265466,0.19920529801324505,0.19931134949013377,0.22828389830508475,0.22838607175956574,0.22848821816256287,0.27240238252812704,0.19931180518793012,0.19941775836972345,0.22849960306959513,0.2286016668871544,0.2998677248677249,0.22867345589207777,0.19941814334832056,0.2722464630437657,0.19949762030671603,0.2723066754791804,0.22865450700502246,0.1995506805867583,0.272330866807611,0.22869599682917163,0.2287978863936592,0.19957733456610752,0.22886951928156365,0.2722831110524231,0.19963031423290203,0.2994059405940594,0.2723072861668427,0.2288504685231622,0.2994193718659277,0.22892202137485157,0.1996042216358839,0.22899353647276086,0.2722236876813506,0.19965712778583675,0.27228375527426163,0.22900461437046804,0.19970999209069337,0.29919599314617107,0.2290458618871903,0.22914745025695085,0.1997364953886693,0.272164405216704,0.2722602739726027,0.19978927959963125,0.19989465367395312,0.22909809084924293,0.2989731437598736,0.22916940897722785,0.19992103185048696,0.20002631925253322,0.2001315789473684,0.22918037100381528,0.20021047092870298,0.22925161120610285,0.2719621251972646,0.2002629848783695,0.272022087825401,0.27211778624950705,0.20031545741324921,0.20042055460638716,0.22917214191852825,0.27210616213375377,0.22924330005254862,0.2984368842768948,0.2293144208037825,0.2294156270518713,0.20036764705882354,0.20047262701851123,0.29837227618797585,0.22942643391521197,0.2984251968503937,0.20049862222805406,0.27184466019417475,0.22943722943722944,0.2295383001049318,0.20052459016393442,0.2006294256490952,0.27179756129539795,0.20070791819611955,0.22951894088347097,0.2981651376146789,0.22958983095269297,0.29821802935010483,0.2296606838726582,0.22976159287398482,0.20065487884741323,0.20075955997904663,0.2981537252847977,0.2297721916732129,0.29820657154077757,0.2007853403141361,0.27143044104174846,0.2297827793771264,0.2298835535784378,0.2981423338566196,0.20078482668410727,0.27138373005493066,0.20086308356218124,0.29811715481171547,0.29820891619819584,0.27137254901960783,0.27146778198928245,0.2715629900679561,0.2716581732653861,0.29814476090932845,0.2007838014369693,0.22962382445141066,0.22972443515737234,0.29811961347610344,0.22979501240370806,0.29817232375979114,0.20075708132097636,0.2298355520751762,0.20083518204358605,0.22990605427974947,0.2300065231572081,0.23010696582311504,0.2712925524977175,0.2301773604590506,0.20080844960229496,0.20091264667535855,0.23021770303741362,0.20099061522419187,0.2977974716538512,0.2711753974459213,0.27127035830618895,0.2713652944241793,0.23016803438843297,0.23026829903620735,0.2303685375699961,0.20091145833333332,0.2976174977216508,0.2009893256964332,0.2976701809189119,0.2010671525247267,0.23031880286271958,0.29768410096278947,0.20111877195264732,0.23035900104058274,0.20119651450123552,0.2976592977893368,0.20127421661682485,0.2709308372334893,0.2710256076953074,0.23030933194697167,0.2012995451591943,0.23037941787941787,0.23047940756138754,0.297479864899974,0.20132484738277698,0.2305194805194805,0.23061940007791196,0.23071929368995067,0.29741659093859535,0.20132398753894082,0.23075924724205063,0.2974305735790293,0.2013753730374984,0.2307991696938246,0.23089894928006227,0.27055771725032424,0.20140059655038256,0.20150414937759337,0.20160767535329963,0.23087892144153488,0.29721322099805575,0.23094867807153965,0.2704418815601918,0.2016066338429645,0.2971887550200803,0.297279792746114,0.23092863618702242,0.2973322973322973,0.23099831671630194,0.2703262558259969,0.20155339805825243,0.27038571058762617,0.2310081532289375,0.27044513457556935,0.20157847069478588,0.2016817593790427,0.2704695382227396,0.20175892395240558,0.23095823095823095,0.2970002585983967,0.2310277957336781,0.297052740434333,0.2703890396794623,0.23106745929180666,0.201705646724383,0.20180878552971576,0.29699005296473324,0.2310772410229915,0.29704248999095956,0.20183367768595042,0.27023886378308587,0.2310870126516912,0.27029817994062216,0.20185854414042334,0.20196154342495806,0.2703225806451613,0.2020384466520449,0.23103715170278638,0.20211531020250226,0.23110652566417333,0.23120567375886525,0.23130479628674575,0.20214000257831635,0.231374065480794,0.29655883490140483,0.20219072164948454,0.2700682901687927,0.20226745684102035,0.20237021769934305,0.27009273570324577,0.2701867353509337,0.20242080865310327,0.2312347109566113,0.270211122554068,0.27030505856609605,0.2703989703989704,0.29622957148372153,0.20239320638188368,0.231184870706291,0.29624388988937483,0.20244372990353698,0.2025462962962963,0.2962581972482963,0.23116482386217538,0.27021468055019926,0.27030848329048845,0.2312042153964786,0.2313030069390902,0.2703327765643068,0.2704265159301131,0.2705202312138728,0.20241459029026457,0.20251701553871837,0.27054442732408834,0.2706380793426627,0.231193838254172,0.23129251700680273,0.27066221765913756,0.2957782625433081,0.20246343341031564,0.23130211674150097,0.2957927142124166,0.23137104014364498,0.27058220056424725,0.27067572765739195,0.2957692307692308,0.20240994744263555,0.29582158420917715,0.2313212866846085,0.29587391081496667,0.29596412556053814,0.2024084037919549,0.231330856923274,0.2959784836065574,0.23139966705083878,0.2024327784891165,0.2703879144795801,0.27048131080389143,0.2705746832202739,0.2958791911952905,0.20243122200895713,0.23132036847492324,0.2958935653063835,0.2705295471987721,0.29594577311676684,0.27058823529411763,0.29599795422580233,0.2960879570442342,0.29617793685286975,0.2962678936605317,0.2705431309904153,0.2963199591106568,0.2964098632937268,0.2705671946857435,0.2706603653084685,0.20217113665389527,0.2963861575788533,0.23097548518896832,0.2706498148857398,0.2964003063569058,0.29649010848755586,0.20214395099540583,0.27063927523286974,0.2022199540699158,0.2706977930858528,0.2308673469387755,0.2707562810865961,0.2963529711808212,0.20221853882442942,0.29640489546149923,0.20229445506692162,0.23081825133826153,0.2706766917293233,0.27076962283384304,0.2963434832462734,0.230828025477707,0.23092599668831995,0.2707590422822211,0.2708519037310582,0.2309651133180545,0.2709102482495226,0.23103360488798372,0.2961690212549319,0.29625858997200305,0.27089960554777964,0.27099236641221375,0.20200992240173005,0.29623505469346223,0.27101615159608294,0.23092573753814852,0.23102352193261283,0.2962115433511315,0.2710054658700902,0.23106253177427555,0.27106366755623335,0.27115628970775096,0.27124888832422817,0.2961128048780488,0.27130699860281976,0.2961645923291847,0.27136507936507936,0.271457592686643,0.23092547924336676,0.23102310231023102,0.27148115243051146,0.2715736040609137,0.2716660322294125,0.20159857904085257,0.23100342509197005,0.271689497716895,0.27178186429930246,0.29584073040831854,0.201597565614302,0.2718052738336714,0.2958549879579161,0.2718631178707224,0.2719553922189836,0.29586923466801823,0.2720131762321044,0.20154547757790728,0.27207093096896773,0.2721631205673759,0.2958085348866658,0.20157001772600658,0.2721863527028738,0.2722784810126582,0.2306037210479686,0.29574791192103267,0.23067189674807034,0.2957995951417004,0.27223276407337127,0.2958512522135087,0.2722903756165423,0.2723823975720789,0.2014161082311291,0.2724399494310999,0.20149159398306157,0.2724974721941355,0.27258940983192215,0.20154157189790245,0.2726468730259002,0.29560384032339565,0.2303902993558166,0.29565546855266484,0.27263543376688976,0.23042929292929293,0.27269284181290243,0.2956324160565514,0.29572131768269594,0.27271580010095914,0.23041009463722398,0.2957355538733283,0.23047811277910937,0.23057517658930374,0.2957497792912095,0.2958385876418663,0.2959273735972765,0.29601613716591024,0.23055590571032397,0.296067557348122,0.27246376811594203,0.2725554435483871,0.2960816429381378,0.272612748803225,0.29613301423353067,0.20100755667506298,0.2961843596524367,0.29627297909846384,0.29636157623064335,0.27253272910372606,0.29641283826305853,0.2009816259753335,0.23027557568893922,0.23037242073477604,0.23046924141401434,0.29635220125786166,0.2009810086781537,0.29640342052313884,0.2010562052055828,0.20115665074176514,0.2304211187932118,0.29638009049773756,0.23048887771773283,0.2964312641367178,0.27214474180173387,0.2722361809045226,0.2723275970355483,0.23046973122331071,0.2305663694587467,0.23066298342541436,0.27231638418079096,0.27240773286467485,0.2724990586167943,0.23067269076305222,0.2961475718408834,0.29623588456712674,0.29632417513486387,0.27245358755644755,0.20080270914335885,0.20090293453724606,0.27247648902821314,0.20097793380140422,0.2962266516234173,0.29631486588117323,0.2964030580273217,0.23045112781954888,0.2964540784362862,0.2965422199949887,0.2966303394713767,0.2722945891783567,0.27238572323105825,0.2724768344603055,0.27256792287467135,0.20080120180270405,0.2726248591813744,0.20087609511889862,0.2964585158303091,0.27264764764764765,0.20092581008382335,0.2727045283962972,0.2727954971857411,0.2728864432216108,0.23008628235588346,0.27294323580895224,0.23015376922115263,0.273,0.2302212223472066,0.2961759560109973,0.2962639010371111,0.296351824087956,0.27295440349781386,0.20072445665750688,0.2008242787560884,0.29632867132867136,0.2729429391934074,0.23008739076154808,0.27299962551491697,0.2963055416874688,0.2730562835392487,0.29635637634140255,0.20074859638178416,0.2730788423153693,0.2731695147810902,0.2732601646295834,0.2962962962962963,0.29638403990024936,0.29647176162573247,0.29655946148092743,0.2966471394740122,0.2967347956131605,0.27314641744548285,0.20059805631696984,0.27320294007723933,0.27329347284504235,0.20064765226055548,0.22963885429638856,0.2966006723944714,0.27328187250996017,0.29665131333250344,0.2296489917849141,0.2297448662103298,0.2966650074664012,0.2967525195968645,0.20054739985070913,0.273168304515487,0.2732587064676617,0.27334908593458523,0.22966923650833126,0.2734054457292055,0.2005221282943809,0.20062150403977627,0.2734277902063137,0.29650801540946936,0.22962226640159045,0.27345011802708413,0.27354037267080744,0.27363060489380203,0.2737208147044213,0.29641127530113004,0.2737770052148001,0.20049658597144632,0.22951837140019862,0.2963882338339332,0.29647555224621497,0.20052115647102617,0.20062034739454093,0.27366331720630194,0.27375341106425205,0.2738434825747241,0.27393353174603174,0.20061996280223188,0.29630547979171834,0.2739556216685261,0.27404561229548835,0.27413558061717685,0.29628252788104087,0.2963697187461281,0.29645688800792863,0.22915892481109873,0.29650730740648995,0.29659442724458207,0.29668152550767707,0.20044571004085676,0.2967318643228522,0.2968189132318356,0.2969059405940594,0.2290558099245143,0.2738183617916357,0.20042063590251144,0.29688273132112813,0.20049474335188622,0.2738065792728172,0.27389637690119945,0.27398615232443124,0.27407590555074796,0.22892459826946848,0.27413175132863676,0.2742214532871972,0.2743111330779686,0.22893501359031382,0.274366893143916,0.29656620553359686,0.2966530813881685,0.296739935786614,0.2968267687368811,0.2002469135802469,0.2742871250462906,0.2743766971118242,0.2968036529680365,0.2744323790720632,0.20024676125848243,0.2003454231433506,0.2744541754039719,0.2967439565860878,0.2968306819583179,0.2744759556103576,0.27456540500554805,0.2968441814595661,0.20029582152101566,0.29689425684002957,0.29698089956869994,0.2745194677180877,0.2970309227547123,0.29711751662971175,0.27454119965512996,0.2002463054187192,0.2003447851249846,0.2745629155380448,0.22824079773482703,0.2970211718365337,0.20036923076923077,0.29707112970711297,0.2971576227390181,0.297244094488189,0.29733054496248,0.2974169741697417,0.2743819948345837,0.2974667978357108,0.27443747694577647,0.2002704696336366,0.297480024585126,0.2744591937069813,0.27454835934619637,0.27463750307200785,0.27472662489249294,0.29742014742014744,0.2747819678172215,0.2748710390567428,0.2749600884195014,0.275049115913556,0.2751381215469613,0.20009820770930517,0.2751933226954707,0.27528227785959747,0.297214382132777,0.20012269938650307,0.29726413936940255,0.275269872423945,0.22752361094075801,0.2753249938680402,0.2275904353157572,0.2753800882785679,0.22765722692166238,0.27543515567541066,0.2755239612697635,0.2,0.29702242372258303,0.2000735113942661,0.29707215484503247,0.20014698677119058,0.2754439681567667,0.2970854763654176,0.20019591037100526,0.2754652301665034,0.2755539233688334,0.27564259485924114,0.22738954840288828,0.27569750367107193,0.2757861250458828,0.20014680694886225,0.27584097859327217,0.200220156555773,0.2968081203375321,0.27586206896551724,0.29685780657782124,0.2969437652811736,0.297029702970297,0.2758494255683207,0.2970793107662227,0.27590420332355814,0.297128894318876,0.27595895431224043,0.2760473922071577,0.2971421592574499,0.27610208816705334,0.2,0.20009766817238434,0.2001953125,0.27608934456243134,0.2970466194776666,0.27614399023794994,0.20021961932650073,0.22679028913016958,0.27616491827274947,0.22685693377241126,0.276219512195122,0.20021948542860626,0.27627407949280663,0.2763623064732415,0.29680643588493416,0.2968921389396709,0.20021935169388252,0.2969416351894724,0.2970272904483431,0.2971129248385918,0.2971985383678441,0.27621483375959077,0.20019483682415976,0.20029221965177157,0.27623569515461405,0.27632379793061473,0.2764118792599805,0.27649993915054155,0.20029204185933316,0.27655432534371577,0.20036496350364963,0.2969225155090622,0.29700802724397957,0.276541408245166,0.27662937743190663,0.2970212765957447,0.29710673474349625,0.29719217211620275,0.297277588721439,0.297362984566776,0.2002430133657351,0.27651561171182115,0.20031584062196306,0.2973399732782704,0.297425309691523,0.20036429872495445,0.27646915978630404,0.2765569989073692,0.200412721534353,0.22587692681150626,0.2765776699029126,0.20046110908870282,0.2972579471002184,0.27659832585223826,0.2766860747210092,0.27677380230442694,0.22580645161290322,0.2768279374317934,0.2769156159068865,0.297126924475694,0.20036363636363635,0.2971760998666828,0.2972612699951527,0.29734641948382406,0.22570874727404894,0.2768019382192611,0.297359496124031,0.20031488434055952,0.27682247517558733,0.2973725632643177,0.200363196125908,0.29742161965863695,0.27680948922778986,0.29747065230545805,0.29755566311713455,0.29764065335753176,0.27679651584805226,0.297689609289948,0.20029027576197386,0.22542024428588706,0.2977025392986699,0.29778745012694957,0.2978723404255319,0.2254321286111447,0.2766497461928934,0.22549848942598189,0.2767037216046399,0.22556481817083485,0.27675767093500847,0.2001449450416717,0.2002415458937198,0.276778166888057,0.29763342187877323,0.27683206567668717,0.2769193626267504,0.20024140012070005,0.20033791938209028,0.2769397852057439,0.22538610038610038,0.276993605983834,0.20036188178528347,0.297430949222048,0.20043415340086831,0.2974798022428554,0.22534362189534604,0.27691380349608197,0.2770009643201543,0.27708810413402435,0.277175222945288,0.27726232076153756,0.20036144578313253,0.27731598602578,0.22524692845097566,0.297241960737083,0.2003853564547206,0.22528597230583985,0.29725499638815317,0.27723606596846034,0.2773230621088108,0.2972680226260681,0.2252707581227437,0.2773432799903742,0.27743022136669876,0.29724527847948995,0.27748376232860233,0.20024052916416116,0.2775372775372775,0.20031261272093304,0.2775907670113008,0.27767760548142806,0.27776442307692306,0.27785121980531186,0.20031242489786108,0.2779046017061156,0.27799135031234984,0.20036036036036037,0.22495796300744655,0.22505103878948002,0.27797790585975024,0.22511706087165326,0.278031212484994,0.20033609410634978,0.29668746999519924,0.296771870874835,0.22510199184065274,0.20035992801439712,0.29678502879078694,0.29686937747391146,0.2778843847445431,0.27797097973378104,0.29688249400479616,0.2780242177196979,0.2003116758571086,0.29689560110272084,0.29697986577181207,0.22492510485320552,0.2779774742391565,0.2969929315921888,0.22496406324868232,0.2779973649538867,0.20023952095808384,0.20033528918692373,0.27801724137931033,0.2781036753262301,0.20038305003591095,0.2781567923399162,0.22486835806606031,0.2782098839296398,0.2967217037568796,0.2003828209115923,0.2967703349282297,0.29685444324841526,0.2004305190145898,0.2969030252301806,0.296987087517934,0.2780633592349073,0.29703562036815684,0.20043026174256007,0.2780831739961759,0.200501852073127,0.2970131421744325,0.20057340819495878,0.2780697563306259,0.2781559775468769,0.2969906854549797,0.2782089552238806,0.29703915950334286,0.2971230750865465,0.27822869419909285,0.27831483470581214,0.27840095465393794,0.297100584655769,0.2971844428537342,0.2784206131456519,0.2972328244274809,0.2973166368515206,0.22418316241354638,0.29736496959580305,0.20028612303290416,0.297413279294314,0.2974970202622169,0.2975807412704088,0.2976644423260248,0.20028595257953055,0.2003812246842983,0.22406194163192378,0.2781086231538828,0.2241276646421341,0.22422005239342702,0.2781283486129301,0.2782142857142857,0.27830020235686226,0.22423232563675316,0.27835296917767466,0.27843883864826274,0.2785246876859013,0.2972876516773733,0.20019031759248246,0.2973358705994291,0.2974194315614223,0.29750297265160525,0.29758649387706576,0.2784117926771279,0.22405800546772853,0.2975992393629665,0.2784313725490196,0.2976473384030418,0.20007128430557206,0.2976954145877881,0.29777883359068774,0.2978622327790974,0.297945612160076,0.20007124198527665,0.27828564644425974,0.2783713200379867,0.27845697329376856,0.2785426062188464,0.2978521419247656,0.2785951589938301,0.20002372760707082,0.20011862396204033,0.22369825643458666,0.2977941176470588,0.29787738645796275,0.2001422812425895,0.22371072910492,0.2978899952584163,0.2784164987554818,0.2001659160938611,0.2784690129162223,0.22369668246445498,0.2785215021916834,0.2001895285477375,0.2785739665995499,0.20026054002842256,0.2236826524570752,0.297655695003552,0.29773884219249436,0.2237215909090909,0.2784944963901053,0.27857988165680475,0.22376050171577327,0.2786322763842877,0.278717615047912,0.20014194464158977,0.2787699586043761,0.20021286660359508,0.20030743762563558,0.2787893118940648,0.29743468495093983,0.2788416075650118,0.20033093015010045,0.27889387851571734,0.22356138485170743,0.2236531190926276,0.2789131718842292,0.2789983463264824,0.29727176095429314,0.27905054322153994,0.20025977092927147,0.22361275088547816,0.27906976744186046,0.29721435316336164,0.2791219166765018,0.20025961765400047,0.2791740412979351,0.29719207173194906,0.2972749793559042,0.2791932059447983,0.27927821677084563,0.22346698113207547,0.29725268246669023,0.27929733553407216,0.20016503595426147,0.20025931164545027,0.29723040659988215,0.29731322177704456,0.29739601743843525,0.2974787935909519,0.297561550241489,0.2791519434628975,0.2792368390060064,0.2975741874705605,0.27928882609207584,0.297621850718154,0.29770453207769276,0.2231638418079096,0.29775214781687653,0.27924217462932455,0.2977997411460172,0.2792941176470588,0.2978473120809317,0.2793460362267702,0.2794307891332471,0.19990592662276577,0.27948265726043503,0.27956736421349637,0.27965205125191017,0.19992947813822284,0.20002350452462098,0.2796709753231492,0.2228880272588415,0.2975798872180451,0.2976623986843651,0.27965703547098897,0.22290076335877862,0.27970878346641614,0.19995303510625806,0.2976050716130547,0.2797276675666158,0.2976525821596244,0.19997652857645817,0.27974653837127433,0.27983104540654696,0.2227827311121539,0.2975953079178886,0.2976776917663617,0.29776005629177904,0.1999296435272045,0.279751436276234,0.2,0.20009377564177705,0.2797702766057196,0.22266494784952537,0.27982188891492854,0.29759812536613944,0.297680412371134,0.29776268009839524,0.20004684937924572,0.27977514931490804,0.20011709601873537,0.2977403114389416,0.29782252399906345,0.2979047173124195,0.2979868913857678,0.29806904622586305,0.2796630002340276,0.29811629811629814,0.279714553111839,0.2797988068779974,0.2,0.2000935563092036,0.2798175865294668,0.22226119490237345,0.22235211596913726,0.29795441262419636,0.2980364656381487,0.2981184994741148,0.2797382566020098,0.20002336721579625,0.20011682242990655,0.200210255811237,0.2797243634664798,0.27980847833703143,0.20025688930406352,0.29795680093403387,0.27982722390847536,0.29800396871717055,0.27987861811391224,0.279962656085891,0.28004667444574094,0.2801306732003267,0.28021465235650955,0.20016330339437768,0.2802659202239328,0.2002332361516035,0.20032649253731344,0.2802844817535269,0.2003963627885288,0.2977036950693554,0.2977855477855478,0.22176902458920872,0.28023770682824517,0.22183385762553887,0.28028890959925445,0.2977285963890507,0.2003261122757978,0.2803074414813089,0.29774103400093155,0.2003725695657236,0.2217694994179278,0.28029333022930975,0.20041899441340782,0.29768416152682414,0.28031184547358623,0.20046538685282142,0.2976966030711959,0.29777829475398393,0.2802977436613166,0.28038143970229096,0.2216279069767442,0.2804325078479247,0.22169262962101838,0.29768685342322443,0.2217573221757322,0.28041836141778037,0.20032535440390425,0.2804693853839898,0.2976301115241636,0.2003717040306656,0.20046457607433218,0.28045523168040876,0.2805387830933581,0.28062231510507374,0.2807058277223125,0.20046430644225188,0.28075673166202414,0.20053382847858883,0.22151311209097238,0.28077503190625364,0.2973317865429234,0.28082589026795035,0.2809093017861285,0.28099269395801924,0.2810760667903525,0.2811594202898551,0.20044052863436124,0.20053320969050656,0.29717199814557255,0.20060261907521149,0.29721900347624564,0.281079828525084,0.20064874884151992,0.28113054558091044,0.28121380588371553,0.20069484655471917,0.2971283001389532,0.2972096792867894,0.22111599907385968,0.2811668017131612,0.2972222222222222,0.20067121860895729,0.28118491090025455,0.2972347564503066,0.20071726052753355,0.281203007518797,0.28128614388156375,0.20076327049843876,0.28133672525439407,0.2814198173199214,0.2008092485549133,0.2814703502485262,0.2008784096162737,0.2815208598174044,0.29697249826669747,0.29705372616984405,0.2009011090573013,0.2815062954834238,0.22072072072072071,0.2208107171728837,0.2969976905311778,0.2970788592541277,0.2208496882936966,0.28142675747431606,0.29709141274238227,0.2971725331794576,0.20078467574428802,0.2814122533748702,0.297185048454084,0.20083054562233246,0.20092272202998845,0.20101487717679623,0.28136531365313655,0.2971290210999654,0.28141572515563756,0.2971757925072046,0.20101429230059936,0.2011063731704506,0.29718829223323345,0.29726927065330105,0.29735023041474656,0.28130399723534155,0.2813867772402672,0.2973626626741909,0.29744357438968216,0.20103626943005182,0.2813723232788395,0.2011050995740762,0.2974217311233886,0.281390263551617,0.28147295742232453,0.28155563226326086,0.29739990796134375,0.29748073162314503,0.2975615366919715,0.20103507763082232,0.281508739650414,0.29757387604921237,0.29765463324902275,0.2815266122542821,0.28160919540229884,0.21997471554993678,0.2816593886462882,0.2817419280707802,0.20094209558823528,0.29753015508328545,0.2976108430967149,0.2009877110370966,0.29765732659623334,0.21988747272936043,0.21997703788748565,0.2976696131328206,0.2815656565656566,0.22001606794445083,0.20094101445949047,0.29764773379231213,0.2815511702615879,0.20098657795112998,0.2816012846983253,0.21997935543066865,0.281651376146789,0.2010090585941979,0.22001834441641827,0.2974893958500516,0.281636863823934,0.20103151862464183,0.2011230804492322,0.28165463504067834,0.20119156736938587,0.2973994730209646,0.20126002290950745,0.21990608177757415,0.21999541914796153,0.28157563265773505,0.2200595374398901,0.28162564396107614,0.297275641025641,0.2012132310861852,0.20130464637216755,0.22004806041881222,0.20137299771167047,0.22011211531861344,0.20144131777625257,0.2201761409127302,0.22026532479414457,0.2814179531160663,0.20146352618339813,0.20155481879501544,0.28143575674439875,0.20162304263344383,0.2814857142857143,0.28156782082047765,0.2968464351005484,0.22015309036901634,0.2968928489833219,0.2202170188463735,0.28152124257651895,0.2816032887975334,0.20153002968714318,0.2016211896335198,0.28162100456621003,0.28170300194041775,0.28178498059803697,0.2818669405454753,0.29666818804198997,0.20159726183685112,0.29671457905544146,0.2967947986768564,0.20164233576642335,0.20173337894856883,0.21995438996579247,0.2967734579865466,0.2968536251709986,0.2969337740795623,0.21996808753134262,0.22005698005698004,0.20168641750227895,0.29691238464167713,0.29699248120300753,0.2814671374871853,0.20170842824601368,0.2200204988042364,0.20177636073787292,0.29693726517135377,0.29701730418943534,0.22003414911781446,0.22012292283177784,0.297029702970297,0.2812926718252162,0.20172943452042325,0.2813424345847554,0.2970083039472187,0.28139217470427663,0.20175139315364493,0.2814418921992268,0.20181921546333143,0.21998635743519782,0.2814595884960782,0.2968856558308707,0.20184111830889873,0.20193181818181818,0.2968980797636632,0.28141331515564644,0.21992502555946836,0.2969104952294412,0.20193072118114708,0.21996366114013172,0.296922902236857,0.2970027247956403,0.2813032126234533,0.28138479001135075,0.21995233231188288,0.29698138901497956,0.2200158856235107,0.20183798502382574,0.2813386273397618,0.2969600725952813,0.2200294884881479,0.2970061238376049,0.22009298106361266,0.29705215419501135,0.29713184446207913,0.22013148945817276,0.2971778306698402,0.20172257479601088,0.2811331444759207,0.2812145932472241,0.29715645179562705,0.22009515178975986,0.29720240117793634,0.2812004530011325,0.29724832974748044,0.2973278985507246,0.22008377674629231,0.2201720624858501,0.20158460667798528,0.20167496604798552,0.29727283014597716,0.22018556234442183,0.29731870121054416,0.2809954751131222,0.22022395656599933,0.2973309206061977,0.2810132308040258,0.22026232473993668,0.2973431317128321,0.22032557087949356,0.2973889454052221,0.2203887884267631,0.29743473838851847,0.2975141242937853,0.280872217828494,0.20142340713962947,0.22037727324070935,0.28088999322340186,0.2204404291360813,0.29742547425474253,0.29750479846449135,0.2975841047640551,0.28084433909019074,0.2976297968397291,0.2977090621825979,0.2808621078763259,0.2977547105946068,0.29783393501805056,0.22030456852791877,0.2978795398150237,0.2808165106574941,0.2979251240414975,0.29800428458676287,0.2980834272829763,0.29816255213617404,0.20108205590622183,0.2982080468838048,0.20114942528735633,0.2012394366197183,0.20132942767012169,0.2806128196462769,0.2981527371029511,0.29823178285843,0.28063063063063065,0.2982772210336674,0.20130601215942356,0.2806484295845998,0.2807294011706439,0.28081035453010694,0.20132793157776277,0.29818836502756835,0.2808280828082808,0.280908988637642,0.29820022497187854,0.21977280395905974,0.2982456140350877,0.2808950860227145,0.2198111086125478,0.2982574480044969,0.2809127697841727,0.20119141283578734,0.298269273994156,0.28093044162265424,0.20123595505617978,0.28097966520615664,0.28106043585711077,0.21970122430641356,0.20125786163522014,0.2981471083660865,0.2982259151134067,0.2983047041652633,0.2809833857207005,0.2983499831630935,0.2810325476992144,0.21961620469083157,0.21970377019748655,0.2983282845282172,0.21976665918779448,0.29837352776219855,0.2809555854643338,0.2984187507009084,0.2010540479928235,0.2809732032739096,0.21973094170403587,0.29839704069050554,0.2809908092355974,0.28107138854645297,0.29840878529807263,0.28112044817927173,0.21969527223840465,0.2984205220118741,0.29849910394265233,0.29857766827192295,0.2810750279955207,0.29862277460530734,0.2811240483654277,0.21963506100973917,0.298634430266398,0.2987129266927812,0.2987914055505819,0.20073850285330647,0.2810472141418662,0.2008054592236268,0.21957494407158837,0.281064757857063,0.2987027510624021,0.2987811696298781,0.2988595706618962,0.2989379541643376,0.21953945897607868,0.20073767743377668,0.298949485918641,0.29902782433791486,0.29910614525139667,0.21952854429672664,0.29915102770330654,0.2807997319334301,0.299195890104981,0.20067001675041876,0.21951764180437697,0.2807859774478062,0.299173922750614,0.29925214867730776,0.29933035714285716,0.2195067514786296,0.29937513947779515,0.28070958384469485,0.2005800981704596,0.20066926938092583,0.21949587329913003,0.21958291513326642,0.28066458519179305,0.2807447876017393,0.21962095875139354,0.29918626685988187,0.21968345965225144,0.29923102641257104,0.20057945174949854,0.2992757660167131,0.2196969696969697,0.29932048568564107,0.2006014702606371,0.21973493707539815,0.2198218262806236,0.20064580781650151,0.29926519706078825,0.2198597350551041,0.2803873552983081,0.2006677796327212,0.2007567326953038,0.20084566596194503,0.20093457943925233,0.20102347313383023,0.2803114571746385,0.28039150261372486,0.2804715302491103,0.29901034137662624,0.21970202357126972,0.2197887715397443,0.2009782125389062,0.21985106146493275,0.28039564347632806,0.2989221024558284,0.299,0.2198644595044995,0.2199511219728949,0.2200377651893813,0.2989782318969347,0.2200999444752915,0.20086608927381747,0.22016209614744087,0.2202486678507993,0.22033522033522032,0.29889012208657045,0.2008656087004772,0.2989347536617843,0.29901253744591144,0.22032394053694254,0.2799778147531891,0.22038598047914817,0.2204724409448819,0.27999556442670215,0.220534427320102,0.29889135254988913,0.2800133022946458,0.2989359343826203,0.2205474897484207,0.28003102836879434,0.2206094182825485,0.28007976955462,0.28015952143569295,0.20059813912272928,0.20068667626536715,0.29878183831672206,0.2988594839995571,0.22054915854738708,0.28008413594597587,0.22061102501660393,0.2206972883231876,0.28010181496237274,0.29877171627752575,0.2005974773179907,0.2988162407345945,0.29889380530973453,0.2989713527264683,0.28002654280026545,0.22061262855247152,0.22069880583812473,0.28004422332780543,0.22076055715233253,0.22084668951033493,0.2988505747126437,0.22090838766714554,0.22099447513812154,0.2988620041984311,0.2799381352187362,0.20037556611068155,0.2988734261100066,0.2209828823854224,0.2799249116607774,0.2800044164734459,0.22102009273570325,0.29881885417816534,0.2800220750551876,0.22105727844608763,0.2800706245861841,0.280150060686307,0.2210944395410415,0.28019856591285164,0.2211559673505405,0.2802470497408184,0.28032642258491397,0.20013231888852134,0.29856670341786107,0.20019843457171205,0.22111992945326278,0.2985781990521327,0.20024245095878335,0.2802203856749311,0.2003085059497576,0.20039660680841687,0.2802379378717779,0.2803172155523736,0.20044052863436124,0.22101090188305253,0.29839242457608456,0.29846966861169216,0.2802730074856891,0.20044028618602092,0.28032137354171255,0.20050621767359963,0.20059419014084506,0.29838266035867533,0.2209020902090209,0.2984270157298427,0.2985041794984602,0.22093918398768284,0.22102485155047283,0.2005497526113249,0.20063764291996483,0.29845003847422225,0.20070345130797979,0.20079129574678536,0.20087912087912088,0.2009669267113504,0.2799384750604263,0.2800175766230913,0.28009666080843587,0.20098846787479407,0.20107621348561389,0.2801141978697705,0.20114185331576637,0.28016247667142385,0.20120746432491768,0.2802107342772473,0.2980684811237928,0.29814550641940085,0.29822251481237655,0.20120680197476687,0.22060114085125054,0.29823406822419657,0.29831103312129853,0.2012282048470227,0.2013157894736842,0.20140335489529657,0.279982459986845,0.20146881508275785,0.2982244629548444,0.20153424657534247,0.2799693184308569,0.2982360030678208,0.22042068361086767,0.29828020593712345,0.22048192771084338,0.2983243894425583,0.27989487516425754,0.22051899704368771,0.2983358878913948,0.2984126984126984,0.22055604203152365,0.29845682390281275,0.27982052965637993,0.29850093007987744,0.22056892778993437,0.27983809211246036,0.22063005906803762,0.29847971125451167,0.20122484689413822,0.22066703116457081,0.29849114366936363,0.298567836449109,0.27973327503279405,0.27981200131161876,0.20120218579234972,0.279860124576549,0.22060751748251747,0.2206926690702502,0.220777802053747,0.201201529219006,0.2798165137614679,0.27989516217101673,0.2799737934046735,0.20122284092149798,0.20131004366812227,0.22071826219844995,0.27996070726915523,0.20135326858015934,0.280008729812309,0.29809056192034916,0.2013964651974689,0.28002618086615033,0.20146160558464224,0.20154869669538664,0.2980370774263904,0.22058663177407045,0.2799825556040122,0.2980486209527963,0.20154785262698932,0.22059945504087194,0.2799694856146469,0.28004794595183613,0.280126389191545,0.2979627410393289,0.28017429193899784,0.20150310423701123,0.28022217381834025,0.20156811499509963,0.20165505226480837,0.28023952095808385,0.20172000870890486,0.28028736257755527,0.2803656943839791,0.29774730656219395,0.29782372143634384,0.20171907300620173,0.2978677110530896,0.2803219841183509,0.22025233848161846,0.29787928221859705,0.29795563288386256,0.20169620528433185,0.28027832137421177,0.28035656049570606,0.20173913043478262,0.28040430388001303,0.28048250380352097,0.20178202759969574,0.22012168622338113,0.28049972840847365,0.28057788398870304,0.28065602259150646,0.28073414422241527,0.2976436095124335,0.2017372421281216,0.2807512756486809,0.2808293530178029,0.2017800933463584,0.20186672454959845,0.28084644601193703,0.2199435763888889,0.29749376152761203,0.2018876111954871,0.20197418375094914,0.2808026030368764,0.2974731590933738,0.29754933853827803,0.28081968990567063,0.28089765828274066,0.2975609756097561,0.2809451549967483,0.28102308442614066,0.29757260511486777,0.2197421172391375,0.28104008667388947,0.29758422706099014,0.20179809358752165,0.2810570778728474,0.29759584145549056,0.2018408229561451,0.2976396708531832,0.20190538053480567,0.2976834812730028,0.2019699101634376,0.21958874458874458,0.21967319554160805,0.2976628435403592,0.20199069566158173,0.2020770229337949,0.2808004326663061,0.2808782176076141,0.28095598572510005,0.28103373702422146,0.29754568061412046,0.20205405405405405,0.21954383309912442,0.2975572849113705,0.280989949205663,0.28106764642316834,0.2975688816855754,0.2976447709593777,0.21950956033272118,0.21959386476560813,0.21967815098822768,0.2976241900647948,0.29770003239390996,0.2977758583459296,0.28090251538378497,0.2809801381692573,0.2018348623853211,0.2810274120440319,0.28110499622315743,0.2976909797151489,0.2977667493796526,0.21952535059331177,0.21960953510948117,0.21969370146678172,0.2977461447212337,0.2978218675868018,0.2978975741239892,0.29797326433807675,0.20168157809636736,0.28087949989221817,0.29798469662679167,0.21961206896551724,0.2808964551233703,0.21967248437836673,0.2809436604545944,0.28102111158983195,0.28109854604200324,0.2196855481369804,0.28114568752018954,0.29780361757105944,0.2978792119711487,0.29795479009687836,0.2811322785491336,0.2014636246233319,0.20154955342731087,0.2979341510652034,0.2980096826250672,0.29808519793459554,0.2015703990534581,0.298128629812863,0.29820410796859875,0.28096774193548385,0.2982475002687883,0.2194151795312836,0.21949908631624207,0.29825881341358557,0.28092423428264374,0.2983021706425962,0.2983775652734501,0.21948861194671251,0.21957245676227308,0.219656283566058,0.2983567823005048,0.2808204467353952,0.29840008590142814,0.2984754133562379,0.28083735909822866,0.21962215543151567,0.29848663732961256,0.280854260570938,0.2985298851808134,0.2986051502145923,0.21961162965347067,0.2196953443467067,0.29861632521720477,0.2807807807807808,0.29865951742627345,0.2987347201372507,0.2807976841428112,0.21966123499142368,0.29874584628577555,0.21972132904608788,0.2987889829600257,0.2988641234462066,0.2807243115825565,0.2989072209127919,0.20085698982324585,0.2989502999143102,0.29902538288529507,0.29910044977511246,0.21961666131277438,0.2197002141327623,0.29911144417085966,0.20081353029329907,0.21973670127368083,0.2991224315068493,0.2804708400214018,0.28054782794778516,0.2991334117898791,0.28059477963200685,0.21970264199379613,0.2197860962566845,0.2806116992834991,0.21984602224123181,0.29904843365764994,0.28062860808210394,0.2198824158204169,0.2990594271056007,0.2806455060382601,0.21991878606539858,0.29907041350571645,0.28066239316239316,0.21995513299861125,0.2807092501602222,0.20046993484994124,0.2807560871422469,0.29898558462359853,0.2990604313474269,0.29913526209031704,0.21989752348420152,0.29917814067669973,0.2992529348986126,0.2993277131576139,0.2003841229193342,0.28059319321455245,0.20044804779176445,0.28064,0.2198165529010239,0.280686786818812,0.21987630624866708,0.28073355368376157,0.20042643923240938,0.2991152329175994,0.2807503730547858,0.21986571459021634,0.29912617220801363,0.29920085242408095,0.2807372682718943,0.20038350910834132,0.2807839795483596,0.20044733198423687,0.2808306709265176,0.21978490043658822,0.2808773424190801,0.21984456510167147,0.2809239940387481,0.2989888238424694,0.2990634312473393,0.28094072576354157,0.21983400723558205,0.2990743696137887,0.29914893617021276,0.2809275608977768,0.20027653690704106,0.20036158672764012,0.29912803062526583,0.2004253056884636,0.2197533489262173,0.2808546826831083,0.21981292517006804,0.21989584440429377,0.2199787460148778,0.29901179470832007,0.2990862728431789,0.2991607351535111,0.20033991926917358,0.21996813595326606,0.22005097706032287,0.2003822873526601,0.22011042684221704,0.2806030364157554,0.22016985138004247,0.29901284364717123,0.280619825939291,0.2990555024938979,0.2991298811544992,0.22015915119363394,0.22024188415022278,0.20027580354301475,0.22030123037759863,0.20033937851309788,0.2990455991516437,0.20040292651892694,0.22031382527565735,0.2990565037633839,0.22037311850752597,0.20042395336512983,0.2990674014412887,0.2204090282928897,0.2802500529773257,0.2004449623900837,0.2990466101694915,0.28026692087702576,0.2990891760220292,0.280313459705602,0.29913172384582803,0.28035997882477504,0.22030489095913613,0.29914258494760243,0.20035986452159188,0.28034712668007195,0.2804232804232804,0.28049941805099987,0.22027084214980958,0.29905849994710676,0.2805161836259784,0.29910100475938656,0.2991751269035533,0.22026012477529872,0.2992175935715796,0.22031927265038587,0.28044397463002113,0.22037839551844413,0.28049038258296344,0.2001479446264398,0.22041420118343194,0.2991019545694665,0.2001901542362138,0.2991443963240731,0.2002534854245881,0.20033794487274265,0.2803590285110876,0.28043501214232924,0.20038006756756757,0.22031035574791513,0.29902892125818026,0.2203693931398417,0.2990713381173491,0.2204284056135908,0.2803334036716607,0.2804093258782572,0.2804852320675105,0.2990190908132054,0.22041763341067286,0.22049984182220816,0.2205820328975116,0.29899841855561415,0.22064094454986297,0.2001686518393591,0.29900927487352447,0.20023184740225525,0.22065331928345627,0.22073543356864397,0.2002739148756848,0.28020646792373327,0.20033705498209395,0.29889415481832543,0.280223251895535,0.2802990418026745,0.2989050326384502,0.22065480576902832,0.22073684210526315,0.28028628565414165,0.2803620290465165,0.280437756497948,0.280513468013468,0.20021041557075223,0.22070271407532085,0.22078468496897025,0.2805006310475389,0.2208434115048901,0.20021030494216613,0.20029439596256965,0.2804878048780488,0.22085567118679703,0.22093756569266346,0.2003152916447714,0.2984447246742329,0.2804455185457602,0.2209497793654129,0.29845572013867006,0.2985294117647059,0.2986030879109337,0.22096198277672757,0.22104378872204136,0.22112557748845024,0.2803149606299213,0.280390510182658,0.29851999580140653,0.2985936188077246,0.2986672263616329,0.2210912906610703,0.2987094743468681,0.22114981116240034,0.2802895206126088,0.2987203692049507,0.22118510749868905,0.2803062080536913,0.29873125720876587,0.29880478087649404,0.19991613376664222,0.2,0.2802641232575202,0.20006287989939217,0.2987530126794509,0.298826487845767,0.28025144054478784,0.2988686360779384,0.20006284696763382,0.2001466275659824,0.22096554613048486,0.298848167539267,0.2801800858548843,0.20016750418760468,0.20025122998011097,0.28019677621938455,0.2802721088435374,0.2803474257011302,0.22088521502563566,0.29870265745971963,0.22094361334867663,0.2803347280334728,0.2987135236899906,0.22097887471240327,0.20014639757398306,0.2803220409870347,0.2986931521170936,0.20018816642274723,0.22096791052576564,0.22104933110367894,0.280280071062807,0.28035527690700107,0.2804304670358374,0.29857918930213123,0.2210383369894495,0.29862126592855653,0.29869451697127936,0.2987677527151211,0.200062650099196,0.29880977239507206,0.280300657688694,0.28037578288100207,0.22095814633128066,0.22103944896681277,0.2987582176771366,0.28036310517529217,0.2,0.2987690381806802,0.20006258475018254,0.29881101376720903,0.22098237563875273,0.2210636079249218,0.20008341153164425,0.28023352793994993,0.2987595121442719,0.20012507817385866,0.2802501302761855,0.22102959566486036,0.20016671876628114,0.22108772660971035,0.22116887175747474,0.22125,0.2001874804707843,0.28014996875650905,0.2802249297094658,0.29852144939608494,0.20020822488287351,0.20029148448886114,0.2802123451649839,0.2802872606161532,0.2803621604745551,0.2211238293444329,0.28040786598689005,0.28048272992093215,0.2983459898054718,0.2984189723320158,0.2984919396775871,0.2804700499168053,0.2001663720494957,0.28051569972967355,0.2984717746127456,0.28056133056133054,0.20018709073900842,0.2002702140927042,0.22092902421282345,0.29842061512884455,0.22098701298701298,0.2804903386661126,0.22104497766697828,0.22112588284171167,0.28050680236784714,0.22118380062305296,0.22126466618212023,0.2213455149501661,0.2982456140350877,0.2983184554702097,0.20010378827192526,0.200186799501868,0.20026979350420254,0.20035277028429135,0.22128851540616246,0.29823651452282157,0.29830930401410644,0.2983820784069695,0.22130042517888623,0.22138116963915389,0.2983929497148782,0.2214389384200705,0.22151964341245983,0.22160033167495855,0.2800290185511452,0.2216580310880829,0.2001865091700342,0.29828014919187734,0.28001657515798195,0.2983219390926041,0.20020714655618851,0.2983637116818558,0.20026923475199337,0.2215779664526817,0.2003312972357387,0.29834368530020705,0.20039333402339302,0.22158973297453943,0.221670288730208,0.20043460264900662,0.22172788411795136,0.2982619490999379,0.27971449260370335,0.298303682250724,0.22173958010135483,0.2983453981385729,0.22179712542653293,0.2218775847808106,0.20035149384885764,0.2983254083109365,0.20041343669250647,0.2218892104175279,0.22196961868347628,0.22205001033271338,0.2221303853703895,0.29824380165289255,0.27941328375167857,0.27948770915100185,0.29825467313849013,0.2983271375464684,0.22209602478058854,0.20028907701837703,0.2003716320842366,0.22213047068538397,0.2982763959128909,0.27936016511867906,0.2003921163966567,0.20047461824184895,0.22211905498813578,0.2005364142768723,0.29819494584837547,0.22215346534653466,0.20057749819531814,0.2982058156320891,0.29827817300752657,0.20061855670103093,0.22214204721162767,0.29828901257472684,0.2983613315469442,0.29843363561417974,0.22215352910870687,0.279002678755409,0.29844442155145773,0.22218788627935723,0.29848594087959623,0.22224510813594234,0.2223251982288127,0.2789332784184514,0.27900751570060744,0.29843524809553224,0.20041173443129182,0.27902428983120625,0.27909848718740354,0.2791726692735131,0.22224508694310113,0.2792181069958848,0.22230223228062956,0.2982925324007406,0.29836470225239126,0.29843685726038666,0.27917737789203084,0.27925149084927,0.2984476200267297,0.279296875,0.2793709528214616,0.2221993833504625,0.2984277052718117,0.20016440608302508,0.22223363813829242,0.27933018286418737,0.29840780688238316,0.2984798685291701,0.20016432165964876,0.2002464571780653,0.20032857582914057,0.22217659137577003,0.20039010368545324,0.2792034489837816,0.22221081802319614,0.2792487684729064,0.22226782965623396,0.29827621588343933,0.27926541499948704,0.29831760361099713,0.22227920812391014,0.22235897435897437,0.29832837657676137,0.27922477440525023,0.22239310981236543,0.22247283165880663,0.27924141465914915,0.22252972529725298,0.29824741211437944,0.2792580446812872,0.20012296341838304,0.2002049180327869,0.2792746644810982,0.2793484941610326,0.20024582607804978,0.27939369111020074,0.29810547875064003,0.22240425967642843,0.2794102590355278,0.20024570024570024,0.27945542020677655,0.2795291709314227,0.27960290656022924,0.27967662709783053,0.22234728333162795,0.222426846736239,0.27969309462915604,0.20018412438625205,0.20026593024445127,0.2003477193700143,0.27968094897228757,0.20040899795501022,0.20049074736734485,0.27969740339398896,0.2223244403557191,0.29762878168438267,0.2797138477261114,0.22235847128550992,0.2224379278634924,0.2976093175316714,0.2976810705894371,0.22247191011235956,0.20038811153099786,0.2976919934640523,0.29776370877157154,0.2224831529507862,0.22256253190403266,0.29777460187831767,0.200367459426355,0.27944478464992856,0.22257373201347075,0.2226530612244898,0.27946127946127947,0.27953478881860844,0.2976639804141589,0.2226642186862505,0.20030596634370218,0.2003875178462166,0.29764453961456105,0.20044861337683523,0.2976857987562443,0.20050968399592253,0.20059117317296912,0.22258459029759478,0.2976663609497605,0.22264112492357857,0.2792664289353031,0.22269763651181745,0.2005704390343282,0.29761662253004684,0.20063142886240962,0.2976578411405295,0.29772935546278384,0.29780085522296884,0.22264074111778479,0.22271986970684038,0.20061068702290077,0.22277630775493587,0.2790271700417218,0.22283272283272285,0.22291179163699257,0.29766022380467955,0.20058997050147492,0.27898698128559807,0.22292281094274383,0.22300183038438073,0.22308083375699034,0.22315982106547377,0.2789468333841618,0.2790201260418784,0.2974895822746214,0.2975609756097561,0.2976323544355248,0.27900833163991057,0.29767347353449153,0.29774481917919543,0.22305738953783646,0.2977859029047329,0.22311363867167666,0.2978269699431357,0.2978982637831252,0.2788832487309645,0.29793929550299464,0.2789281364190012,0.22307926519841673,0.2979500710371423,0.27894469812278033,0.22311282467532467,0.2979608400121741,0.27896124974639885,0.22314636372857288,0.29797160243407705,0.27897779129905687,0.2980125735145001,0.298083747338538,0.27899432278994324,0.22311201216421692,0.29809446584228666,0.2981656025134286,0.29823672476692337,0.2983078326071537,0.19989868287740628,0.19997973862830515,0.20006077795786062,0.20014180087106248,0.2982580514482479,0.29832911392405065,0.2984001620089105,0.29847119570719854,0.22291961935614496,0.29851199514120863,0.298582995951417,0.22295314239449449,0.29862376037239424,0.27855914196094306,0.29866450829623636,0.2786039453717754,0.22294153348169127,0.2986750278143016,0.2786205501618123,0.2987157447669127,0.2987866531850354,0.2988575472651906,0.27860897695107156,0.2988982108561609,0.29896907216494845,0.2786255684689237,0.22281729991915925,0.27867030413256544,0.22287330773893715,0.29891908273562984,0.2786868686868687,0.2229067770932229,0.2989295091900626,0.27870342320508934,0.19961631663974153,0.27874810701665825,0.2788209166161922,0.22287271626122943,0.29884941461445297,0.27883742052679383,0.2789101917255298,0.19957622843305417,0.29882970137207426,0.2789266619590437,0.27899939479523905,0.2988401412002017,0.19957644211375555,0.19965715438136533,0.19973785037305908,0.2789595725375542,0.1997983870967742,0.298760205624433,0.2988308808707922,0.1998387584399879,0.22259169689641273,0.29884130982367757,0.22264759218214789,0.2788354991437494,0.2988517324738114,0.19981871286131533,0.2226586102719033,0.29886214882690565,0.2787958115183246,0.29890264773985703,0.2989732232736058,0.29904378459989933,0.19977858293075684,0.22260239508906107,0.278728114308714,0.29902404668477717,0.2990945674044266,0.2991650739362237,0.22259102796218064,0.22266921452277985,0.2991753821399839,0.29924585218702865,0.29931630806354315,0.29938674977380114,0.2785484519501407,0.19961805206553423,0.19969849246231156,0.27856496834489,0.22256832797427653,0.27860946448307045,0.29927667269439423,0.299347061778001,0.22257934913619928,0.22265742693582405,0.2227354890540269,0.29932724169093283,0.22279116465863455,0.29936753338018274,0.2784581409355551,0.29940780889290375,0.1995182657567242,0.19959859508278976,0.27844671884406985,0.29938798033510583,0.2994582664526485,0.2995285384692547,0.2226680040120361,0.29956874937318223,0.2996389891696751,0.1995387546375213,0.299679165831161,0.29974937343358393,0.22263432237369687,0.299789515886539,0.27821206654640207,0.19951898987874536,0.29979959919839677,0.2782286344053702,0.2998397114806652,0.2999098467394571,0.29997996794871795,0.22253380070105158,0.300020028039255,0.300090117152298,0.3001601922306768,0.27810591650815897,0.22252252252252253,0.2781503353017716,0.30014011208967173,0.19933953767637347,0.27816690014008405,0.2225112556278139,0.30012004801920766,0.3001900570171051,0.27815563112622527,0.2225222522252225,0.2226,0.27817218278172184,0.278244351129774,0.300109967009897,0.1992203118752499,0.19930034982508746,0.27823306016390165,0.30008993704406917,0.278277378097522,0.30012988310520533,0.3001998001998002,0.300269703326341,0.2782660807031562,0.22241086587436332,0.19922109047333733,0.2782825761357963,0.1992811501597444,0.2783268443645802,0.30015971251746854,0.3002295638287254,0.3002994011976048,0.2783155373715198,0.19926162442626222,0.22228873590741294,0.30027932960893855,0.19930174563591022,0.19938160781966885,0.3002892191084073,0.30035899481451933,0.1994216771363047,0.1995014955134596,0.2781377729039976,0.19956140350877194,0.3003089803647962,0.3003787123779151,0.27812655705032385,0.27819848545237147,0.30038856231941813,0.27824267782426776,0.3004283295148919,0.3004980079681275,0.30056767254257544,0.300637323242382,0.2782037239868565,0.1994225408203903,0.27824788451966154,0.300617161059128,0.2782920274708868,0.30065684713375795,0.22181311573290874,0.19940298507462687,0.3006666003382748,0.22184639872662157,0.3007062568387546,0.2781977322458723,0.3007458975634013,0.19938345266507557,0.3007855225216267,0.27818651819447204,0.19942340192862112,0.19950298210735587,0.19958254646655402,0.278175313059034,0.2217032694027626,0.30067567567567566,0.3007451564828614,0.27816411682892905,0.19956292837985498,0.199642431466031,0.3007249975171318,0.22164846077457795,0.30076457154205144,0.22170373312152503,0.27807008835500846,0.27814175104228706,0.1996029776674938,0.22171496625645098,0.22179220005954153,0.2781305814645763,0.2782022025994642,0.22182539682539681,0.3005654200972126,0.22188057925014879,0.22195775066944362,0.30057516858389527,0.3006445215666832,0.22199087844536983,0.2220680083275503,0.30065424266455193,0.19942511646347508,0.22210109018830526,0.2779704687345159,0.19946492271105826,0.2221341523828396,0.2779869229245096,0.1995047052996533,0.2221671949286846,0.27800336733683273,0.2222222222222222,0.3004257847311615,0.3004950495049505,0.1994851994851995,0.1995644426846169,0.2779372463624666,0.22218923198733176,0.2779811974270163,0.2780526419948545,0.2222222222222222,0.3003561535417491,0.2222771787516075,0.22235410484668644,0.27801404411037484,0.19946598101265822,0.22238702659942647,0.30027684397864346,0.30034602076124567,0.22241992882562278,0.2779480083028566,0.22247479739078868,0.2225516355371084,0.27796442687747036,0.2780357672166782,0.22258446947243626,0.3002074483848661,0.19932832872382458,0.3002469135802469,0.2225952992297057,0.27796978374642045,0.22265007898894154,0.22272682397077698,0.19930898321816387,0.22278156154377654,0.22285827082510856,0.30010855620250665,0.30017761989342806,0.22289097187962506,0.19928966061562747,0.199368649501825,0.3001578220556323,0.22290166683104842,0.22297830374753452,0.199388620451632,0.27765726681127983,0.2777284826974268,0.3000788643533123,0.277772301626417,0.19938892174255865,0.27781610328175815,0.30005912495072923,0.27785988767366243,0.30009852216748767,0.2228351886513644,0.19936958234830576,0.3001083423618635,0.19942879653338585,0.22284588872476613,0.2777668373375345,0.22290046273505956,0.3000590667454223,0.30012796535092034,0.3001968503937008,0.22291113079421318,0.3002361739814997,0.2776739151825248,0.3002754820936639,0.22292179045745203,0.30031477473932716,0.2776630274417232,0.27773406766325726,0.22293244173468385,0.22300884955752212,0.30026546062334086,0.223063311049941,0.30030472820210363,0.3003735010811873,0.30044226044226047,0.2230738993710692,0.27758671514198685,0.2776576930634702,0.3004224383534728,0.3004911591355599,0.2776740988115116,0.300530347672363,0.2777177649022881,0.3005695208169678,0.30063819342169856,0.3007068525427057,0.30077549818395993,0.3008441303494307,0.19884188831092353,0.300883218842002,0.3009518202335394,0.3010204081632653,0.3010889826351418,0.3011575436531293,0.3012260912211869,0.277461749705767,0.30126507796410706,0.2226907236713081,0.3013040494166095,0.2227450980392157,0.22282129203019313,0.3013134679474613,0.22287562481623052,0.30135241081928654,0.2229299363057325,0.30139133842837545,0.30145978250220434,0.2772335423197492,0.3014986776373788,0.19853085210577864,0.3015375575359906,0.3016059537798668,0.2771957309311662,0.19855100841981593,0.22280959373470385,0.30158574784651526,0.30165410590192815,0.22284204345273048,0.3016929249437323,0.30176125244618396,0.30182956657861265,0.27704950107611037,0.3018683361048616,0.3019366197183099,0.19843520782396087,0.277038920398983,0.3019458296665689,0.19847477512710207,0.3019845537198162,0.22267839687194527,0.1985143192258821,0.2227326035965598,0.2769471318283983,0.2770177838577291,0.19853444064484613,0.1986127393513091,0.22272150043958192,0.19867161554991208,0.27698017384510204,0.3017578125,0.19871106337271752,0.19878929896504588,0.19886751928146051,0.2226669269816478,0.2769155685700342,0.22272106187780596,0.19888747926222308,0.2227751756440281,0.30159039906332324,0.22282926829268293,0.22290508243098234,0.27682403433476394,0.3015702721154784,0.22293739028671739,0.19882983910287663,0.3015795631825273,0.2229696792434435,0.2767596022616494,0.30158884881567405,0.27680311890838205,0.19881103206315173,0.22295848762424478,0.19886972620091592,0.301539360872954,0.1989283974671213,0.3015780245470485,0.3016460504529074,0.3017140631086872,0.19894829097283084,0.3017526777020448,0.19900691266673157,0.30179127725856697,0.3018592426749732,0.27652326260463306,0.3018978102189781,0.1990073958738809,0.3019363627517758,0.30200428098851917,0.22268703181243313,0.1990272373540856,0.19910514541387025,0.2764053686053297,0.2226976563259749,0.30192532088681445,0.3019931939718036,0.19910558040054444,0.22270827257703898,0.22278382581648523,0.2763145106424337,0.3019436345966958,0.22281605286172385,0.19908666925767587,0.19916448071504905,0.27627744317077907,0.22282661486158328,0.1992035742035742,0.3018354860639021,0.30190328219071666,0.3019710651519565,0.1992233009708738,0.2227939035045141,0.27615996893807027,0.3019508880908473,0.30201863354037267,0.2761766132945172,0.2762468464971861,0.30202774813233724,0.27629025999223905,0.1991463769521777,0.2763336566440349,0.2764038405586267,0.30197827773467806,0.3020459614079317,0.3021136319565639,0.22258846340281144,0.30215199689802247,0.30221963749151887,0.22262066291917038,0.27628646186645994,0.30222868217054266,0.276329813002616,0.19899244332493704,0.1990700377797152,0.3022084463386284,0.276319612590799,0.27638969591322876,0.30221748813789096,0.302285050348567,0.3023525994772001,0.30242013552758956,0.2763527248088278,0.3024583817266744,0.22239427078292848,0.27636926649893556,0.2764392839864538,0.19891640866873064,0.2764825384540969,0.222383439736893,0.27652577618725216,0.302321083172147,0.19891693259839474,0.30235931154515566,0.27651551774146765,0.3023975251353442,0.2765587240212663,0.30243572395128554,0.30250314100705517,0.22226517201391574,0.2223403227364963,0.302512077294686,0.22239397159694715,0.3025502318392581,0.2764416111272095,0.27651149314274676,0.3025591501690005,0.3026264967168791,0.2765279521096843,0.2765977988028577,0.27666763201081185,0.3026061776061776,0.3026734871151433,0.22225439104419997,0.30271157000868476,0.30277884986491704,0.27660395561987455,0.2222650974339186,0.19851451721809588,0.22231867283950618,0.19857266853119876,0.19864995178399228,0.2765403529071449,0.3026417277284998,0.3027089559433144,0.30277617119722383,0.22226506024096385,0.3028141865844256,0.2764768237448203,0.30285218731932934,0.30291935639271605,0.30298651252408476,0.22223292553703883,0.2764399922943556,0.30299528074737553,0.3030624036979969,0.303129513721714,0.19844020797227035,0.27640319630307114,0.2764728532922603,0.30310905765713736,0.2221366698748797,0.2764892695601963,0.22219014626635875,0.2765322813432118,0.30305945737925727,0.2222222222222222,0.19834551750673335,0.2222756564393575,0.3030390459703789,0.22232907010289452,0.1983653846153846,0.27641572925680225,0.3030186502595655,0.3030856483706623,0.2764321414840446,0.27650168188370977,0.30309436863348066,0.2765446334198136,0.27661414296694853,0.3031030838697281,0.276657060518732,0.30314090865430793,0.3032078371110257,0.30327475271295495,0.22210485884386402,0.3033125300048008,0.3033794162826421,0.22213689161946817,0.27654060280284126,0.22219022938861696,0.2765834932821497,0.3033298147970444,0.2222222222222222,0.19802360165019667,0.2765732924021489,0.30330935251798563,0.3033761749472473,0.3034429845593172,0.27656309934790946,0.2766324671588839,0.2767018216682646,0.30342249065286164,0.30348926380368096,0.3035560241541263,0.3036227717078781,0.30368950646861526,0.19787274817937908,0.303727124652678,0.2765855527878904,0.27665485199731776,0.19789272030651342,0.27669763432621397,0.22189235778586477,0.1979316288422867,0.30361930294906164,0.19798946864528483,0.22190312081179397,0.19804728630228774,0.3035987748851455,0.27658149105177526,0.19808612440191387,0.30360731030523397,0.3036739380022962,0.19812494020855256,0.2218289649894777,0.19818268770923003,0.22188217291507267,0.22195658410634025,0.22203098106712565,0.19820250501960035,0.3035372848948375,0.2220629002963388,0.3035748422863697,0.1982223071776737,0.2220948012232416,0.3035833731485905,0.2221479075100325,0.3036209037928728,0.2761750095529232,0.19820422198872864,0.2221585482330468,0.19826186610638907,0.30357142857142855,0.2761386422228588,0.22216918082871873,0.27618138424821004,0.3035509736540664,0.3036174477426744,0.3036839091429662,0.22215860292012596,0.27614503816793895,0.303692395763763,0.303758824651784,0.30382524086616425,0.30389164441053035,0.2761087267525036,0.27617776082395573,0.3039000667493087,0.30396643783371474,0.1980169701592144,0.3040038131553861,0.22199980936040414,0.3040411742279832,0.30410750023825406,0.19801791499904708,0.27603620771796095,0.22198932926829268,0.19805658759645614,0.27605258144408457,0.2220211448709401,0.1980952380952381,0.2220740881820779,0.19815273281279755,0.22212701133009616,0.1982102056359482,0.30385530699666824,0.22215876641918902,0.3038926429999048,0.19822992006090598,0.2221905033780569,0.3039010466222645,0.22224336409475787,0.3039383561643836,0.22229620469894418,0.19821190793228077,0.22234902520209224,0.19826930391783948,0.19834553579918227,0.30386004943905687,0.27559653959501856,0.27566539923954375,0.3038684535690524,0.30393461319140846,0.3040007602394754,0.22225389585708855,0.2756294536817102,0.19827094812844384,0.3039802412843165,0.30404635258358664,0.30411245132491216,0.30417853751187085,0.27556737251922897,0.2756361564755032,0.3041868413557391,0.30425289538636796,0.3043189368770764,0.275626423690205,0.19815886874822056,0.3043271968115392,0.3043932061865452,0.27561669829222013,0.22199032349871928,0.19815974198444317,0.27563312150241864,0.22202200303490136,0.1981981981981982,0.22207472027308933,0.30425713473025506,0.222127417519909,0.19821784055360697,0.3042654028436019,0.22215903705809875,0.3043025018953753,0.19823746801857292,0.30433958688648854,0.19829464708668879,0.22214854111405835,0.1983518044899119,0.22220117446486076,0.19840894024055308,0.22225378787878788,0.3042325537354417,0.30429842832796816,0.22228533560541514,0.19840969329799318,0.30430667297681024,0.3043725156161272,0.3044383457935081,0.22227479182437548,0.3044753524458321,0.22232734153263956,0.27499763503925834,0.27506621263715475,0.19833538257826538,0.3044259504444865,0.3044917257683215,0.2750567322239032,0.275125271816205,0.30449990546417094,0.3045656489271198,0.3046313799621928,0.2751157735563746,0.3046683046683047,0.2751582727015024,0.19822373393801965,0.30467642890883323,0.3047421122236917,0.3048077831302541,0.27512278050623346,0.2751912361884975,0.30481586402266286,0.304881503163063,0.22195996978851965,0.19814972151420748,0.27515574853690766,0.19820670127418594,0.3048320120800302,0.30489761253184866,0.30496320060388754,0.2219077271440702,0.305,0.27506838977454956,0.22193925674401058,0.3050080165990757,0.22199170124481327,0.1981140971239981,0.22204412596643408,0.1981710191383049,0.19824660633484162,0.22207559619191253,0.19830348727615457,0.19837904061822637,0.22210704862419903,0.3048148497126166,0.2748257019031468,0.30485162505887897,0.27486812358703844,0.19836111896015823,0.22207572047466567,0.27488464073829927,0.30480225988700566,0.3048677149044346,0.2749011485595933,0.3049044526028429,0.3049698795180723,0.30503529411764707,0.3051006964050442,0.22198174461277878,0.27484004516371846,0.30510866497318656,0.3051740357478834,0.30523939422443797,0.2748306997742664,0.2748988996520267,0.274967086703028,0.30521861777150916,0.3052839413313276,0.3053492526088183,0.305414551607445,0.22182535952627128,0.1980263157894737,0.30542242270463305,0.30548769028378125,0.3055529455980457,0.221815107102593,0.19802724283701267,0.2747510802179222,0.22184652953883724,0.30550338091660406,0.22189876983754342,0.19802816901408452,0.2219509905173223,0.19808486669170108,0.19816014268281235,0.22198235404542896,0.1982167996245894,0.30536786786786785,0.30543304870038473,0.19825483205104147,0.22197204240547894,0.3054409005628518,0.22202420035643936,0.19827424498217971,0.22207633874144236,0.19833083270817706,0.30539146741678386,0.22210763172698295,0.19836880097496953,0.22215973003374578,0.30537070015934015,0.30543580131208997,0.22219098491237935,0.305472263868066,0.2222430431931041,0.30550871275997754,0.22229508196721312,0.2740726863994005,0.30551653086072866,0.3055815695823188,0.2740893342073228,0.3056179775280899,0.3056829884842243,0.3057479872683018,0.2740803145183937,0.22220142268813178,0.27412260177819375,0.19810967621186598,0.3056985122110976,0.30576347305389223,0.22219103751520256,0.27408793264733394,0.27415583200823124,0.3057426112981669,0.3058075376414477,0.3058724518421545,0.3059373539036933,0.22213911742707554,0.1979994390950734,0.3059450364554122,0.3060099074679877,0.27401869158878506,0.22212877301186804,0.19800037376191365,0.27403531720078483,0.22215994020926758,0.19803829985987856,0.222211843825892,0.19809470439899132,0.22226372805379155,0.3058175366514147,0.3058823529411765,0.22229483708337222,0.1980955937266617,0.3058900401381499,0.3059548254620123,0.19813345776948205,0.22228443449048152,0.19818979191938044,0.2223362567643217,0.1982461050471126,0.22238805970149253,0.19830239716444362,0.30581980973698936,0.2224190991327054,0.19834017157776948,0.22247086247086248,0.3057989931008764,0.3058637083993661,0.22250186428038776,0.19834094510205985,0.30587138863000934,0.3059360730593607,0.2733879985091316,0.19836019752166217,0.30594373020309296,0.30600838379133677,0.27337928464977646,0.2734469591133464,0.30601601788042465,0.3060806406555545,0.30614525139664805,0.22232566800111722,0.2734127722956619,0.19826864004468026,0.3061243484735666,0.30618892508143325,0.2734040573236553,0.2734716665115846,0.2735392631187198,0.30616801562936086,0.30623255813953487,0.30629708864291694,0.27353050595238093,0.19817725285966706,0.2221498977124791,0.19823337982333797,0.19830792116028265,0.273496327972483,0.1983640081799591,0.22213960405242122,0.19842007434944237,0.22219124616671312,0.1984761196803568,0.2222428690885441,0.2734113712374582,0.30599163957268927,0.19849526286457367,0.1985697037243429,0.19864413075780088,0.22221190454081158,0.2733519034354689,0.19868164515829542,0.22224285183809878,0.19873758470249697,0.2222944124744756,0.1987935034802784,0.22234595397178916,0.19884940150320127,0.27324178882909633,0.19890527878281844,0.1989795918367347,0.19905389110472127,0.3056019291411612,0.30566632662524346,0.22227373887240356,0.1990727862772369,0.19914704246245132,0.19922128487994809,0.1992955135335558,0.22226341644267308,0.27303058387395734,0.1993327773144287,0.22229429206819867,0.19938849254146207,0.1994626644432092,0.19953682260305697,0.2223045572434235,0.19959247939242383,0.22235599185034266,0.22242800259283266,0.2225,0.19961114711600778,0.3052212553230883,0.19966675923354624,0.222510181414291,0.2225821378991208,0.1997038682213585,0.22263347830110114,0.19975943745373798,0.22268479970395041,0.2227567067530065,0.19979650356118767,0.19987051424343322,0.22278738555442523,0.2228592565193268,0.19990753582986592,0.19998150887573965,0.20005546824443007,0.20012941393973008,0.22284869211572234,0.30480591497227355,0.20016634322151372,0.20024025133986323,0.2003141458006098,0.22283813747228381,0.22290993071593534,0.20035100683539628,0.20042486376650964,0.2004987070557813,0.22291993720565148,0.20055401662049863,0.3045886806389068,0.200609305760709,0.20068309794147512,0.2007568764999077,0.2008306414397785,0.30454042081949056,0.222847651564086,0.2008673186934859,0.2228987914014208,0.20092250922509225,0.2229499123697076,0.3044641210108836,0.20095914414829844,0.20103282921431206,0.20110650069156294,0.2011801585838097,0.20125380289480962,0.22289823008849557,0.20130887639413772,0.20138248847926268,0.20145608699659018,0.22290821968300775,0.20151110292085136,0.30421964252810024,0.2015660985720866,0.20163964627855563,0.2017131804365847,0.22287714127832015,0.2229487061423704,0.20174953959484346,0.22299972378234048,0.2018044559013073,0.22305072263647244,0.2712628865979381,0.20184077312471238,0.2019142278667403,0.20198766908990523,0.2230401177769599,0.20204250621032294,0.20211591536338547,0.20218931101094656,0.2022626931567329,0.20233606180446978,0.2711053890012875,0.3037241379310345,0.20237219566016917,0.30376022800404523,0.22292700864129436,0.22299843735637467,0.20238970588235294,0.3037404650307876,0.22302885498989156,0.2231002480933566,0.3037486218302095,0.20238860817638954,0.2024618776410068,0.20253513364563241,0.202608376193975,0.20268160528974194,0.20275482093663913,0.22302818841245065,0.20280940139551965,0.20288258514642432,0.20295575546172204,0.22303809086737036,0.20301027900146842,0.20308341745434524,0.22306845292714259,0.22313973759060465,0.303394495412844,0.20310063296945235,0.22317006053935057,0.22324130973126663,0.3033749082905356,0.20311783585511234,0.20319090408949203,0.2032639589254607,0.22323065639897324,0.30332752772939775,0.20329972502291477,0.20337274310329026,0.20344574780058652,0.22322001282873638,0.22329118563313174,0.20348144754924416,0.20355441553682668,0.20362737015663643,0.22330097087378642,0.2233721036724975,0.3031135531135531,0.20364435491255378,0.20371726789965208,0.2037901675363911,0.2038630538264372,0.3030663615560641,0.20391726157788762,0.20399011622586255,0.2232796486090776,0.20404428584499953,0.2041171088746569,0.2041899185801848,0.20426271496523965,0.22326900210372266,0.20431680995061277,0.2233196159122085,0.20437088514996343,0.2044436317088781,0.20451636496617298,0.20458908492549593,0.2046617915904936,0.30271455991225665,0.20471577408152075,0.20478844923695513,0.2048611111111111,0.20493375970762906,0.205006395030148,0.22316616424591212,0.20506028498355863,0.20513288884829664,0.2693150684931507,0.20518674093690073,0.20525931336742148,0.22313521409659454,0.205313127624612,0.2053856686444546,0.22316538882803943,0.22323628730491923,0.20542069720751963,0.20549320193448306,0.22326642335766422,0.26913602773469575,0.30222587119138844,0.26917814466843015,0.20549069682597593,0.20556315549475604,0.20563560094838593,0.22321509984498952,0.22328592268417213,0.2056705260278968,0.2690975387420237,0.20572418193419015,0.22329566168428727,0.22336644491023422,0.2057590668853654,0.20583143507972665,0.20590379008746357,0.26901703561993257,0.22335580251411916,0.2059386100737772,0.20601092896174864,0.269010108369001,0.2233655071935895,0.22343621961212784,0.3017115804806992,0.22348657259899862,0.2059894411068633,0.20606170929280057,0.20613396432471787,0.2234962234962235,0.22356687898089173,0.20616868346829223,0.20624090247452692,0.20631310834167196,0.2687829725304712,0.26884947703501594,0.20634776282284467,0.20641993270892062,0.20649208947081288,0.22347486135103192,0.22354545454545455,0.20652667939278246,0.26876931467006,0.20658002362991912,0.20665212649945475,0.20672421626533394,0.2235144466654552,0.22358499136912874,0.20675872093023256,0.26868925424652557,0.20681198910081744,0.22359458723095088,0.22366509262622594,0.20684645419050213,0.20691846740512077,0.300953245574217,0.3010167029774873,0.30108014886085144,0.22363405336721728,0.22370451039114256,0.2237749546279492,0.30106160965429635,0.22382507711849028,0.26843871904200306,0.20682148040638607,0.22385487528344672,0.2684563758389262,0.2239049605513739,0.20683714182081972,0.22395502765436576,0.3009066183136899,0.2240050766023026,0.2684010152284264,0.3009154355116469,0.300978792822186,0.22401449932034437,0.224084813338166,0.26837002808734256,0.2241348070302591,0.26841199384002173,0.30090579710144927,0.3009691151163844,0.2684296323129868,0.2241238793806031,0.20662803332126042,0.3009506564056134,0.3010139416983523,0.2683986602697565,0.22411296162201302,0.26844058285817723,0.3009954751131222,0.3010587277169487,0.3011219688744119,0.26843390934587896,0.22408178035100415,0.30113071008593395,0.2241316931982634,0.20647553585963643,0.3011394465545307,0.3012026403833981,0.22414104882459313,0.2242111924780761,0.30121135418549994,0.301274518665823,0.30133767172812725,0.30140081337550834,0.3014639436110609,0.26818469323213157,0.26825081315504157,0.20634203631764386,0.3014453477868112,0.30150844548821243,0.3015715317919075,0.22405852072609048,0.2063391728372765,0.3015801354401806,0.2681473456121343,0.3016159610002708,0.22404766203285792,0.20633631194151097,0.3016245487364621,0.30168757332370727,0.22405702941707273,0.30172336010105566,0.22410682064236737,0.2063148398737032,0.224156593902219,0.20636781816541896,0.30167748917748916,0.26792316710253405,0.2679891794409378,0.30168605175367413,0.2063649477100613,0.3017218065446678,0.2240850910402019,0.3017575484452456,0.26793439077144915,0.3017932774623772,0.3018561903045594,0.22407424092260564,0.3018918918918919,0.26790379245113055,0.22410376508737165,0.3019003872827164,0.20623198847262247,0.3019360648356596,0.22411309202233026,0.3019717295399298,0.30203456967951026,0.3020973985057161,0.30216021602160215,0.2061920619206192,0.3021958243340533,0.302258616035274,0.3023213964369264,0.2676563202878992,0.30235696293630804,0.2676981199964019,0.20615218564490015,0.22394100188865906,0.22401079136690646,0.2676917543386386,0.2240604207876281,0.2061494201204711,0.2062207838906868,0.22408988764044943,0.3021750853855833,0.2676372786914712,0.20623652048885693,0.3021834845898104,0.26765498652291103,0.20627077531219118,0.2240388070427596,0.3021647354711219,0.3022274115322436,0.22406825325550067,0.30226293103448276,0.22411780551315436,0.22418746633147782,0.22425711464224796,0.3022441651705566,0.2674804775154834,0.20615688386286124,0.2675222112537019,0.2242462311557789,0.3021982951996411,0.30226090077157725,0.22427558984480128,0.267491926803014,0.2675576284868598,0.3022421524663677,0.2060801721818671,0.20615136298421807,0.2675513314803192,0.26761699838622915,0.26768265351860154,0.26774829688060237,0.2678139284753966,0.2061301308478222,0.2678555426113451,0.267921146953405,0.2679867395394678,0.3020068088156244,0.22404371584699453,0.30204227875313505,0.22409314823107926,0.2060720042987641,0.2241425629085699,0.20612464183381088,0.3019965977258483,0.26786034019695615,0.30203204726524036,0.22413175796634444,0.20612190101136668,0.20619294791480222,0.30201342281879195,0.22414101646385112,0.3020488503176165,0.22419037394882804,0.2242597727882637,0.3020572450805009,0.20615329576960917,0.26766231443391164,0.2242689797013324,0.2677038626609442,0.22431828341528834,0.2677453960307527,0.3019576293912577,0.267786914551305,0.30199302886763785,0.22430741733690795,0.2678044857474757,0.20604002859185133,0.22433663897078532,0.26782204752546007,0.26788744975435463,0.2679528403001072,0.20603733142806108,0.3018396142168244,0.3019019555317439,0.30196428571428574,0.2679225069190251,0.26798785931083735,0.2242256538427207,0.20599785790789005,0.20606871932173138,0.30189184365518473,0.30195413580797714,0.20610278372591007,0.3019894727451155,0.30205173951828723,0.20613682989920615,0.20620763467713166,0.30206010880228307,0.20626003210272872,0.22407489968791797,0.3020684736091298,0.30213069448159047,0.3021929042610091,0.3022551029503521,0.22406417112299465,0.2062204794581588,0.20629121368739975,0.20636193531141406,0.3022095509622238,0.302271714922049,0.2063958667379298,0.3023069386300882,0.20644816530103313,0.30234214979072044,0.30240427426536065,0.30246638767696554,0.30252849002849,0.2064452951126146,0.30256364607441694,0.2064975522919448,0.3025987896048416,0.20654979086944913,0.2672183662573412,0.3026069935047602,0.3026690391459075,0.22373454319010763,0.2065468777797545,0.22378368762785733,0.2671647100675916,0.26722987994664293,0.206562333274053,0.3025695741086512,0.3026315789473684,0.2672237532225087,0.2672888888888889,0.2673540129766243,0.2065410593672236,0.2066115702479339,0.2673716012084592,0.20666370501999112,0.3025053304904051,0.20671582126676735,0.26736542902824656,0.30251354471977976,0.2674067495559503,0.26747180534588405,0.20671283963771978,0.20678327266270088,0.3024680397727273,0.20683533067021748,0.3025031066927037,0.2674181237241502,0.20686900958466453,0.30251131422486466,0.3025732031943212,0.302635081181794,0.3026969481902058,0.267364499245986,0.20684761397906687,0.26740576496674057,0.30267825470024834,0.267447016050368,0.30271324702961516,0.22315808139019416,0.22322695035460993,0.22329580710929883,0.22336465165750755,0.2234334840024816,0.30264090747961714,0.3027027027027027,0.3027644869750133,0.2672986621777266,0.26736357193479804,0.22340331295951812,0.30274579273693536,0.3028075458329643,0.3028692879914984,0.20658815195253696,0.26731007614662655,0.20664010624169987,0.2673512747875354,0.2674161281756218,0.30279695521331207,0.22329409682272766,0.30283185840707966,0.2674099637200248,0.22332330560962663,0.2674511191719013,0.20656404812455767,0.2066342326404246,0.2233327436759243,0.22340143274078006,0.30270604881499824,0.22345034927933505,0.22351900972590627,0.302714172044912,0.22356789250353606,0.20657650490586052,0.20664663249071946,0.3026955368979231,0.20669848002827854,0.20676857824511796,0.2671850150203216,0.22351797862001943,0.22358657243816255,0.3026234431587316,0.2671789436495319,0.20674732844652477,0.22359590250794772,0.3026048565121413,0.2671728765671905,0.2236249668932639,0.3026129943502825,0.3026745520346015,0.20670785525154456,0.26714323537198836,0.3026826685492411,0.30274419835877525,0.20672313393329805,0.223555359505955,0.30275229357798167,0.3028137955367381,0.26706650202857646,0.3028485757121439,0.20670194003527337,0.22352526232254652,0.2670604831599365,0.22357401040289165,0.22364245416078984,0.2670780079330101,0.20668076855279394,0.22367145501013483,0.3026965103983081,0.26707198872147325,0.22370044052863436,0.2237688309400053,0.2238372093023256,0.3026512815995772,0.2670424519992954,0.22386613826508145,0.20658682634730538,0.2239147662234745,0.2670364500792393,0.22396337705783959,0.2670774647887324,0.26714197693864977,0.26720647773279355,0.20654756666373317,0.2239528335093277,0.2672239331280246,0.2672884040119655,0.2673528635523885,0.2674173117522871,0.2239422992347612,0.20650835532102021,0.3022601354322399,0.2065599718607105,0.2673876725578124,0.22393177422190963,0.30224175824175825,0.2674050632911392,0.2239606223081656,0.20653893478642996,0.20660866508480535,0.20667838312829526,0.20674808892013005,0.2239500966438236,0.22401827286304138,0.2673049894588897,0.2240667545015371,0.30203759002283503,0.22411521910951085,0.22418335089567967,0.22425147071735885,0.2672519754170325,0.26731630234395576,0.20663623595505617,0.2673571491266567,0.22424082850623134,0.22430890741553314,0.22437697437697438,0.26735105729577957,0.3018073346201088,0.3018685849635933,0.3019298245614035,0.26734496973949656,0.30196456761971585,0.20652459878979215,0.2065941774815854,0.3019728189390618,0.22426792916009117,0.20662750942403788,0.3019810659186536,0.20667893768077833,0.30201577563540755,0.30207694330032425,0.20671223273746933,0.20678174012091474,0.20685123532503943,0.20692071835304424,0.3020322354590049,0.20697205920995007,0.22411981082501314,0.26701112181451964,0.3020140105078809,0.30207512477016024,0.2670285414113115,0.20695088855817212,0.20702030812324929,0.30205689277899345,0.2070715911079993,0.2240308042355824,0.26697584879243963,0.22407909703386122,0.2241469816272966,0.30198582801154755,0.22419524142757172,0.2669465582086941,0.2070141682700717,0.20708351552251858,0.30194123819517316,0.302002273323424,0.30206329777933205,0.3021243115656963,0.2668706293706294,0.22410628441569794,0.302132494319175,0.30219348073057767,0.2668647326109752,0.3022280471821756,0.20697186790145028,0.20704114615183017,0.20711041229909155,0.26683553148746614,0.20716157205240174,0.3021570168544232,0.2239783443939923,0.266829651619663,0.22402654094639426,0.30213880401571364,0.3021997206703911,0.2071222833202409,0.22403560830860533,0.3022078715420194,0.26675392670157066,0.22406421778204344,0.224131914151108,0.3021896536683242,0.26674808094905794,0.20706498037505452,0.22414093842665272,0.2667655010028778,0.22418904778514126,0.20707995466038887,0.2667829119442023,0.20713102606573097,0.20720013947001395,0.2072692408262878,0.20733833013770264,0.2667538126361656,0.20738933426280934,0.30190816415439575,0.2240808503223558,0.3019426779336179,0.2241289198606272,0.20738611619196934,0.20745514718690122,0.20752416615866934,0.2666318355973528,0.20757509795385284,0.22409890301236288,0.3018194480717333,0.20760793871866295,0.266602837496736,0.20765883376849434,0.22408841702201723,0.22415593456317437,0.26659705907943965,0.207673568818514,0.22418442801217922,0.2666144745998608,0.3016439071062016,0.2076882936162811,0.3016784068179842,0.26660869565217393,0.2077210677332406,0.2666492783863676,0.22411544814396245,0.22418289290681503,0.2242503259452412,0.20771771249782722,0.301555574867472,0.3016162669447341,0.26657398557650536,0.22423979148566464,0.20771436017722178,0.22428769979152188,0.20776513506470945,0.2665450755601876,0.26660877116804166,0.2242966307745745,0.20777980376834246,0.30144122243445043,0.30150186648146543,0.3015625,0.26655672250672685,0.2077764277035237,0.2665972403020047,0.2242276987157237,0.30151843817787416,0.2666146104459483,0.22425609438709118,0.20775503122831368,0.30150056379564577,0.207805724197745,0.224265024715983,0.30150884495317376,0.2243128414116015,0.20782035720478584,0.3015171218032076,0.22434119278779474,0.301551529860449,0.26642399029294506,0.30158592599012046,0.22435008665511266,0.301620310198423,0.2664182983884942,0.2664818504721476,0.3016285516285516,0.20770896491987872,0.20777758531093019,0.20784619381657574,0.22428126082438518,0.301584552775132,0.22432900432900432,0.22439615617695438,0.3015927977839335,0.22444386739375055,0.2245109918642894,0.3016010385114669,0.2662686050536518,0.2245392402872718,0.2077349022322201,0.22458690198114023,0.22465397923875433,0.266239944641467,0.30150492994291644,0.30156533771512584,0.224662746454514,0.26623432771292693,0.22471035794570293,0.22477738393706234,0.2076417704011065,0.26622871466851067,0.30146931719965425,0.224786103189007,0.2662461113031455,0.3014775771191567,0.20762052877138415,0.20768898488120952,0.20775742916378714,0.22475598168782931,0.22482294005873207,0.30140772087399603,0.30146804835924007,0.2248510491321993,0.22491797616991885,0.26607959941293274,0.266142955801105,0.22494605092792405,0.20766442257897463,0.2661603521187538,0.2077148774594408,0.2662007075675209,0.2662640207075065,0.30126822534725217,0.266304347826087,0.2077115500733201,0.30127652233914093,0.2663216903837861,0.20774404967230078,0.20781236526687938,0.3012588377306432,0.26631606172945943,0.22474137931034482,0.2663563485906387,0.26641958283054645,0.2247694561751271,0.22483626335746296,0.26643688065489013,0.22488368085473032,0.30111139829413286,0.30117160578911095,0.3012318029115342,0.20766580534022394,0.2248729652915339,0.30124009645194627,0.26633944717127356,0.20768038574134665,0.2663796814464055,0.22486225895316805,0.20771283463889129,0.2663969702186263,0.2248902659437129,0.20774526678141136,0.30109284915239654,0.26639132679401134,0.20777768218188075,0.20784583620096353,0.22486021505376344,0.3010493720970239,0.26636277629655114,0.26642586859305123,0.22486886232694125,0.20782459157351676,0.30100593242197576,0.2078748280605227,0.20794292100060174,0.30101426852329377,0.22483884830253545,0.22490546579580611,0.2663057489043568,0.20793950850661624,0.30097087378640774,0.2663230240549828,0.2248947684906795,0.22496134684762067,0.30095336253542904,0.3010133974579182,0.20790038643194503,0.20796840116778292,0.301021722331931,0.26622596153846156,0.3010558846252897,0.22489270386266094,0.30109003519011246,0.3011500171644353,0.22492062129923626,0.20791144671357473,0.30115830115830117,0.20796156485929992,0.20802951016556576,0.2249099330931549,0.20807959516253538,0.20814751286449398,0.22493782694451592,0.26599211113016635,0.30103746891880306,0.20816186556927296,0.2249464209172739,0.3010457740442311,0.20819405159852575,0.3010798765855331,0.20824406547261975,0.2658954584404456,0.26595835832405107,0.20827621658670323,0.22487792341300436,0.208326194963166,0.20839400428265525,0.20846180198698183,0.2659073392138392,0.2085117314608666,0.22484801780974398,0.22491438356164384,0.20854378905915588,0.2658791302859099,0.2085936831293332,0.265919205751455,0.22490372272143774,0.22497004963203834,0.26593651065286217,0.22501711156741958,0.20857216186157926,0.2086398631308811,0.3005730904114276,0.20868970236058842,0.20875737620798768,0.2658628356422097,0.22496793501496365,0.22503419972640218,0.26588014020689066,0.3004787143101385,0.20873578938370801,0.2658974358974359,0.2250235022647637,0.22508972825158094,0.2087498931897804,0.265892002734108,0.2659547202050406,0.20878182128822825,0.20884940633808832,0.2089169798428425,0.22504056708514816,0.2659265584970111,0.2250875245495688,0.22515368852459017,0.26594382310253567,0.26600648796312104,0.3001280409731114,0.20885967907135541,0.2089271997951694,0.2251237412527735,0.2251898626162642,0.22525597269624573,0.22532207149560618,0.2659102542228289,0.26597287383775486,0.2660354827703855,0.22533049040511727,0.2660753880266075,0.22537733435661295,0.22544338335607095,0.20879870406684287,0.29982949701619777,0.208848350524252,0.22545175588135016,0.29983806358135173,0.26597920572694733,0.266041755432467,0.2661042944785276,0.2661668228678538,0.2662293406031692,0.2087912087912088,0.20885860306643952,0.2662464866706413,0.2663089763243059,0.26637145533509327,0.22530653950953677,0.2664112388250319,0.22535331176570747,0.22541925598025028,0.29954034729315626,0.2995999659545493,0.2996595744680851,0.22542762318100587,0.20873042886317222,0.20879775376499618,0.22545516419942147,0.22552105487026797,0.2662470227968697,0.26630943267840435,0.2663718319442082,0.20877625648439493,0.26641156462585036,0.26647393929087665,0.22547185852746132,0.2255377029669302,0.22560353621217272,0.2664683382915427,0.26653068162502125,0.20871929973655137,0.2992861998640381,0.22559265867958195,0.22565845369583687,0.2257242375329199,0.2992694529391777,0.2664571477108638,0.29930355019534566,0.2086624203821656,0.20872961956521738,0.20879680733633355,0.26642893530310746,0.20884625180405808,0.2664685908319185,0.2256175197351668,0.2088779494143609,0.22566409233641688,0.20892735913102511,0.29910903691132795,0.26641778381130155,0.22567235089505389,0.2991177468612148,0.20892357282212232,0.2991518235793045,0.29921126282758037,0.208955223880597,0.20902230136521666,0.20908936747498727,0.20915642221280203,0.26627670396744657,0.26633889972026786,0.2091879979657569,0.22552758708365114,0.22559322033898305,0.2092195576646047,0.29901711574309436,0.2990765059730577,0.26626567265333784,0.22558238034731046,0.26630526850753855,0.2663674091640552,0.20918021680216803,0.26640697772885086,0.22557154953429298,0.20921175175683684,0.2989332881815103,0.20926098366206722,0.20932791603182666,0.2663563267033432,0.2255416384563304,0.2663958703562664,0.29886613640209847,0.2255689990692952,0.22563451776649746,0.2663903223077574,0.2664523769243783,0.22566184555527363,0.2664918809201624,0.266553911205074,0.29874852020970744,0.20918237930159803,0.266570848833277,0.2666328514667343,0.2092138630600169,0.26667230158059335,0.2986815415821501,0.266711738358827,0.22553658948791616,0.2256020278833967,0.22566745522135856,0.2257328715046042,0.20915695218786956,0.2985894078891798,0.22576013513513513,0.22582552149311713,0.22589089680797161,0.2665709701933632,0.2666328942924688,0.2666948079358379,0.26675671112611854,0.22587996961256016,0.26679608372721136,0.266857962697274,0.26691983122362867,0.29837144544764155,0.26695916301046235,0.26702100733991396,0.2670828412350261,0.2671446646984395,0.20892375168690958,0.2257738045036687,0.26716141001855287,0.2672232060038789,0.26728499156829677,0.29820419863417924,0.2673242286292362,0.20888476776532075,0.2089514497639919,0.22570585756426464,0.22577111073655823,0.26729586247577314,0.22581732389619144,0.29808745471396075,0.22586352148272956,0.2089124757813158,0.2089791105121294,0.2672450096858418,0.22587165234967155,0.29802105263157896,0.208992926911418,0.22589879599225393,0.22596396699781107,0.22602912703089487,0.26717171717171717,0.22607524619139804,0.2089715536105033,0.29790456955314315,0.20902053180747224,0.26714345814051327,0.2260642773010264,0.2261293850424834,0.2090343203230148,0.2978383379594583,0.20908326324642557,0.2978723404255319,0.2670702993609149,0.22609938619355924,0.29788128468135194,0.26708701134930646,0.29791526563550774,0.297974279230058,0.2671037149100689,0.2090091604336499,0.29798319327731093,0.20905806234770188,0.209124516887918,0.20919096026211878,0.20925739247311828,0.26703065938681225,0.2093062321518562,0.20937263794406652,0.22589855559287875,0.2978419682592997,0.20940386230058775,0.20947023759549996,0.20953660174613833,0.20960295475530932,0.29780090649655866,0.2258497691984893,0.22591473648875462,0.22597969287572375,0.2260446383621413,0.26680090611628493,0.29773489932885905,0.20954617901182787,0.29776883073309846,0.2667952696469009,0.20957732304595772,0.2668343815513627,0.29775280898876405,0.29781168776725075,0.2978705566733736,0.20957330874339844,0.2979044425817267,0.29796328891123963,0.2980221253771371,0.22584429732674097,0.29805597452656274,0.20955173858399664,0.26667225201072386,0.2096004021110832,0.2667113419333222,0.29801490912136697,0.29807370184254606,0.22577673561678252,0.22584156757662033,0.26668341287783637,0.29805760214333554,0.20954374215152782,0.20960991126736983,0.20967606930610194,0.29804151322397054,0.2097246631517282,0.26661087866108785,0.26667224500041836,0.20975568942436412,0.26671128586965615,0.2256985109586749,0.2257632789627771,0.2979257276681164,0.2979844442585933,0.22579026593075766,0.20971653148256544,0.2258361204013378,0.2979683972911964,0.26659421501421166,0.2980021733678843,0.26663323303243064,0.2096949435854576,0.22580645161290322,0.2979861285200969,0.2666276737967914,0.26668894644498287,0.22581453634085213,0.26672792582073346,0.22586034079518877,0.2667668921740583,0.2668281276098213,0.2668893528183716,0.2258684034736139,0.26692827920180345,0.29779595925864083,0.2669671925870273,0.22587646076794657,0.2259410733661631,0.22600567517943582,0.22607026621046483,0.2669392523364486,0.2670004171881519,0.26706157183380613,0.2093935096354384,0.2671004337671004,0.297606138960714,0.22602168473728107,0.26711700441998165,0.20938959306204136,0.20945551571750187,0.20952142738035684,0.2975406419341392,0.2975991997332444,0.20955238809702426,0.2976329388231372,0.20960080006667223,0.267,0.2670610782434797,0.2976170638226962,0.2258602016162626,0.26707764078640456,0.29762598917117866,0.2671164417791104,0.22586824352461066,0.2671552298467688,0.20950953451577983,0.2671940049958368,0.2095579052535176,0.22585747585747587,0.2672105219345709,0.22590311303479274,0.26724927174365376,0.2673102529960053,0.2974119996671382,0.22591113330004992,0.26732673267326734,0.2259567387687188,0.20946676649197238,0.29737148560971555,0.20951509606587373,0.20958083832335328,0.20964656964656964,0.20971229003825045,0.26723206119564313,0.20976055869637514,0.2972815695402777,0.26724854530340814,0.20979137228825534,0.2098570478723404,0.22579572841352946,0.20990526840618248,0.2972164520149564,0.20995347291458957,0.22580377170391294,0.2100016614055491,0.22584932303347455,0.267109634551495,0.2971513993854331,0.2100149476831091,0.2671261313626173,0.22583859182995683,0.267164798671648,0.21002822513697492,0.26720345314186106,0.26726427622841964,0.2673250892190223,0.2258091286307054,0.26736370425690814,0.2969631596415533,0.297021488426118,0.225817156130745,0.22588137702198258,0.26733576642335766,0.2970058886953637,0.26737435727317965,0.22588937722862593,0.20986733001658375,0.2969902993118315,0.26736859558945447,0.20989803531459836,0.2099635278514589,0.21002900953170328,0.2673628377258412,0.26742355183558464,0.29690089492873717,0.21004225702212279,0.29693454846727424,0.2969927926435258,0.2673956262425447,0.2674563074629338,0.21003809839324167,0.26749482401656316,0.21008612123219608,0.26753332781319866,0.2256168239774797,0.2675718188591771,0.22566225165562914,0.22572634715669232,0.21006455884787287,0.26756600182073986,0.21011254551473021,0.2676044683491932,0.22571570412046996,0.29668238603458263,0.29674056915949704,0.2967987426586153,0.22572373862696443,0.29683235464395,0.2968905061197486,0.21003886545935666,0.26748801058376054,0.225713104588673,0.296875,0.22575845250888651,0.22582244999173418,0.26746012067112984,0.22586776859504132,0.2099826460623089,0.22591307221946785,0.2259770304883087,0.26743225380039654,0.22602230483271377,0.20997852304642325,0.2966878665234988,0.26742649487941855,0.22603022545214305,0.26746490503715936,0.2099744034348939,0.29664795244385733,0.2100222901015438,0.2674591381872214,0.2100701609574907,0.2966325519973589,0.267475447718082,0.21010067667932003,0.2966416370987705,0.2966996699669967,0.21013117729560268,0.2967332123411978,0.21017899859770683,0.267403497195645,0.22581443298969073,0.21020946726043213,0.2258596520161623,0.2966688654353562,0.21023992085085333,0.21030502885408078,0.21037012612315556,0.2673095944609298,0.21041786862276435,0.21048294049777486,0.2257931602801813,0.2258569545154911,0.2672818653703551,0.26734223101005106,0.26740258670401185,0.29645799011532126,0.26744090272629933,0.26750123538132103,0.2675615580993165,0.2964426877470356,0.2965006175380815,0.2675778033920632,0.22573474932081997,0.29650971353309186,0.2675940406617829,0.2102880658436214,0.26763229363838364,0.22572416063199474,0.21031843989138485,0.26764851077834456,0.2677087618264089,0.2257321487331359,0.2677469770502591,0.22577726599769699,0.29632371083148284,0.22582236842105263,0.22588602910944824,0.29633283999342214,0.26769711419879966,0.2677573166721473,0.22589395807644883,0.2677954956435969,0.22593901536944194,0.2260026298487837,0.26781165255978306,0.22604765817584224,0.2961958754416235,0.22609267170555372,0.26780579972069335,0.26786594381468704,0.26792607802874746,0.2261005256241787,0.2261640798226164,0.2679421908359336,0.22620904836193448,0.26798029556650244,0.26804039077251457,0.20989985224101132,0.22621685955840104,0.22628036769533816,0.22634386540828888,0.22640735269981946,0.2679904816607861,0.22645224811289794,0.2680285503322668,0.26808859721082856,0.20982692149946683,0.2681266404199475,0.22644140080373984,0.20985730687223225,0.26814268142681424,0.22646769432600852,0.2956464704435517,0.26815871454336776,0.20985326666120174,0.26819672131147543,0.2264568477993607,0.2682347156203901,0.22650167991477504,0.2682726974762373,0.26833265055305205,0.26839259380632474,0.26845252723846974,0.20978047182175621,0.26849045785895653,0.22645372645372647,0.29538940299729755,0.2264985260399607,0.2684844018668632,0.22654331095464222,0.295374539500614,0.20972495088408644,0.2684783498403863,0.2097724668521853,0.26851624519191425,0.2953355155482815,0.22649537681040832,0.2265586647029946,0.20976846927922768,0.29532068062827227,0.29537832310838447,0.2684442990348438,0.20978163081704423,0.22652927706902193,0.2953634802518603,0.26843826655764513,0.2265554737960919,0.2684761281883584,0.22660017984141256,0.29532450547654077,0.22664487127094401,0.2953579601176855,0.2684481490561412,0.2096747834613499,0.26848598741727264,0.20972222222222223,0.2685238134139368,0.20976964548276425,0.22657845299354734,0.22664162038549493,0.2952225398121682,0.20978278621590724,0.20984730954519473,0.2952318745917701,0.26843007592456525,0.2266122448979592,0.2952412047996082,0.29529872673849167,0.20982616502081122,0.26840215439856374,0.26846185230518155,0.2685215404699739,0.22656441217263604,0.29523576439876,0.22660902194306223,0.29526916802610115,0.22665361716010113,0.29530256075680966,0.26844980836663135,0.2953359425962166,0.26848756624541376,0.20968530898418392,0.20974973506154723,0.26850342354091944,0.2097970494742848,0.29527302363488184,0.22655040339010676,0.2684973924380704,0.26855699502974006,0.29525826951279127,0.20977596741344195,0.2685728250244379,0.20982324672151176,0.2686105228864636,0.2952194804137145,0.2264657980456026,0.2952528295741389,0.2686044618140368,0.2952861678742978,0.29534353630739174,0.2954008954008954,0.29545824515708935,0.2264181655408155,0.2954915364583333,0.2955488648384734,0.26851098454027666,0.2096656089821821,0.2685486495281484,0.2263890018709835,0.2955100048804295,0.2264335095567304,0.29554326610279763,0.2685207774253883,0.29557651650674904,0.26855841938368974,0.2686178861788618,0.2686773433054223,0.2955616972849943,0.2687149475737625,0.2687743823146944,0.2955709061357172,0.2263123679505932,0.2956041277321849,0.26876828079298015,0.2956373385327809,0.2956945572705118,0.2687840142961579,0.2957277452891488,0.22626492325184763,0.2957609225272048,0.295818107998376,0.2687560896394933,0.2688154583096533,0.26887481734047736,0.2958032307817193,0.2689123376623377,0.20923626329031733,0.2689498458042526,0.2957883632232411,0.22614410905550147,0.2958215010141988,0.2958786305370761,0.2959357507909467,0.29599286177806616,0.26887825452185904,0.2960259529602595,0.29608304273781527,0.22607849497242946,0.26887213167923457,0.2960921031295606,0.22610458046209972,0.29612516212710766,0.26886601280700334,0.29615821040687307,0.2962152524515763,0.2962722852512156,0.29632930880803826,0.26883811375789984,0.29636231062140483,0.22602073882047957,0.2963953017415958,0.22606512230682002,0.22612780432493723,0.29640427599611274,0.26876670175722733,0.2964372469635628,0.26880414541332687,0.20879209844559585,0.2964462073990124,0.2688198154443905,0.20882233913395387,0.29645516348332795,0.22602573440155377,0.2964881048713384,0.29654502791487986,0.2260517799352751,0.20880187687080334,0.29655395567060344,0.26870500687535387,0.22605952766095114,0.22612211888394662,0.26872068575125346,0.22616641060887846,0.20876455368693403,0.2964669738863287,0.2965238480194018,0.2965807129577237,0.2966375687035241,0.22613755758506426,0.22620009697753354,0.29664646464646466,0.2685843568196509,0.2966793245536075,0.20867668444013573,0.2686000484691817,0.26865912762520194,0.2087068895888862,0.29664028428363753,0.22611644997173544,0.2686531007751938,0.29664917238595073,0.20870337477797513,0.20876725599418747,0.2966580561834033,0.2088142707240294,0.2966908797417272,0.22605116616899362,0.20884441575209814,0.2966997498587913,0.22607713409714378,0.29673255344897137,0.26847370119393354,0.22610308945712673,0.29674140990482334,0.26848939430599245,0.2967741935483871,0.2087734860091928,0.29680696661828737,0.26848343142788034,0.22605611093195743,0.26852075775896816,0.22610027406093824,0.2685580720560974,0.2261444229529336,0.2685953743250866,0.20870265914585012,0.2966723068245911,0.2967289719626168,0.22613389188753727,0.2685677460931207,0.2261780104712042,0.2967139175257732,0.2685833937343964,0.2686422934449992,0.2687011836701828,0.2687600644122383,0.22614926334433622,0.2966511028819836,0.26877565805361026,0.20854797166773986,0.2966599597585513,0.2687912441654595,0.22612054397682466,0.2261828130028967,0.2688068227532384,0.2262268704746581,0.22628911591987771,0.2688223938223938,0.22633314566074159,0.22639536754061446,0.20844390832328105,0.2085075587005468,0.2687947254160971,0.2085544299726644,0.20861805611383552,0.29638263665594855,0.29643919299091714,0.22633017199807104,0.2263923491119505,0.2687238829958213,0.2085978304539976,0.296400449943757,0.2687394552904314,0.26879820051413883,0.22636356333842075,0.26883534136546183,0.2688940647337563,0.2963379376806939,0.2963944431060789,0.2263529789625823,0.22641509433962265,0.26886640976236353,0.20847716143533757,0.20854069674104994,0.2688819327393852,0.20858747993579455,0.26891902736538,0.20863424811426737,0.2962368611088823,0.26893453145057766,0.2689931809065383,0.29624578854484196,0.26903023983315955,0.29627847289059994,0.20859732135696527,0.22622293504410584,0.2962873867372304,0.29634381013470174,0.2086105988936102,0.2689594356261023,0.20865731462925852,0.26899647322859893,0.2087040153883145,0.20876743067799328,0.20883083580415096,0.20889423076923078,0.2962102395641375,0.2962666239384714,0.20892413682608346,0.268904197372637,0.20897076491790148,0.26894121415985905,0.2962280772002883,0.2689782190903267,0.2962607094242934,0.2690152121697358,0.20895044431991033,0.2962696125520333,0.20899703834147124,0.22586841684008324,0.2689875950380152,0.2259122919334187,0.2962310954629111,0.22595615298447752,0.2689815185214817,0.26904,0.29621630269578436,0.26907694768836987,0.20890986163320804,0.20897312859884837,0.26909236305477807,0.26915080761234605,0.20900295834332774,0.20906619763351456,0.20912942681269486,0.20919264588329337,0.22580129486052275,0.26910166240409206,0.22584512107408294,0.29598849288796547,0.29604474630443467,0.2961009907318632,0.29615722617240553,0.29621345262821536,0.20912213435577923,0.2690095846645367,0.20916859675744748,0.26904647819837085,0.29617503793020844,0.20919833918875758,0.269061876247505,0.2691202299217627,0.22567254729783667,0.2961366538952746,0.2961928326283023,0.2091779728651237,0.20924108211635145,0.22566230450047878,0.26904970876885026,0.2691080261688208,0.2691663342640606,0.22567007019783025,0.2257318337720348,0.2960599776678896,0.29611611771273627,0.209170653907496,0.20923371341998245,0.29612501993302504,0.29618113688910147,0.2690529336734694,0.2092467118373854,0.2690897497210266,0.20929305810153823,0.20935607268090534,0.2691051079767312,0.2691633466135458,0.20938570631822165,0.2960484384958572,0.20943200828487213,0.2094949816791461,0.22548785344484268,0.2691143676330041,0.20952456797005653,0.2959866220735786,0.20957082570268334,0.22547770700636943,0.2959955417562296,0.26906543544021655,0.2691236169704688,0.20956701687360713,0.22546756864305612,0.2691389463632023,0.26919710352510545,0.2692552514322088,0.2958867053862678,0.29594272076372313,0.29599872722933734,0.26924912503977094,0.2693072456851984,0.2693653570860506,0.2694234592445328,0.20944656488549618,0.26946012562614297,0.2695182063921132,0.20947611097861515,0.2095389507154213,0.26953342341626263,0.22524240979176602,0.29579591512357944,0.29585187539732993,0.2959078267779102,0.29596376926744,0.2694843886549615,0.2695424213536702,0.26960044483279055,0.26965845909451946,0.29592566118656183,0.26969504447268106,0.2697530374017311,0.2959345720184215,0.2093687971417229,0.22507145125436648,0.29594347860601733,0.29599936497856805,0.26970394475752046,0.26976190476190476,0.2960082533132291,0.225043643866053,0.2697770372133619,0.2960171374166931,0.20928203094010314,0.2093447564651753,0.26977076227492663,0.29600253807106597,0.22499801728923785,0.29603489294210944,0.2093410514630085,0.20940374246749127,0.26972171569016096,0.2697796099571904,0.20943321442726912,0.2698161065313887,0.29594990885313466,0.29600570613409416,0.2698312069102148,0.2698890649762282,0.20941288328975516,0.2699255268578672,0.20945892418600967,0.20952154626108999,0.2959207920792079,0.22477427530492633,0.29595311633800586,0.2698764649984162,0.2699342782484757,0.2959619952494062,0.22476446837146702,0.26994933502216595,0.22480804242856012,0.2248694000316606,0.2959240205777602,0.22491294713516935,0.29595631874653794,0.29601202721949676,0.2249386818577419,0.26985759493670886,0.22498220077525513,0.2959974687549438,0.26987265680613776,0.2250079088895919,0.2960063266113088,0.2250513996520639,0.29603858622598245,0.22509487666034156,0.26982370147837775,0.22513833992094862,0.2960240297209707,0.29607967119822953,0.26981743460049,0.22514619883040934,0.2960885025681549,0.2961441213653603,0.2961997313739433,0.20903776267972823,0.29623192985227903,0.2697472353870458,0.2251007029460548,0.22516190175327752,0.29621732606807233,0.2962728995578016,0.2963284642716147,0.26969840517921995,0.22515196968500828,0.2963372276602463,0.20893519614807798,0.2963693764798737,0.22515981374792834,0.29640151515151514,0.29645703464057443,0.20893167113776234,0.269585798816568,0.29646576207005365,0.26962215035102943,0.22511437135194826,0.29647448536950866,0.2696372239747634,0.2965065846542071,0.29656205645797196,0.20886225656390445,0.2965941343424787,0.2966495861253449,0.22505123758473908,0.2966816426263104,0.2967370744010088,0.29679249743872643,0.22505910165484633,0.29682452131431725,0.2694610778443114,0.2695186323170251,0.22506696076886717,0.29680976762504924,0.2968651543793321,0.20871071906749625,0.26949125846590016,0.2087565950074809,0.2695275590551181,0.2968270214943705,0.2695638482128799,0.2968590096827521,0.20875314861460958,0.2968909878000787,0.2695576892806548,0.2969229558511057,0.22489770223481273,0.22495869069163585,0.26955153422501965,0.2969081897569035,0.2249842668344871,0.29694014001415875,0.29699543809973256,0.29705072748721983,0.29710600817867255,0.2971612801761422,0.2694606070136814,0.2971931755641167,0.2085691823899371,0.26947567015171764,0.2695330922810879,0.26959050538395035,0.2696479094624332,0.20856581532416502,0.2696841112682697,0.2697414944605956,0.26979886863607794,0.26985623379684187,0.2699135899450118,0.20854606865132355,0.2699497329563305,0.2700070682478599,0.22467410083241715,0.22473498233215547,0.2700219849246231,0.29685169192117455,0.29690689276181503,0.20849360232357328,0.2969387755102041,0.2699945059257515,0.27005179720609007,0.2969473436396453,0.2084902699309479,0.208552373479796,0.2700455044719912,0.22460186710598573,0.2700815814245372,0.22464507020158445,0.22470588235294117,0.27009646302250806,0.29681618569636137,0.2701325178389399,0.27018974439391563,0.22469619756958056,0.22475697710881154,0.2702045935564788,0.29675497726916444,0.2968100948350184,0.29686520376175546,0.2969203040514066,0.20835292273938255,0.27015591945467365,0.22469445314948291,0.29690560125342735,0.22473758420805265,0.27014960444897,0.27020676691729323,0.27026392043229697,0.29686765857478464,0.20828439433090595,0.2083463827121829,0.27025757457136146,0.2968529826209488,0.22465753424657534,0.29688478396994367,0.20834311653752838,0.20840507121615276,0.29689334063698253,0.27018779342723004,0.27024489476566776,0.270301987169457,0.22459516545411876,0.29685544430538174,0.29691044192412985,0.2969654309400907,0.20833659185109876,0.2702533625273694,0.2083822034560951,0.2702892885066458,0.2084278007974357,0.2969043151969981,0.2969592746032987,0.29701422541816475,0.27026182102383745,0.2244451391059706,0.2245057435336407,0.2969995311767464,0.22454879287444332,0.270234375,0.27029138348566517,0.20832682393376034,0.2703272670467859,0.22453920649796938,0.2703631393986724,0.2704201155708262,0.27047708284531896,0.2968457214241099,0.2705129206027012,0.2968774395003903,0.20825852782764812,0.2705276303465501,0.2083040661827831,0.29686280630560324,0.296917674600078,0.29697253433208487,0.2705001170320668,0.20830082696208457,0.20836258678524067,0.2705148205928237,0.29693471648077374,0.29698954921229137,0.20837557513842314,0.29702121023081723,0.20842105263157895,0.2704662404490878,0.297029702970297,0.2970845026504521,0.27048094161664976,0.22416212003117694,0.29709297794404177,0.20838528678304238,0.2971246006389776,0.20843073087112357,0.27043241137514606,0.29713306325958244,0.2971878164680221,0.29724256114659603,0.2084274476205312,0.22406542056074766,0.2972509929133245,0.2084566266936614,0.22409094448337616,0.2972594207412021,0.2084857921370183,0.2702786859722871,0.20853117459329026,0.20859277708592777,0.2972215736633201,0.27027237354085604,0.2972531320519804,0.2973078120136944,0.20858943437329805,0.20865100357865257,0.297316219369895,0.29737087741132545,0.29742552695029945,0.2086638668533209,0.2974570339839801,0.27013996889580094,0.2701967187621491,0.29746540195925986,0.29752001865816685,0.20864427860696516,0.20870579090555771,0.2975283693455619,0.29758296417191266,0.2976375505129002,0.20871862615587847,0.27008547008547007,0.27014218009478674,0.2701988812927284,0.2975996271265439,0.20871524001864222,0.29763106796116506,0.2976856166511339,0.2977401568688359,0.20872806336387636,0.2701296684525196,0.20877329192546584,0.27016535983231116,0.22349014128240957,0.2976791120080727,0.22353306426575598,0.2977105161039969,0.22357597392519013,0.22363622254985643,0.22369646182495345,0.20870509736985027,0.208766485647789,0.2700333566053836,0.27008997828110454,0.270146591173505,0.2702031952846285,0.29755719271035286,0.2087468982630273,0.29758858649298287,0.29764304543340053,0.20877587409876736,0.20883720930232558,0.22354856212696692,0.2976282746860952,0.2976827094474153,0.2977371357718537,0.22355676094537,0.22361692236169223,0.20880142558301698,0.2977223427331887,0.2977767449066543,0.2699457784663052,0.20881418945085586,0.223590458488228,0.20885928908851545,0.2977388880284962,0.29779326364692216,0.22359863734902446,0.22365874429046992,0.2978015172627342,0.26983512655778313,0.2088235294117647,0.2698707530376906,0.2977867203219316,0.2236322835254972,0.2088362735995048,0.2698646034816248,0.208881324462324,0.2236404424847219,0.22370049504950495,0.29770283857993657,0.2088940448569219,0.208955223880597,0.29771110423755026,0.26977499420088147,0.2236740374207515,0.29771936606107463,0.2089517625231911,0.22369946664605395,0.2977276240531767,0.2977818996831285,0.2697063369397218,0.26976276949231126,0.22369031061659714,0.29776713281310363,0.22373300370828184,0.20888373889532638,0.26973582573767957,0.29775237506758323,0.22374111831943158,0.29778361263418024,0.22378378378378377,0.29781484055285307,0.20884805435453985,0.22380915618003552,0.2978230662343678,0.20887688151292938,0.26960481630132754,0.2696611870031643,0.2978083037505788,0.22378269928235203,0.2978395061728395,0.2696551192037651,0.29787069896620894,0.2979248630718198,0.22377352668929343,0.26964905514847665,0.20877680086379763,0.20883781907920104,0.2978871067242443,0.22376436116894133,0.2979182729375482,0.269601418549071,0.22378970089423372,0.29792646265320283,0.26961615538769845,0.2238150289017341,0.29793464858199753,0.22385759420513215,0.2979657882570504,0.22390014639032282,0.29799691833590136,0.20868962329558585,0.26952703743645046,0.2087344989601787,0.2238909426987061,0.2695417789757412,0.2239334668104112,0.2979132979132979,0.29796735448105943,0.298021402725383,0.2695150115473441,0.29805249788314986,0.2981065270935961,0.2695297467867313,0.29813760197014005,0.2981916121585225,0.22383810403200985,0.29822266676925446,0.26950300046160947,0.29825371182398647,0.29830769230769233,0.29836166448734713,0.29841562836486696,0.2084903483811428,0.20855121501076593,0.20861207227989234,0.20867292019068123,0.2693934035519336,0.2983548585485855,0.29840879391190717,0.26940814757878556,0.2984397817231573,0.29849369812480786,0.2694228848075002,0.29852466574458275,0.2086054552439493,0.2694376152427781,0.22355381424291312,0.20863419880165923,0.2984868269452339,0.269431643625192,0.26948775055679286,0.29849485486100447,0.2235276050065269,0.2985257985257985,0.26948176583493283,0.22355289421157684,0.298533814385507,0.2694964691433835,0.2985647401949497,0.26953184957789716,0.20850280101296909,0.26956721915285453,0.22350955267398143,0.2696025778732546,0.2085155350978136,0.2984811291807303,0.20856025159162384,0.2985120417241908,0.22348339596594832,0.2985429447852761,0.26953454489686374,0.22350866431528907,0.22356819750057502,0.2985280588776449,0.22361057876581067,0.298558945270581,0.26948723844561967,0.29858982219497243,0.2084450915778987,0.26950191570881227,0.2235843996628611,0.26953723567269383,0.26959319696621464,0.26964914968592,0.29850631941784755,0.22357536764705882,0.2985371831201654,0.2985909021289631,0.26962248257906424,0.2986217457886677,0.29867544598422785,0.26963711529627926,0.22353211360330705,0.298683404776485,0.29873708381171066,0.2987907546303383,0.2082344838141884,0.26958983777165596,0.20827913382814292,0.22348890589135426,0.2083237701782572,0.2083843329253366,0.2987072592365945,0.29876089949518125,0.29881453154875715,0.29886815539920464,0.20838112716984017,0.2988989142070653,0.29895251930575734,0.2990061162079511,0.22337741762862168,0.20837792386485246,0.26935718107467704,0.2989911342097218,0.20840657241115781,0.29902185541800397,0.2693512646137388,0.29905256723716384,0.22331728932691572,0.29908326967150495,0.22335956000305554,0.20837152459517264,0.22340181776521806,0.20841606842828778,0.20847651775486828,0.22342700061087356,0.22348629457127586,0.2692014047946251,0.2692571952057409,0.22351145038167938,0.2989084802686818,0.2235536559303923,0.298939174234908,0.20840964590964592,0.20847004959938956,0.22356172745307493,0.2989242389562829,0.2084986267927983,0.22358684872988024,0.26910755148741416,0.20852719090839753,0.29888651616839534,0.20857164645771373,0.29891718773829495,0.2235608082348456,0.20860018298261665,0.20866051688648318,0.20872084159170606,0.20878115710038875,0.22355182926829267,0.29883393034067524,0.29888736473098615,0.22357692600777263,0.22363608655897593,0.2988952380952381,0.26885570623190613,0.20873009827073968,0.2087903717245582,0.2236270850788331,0.2236862147753237,0.2988348183687457,0.22372829728906488,0.20878702505139723,0.2237703669864474,0.29881994670727063,0.2088154689403167,0.2088756946030296,0.29882782767544525,0.20892000913311515,0.20898021308980214,0.22372726580929914,0.2988129660630041,0.20900859773263333,0.22375228241022518,0.298820844427539,0.22379431005629088,0.2238533505742755,0.26848189838758746,0.26853753137120695,0.20897338403041826,0.26857273211162647,0.22384428223844283,0.20900174865049798,0.20906188231716588,0.22386925123527177,0.26854667072058375,0.20909021813483317,0.26858185134518925,0.22387719431567749,0.2985562310030395,0.22391915507940127,0.2985868409056374,0.2239611030920003,0.2240200546946217,0.2985947588302317,0.2090232416831232,0.2986253512569302,0.2090674362089915,0.22401093477105324,0.2091116173120729,0.29861058385847694,0.20915578499848161,0.26835193198208457,0.22400182177015332,0.20918406072106263,0.2985731633272617,0.22402671321241557,0.20921232356958566,0.2985810759541695,0.224051593323217,0.2092405735528412,0.22409346077985132,0.22415231737844193,0.20926881067961164,0.20932878270762229,0.2241771575913848,0.29847577159323574,0.22421898695784045,0.268102206384108,0.22426080363912054,0.22431961185656887,0.22437841115827775,0.22443720154627453,0.22449598302258603,0.2092459264873058,0.20930585025765383,0.20936576494657877,0.20942567055614486,0.20948556708841579,0.2982575757575758,0.2244526929778047,0.29828813816088473,0.26789366053169733,0.2094819751590427,0.2679288148428626,0.22444343480236256,0.2095101082759143,0.29822834645669294,0.20955409190703309,0.22445117335352005,0.29823631821966545,0.2678625491976991,0.26791795958525694,0.20955047676706523,0.2679530836171018,0.22442493946731235,0.22448361958084284,0.2679679225298835,0.22452530448596716,0.20953101361573373,0.22456697677936616,0.29806383300559675,0.22460863646676246,0.22466727162734423,0.2679017013232514,0.2095115681233933,0.29802676343842144,0.20955548835802842,0.2980572983596644,0.22464096749811036,0.20958355377522486,0.2980652962515115,0.22466560870550895,0.209611606468188,0.2096713260294673,0.2677546086430946,0.20971519226410817,0.2097748904668379,0.20983457965103106,0.26774924471299094,0.20987840797522847,0.26778432260987767,0.22457147172090916,0.29787073391724556,0.22461306153265384,0.26777895213649405,0.26783422661734735,0.2246376811594203,0.22469620348705563,0.22475471698113209,0.22481322164364953,0.20977965590099606,0.22485474986795442,0.2977214425833711,0.29777442474537913,0.22487929993964997,0.20977596741344195,0.2249208025343189,0.2098197450788144,0.2676470588235294,0.22494532840660583,0.297692655708038,0.2977456080826359,0.2249698431845597,0.22502826988315114,0.22508668777325494,0.2251450968568629,0.2977087729876394,0.2977617002034818,0.20972117558402412,0.22515258835053878,0.20976491862567812,0.20982445566186997,0.20988398372758776,0.22516007532956686,0.26739981922265743,0.20991187768321157,0.29763518602199124,0.2674147149634762,0.2099397590361446,0.2976432497552895,0.22511669929227526,0.20996762779492584,0.2251580849141825,0.22521640948438088,0.29760650308595515,0.2099796793858659,0.22524081878386515,0.29761456844006323,0.2252821670428894,0.22534045594763374,0.22539873608185373,0.2672083051229971,0.22544004814201896,0.20992854456562618,0.22548134777376655,0.2975107167030157,0.2975635433899835,0.29761636213249115,0.20992481203007518,0.209984211713405,0.297624417380845,0.2670826129444486,0.22542092603728203,0.26711762495302516,0.2976101007064482,0.2671526264372135,0.26720769461977756,0.2099331279585243,0.20999248685199098,0.21005183682668468,0.22536057692307693,0.29752873131525576,0.2671623854589154,0.2672174239579422,0.29753679783718834,0.22535105504242697,0.22540922060369425,0.22546737743073805,0.2671921921921922,0.225508595450792,0.20995346044137517,0.2672070854912557,0.2974332032422696,0.22551594746716697,0.22557406573615488,0.2672019209124334,0.20993397358943577,0.29739665391252157,0.2099774943735934,0.2974270497337034,0.26717671767176715,0.2100052501312533,0.2974351282435878,0.2254968128983877,0.21003299340131973,0.2100922246382245,0.26713150397360924,0.21013569233075943,0.2671664167916042,0.2101791469904805,0.22545345525408483,0.2671812935621674,0.22549460431654678,0.2255526414387411,0.21017533343323844,0.2255937663894508,0.2256517830386575,0.2257097909955802,0.22576779026217228,0.2258257808403865,0.22588376273217495,0.210140043435932,0.29706454994758125,0.22590789966304756,0.21016771488469602,0.22594894063038107,0.21021110944752208,0.29702822067520024,0.22597305389221556,0.2102387545842377,0.2668762161353091,0.22599715632717204,0.2969919185872493,0.22603815937149271,0.22609606464162801,0.29700007481110197,0.22613704368641532,0.22619492856608572,0.21017202692595363,0.2667713708772717,0.22621896500149566,0.226276826441337,0.29691939584267985,0.26676635514018693,0.22630083732057416,0.21013680197353668,0.29690536702048137,0.2263248374317961,0.2263826606875934,0.29691353411553695,0.2969660738305186,0.21011731300904132,0.2969964136282128,0.21016062756817333,0.21021963245181532,0.26660192724284754,0.2969823722736779,0.22630517589065652,0.22636295743091858,0.21021581659323427,0.26657706093189965,0.22638691853953558,0.2666119157831865,0.21022769690182905,0.2666467602269334,0.26670150033589607,0.26675623227347367,0.26681095604149563,0.22634328358208955,0.2264010148496381,0.29674675421578867,0.26680593896888755,0.22642494777678304,0.22648265572547557,0.2265403550648963,0.21011411948981876,0.2667810262529833,0.2966664180774107,0.22654735272184937,0.22660502572515098,0.21011034894124664,0.2667561321106389,0.2668107946921127,0.2668654491241148,0.22659511031604054,0.21010658120295148,0.29654195856312415,0.26686042178999925,0.2669150521609538,0.22658520229491097,0.296528088213381,0.21008716382328838,0.22660905840286055,0.2668901303538175,0.2669447340980188,0.2266329038504506,0.21008340780458742,0.29644798570258396,0.266939687267312,0.22663986300349936,0.226697438951757,0.29643415469366485,0.2267381271400923,0.22679568291775215,0.2668949091991664,0.2964203319193272,0.2100014883167138,0.2268025894783838,0.21004464285714286,0.29640651737221935,0.22682636512423746,0.22688388008629026,0.22694138649211545,0.22699888434362217,0.2100252863305072,0.22703948836171636,0.26673111243307557,0.2963045579596996,0.22706319702602232,0.29633484499293733,0.2100059470710675,0.2667063108600312,0.21004905604281254,0.2963210702341137,0.21009215219976218,0.2270193951103515,0.21013523554762967,0.22705995987814845,0.22711738484398217,0.2666220934551668,0.26667657108899123,0.22714105325707495,0.21011586452762923,0.2666914222057185,0.29615327491459975,0.29620553946684486,0.29625779625779625,0.21011210928799465,0.21017074981440237,0.22708039492242596,0.21021377672209027,0.26660728865137684,0.2962000890604126,0.26664192949907234,0.22707034728406056,0.22712769904281369,0.29618637780086066,0.2962385933674605,0.2962908011869436,0.2271344855722869,0.22719181130396085,0.2665578877104502,0.2666122812221893,0.22721542454579163,0.22727272727272727,0.21005412619559577,0.21011269276393832,0.2101712506486767,0.21022979985174203,0.2665480690830924,0.296101393418322,0.227228933521085,0.22728620127464058,0.2961096702482401,0.2665234143449911,0.29613988293694893,0.26655800859386575,0.2101637158308023,0.2665925925925926,0.2102066513591586,0.21026514590431047,0.26660742057320597,0.2271919431279621,0.210292484265087,0.2960165852213831,0.22721551787961797,0.22727272727272727,0.2665630320527056,0.21028867505551443,0.21034712456516913,0.21040556542332742,0.29593724561533336,0.2272458191505106,0.22730299667036627,0.21041728321988754,0.29592365169786194,0.22732652759283917,0.2664398254308751,0.21042899408284024,0.29591006582353374,0.22733323472859043,0.29594024994453894,0.21044069801833776,0.22735674676524953,0.26637586869732366,0.21046795298292303,0.2664104080425784,0.22736344149604554,0.26644493717664447,0.22740373956100807,0.2958173219036358,0.29586935638808837,0.2274272203339737,0.22748429996305874,0.26640070921985815,0.2664549013813991,0.22750775594622544,0.21035526996085382,0.21041358936484492,0.2957684070600399,0.22751439964554718,0.2275714391198405,0.21042528056704077,0.21048357327427095,0.2663516905359516,0.21052631578947367,0.21058458813108946,0.2106428518709868,0.2663468634686347,0.2664010036159693,0.22749409681227864,0.22755109569836937,0.2955585067138852,0.2956104758391737,0.21060784892298612,0.21066607656561187,0.29561882283522645,0.2956707721808393,0.21069321533923305,0.2957009070127572,0.21073587966376642,0.2107940721079407,0.29570923031554114,0.22742351640250644,0.21082117057349256,0.295717549937348,0.22744693396226415,0.2275038691134203,0.22756079587324982,0.2276177142436077,0.21080165045682286,0.29566050246813524,0.22764107853248858,0.2660036832412523,0.26605774896876844,0.22766443249613316,0.21078214759169245,0.2108402680609765,0.26605301914580265,0.26610706133568957,0.2108673243999411,0.2955164543915188,0.21090989399293286,0.29554655870445345,0.29559841012807303,0.26606314859792446,0.26611716220194287,0.22753697843844287,0.2661515820456218,0.22757707306305644,0.26618599175985874,0.21084381667034502,0.21090186847138442,0.2275836704670835,0.22764048249485141,0.2661616533058763,0.22768054125606707,0.29538936686521067,0.29544117647058826,0.26615690022792443,0.21085134539038378,0.2954495331912078,0.2276536312849162,0.2277104005880191,0.2277671615463766,0.22782391416182848,0.2108318636096414,0.21088985230362262,0.2660543717854519,0.2109323341415032,0.2278136937995886,0.22787041798281055,0.29528426619656234,0.2660301138450239,0.2109283196239718,0.22787691855768524,0.2109707739756205,0.21102870989059402,0.21108663729809105,0.29520593201673884,0.22786668624284245,0.2659472950157821,0.266001174398121,0.22788990825688074,0.29517099662410096,0.26601599765172085,0.21103610214264748,0.26605033384694404,0.22787967718268526,0.22793632161983712,0.2110475352112676,0.22797623413775397,0.29507114566524867,0.266006600660066,0.2110589615723086,0.26604091809048913,0.21110133450652588,0.29503629298335654,0.2279325513196481,0.2279891503555458,0.2950447148511948,0.2659972146888514,0.26605101143359716,0.211066324661048,0.2279788949142606,0.22803546567011065,0.26604630715123095,0.22807531687303098,0.2660805860805861,0.22811515639879862,0.2281716964547319,0.21101589394272321,0.21107367804306432,0.2660563896008788,0.2661101347393087,0.2111005345244197,0.2661443842436667,0.26619811113551506,0.2281112737920937,0.2662323402386355,0.21109647196603717,0.29466442216204347,0.22811768149882905,0.2111233077204537,0.2946729108737012,0.26618862954562084,0.21115013169446883,0.21120784256346478,0.22809070958302852,0.22814717284763367,0.2946167349327092,0.2661449572149492,0.21120374433230948,0.2946252285191956,0.22813688212927757,0.22819331724793449,0.22824974411463664,0.26610132319614005,0.21118421052631578,0.2945691104451429,0.22825610290893145,0.29459913761601986,0.29465068693364516,0.22827913774205336,0.2111646938477276,0.29465916563162126,0.21120689655172414,0.21126451895682666,0.21132213294375457,0.2659411292089694,0.2659947414548642,0.2946030818666472,0.2282021323207244,0.2113179992698065,0.21137558411214954,0.22822515879389646,0.22828150094904365,0.22833783487845827,0.2945255474452555,0.29457703817239617,0.21135600642242008,0.26585419251258846,0.22832749562171628,0.21138270704122583,0.265868962498176,0.211424819435325,0.29449956229938723,0.29455102487417023,0.2658643326039387,0.21143607322587704,0.2658984830805134,0.2659520163348647,0.26600554178212044,0.22821728034998176,0.22827354913969086,0.2944521396806882,0.2283131651844292,0.21138566950943946,0.26596209912536445,0.2660155965308651,0.21141233056405773,0.2943962690373825,0.26603031186243076,0.2282695810564663,0.2944047792510564,0.21140817367232462,0.21146561771561773,0.21152305339063296,0.2943918426802622,0.21156507173548905,0.2944217885231576,0.2659287846792398,0.22819280617445756,0.29443028758645795,0.22823238206173557,0.2944602169323724,0.29451157373707965,0.22825533153795763,0.21149927219796216,0.2945200494869369,0.2945713869887935,0.21152586771447282,0.21158323632130385,0.22822844670789377,0.2945584169940346,0.2946097330326617,0.2657113762001746,0.22823478071132447,0.29461818181818183,0.22827430732310378,0.2283304246655032,0.26568748636661094,0.22836992874800058,0.2114867320974191,0.21154405350392555,0.26568292505633495,0.29451955226050297,0.2657169852460208,0.21155523255813954,0.2283264297652787,0.228382502543235,0.21158177722880186,0.21163905841325195,0.2944424264438794,0.21168095307278803,0.21173821457107575,0.26561592097617664,0.26566925702665406,0.2944081336238199,0.29445937114225545,0.22828928260238165,0.21171857983010237,0.29446783795556847,0.2656261343012704,0.22829558652729384,0.22835160049357625,0.22840760632893017,0.22846360403512592,0.22851959361393323,0.2655830491256077,0.2943694674212741,0.2116375244866865,0.2116947185142194,0.22850924918389554,0.22856521108370811,0.22862116486545297,0.2943138961415724,0.22866052650663574,0.2943437273386512,0.2654629831049235,0.2286832946635731,0.2654969912274342,0.22872263302885312,0.2943095324392896,0.26551174253406784,0.2115677321156773,0.26554573126540076,0.2655989564461193,0.21159420289855072,0.2942540395623506,0.22866251267932183,0.29428385133666596,0.2655751955954796,0.22868525896414343,0.2287411270462118,0.22879698703556167,0.21154403244495945,0.2288362662032008,0.2115858073859522,0.2116428933458837,0.21169997103967564,0.2941431984362557,0.21174171130736932,0.22880926529134998,0.2654169079328315,0.2941304190489976,0.21175278622087132,0.22881539908821188,0.2654124457308249,0.21177917661529558,0.26544638981334107,0.21182087824640092,0.21187789351851852,0.2654611211573237,0.2287718790684218,0.22882765603529326,0.2654758461093434,0.2939475016270157,0.2118582791033984,0.2654905646735594,0.22881723539618276,0.2288729848912022,0.2289287263264421,0.2654860860137333,0.21183868169991327,0.22895136228951363,0.293828587946235,0.21186501914878242,0.21192196531791907,0.21197890325843508,0.21203583297211387,0.21209275446073828,0.2653857266685929,0.2288912964969303,0.21211902354470605,0.21217592258250884,0.21223281340265743,0.29366741280958913,0.22888086642599278,0.2936972059779077,0.26530464914813745,0.29372699054356455,0.2288869640537029,0.2937567665102851,0.2121824480369515,0.22890957638738543,0.265261942560254,0.22894869759722924,0.21219336219336218,0.2937017531202655,0.21223488674073004,0.22895477169443842,0.2937103289094057,0.29376126938333935,0.29381220250973605,0.26516189514675126,0.2289443322757427,0.22899992789674814,0.21218457101658256,0.26515752288948163,0.2122260668973472,0.2937360340229222,0.21226755081447313,0.29376576576576574,0.2651340443931969,0.21229372342725372,0.22892347600518806,0.293753152244398,0.2123198847262248,0.21237662992579787,0.22892954905633195,0.22898508967802347,0.2650532987611639,0.21238746849117754,0.21244418839118537,0.21250090012241665,0.26504896313364057,0.22895816833465332,0.2125269978401728,0.2935713771506731,0.22898070832133602,0.21255308428705103,0.2126097596084641,0.21266642677222022,0.2127230857800806,0.29351658631359284,0.2935674197726292,0.2127491186416289,0.22892086330935252,0.2935760017264945,0.2127751402675874,0.21283176292886427,0.22892692750287688,0.22898238043869112,0.21285775924061556,0.21291435967498382,0.22900488927236123,0.26472068444891794,0.26477354421279653,0.21292502336280641,0.2648073605520414,0.21296629051965787,0.22897800776196636,0.29335249730506646,0.2129922391491808,0.2290005029819645,0.26476505245006465,0.22903944248868452,0.2290948275862069,0.212987572731844,0.293276828041948,0.22911728794081734,0.29330652111462224,0.21299820466786357,0.29333620565848056,0.2933869462195735,0.22910683515221136,0.2934166128221696,0.26460875807609474,0.22912928002297037,0.21296296296296297,0.29340414842460344,0.2130041624802641,0.22913527090060998,0.2934127439724455,0.21303006385879314,0.21308652604390874,0.2934213358203601,0.21312769010043042,0.26447170217344523,0.2131688423468656,0.2132252743312056,0.21328169822145726,0.22904266762280387,0.2933457622257278,0.21330752133075212,0.21336392314310296,0.2643917126675747,0.22903225806451613,0.21338972116694144,0.29329128440366975,0.21343080341145274,0.2290382685968181,0.29329989251164457,0.22907709945543137,0.26431181485992694,0.2291159191861298,0.2134107027724049,0.22915472779369628,0.22920994198123343,0.21343647041971064,0.21349280240635968,0.29318246920653107,0.21353383458646616,0.21359014750107402,0.2136464523519725,0.21370274914089346,0.22915026129286276,0.22920544022906228,0.26411853124328966,0.21371314056684798,0.2641522937092965,0.22921139258623158,0.2930232558139535,0.2641671436748712,0.2292337411461687,0.21369294605809128,0.21374919522140354,0.21380543633762517,0.22923968242614978,0.22929480760978402,0.22934992490881784,0.2929061784897025,0.21380050053628888,0.21385671385671387,0.29291484950311003,0.2640120102945382,0.2138823361212381,0.2640457469621158,0.2292902580230148,0.22934534019439679,0.2928607160723219,0.21387737601829354,0.26402286530903896,0.2139182623606745,0.22933485746945775,0.2293899128446921,0.2139438531323666,0.22942857142857143,0.29276480251410614,0.26396229110127123,0.22945083196457902,0.21393887460725508,0.26397715101749375,0.2294730829644438,0.21396444634825446,0.29268989149057684,0.22949532443429224,0.29271948608137044,0.29276996645492825,0.2639166428775335,0.21394419467637193,0.22948480091337234,0.2639315019621834,0.2927368721461187,0.21395448384105015,0.21401055785418746,0.21406662386760825,0.22945791726105563,0.2927038014406961,0.2140921409214092,0.22948013977037723,0.2927124928693668,0.2295187165775401,0.2637958077855411,0.21408711770157554,0.22954091816367264,0.22959583719438306,0.22965074839629365,0.22970565177107832,0.22976054732041049,0.21406684244281338,0.21412284452045033,0.22978268614178837,0.2298375605585637,0.292512645152098,0.26364154437954124,0.22985967661514353,0.29252136752136754,0.21408731571825368,0.22988178322176328,0.2141280353200883,0.21418399316434064,0.21423994304022784,0.26356258009397693,0.2298711468640991,0.2299259681093394,0.2142501245640259,0.21430604982206405,0.22994804640239128,0.2300028465698833,0.2923219241443108,0.21431620890849581,0.2143721095695482,0.29233067729083667,0.22999217471722275,0.2300469483568075,0.2633899992887119,0.2923186344238976,0.21435175307588364,0.2300526240933011,0.26338619071321906,0.292306598407281,0.230074653394952,0.29233612967439215,0.2143314139475368,0.2300966733011089,0.21437202359798138,0.21442786069651742,0.23011868381778125,0.21446844798180784,0.29226177787252183,0.26325138553360805,0.21449378330373,0.23010798522307474,0.2632663209490659,0.29222900980252875,0.2301299808225016,0.26328125,0.2633335700589447,0.23015196705013494,0.2144429453951573,0.29217551831865946,0.21448349307774228,0.23015760329405083,0.23021225243131965,0.2921635434412266,0.2632550216480943,0.21447835344215757,0.23021786956213186,0.23027249503264263,0.21450365429645923,0.21455938697318008,0.2920893934019156,0.21459988649262202,0.23026175782081293,0.230316356930061,0.29207745230158166,0.2631205673758865,0.23033827388128503,0.23039285207771948,0.29206551797489894,0.23043108338060125,0.2304856433888692,0.2920742946264001,0.2630608917558659,0.23050751346753615,0.21447303139839818,0.2920623671155209,0.21451350010630005,0.21456916099773243,0.21462481400127542,0.292050446365311,0.23046404534183493,0.21465004250495892,0.2147056740100588,0.23048590451905368,0.21474608683334515,0.26288951841359776,0.2919764889172155,0.2629230987112307,0.23047511152021524,0.23052959501557632,0.2919646017699115,0.2147104629760725,0.214766050824662,0.23053510758776896,0.21480642649869064,0.291932059447983,0.2919821668671715,0.23054061703934334,0.2627892167268096,0.23057874628555255,0.2919702865228157,0.2920203735144312,0.21475560585697107,0.2148111472626963,0.2920291392602023,0.2627298444130127,0.2305353228201683,0.2627633998020082,0.23057342855122676,0.23062782805429866,0.26277836691410394,0.21476035628446205,0.29193468579910936,0.2919847328244275,0.29203477277546114,0.21477031802120142,0.2148258073634372,0.23056811758055398,0.2148661061259097,0.23060618906316235,0.23066054397739313,0.2148912122068381,0.23069859433495798,0.2149314874982342,0.21498693410551592,0.26257062146892657,0.26262269613727846,0.23068775596667138,0.2149968227070536,0.2917961027958204,0.2307094952347335,0.21502188338274741,0.2918048987082657,0.21506211180124224,0.23071494106852988,0.23076923076923078,0.21508714981299837,0.2917725091730172,0.2151273548296056,0.2918018907859461,0.21516754850088182,0.2307420993227991,0.262396839952035,0.23078008181689944,0.2624303547499824,0.21516220028208743,0.23080177702559762,0.23085601466647865,0.26242684904463087,0.23089396503102086,0.23094818470215017,0.2310023967291696,0.2151265242827941,0.21518184381167182,0.29156388751850026,0.21522198731501058,0.21527728842223945,0.23097519729425028,0.21531740999084056,0.2915316330844019,0.21535752025361043,0.23098055790363484,0.26223850109177993,0.2915199323848429,0.29156982886118743,0.23098591549295774,0.23104006760087317,0.23109421208280523,0.2311483489403647,0.26217966769923967,0.23118620204153467,0.21526115725749684,0.21531639332723304,0.291455518018018,0.21535646421282287,0.23117522871217452,0.2914643585954542,0.26210244863495635,0.23119679166959825,0.2914731954411144,0.23123461132606402,0.215320765334834,0.23127242034184428,0.2620621747081165,0.21534566425205712,0.2620956399437412,0.21538569720835385,0.26212909576712135,0.23124516627996908,0.2312992125984252,0.26214411247803165,0.23133698861239982,0.23139101708019963,0.26215912285633963,0.21533487947150187,0.2912157413914266,0.23139624762841685,0.21535975267003934,0.23143399142837068,0.29120415905578195,0.26210045662100456,0.21536948581062096,0.23143920769825105,0.215409467621857,0.21546456914109136,0.2155196629213483,0.2911312407836528,0.29118101390254175,0.21554447798918766,0.2313956753720865,0.23144963144963146,0.26196827179559173,0.23148733066610513,0.21553902302077485,0.2155940767773177,0.26196491228070173,0.23149252684022173,0.23154644962110582,0.2910264505718094,0.2619615546513259,0.23156787092248335,0.23162177328843994,0.23167566809286666,0.2909945293870108,0.29104425275264745,0.21549789621318374,0.23168080779748965,0.21553779273594167,0.23171843230736872,0.29101233875490745,0.2317560462670873,0.21554745548857424,0.2317936496810822,0.21558732828707597,0.21564230149274652,0.21569726699369307,0.29093966785789366,0.23178251121076232,0.2157219925733903,0.2909485778338237,0.2157618213660245,0.21581675539366768,0.2317713805421307,0.21585656254377364,0.23180895020659711,0.23186274509803922,0.2615363069813038,0.21586612519255005,0.2318840579710145,0.2319378325399048,0.21589079453972698,0.23197536049279013,0.23202911737943585,0.2320828667413214,0.21590034292112814,0.2159552134359692,0.21601007627177946,0.2906521130702491,0.2613866927866788,0.2320554078634392,0.2160195872682756,0.2320928931169558,0.23214660418269567,0.2613652259057211,0.23218406881600112,0.21601398601398603,0.21606880637717643,0.23220528597398965,0.2904984968188492,0.2905480984340045,0.23222649423278574,0.21606319026981685,0.29055706996575104,0.21610287950796758,0.2322314627157733,0.29056603773584905,0.23226888407518692,0.23232252655114588,0.2905750017466639,0.23235992734385916,0.2324135522179532,0.2905839620005588,0.2610882168051966,0.23243469758346139,0.2611215867029821,0.23247206703910614,0.2159765379512604,0.29053204859656473,0.23249319276687844,0.26110025132644515,0.21598603839441535,0.2611336032388664,0.23249808054721854,0.2160106085985483,0.29045990648335546,0.2905094207955338,0.232502965599051,0.23255651688529166,0.23261006069908602,0.2904981163666806,0.2326473665852808,0.23270089285714285,0.2610029992327544,0.2327381782675408,0.2159146383987726,0.2904463040446304,0.23275922181158915,0.2159391995537582,0.2904552743498571,0.21597880646960402,0.29048448936911814,0.2905339467447372,0.21600334564717363,0.216057987175913,0.2608544149418078,0.21609756097560975,0.23266671312103687,0.2161371237458194,0.23270396432801504,0.2327574195346245,0.21616161616161617,0.29040122596823625,0.21620115623041025,0.2162557459256164,0.2327460129535483,0.2607242339832869,0.29036975141006893,0.2327670240913522,0.2328204414119613,0.2903787245892509,0.2607030978071702,0.23284143115689823,0.2328948284262546,0.23294821826280623,0.29034727538450833,0.21614474599860822,0.21619929023728343,0.232952964096855,0.21623878104779795,0.26060943369973566,0.21627826086956523,0.21633277685030605,0.21638728524726994,0.21644178606203923,0.21649627929619583,0.2901947148817802,0.2328767123287671,0.2165206508135169,0.23291385663630676,0.26049777530589546,0.29016336461591935,0.23293479772000555,0.21651490929311185,0.29017236586043926,0.23295573007158246,0.29020152883947187,0.21652421652421652,0.23297665369649806,0.2165636073091086,0.29019035709323326,0.21660298714831538,0.2166574048346763,0.2901993470861985,0.21669676343936659,0.21675116327522745,0.29020833333333335,0.26025970418720923,0.23288432162199693,0.21676039713948483,0.23292141071924466,0.2901770218674071,0.21678467305289462,0.23294231970569862,0.23299555802332036,0.23304878895134984,0.23310201249132548,0.26014849767538684,0.2331390507910075,0.21674876847290642,0.23317607881226585,0.23322927506070065,0.23328246392896781,0.21675799403482002,0.2899847412956027,0.2900339829391775,0.2332871012482663,0.23334026766521046,0.29004298987657745,0.2333772446786383,0.23343039378813088,0.2334835355285962,0.21669208373769583,0.21674637831843072,0.25991128361519267,0.23348811421442928,0.23354123354123354,0.28993139768553805,0.23357815964523282,0.21672555948174324,0.2899404184564223,0.2167648077589193,0.2598365198115822,0.23356653044261272,0.259869788059288,0.259921047163931,0.23358725761772853,0.2898691226369365,0.21672898490513778,0.2336079761822336,0.23366103572417612,0.21675320179993077,0.216807420739305,0.21686163217276944,0.2336655592469546,0.23371859644266038,0.28975778546712805,0.2597744100754273,0.28978688070855246,0.2337231024700754,0.21682579216825792,0.2897959183673469,0.2337437742114001,0.2898249982707339,0.2898741181352884,0.21681997371879105,0.23374827109266944,0.28988313394647675,0.23378509196515004,0.23383806955680012,0.2168141592920354,0.2595921189077083,0.25964330153463294,0.23384253819036427,0.23389549350290295,0.2339484414956113,0.2596406357982032,0.21677838435491673,0.2339690436705362,0.2340219719477648,0.23407489291142738,0.21678756476683939,0.25960210002763195,0.25965324307522275,0.2597043790578809,0.23406312590648526,0.2341160220994475,0.21676679787307507,0.2895318326198039,0.21680591037768418,0.23412040872687104,0.23417328270624785,0.2342261493856137,0.23427900876648028,0.21680011043622308,0.28946097039133134,0.23429951690821257,0.25954040438893106,0.289470052442727,0.23432001655971849,0.23437284393542154,0.28947913073473613,0.2595198675496689,0.23439332275643238,0.2894882052696924,0.23442996068694394,0.23448275862068965,0.2894972760499276,0.2895462694800717,0.2166448321037027,0.2594456701599559,0.28955532574974147,0.23445470839652557,0.2594609498862618,0.23449131513647642,0.21662416431180648,0.21667815299793247,0.21673213424298807,0.2167861080485116,0.23447943223317025,0.28944467410775804,0.21681019634860488,0.2894736842105263,0.23448370875525246,0.21683427469348396,0.2894827467456436,0.2168732782369146,0.21692720886991254,0.2344718358352844,0.23452454726984784,0.2894519416138805,0.21693631669535285,0.28948093074487125,0.21697528739588354,0.23451266519823788,0.25913689861656,0.2169993117687543,0.25917005023742345,0.21703826039086155,0.21709213514071424,0.23448465666712537,0.2591675266597867,0.23452118877270225,0.2171011900667263,0.23455771082679874,0.2171401059220029,0.2171939477303989,0.28925108314421294,0.23456195846513547,0.25909372206559855,0.28926017601760173,0.2345823306978343,0.2346349511893304,0.21715817694369974,0.2892493813582623,0.23465530276994984,0.2590378006872852,0.21716720500309258,0.2172210005497526,0.23465952037380608,0.28919884567816406,0.2590175197526623,0.21723000824402308,0.23466373565982002,0.2347163071850529,0.28916821210247956,0.217239010989011,0.25897946569603736,0.25903035297349264,0.21726292659479504,0.21731667124416368,0.2173704085135599,0.28909789921735546,0.2174092126038306,0.21746293245469522,0.2175166449310179,0.2175703500343171,0.23457552673117837,0.2176091133681032,0.21766280107047278,0.28900782214903253,0.2588679245283019,0.21768660812294183,0.28901694450161214,0.25888324873096447,0.21771040537759792,0.2890260631001372,0.23448323160277074,0.289054999314223,0.2891037509428787,0.2345035655512891,0.23455605073705862,0.25880981763334704,0.2345924453280318,0.28907321085823967,0.2588251422304476,0.23461274845784785,0.28908231101363857,0.25884046052631576,0.2588912492290824,0.23461696587638756,0.28907159986296677,0.2589065497396547,0.28910050010276084,0.28914919852034526,0.2589218439619152,0.2345890410958904,0.2589548661050613,0.289138474181619,0.23460932685064712,0.23466173651054506,0.23471413899349539,0.2347665343009722,0.25891695762305744,0.25896768893756844,0.25901841330686565,0.2590691307323751,0.234754636917391,0.23480700793868053,0.25908437692465613,0.23484330094429998,0.25911734519329455,0.23487958401751505,0.23493192857631526,0.21719797509919278,0.28887064778712634,0.23495212038303692,0.217221804254155,0.23498837368349063,0.2350406893250359,0.2888402625820569,0.23507692307692307,0.235129221933543,0.23518151363916046,0.21718621821164888,0.28880989814751523,0.21722488038277513,0.23518556489645273,0.23523783488244943,0.25886694457732523,0.21723383900505672,0.21728732490604716,0.235241869363214,0.25886452141832345,0.2173111080748736,0.21736457408292917,0.28866120218579233,0.217403182842702,0.2352137686108455,0.2886703544355665,0.2588090685605026,0.23523386821440764,0.2588420046429059,0.2173823991261009,0.23525395958492626,0.23530616424329306,0.23535836177474403,0.2354105521807385,0.2588042588042588,0.21736163243021905,0.23543059915381465,0.2174002047082907,0.23546670305676856,0.2884628505151122,0.2174239323236458,0.2884917115765059,0.258731241473397,0.23545460746197394,0.25876415223025506,0.2354906908545318,0.23554282596835788,0.21738833958404363,0.2884222010091368,0.23556282811754278,0.25872647941096266,0.21739723225850432,0.2174505794137696,0.21750391929657148,0.28837241003271535,0.23553465548967492,0.2175275998364454,0.288381601362862,0.2586535840828564,0.23553859780609115,0.25868646954625973,0.21752162953879692,0.21757493188010898,0.2587017233158504,0.23552649502792536,0.28829258325955187,0.2883410514846091,0.21756894790602654,0.21762222524853603,0.23551440049022945,0.25864651416122003,0.2586969841377902,0.25874744724302245,0.23551834456469947,0.21760141573645522,0.2355543456067515,0.28821287600381107,0.2176250425314733,0.21767827980402832,0.21773150983193848,0.2882024765274187,0.28825090142186544,0.23551020408163265,0.2586218624583362,0.2586722894844239,0.23553016391212678,0.23558215451577802,0.28820129207752465,0.288249694002448,0.21765145848915482,0.21770465053032365,0.23557005914746074,0.2882392929979606,0.23560600910883012,0.21771343121261555,0.258546863318154,0.288228897648498,0.23560992184845395,0.2177222071215004,0.2585445403275124,0.21776056529419757,0.23561383246144438,0.21779891304347826,0.23564975205488758,0.23570167096861838,0.23575358282958636,0.2584895408856289,0.21779286926994906,0.2178459866902078,0.2178990968968561,0.2880228136882129,0.28807115214882206,0.23570943652410048,0.2584345937139366,0.23574531631821885,0.21787823253919772,0.25844984389846615,0.2179165252799457,0.21796959826275789,0.21802266404288526,0.287963088614466,0.25843001560485784,0.23568521031207598,0.2584627908554372,0.23572106905440238,0.2584955572135929,0.21798697775366252,0.28789420142421157,0.2879424928794249,0.2180104428019258,0.23569297531868727,0.2584582005559699,0.21803389830508474,0.25849094976611753,0.2356968546637744,0.21805734426896226,0.23573268266232886,0.23578447983734327,0.28781512605042014,0.21806600257504913,0.23580430952703618,0.28782437834541635,0.21808943089430893,0.23582413115642573,0.23587589757485436,0.2878141299193931,0.21809807640205905,0.21815103284795123,0.218203982121089,0.2182569242229295,0.28778439869989164,0.21829507752725302,0.2582261340555179,0.23579987813959785,0.23585161115624154,0.23590333716915995,0.2582239068634087,0.23593908629441623,0.23599079588521926,0.21824456926304392,0.28765732846122616,0.21828269842343867,0.28768606224627874,0.2183208172654083,0.2581518062508456,0.28769532571196643,0.23593073593073594,0.2877240446398377,0.2581496009738942,0.23595049705822682,0.2360021639166892,0.21827033606058557,0.2183231913455037,0.2360219052126293,0.21836127636560304,0.21841411478401948,0.2580775990266324,0.25812774586008785,0.2581778859151122,0.2582280191930797,0.23597783484254628,0.21839313467126156,0.2875,0.28754813863928114,0.2184164302121335,0.2581909072485307,0.2875574169143475,0.21843971631205675,0.23591787113332433,0.2184777470115486,0.23595353862776877,0.28752785468296305,0.23598919648885888,0.236040780500979,0.2184715095868215,0.2875177209208128,0.21850951802349128,0.23604454944313197,0.2580318574514039,0.2185327664169535,0.23606424618706978,0.23611579728726634,0.23616734143049933,0.28742999797584506,0.2874780731345298,0.23618700667880996,0.21849703184025904,0.25794266441821245,0.25799271549979763,0.28744857354825654,0.23617480442406258,0.23622631330501045,0.21847606203641268,0.2874384734677365,0.23624595469255663,0.25793838063776714,0.23628151543750842,0.21846983485001686,0.21852251280668644,0.28738963402305046,0.2579188569888125,0.21854572410539794,0.2579514824797844,0.2362374503065831,0.2873601940439294,0.25796671831839924,0.2362570735650768,0.21852475581003705,0.21857739458439984,0.2186300262679329,0.21868265086206898,0.23624486497407232,0.2579124579124579,0.2579624267726079,0.2580123889038513,0.23624856931259677,0.2362999865356133,0.2580276001346348,0.25807754442649433,0.21861748670660294,0.236303674787993,0.2363550710007403,0.2186406460296097,0.21869322387457102,0.23637464675010092,0.2870214626925923,0.23641011840688914,0.25798856374032964,0.28703080855643753,0.23642967646465327,0.2580037664783427,0.2580536687067052,0.21862811028917284,0.23643332660883598,0.23648466917697686,0.21865124722651785,0.28694366007798844,0.2186890756302521,0.2869723043828986,0.23647240707131814,0.23652372630729937,0.25794744270448283,0.21868279569892474,0.21873530004703984,0.2579626394301841,0.21877309682187732,0.28688524590163933,0.2188108834397044,0.23646379148192934,0.28689460603210853,0.28694250403009136,0.28699039559406275,0.23646742780389524,0.25787388355382446,0.21877518130539886,0.21882763714496745,0.21888008594064723,0.218932527693857,0.2578544575725027,0.21897026246895349,0.23640757148610553,0.28686489026109135,0.28691275167785235,0.21897859204080264,0.2869413501543417,0.23639535663960276,0.25778314546430486,0.23643072794364306,0.2364819535757413,0.23653317233514456,0.28689294338610144,0.23656851566168086,0.23661971830985915,0.23667091409026894,0.21888412017167383,0.2576946288473144,0.21892181842564035,0.23667448876969494,0.21895950657012603,0.286786887443856,0.21899718460919695,0.23667806153227428,0.28679624664879355,0.28684404530527446,0.2868918375552875,0.23668163237954834,0.25757169659608686,0.21896147403685093,0.28688195095805974,0.2575869230253902,0.2189844587352626,0.21903677406390248,0.2868720696584059,0.2366217935838189,0.2190597374765604,0.25755039174981587,0.2366412213740458,0.2190826916638768,0.2366764863417247,0.23672758920800696,0.2867853795688847,0.23676283553116004,0.23681392235609103,0.2867947259219597,0.2868424575023424,0.21903232282674162,0.2574277301927195,0.2574774171963867,0.23678576207680985,0.21904061015588414,0.23682097939523683,0.23687203157401832,0.25745819397993314,0.23690723028559962,0.2190342429106474,0.21908647094228584,0.21913869198876554,0.2574389836175192,0.236894891682268,0.2866216487263489,0.28666934082096535,0.21913229493950132,0.28669786096256683,0.21916984158812913,0.21922202914048924,0.23685089888391364,0.21925955626837743,0.219311727363849,0.2573165842576507,0.23685441304202579,0.2193345804382683,0.28659229073418396,0.28663994655978625,0.21935742435375058,0.23684210526315788,0.23689307420022707,0.2866301589421664,0.25722871452420704,0.23691239316239315,0.2572611337383989,0.25731072239284286,0.23693170438614058,0.25734312416555405,0.2192777518189707,0.2865438526231478,0.2865914703330441,0.2866390816871329,0.2866866866866867,0.219271319898572,0.286715153132715,0.23685615158793702,0.28674361198212023,0.2867911941294196,0.21926489226869456,0.2368596584845251,0.2868005069032215,0.21928771508603442,0.23687895965321773,0.23692984795945585,0.2571180902847236,0.2369649286571543,0.2867524501633442,0.21926666666666667,0.21931871208586096,0.2193707505665911,0.28674265146970607,0.21940815782458012,0.2867710763078974,0.21944555511128883,0.23688945158925834,0.23694029850746268,0.21946831900859484,0.28674217188540974,0.2867896875624542,0.21949107380762056,0.2868180909878106,0.2868655921140269,0.2869130869130869,0.21949920085242408,0.2869414663381501,0.23684911439605807,0.21952193887742194,0.23688415446071903,0.23693495772585046,0.23698575422713353,0.23703654396591892,0.23708732694355697,0.2195008319467554,0.2868361506721682,0.21953816463698675,0.21959009848283204,0.23707498835584537,0.2196274118429807,0.2566030204244561,0.23709419904204365,0.23714494778154727,0.219635492882799,0.2371799135350848,0.23723064644852354,0.23728137261421825,0.2373320920335151,0.28665469778575703,0.23736702127659576,0.21959976065421183,0.21965164206887383,0.2197035165857874,0.2197553842063281,0.2373546028580924,0.2865877974212415,0.23738951285970625,0.21976342371079213,0.28659711608744765,0.28664451827242526,0.219786060726862,0.2866728673930375,0.28672025509865146,0.21980868872060583,0.2867485885088011,0.2867959617428268,0.2198313076974165,0.21988311860804888,0.2372667507802643,0.23731739707835325,0.2867671469357944,0.28681450006639225,0.21987651862178847,0.28684280403611256,0.2868901427149021,0.23728926058675162,0.28691843100816355,0.28696575524289886,0.21985533213882805,0.2560053085600531,0.23727688939021963,0.21987791932059447,0.2373117494858356,0.286917871832294,0.28696517412935324,0.21988591138232952,0.2373151157392054,0.21992306671972411,0.2869553683931295,0.2870026525198939,0.2558848882700086,0.23730274499403262,0.2199164622422595,0.2373375762397242,0.21995359628770303,0.2869547925228689,0.23735666467819977,0.2199761399787911,0.2373914772350719,0.2374420145791915,0.2869259823736002,0.23747680890538034,0.23752733055058636,0.2199549489863522,0.28691619741636304,0.23754636989931108,0.21997747896933165,0.2375811365743807,0.2200145705013577,0.28688741721854305,0.28693464009006026,0.25559528539266324,0.23756869496126598,0.2556276483050847,0.23760344256868587,0.2869058652191182,0.2556430793671808,0.23762245168122847,0.2199351379972202,0.23765718067504962,0.25564158559989414,0.21995764955002647,0.23767617283133727,0.21999470689427023,0.22004631161098248,0.23769515744906058,0.2377455844413574,0.22006879216827624,0.28672531252066935,0.2201058201058201,0.2377488261358376,0.28673455892077765,0.23778350856311578,0.2867627611742925,0.220099173553719,0.22015073383577946,0.2867719970912937,0.28681914331041775,0.23775530438231213,0.23780568407138136,0.2378560571013152,0.25535289452815224,0.2378907024383797,0.22010043610413638,0.2867525602907169,0.28679968287526425,0.28684679923366585,0.2868939093671555,0.23786247440385758,0.23791281373844123,0.25526715540585165,0.23794743098665963,0.23799775473816284,0.25528262017960907,0.22000660283922086,0.22005810114881816,0.2867894632600515,0.2200950620543966,0.22014654432635816,0.2201980198019802,0.22024948848260842,0.23792238648363254,0.2379726786774896,0.22027187541243237,0.22032332563510393,0.23799155449986803,0.22036022959688592,0.23802612481857766,0.2203971238208325,0.25507915567282324,0.25512828969065365,0.23802928373565493,0.23807953571193036,0.28653389606963864,0.23811407847016156,0.2865620466833707,0.28660908551460407,0.22033227848101267,0.28663722064737296,0.25504284772577457,0.22035462395359567,0.23807012918534143,0.2550583272919001,0.23810465269540002,0.2865897858319605,0.286636794939378,0.22033339922250775,0.2203847674265384,0.28664602411226037,0.22042160737812913,0.23806073381200185,0.23811092082729549,0.22044391753935322,0.25493940990516334,0.22048073756997036,0.23811405241669958,0.23816421939816948,0.2382143797735054,0.2382645335440121,0.25490454246214617,0.286485418998091,0.25493680884676145,0.23826762324754822,0.286494668948269,0.2383020730503455,0.2383521979468281,0.2865039152464302,0.2203579418344519,0.22040923744983223,0.22046052631578947,0.22051180843365567,0.2383239047493751,0.23837400513056634,0.23842409892133648,0.22051956593225913,0.2547678547941602,0.2384428223844282,0.28636244082062073,0.2864093628772437,0.2205128205128205,0.23844586154756425,0.2864186168814094,0.25471636100703343,0.286446693834626,0.23844889911271772,0.23849894847528916,0.23854899125977524,0.2546983834932317,0.2385833497601682,0.2863994743758213,0.28644635700676696,0.286493233477861,0.2203901990409249,0.2865212821860221,0.286568144499179,0.254630237751215,0.22039797727720498,0.25466246388232205,0.22043469695974785,0.2546946815495732,0.23846103341868558,0.2865021008403361,0.2547101687126633,0.2204279900223185,0.2384640630127995,0.2547256497768443,0.23849839207193016,0.23854836592728704,0.22042128748605552,0.28641732283464566,0.2385670231612099,0.2204435113502165,0.23860132519845176,0.2546575701915508,0.2863889799934405,0.23861996589269316,0.25467305043615135,0.25472193074501576,0.23863859925241,0.23868852459016393,0.2863418792210347,0.254720692368214,0.286369894446994,0.28641667759276257,0.2203212061619141,0.2864446775039329,0.23864455659697187,0.23869445536767597,0.28645389606134086,0.2203145478374836,0.22036563790053076,0.23869741842484601,0.23874729738583503,0.23879716981132076,0.2388470357025876,0.23889689506091968,0.22034453396214057,0.22039559863767358,0.23891544960377234,0.22043222003929272,0.22048326894113024,0.28627553693033003,0.2863222680547371,0.22050543407097029,0.28635024549918164,0.2543859649122807,0.22052759049551612,0.2863594711349653,0.23882453040120427,0.28638743455497384,0.28643413389176103,0.22052087423112157,0.22057187724923116,0.22062287359330018,0.23879620543016028,0.23884600287845087,0.28638712631647806,0.2542517006802721,0.22061612924324678,0.28639633747547416,0.2388333006343601,0.28642427413026417,0.286470934414438,0.23885183732182555,0.2205949656750572,0.28648012552301255,0.2388703667385762,0.2865080402667015,0.2865546767762599,0.22058823529411764,0.28658257630220246,0.2866291987975428,0.22061033784225315,0.22066126502875066,0.28663835347925515,0.22069776558212464,0.22074867707584764,0.2207995819179514,0.23874844862499184,0.22083605486610058,0.22088694402717002,0.2387669801462905,0.2865539084438059,0.2866004962779156,0.2208945478289259,0.220945416557848,0.28660964940915323,0.2866562214388301,0.22096742607219794,0.28668407310704963,0.22100385092356895,0.22105469259887744,0.28669320629119627,0.22109109892978335,0.2537030995106036,0.25375179433642175,0.23859855157565082,0.2386482254697286,0.2386978928827712,0.22106979778212654,0.22112060530950362,0.2865901382728933,0.22115698167351464,0.22120777357506197,0.25366807955656995,0.23865414710485133,0.23870378822455499,0.28654322597470333,0.23873785774822348,0.2865710560625815,0.286617560784825,0.23875635510363707,0.2536009906797888,0.22112877997914493,0.23877484522645814,0.2536165776098006,0.2536652114419756,0.2387933281209278,0.2865333246465568,0.25368078175895764,0.22109308839814995,0.2865424700364773,0.25369634599101154,0.23876514263384135,0.25372842722240313,0.28653295128939826,0.23878361659178224,0.2210574293527803,0.22110814506152746,0.23880208333333333,0.2211444567410976,0.2211951568806145,0.22124585041983988,0.23880499869825567,0.2864301985030914,0.2212677339580893,0.22131840957896792,0.2535788651743883,0.22135467499512004,0.2214053350683149,0.25359443107149826,0.2214415820973198,0.28634619137448775,0.28639261090152207,0.23869918699186993,0.22144901144641,0.2387331729205957,0.2387826765509169,0.2535275375512062,0.23881664499349806,0.2214420388791366,0.2214926537511377,0.23883507768315673,0.2535101404056162,0.23886902827429315,0.22150006499415054,0.28621563657633065,0.23888744476215232,0.2862434206251218,0.23892137751786874,0.2389708271067507,0.28625259875259873,0.2390047424153836,0.2862803689749253,0.2863267294576161,0.22142114835022084,0.25336104435929074,0.28633588777763347,0.2214429508409637,0.2214935064935065,0.2863450425297059,0.2215296714712375,0.23891449717587482,0.22156582705790703,0.23894839337877313,0.238997793067636,0.22158759005646783,0.22163811007268952,0.22168862353170224,0.2862426995457495,0.22172474206735449,0.22177524007267066,0.2531629144228898,0.23893862722200596,0.25319493999351284,0.22178256357031656,0.2389569955244211,0.2532105331430795,0.25325896621051947,0.22178988326848248,0.22184034757797808,0.25327454286084816,0.22187641833625105,0.28604771784232363,0.2860940032414911,0.22189809412679892,0.22194853179490504,0.2532408607726212,0.22198457450256012,0.2220349967595593,0.23880500291620763,0.28602903058579576,0.28607529320287695,0.23882337695995853,0.22202785876255263,0.2388572168955688,0.23890652328820366,0.2860474154683249,0.22203510590064124,0.2531088082901554,0.23890939705977593,0.25314078487242586,0.2860195557857929,0.23892773892773891,0.23897701521528003,0.2531399715136605,0.28601022852333785,0.22197048161574315,0.28603793125768656,0.2389644012944984,0.23901365607404051,0.22197773750970748,0.22202808516145733,0.2530736378931021,0.23901649951472015,0.23906573498964803,0.2220353238015139,0.28593608487514555,0.23908402872113332,0.28596377749029755,0.2860099605458897,0.2220281981632389,0.23908685248658088,0.23913605794102433,0.2529582929194956,0.285982154403207,0.252990237279369,0.2391388673390225,0.2859913375137372,0.2391725921137686,0.23922176976278198,0.2529731127197518,0.2530213921023719,0.25306966524492697,0.2531179321486268,0.2859265960196433,0.2391936421787168,0.2392427962269027,0.22184895665094645,0.2859173126614987,0.28596343905432464,0.2218705593592559,0.23923012336110572,0.2219064841126324,0.28595414917662254,0.23924835335141417,0.23929747530186607,0.285963326446281,0.23933113822712893,0.239380245319561,0.2394293460719127,0.23947844048541184,0.2218421222487575,0.28591712921130763,0.23949661181026138,0.2528394424367579,0.252887655675292,0.23951477610014196,0.2218207626298471,0.25290322580645164,0.22185665440939295,0.23951748161527545,0.23956653550925627,0.28579721362229105,0.2858432763624637,0.22184960660389527,0.23956922680079965,0.2396182615424297,0.239667289960668,0.28581560283687946,0.22184256334214428,0.22189272821041775,0.2219428866112293,0.2858063684414078,0.2219787302610377,0.2220288734209848,0.25269059740929306,0.2857971388065472,0.23957729235131128,0.23962628865979382,0.23967527865472585,0.22200747326375467,0.2397088191715519,0.2526410718886885,0.23974235104669886,0.22201468504444158,0.2526566625877504,0.23976043276661516,0.22203619035353211,0.25267224726336124,0.23977850750112678,0.22205768735513778,0.2855855275864289,0.25267155916055106,0.23978113936272932,0.2398300720906282,0.2220505889167793,0.2855579868708972,0.25265461097882747,0.23983268983268982,0.28556720931728974,0.25267018401750097,0.2398507366660233,0.22201492537313433,0.2220649726600193,0.2398687765341567,0.2855213224416286,0.2855672755338307,0.23988680944112162,0.22205787781350483,0.25258825798983986,0.252636316872428,0.2855397672474764,0.22206506364922207,0.2221150755384121,0.23984314733864748,0.2526193996271775,0.23987659082144233,0.25265119866315316,0.23991002570694087,0.25268298952509477,0.28543888960287883,0.2854848037010859,0.28553071189925466,0.22203662062319307,0.2526660670692535,0.23986638401747287,0.23991521068859198,0.2526816108934421,0.23994861913937057,0.28546657247447177,0.25269714872848703,0.22198677197713992,0.22203672787979967,0.28545746388443016,0.23992039034411916,0.22205816267573988,0.22210810116831428,0.2854483599717568,0.22214377406931965,0.2221936974520249,0.2398921832884097,0.2854392607328499,0.22221509240246407,0.23991017003529033,0.2854484794045939,0.22223647911721306,0.2399281498588658,0.23997690679325165,0.2524695317511225,0.25251747803219804,0.28540277065161623,0.28544859873019945,0.23996408875208414,0.28547611413914714,0.2525006411900487,0.23998204782971083,0.2854853186305937,0.25251618693505995,0.2855128205128205,0.25254791359528234,0.28554031534418667,0.23995385502787925,0.2220584465521661,0.2399871835950016,0.24003588363449954,0.22207983597103864,0.28549461814454125,0.22211544621692614,0.2855221012171685,0.24002306066235346,0.24007173968741993,0.24012041247678217,0.2524016907903164,0.22209414024975985,0.2221439549180328,0.28545815457514245,0.2855039057497759,0.24009219540303475,0.2523687580025608,0.24012547212086294,0.2524004608884906,0.25244831338411317,0.2220942140296979,0.222144,0.2221937795981057,0.22224355282523836,0.22229331968262095,0.25241538166229444,0.2524632117722329,0.22231463118162625,0.2853121801432958,0.25247873088978445,0.23998976589484458,0.2223217141029741,0.22237145049884882,0.25247809682164096,0.23999232638444815,0.24004092333269392,0.22237851662404093,0.2852119429703983,0.22241401355325405,0.22246372179249504,0.25242904627972385,0.2400127836369447,0.24006135753547234,0.22247076116827508,0.22252044989775052,0.2225701322768228,0.24006389776357828,0.24011245287841032,0.22259136212624583,0.22264102727911583,0.2523316724159959,0.22267646119450654,0.25236331119059785,0.22271188605735454,0.2227615276535956,0.2400536432722396,0.28492975734355047,0.24008683992082241,0.24013535946877793,0.2401838728212986,0.2522982635342186,0.25234599425470794,0.24020171071109409,0.24025020744239484,0.28484809803420985,0.24028336205246026,0.28487555839183154,0.2226405462318933,0.2226901480347116,0.2848848337905953,0.25226489728212326,0.24025518341307814,0.28489410563919365,0.24028832046947757,0.28492154611557596,0.24032144907200714,0.24036989795918368,0.24041834066704929,0.22261191174595077,0.22266148058407192,0.22271104310124967,0.28485814472425885,0.28490373581537676,0.2227321986358131,0.24037480877103518,0.22276754413920583,0.28489483747609945,0.28494041170097506,0.25203925567167984,0.24036194481616008,0.24041034790365745,0.25205479452054796,0.22273190621814476,0.24042810728164618,0.24047649382086891,0.24052487419580865,0.24057324840764333,0.2520221641933635,0.24060629219207744,0.2226963000700503,0.2227457972491085,0.2847500795924865,0.24060868457914172,0.22276691920799643,0.22281639928698752,0.28474123114138394,0.2519414385741566,0.2405957609318312,0.22282331975560082,0.28473238719531596,0.24061346569937636,0.2847597836461979,0.2519088826673454,0.28478717312464213,0.24061585443440642,0.24066416438704752,0.2407124681933842,0.22275936645251573,0.25187635160921,0.2407301405584176,0.25190791147290764,0.22276629570747217,0.240747806180847,0.25192344375914033,0.25197100712105797,0.25201856443511983,0.22275905912269547,0.22280846735744708,0.22285786931095855,0.2845611135829149,0.24068895385788738,0.25198601843025104,0.2407219115404169,0.24077015949672745,0.2408184013216419,0.2519855136921024,0.24085133418043203,0.24089956165427864,0.28446194892643883,0.2845074001143365,0.24091717479674796,0.2519530009526834,0.2520005080655405,0.25204800914459896,0.24091948183896367,0.22268080513048447,0.28444444444444444,0.28448987365881534,0.2845352971051295,0.22268774201739353,0.2227370826456773,0.2845445890193589,0.2845899974612846,0.222758139239703,0.24083005457545373,0.25191953804175393,0.24086294416243656,0.2519510183364,0.24089582540286766,0.2845270570322908,0.2409286982999239,0.25195052331113227,0.25199797031586957,0.25204541130208663,0.24093099949264332,0.22265203881032405,0.28446417247939126,0.2226872107031894,0.222736495054527,0.2520129334939453,0.2409027513630024,0.22275752773375596,0.25202839756592293,0.24092032705837613,0.22277855241475472,0.2843652956461119,0.22281368821292777,0.25201191306000886,0.25205930807248766,0.24089209909396186,0.24094019260010135,0.22280646183085207,0.28430254656024323,0.2228415785139672,0.22289080314162654,0.284311862689214,0.28435718809373023,0.24089671331771262,0.24094478216818643,0.2519470651554486,0.28434848676712676,0.24096232985121874,0.24101038237528488,0.2843577894536937,0.2519306241296367,0.2227989113235015,0.2410126582278481,0.22283399784823746,0.22288317934438678,0.25191419350756183,0.22291824854467224,0.2519455868396077,0.2519929140832595,0.2229392041500601,0.22298836032388664,0.22303751027895502,0.28418722327640733,0.2842324963632914,0.22305843663040728,0.22310756972111553,0.24086252687492096,0.24091052797976603,0.2231284774911482,0.25188088765252575,0.22316348463775446,0.24091282634806246,0.25189633375474085,0.2841160482902471,0.2409303501453672,0.22315616507615496,0.24096309403437816,0.24101105845181675,0.28408947301908255,0.2841347065141846,0.2841799342936568,0.2518162865626382,0.2518635502210992,0.2409828816878277,0.2841712986356746,0.25187898692604055,0.22306429202980926,0.22311335648879066,0.25189441778226823,0.2409547262739155,0.22313423412046976,0.25190984279310563,0.24097222222222223,0.24102013761757465,0.2410680469637672,0.24111595026194535,0.2840191870739712,0.2840643736194383,0.2411334090622239,0.25184577522559476,0.2840737001514387,0.24115086125307592,0.28410094637223976,0.24118352154438205,0.24123139036083774,0.2518135368699931,0.2840923426264665,0.2412488174077578,0.24129667003027244,0.25181307939711167,0.24132929751544963,0.284065830128003,0.2841109709962169,0.22287371540255974,0.24133148404993066,0.25178087373132446,0.24136409480584972,0.28408446265364007,0.2841295852766923,0.22285246108275036,0.28415679354676077,0.2517486924191821,0.2228733459357278,0.24132064772226072,0.24136844758064516,0.2228942228942229,0.22294317752299359,0.22299212598425197,0.24137062232300327,0.24141840398060088,0.24146617961959946,0.22299892940361485,0.2840050377833753,0.2840501227882375,0.24146832892582798,0.22300572939620977,0.22305464618484008,0.22310355681460498,0.28402366863905326,0.2515264052369862,0.24144008056394764,0.2840329787903581,0.2515418502202643,0.24145742873324524,0.28404228542662974,0.24148996413515383,0.24153768717755128,0.22302610883925764,0.2515098137896326,0.24155501037931684,0.22304692414140143,0.22309579218818792,0.2839622641509434,0.2514936167536633,0.24154194440950824,0.2415896371753757,0.283953722334004,0.2416221314052185,0.2230604803218911,0.2514616206701452,0.2839451848126729,0.24162423785278772,0.24167190446260214,0.22305323361196655,0.24170437405731524,0.24175202664488155,0.283900967701395,0.24178448005026704,0.22304599145513948,0.2418169252999937,0.2838924488001005,0.25133488284439975,0.28391959798994976,0.24181898121977263,0.2230247456349705,0.2839289078691201,0.2839738759105752,0.25130298273155416,0.22303152078362426,0.24179066993156276,0.22306629834254144,0.28394751710716304,0.24180790960451978,0.22308706295901073,0.2512553351744916,0.22312182263227265,0.22317057863687711,0.28390335738939443,0.22320532128514056,0.2512392545648491,0.22324005521395407,0.2417341112993287,0.22327478042659976,0.25123894360454174,0.22330949692635804,0.22335821363607852,0.28380582037129953,0.22339291313891502,0.2512228772105857,0.2838151376434439,0.24166039628793579,0.2233995861809518,0.24169278996865204,0.24174032975988965,0.22342026078234703,0.28377107754027453,0.22345493293218002,0.2235036038859292,0.24172724993732764,0.2417747696935514,0.2418222834941722,0.25108089479290685,0.24185463659147868,0.28369149802643945,0.2418869815812555,0.2510806239428679,0.22344024054121775,0.28368305668650173,0.22347488412877364,0.25108035322853384,0.24185871743486975,0.2511115285866366,0.2234815278647464,0.2836390958612485,0.2235161532682194,0.22356476554185187,0.2418304745210968,0.24187793427230048,0.2419253880821232,0.2510483820491957,0.24195769182626112,0.2835596720695913,0.251063829787234,0.2419748451285902,0.22350143911900888,0.2420071325783645,0.24205455455455455,0.22352205192367844,0.2834980608032028,0.24207168324263464,0.24211908931698775,0.2509850522234036,0.2235146966854284,0.22356325433056093,0.2834542271135568,0.2834990308259864,0.24209078404401652,0.2235698655829947,0.24212303075768943,0.24217040695130337,0.25090636329541194,0.24220263766485406,0.2509375,0.24223486032122993,0.2422822147231596,0.2833843654314816,0.2834291427143214,0.22349265854420494,0.22354117206047733,0.28343849565814955,0.22357571214392805,0.22362421138109814,0.24222361024359776,0.28343014177752796,0.24225580814389208,0.2236307999750203,0.24228799800174847,0.24233531064626912,0.22365134865134864,0.2833864019479303,0.24235235360219753,0.283413446532243,0.283458177278402,0.2423693901753948,0.250655348895269,0.2507021157086688,0.24238642036944583,0.22358814352574102,0.283414451516286,0.2834591626630062,0.24238832043923134,0.24243558550127894,0.28346849656893325,0.22356683924895515,0.25062375249500995,0.25067049211002307,0.22358737682424848,0.28344246959775493,0.22362185083561986,0.2236702625179273,0.24236189051003865,0.22370471974562006,0.22375311720698254,0.2506078174677389,0.2423637950380252,0.28336346069937046,0.28340812764896534,0.2237457151760673,0.25059204786239564,0.24235059512681498,0.24239780658025922,0.22375225870770765,0.2505919003115265,0.24241480281602393,0.2506229753301769,0.242446894661434,0.25065404260620405,0.24247897851136718,0.2506851021425012,0.24251105436881112,0.22368912691493337,0.2832056790584719,0.2425280199252802,0.24257518211817447,0.2426223384385506,0.24266948888750545,0.28317978087649404,0.22365390600684718,0.24268641852359019,0.28318914545341384,0.28323375653472743,0.24270334183832223,0.22364654635967643,0.28324310870512104,0.24272025883524143,0.2832700802588191,0.24275227074779146,0.24279937791601866,0.2832794227419756,0.22361137028052497,0.24281627068043288,0.2832887617389141,0.2236318407960199,0.22368011939555998,0.2832980972515856,0.2833426599515016,0.2833872171101716,0.22368666459434255,0.25027974636329725,0.2427425871821968,0.24278965688712084,0.22369320653862887,0.22374145431945308,0.28332608290348643,0.25024857071836937,0.24277636239358727,0.22374798061389337,0.22379621000310657,0.24279324055666004,0.2502329626638504,0.24282519567648156,0.24287222808870115,0.2237888198757764,0.28321222284330166,0.22382312756179357,0.24287399863379494,0.25018628912071533,0.24290592983545484,0.22382962870979758,0.2831688085925374,0.24292277129376708,0.2429697684524179,0.2430167597765363,0.24306374526720875,0.28314299900695133,0.28318748836343327,0.2832319721980886,0.25007756748371085,0.283258873169521,0.2237389092262828,0.22378707035612358,0.2832681928159315,0.2833126550868486,0.22380745611314434,0.24295993052971096,0.2833219624139428,0.2238278342842967,0.249984496124031,0.22386208607218158,0.2429466112730204,0.25,0.2429784859569719,0.22386856788592685,0.2500154981092307,0.2429952888668485,0.22388892332486207,0.28319077724060987,0.24301208552835452,0.25,0.25004647704034205,0.2500929483207337,0.24301381746080922,0.25012391573729864,0.24304566012019083,0.24309255358691612,0.28309483986867373,0.24312438057482655,0.28312170950758747,0.2431561996779388,0.2831485724902459,0.28319296507307407,0.28323735215802837,0.2431578947368421,0.22370131880378924,0.24318969787023278,0.24323655048597784,0.2237216788411539,0.28319405756731664,0.2832384253528101,0.28328278764622145,0.2833271444485704,0.22371433875858654,0.24987623762376238,0.2431780211620568,0.24990718970424453,0.24995359772319495,0.25,0.22369316424373648,0.24316466658418903,0.2237273458279211,0.25,0.22376151895602697,0.22380952380952382,0.2831612145198194,0.2238436804353203,0.24998454213813145,0.24310621985903302,0.2431530139103555,0.2431998021760633,0.24998454596031403,0.24323154901718383,0.22380864083070648,0.2238566131025958,0.2830480192818738,0.2432332220986281,0.2830748316134215,0.24993821057834897,0.22384924312635157,0.2432348943531447,0.24328164576512015,0.2499382258463059,0.22385570449070358,0.22390364422483014,0.24328330554011487,0.2829792490118577,0.2499228061508059,0.2830060516240583,0.24328496449521458,0.24333168683625586,0.22386861764524293,0.28299790097542904,0.22390271004382986,0.2239506172839506,0.22399851860996234,0.2829897543513146,0.24983027834351662,0.2240187607998025,0.24986115396482567,0.24324324324324326,0.22403899549577344,0.24327492596248765,0.24332161145042877,0.2240592227020358,0.28289433100980815,0.22409326424870465,0.2433232591130574,0.2829036635006784,0.24335491828553807,0.2497533300444006,0.24338656964913363,0.28289554815636947,0.24341821320673285,0.2497533908754624,0.22403057764626103,0.22407841203304155,0.2828699993835912,0.24340483234714003,0.28289676425269644,0.24972266732404783,0.24342145806372095,0.28290608824254376,0.22404337913611436,0.2829328404189772,0.22407738278602674,0.24340808279940856,0.24967658473479948,0.22409757299494887,0.22414536495226361,0.282889874353289,0.22417934347477983,0.24337972656731124,0.24342631935464007,0.2434729064039409,0.2241857028508097,0.28284694003201577,0.24348950317059656,0.24353607485840925,0.2435826408125577,0.2241782592638188,0.24952298885948174,0.22421221073362876,0.28278663302357065,0.2828307692307692,0.2242323549320042,0.24353925670686685,0.282840091060112,0.28288421311677125,0.28292832974469395,0.2435408464566929,0.24358737774497138,0.24363390330914012,0.24940033212374685,0.2829028290282903,0.24365045200172192,0.2241421719345714,0.24368197749492715,0.24372848007870143,0.2241623117122656,0.24935448174105496,0.24940062703633123,0.24944676665847063,0.24949290060851928,0.22415488629379227,0.2827730317743224,0.24367010816125861,0.22417501382658392,0.28278235221826226,0.282826420890937,0.22419513393954288,0.28285310560914173,0.2828971618134906,0.2242152466367713,0.28292383292383294,0.2242491247466372,0.24358186954919542,0.28293312043235275,0.24932449029722428,0.2829597789376727,0.22424167997052682,0.22428931049303125,0.2243369351669941,0.2435385843207072,0.24358502148557398,0.28291694800810263,0.24926344218021115,0.2829435954090714,0.22431569903031792,0.22436330162626572,0.24355670103092783,0.22439712830582315,0.28291814946619215,0.22443094668384564,0.22447852760736195,0.28292742776516777,0.22451232977548766,0.2829540575354229,0.2491413150147203,0.24348359398957375,0.2435299889611186,0.2829459741215429,0.24356144223693893,0.28297259182046725,0.28301655426118943,0.22444975783213783,0.243563021088769,0.24906516275363208,0.28300845899227656,0.24357952804167943,0.24908065702378035,0.24361095789667217,0.22441475671038116,0.24364238004779704,0.2244485294117647,0.2244960480362723,0.2436588653351305,0.282913680083318,0.2245160499877481,0.2245635528330781,0.22461104985912042,0.24897409199485515,0.24902008819206273,0.24361565313246372,0.28285364360073484,0.24903557651093014,0.24363213323536614,0.2828629155697055,0.2829068201297906,0.28295071931435567,0.22453476983349657,0.28297729081226664,0.2245684906353287,0.22461594956851705,0.2489596083231334,0.2829692185300777,0.24899033166075143,0.24903628464786148,0.24351443954968183,0.24356072193331293,0.2829438394714303,0.24903652046247018,0.24357719598727673,0.24362346320875894,0.2436697247706422,0.22451226224695736,0.28290117416829746,0.2829450253776066,0.24899107252048427,0.22451849587282177,0.22456590853509414,0.24900654154184754,0.24905245139992663,0.2829023778959594,0.2245721271393643,0.24356701913085999,0.24905268304608238,0.2828943347796859,0.28293815692984603,0.24356859150626337,0.24361481119393866,0.24366102523370195,0.24902248289345064,0.22450974402834625,0.24905314599877826,0.24909901655366196,0.24364769118006352,0.24912966469187076,0.24917552216929278,0.2244885496183206,0.24920615534929164,0.28277462294681566,0.28281841494688,0.22449477990109287,0.22454212454212455,0.28282766619864474,0.2828714442680991,0.22456204602331686,0.28289794921875,0.28294171498321635,0.22458196020993532,0.22462927930676757,0.2829509397119844,0.249069497833913,0.2246491763270287,0.22469647977548654,0.2247437774524158,0.2829256389922528,0.2829693790411126,0.28301311375419336,0.24902415223225177,0.22473623223760444,0.2247835101841688,0.28300506128422465,0.2248170731707317,0.22486433754039387,0.2830142665528594,0.24897884533317077,0.22488417459156304,0.24900944833892105,0.22491771303181762,0.24904004388370818,0.2249512432959532,0.24907063197026022,0.2829372333942718,0.22497105599902503,0.2829636851084572,0.24309998172180589,0.24905568417204826,0.2829728906487968,0.2431164717348928,0.2829993299628434,0.24314776464855647,0.2490407454778001,0.22490864799025578,0.22495584921746545,0.24905614419680916,0.24313462826523777,0.2490867023867511,0.28292237442922374,0.28296602946548155,0.28300967918670483,0.24312149987825663,0.2830360947105728,0.28307973219720023,0.22487980037733551,0.2249269717624148,0.243108379480314,0.28307168066204214,0.24898083358685733,0.22493307374056948,0.24311005657966783,0.24315610171553717,0.24320214124946773,0.22493917274939174,0.2830119822395231,0.283055589344362,0.2830991911451682,0.2249452687910484,0.24889024019458802,0.24893591146783411,0.24314464644008027,0.24319066147859922,0.24323667092224452,0.24893617021276596,0.2830223086742447,0.24325309992706054,0.24329909439008085,0.2433450832624286,0.2489213005165603,0.2433762761302868,0.24895181381782827,0.2829626929152996,0.24339267270186524,0.24343863912515187,0.24895206852560597,0.24346980925768436,0.22474640102047014,0.24350097181729835,0.2829031278469481,0.248937203935382,0.24898281411307463,0.2247388875394705,0.24901329771085068,0.22477231329690345,0.22481937951551212,0.2828436134045653,0.24342864080616766,0.2489984217554935,0.2434597875569044,0.243505705268269,0.28281847423681494,0.24353683699478093,0.24898355482735604,0.22475728155339805,0.24355318245252108,0.24899890789952675,0.22477704301401444,0.2248240718272264,0.2248710949347892,0.2489991507946136,0.22490447018863347,0.24351043182920912,0.22493783734610953,0.2826561552456034,0.28269965435692196,0.2827431481930633,0.24349724125386527,0.24354310658421244,0.24358896635344043,0.24890882638215325,0.22488937382554403,0.24893926536549885,0.2435905206376144,0.2826666666666667,0.24895460881158718,0.24900012119743062,0.24359207416833303,0.24363790596219098,0.24901544986367768,0.24366896885980854,0.22481371539346945,0.28259025926823356,0.24901568841238111,0.2248334342822532,0.24365574465507844,0.2437015503875969,0.24901592684551566,0.2825481409712971,0.2437178322736906,0.2490312424315815,0.2437488648059575,0.28254025911127256,0.22477147527090016,0.224818401937046,0.24375037830639792,0.24900133155792276,0.28251528172849966,0.2490317114500121,0.24375189107413012,0.2825245068377103,0.2437829007079325,0.24382865440464666,0.2825337285982213,0.2825771324863884,0.282620531123344,0.24897169126542462,0.24381539950402226,0.2826297326720697,0.2826731176292712,0.22466134494436382,0.2826994013424442,0.24894183093481678,0.224681056895822,0.2827085852478839,0.28275194970074363,0.2827953089106517,0.22468717886719458,0.28282156673114117,0.22472045935327895,0.2488819049921431,0.24366954734997281,0.24371525259850133,0.22472656958124357,0.2827794561933535,0.243731496586309,0.24377718704688256,0.28278861837733343,0.2247191011235955,0.24379341588643913,0.2487919787388258,0.24382436431720722,0.2247252083584974,0.24385530527205748,0.2247584541062802,0.28271239659440855,0.24387151310228233,0.24874720763146774,0.24879256218304757,0.24388771506187745,0.2488228902571532,0.2488682320275246,0.24891356832448092,0.24895889914901323,0.2826191913095957,0.2489891979964999,0.2438450398262129,0.28262837144753516,0.2438759502835767,0.2826546003016591,0.24390685328185327,0.24395246425770645,0.24894438412353723,0.24898968574702937,0.24903498190591072,0.24908027260117002,0.22452056446749488,0.2245673279864922,0.24390979257115292,0.2825444678926741,0.24906547690823586,0.2245734611442696,0.24909573185435255,0.28253662065223945,0.2438818565400844,0.24911096377554096,0.22456605593056894,0.2491412041222202,0.24918645293479572,0.2824947273275083,0.24921667871776332,0.28252093751882873,0.2438245571755633,0.2492318814386409,0.2825301204819277,0.24384073248599483,0.28255631851584145,0.2825995302053846,0.24921705613105277,0.22445046672688948,0.24924726002649644,0.24381285000301078,0.2825746628131021,0.24926244807032333,0.24930764599638772,0.24935283848052495,0.22441608475800626,0.22446277011978572,0.24936800288912964,0.24941318086066808,0.24945835339431874,0.22446891737377384,0.2824647972078469,0.22450207593718033,0.22454873646209386,0.2824739787016425,0.2825171459511491,0.2494134632737773,0.2245548604427334,0.24360902255639097,0.2825093227475039,0.22457448727972576,0.22462112100072168,0.24361055986529556,0.22465423932651835,0.24364139258012146,0.24368686868686867,0.28245055011122466,0.2437176866658651,0.24376314998497145,0.2492786727578745,0.2824427480916031,0.2437793003966823,0.24929382775407177,0.2824519230769231,0.24379544498527733,0.28247806753995913,0.22453884516012737,0.22458543619322277,0.2492640432562331,0.22461852697344709,0.24376764582207006,0.28243632868813073,0.24926422007327767,0.22462462462462462,0.28244549876884273,0.28248858995916404,0.24373986669068637,0.24378527681037587,0.28249774842389674,0.2492195004803074,0.22459026235216425,0.24924960979709448,0.22462332673029595,0.2492797118847539,0.24932477042194345,0.2437282439082943,0.22462941847206386,0.22467594815170427,0.28238823882388236,0.22470898835953437,0.28241435171296575,0.2824574034077274,0.24368588397624333,0.28248350329934013,0.24371663367524443,0.2825095969289827,0.2492053019852456,0.24373275758666188,0.22464767616191905,0.2246941712640921,0.24374887569706782,0.28246792181316704,0.2247137118532286,0.28249400479616305,0.28253701816437865,0.2437357630979499,0.22471977462087156,0.22476624310716856,0.24908600539406653,0.24373726477286348,0.2247857613711272,0.2824784276126558,0.2248187428845347,0.2248651887357699,0.24372416272242525,0.24904145698538221,0.24908644341939734,0.28243680364202706,0.2437256663671758,0.2248442740776234,0.24908666227466011,0.24913163253084203,0.22486376429726332,0.2823952095808383,0.24914675767918087,0.22488324751526764,0.28240435849847334,0.24365421455938696,0.2824304100568692,0.2491320483658566,0.24367031783084933,0.22486234139334452,0.24914716619785746,0.24919210053859964,0.22488181437376578,0.24922211584490186,0.24364267336803686,0.2823381596266603,0.2823810948250075,0.22487437185929648,0.2824071304659927,0.24362962076803446,0.22489383336323943,0.28241626794258373,0.28245918306321394,0.22491328788422438,0.28248520002391914,0.2825281033245635,0.2825710014947683,0.22491928733708,0.243558318885634,0.24360353897656623,0.24902863291290572,0.24363419007770473,0.24367939752555137,0.2248983982787473,0.2824956672443674,0.24369547029998806,0.24374066328054975,0.24898422562141492,0.24377128517655494,0.24381646552754213,0.24899934285202222,0.24384707287933094,0.24902932919180454,0.24387767291840878,0.24905930836767604,0.28236980410893453,0.2824126604956704,0.24387913531589633,0.2439242849465576,0.2490446620491999,0.24908949788047047,0.22471641791044777,0.28237120171930036,0.2824140401146132,0.2824568733958097,0.2438820580159962,0.22470904207699194,0.28246598233468606,0.24389807244733544,0.2824919441460795,0.24900053702488215,0.2490453460620525,0.2438995286677406,0.2824841904307362,0.2825269939748255,0.22464805535671678,0.24903071875932,0.22468090182512226,0.2490606548577563,0.24385734732824427,0.2490905838153736,0.22468694096601075,0.2824518514101723,0.22471977104698307,0.28247779168902404,0.22475259329915345,0.24381520119225036,0.22478540772532188,0.28247004828038386,0.2825128143998093,0.28255557542165805,0.22479141835518474,0.2248376139681783,0.2437730902157073,0.2248704045760591,0.24892755004766445,0.28251414953827825,0.28255689264863576,0.2825996306665872,0.2826423635930426,0.24373101435463695,0.24889815366289458,0.24376153891965935,0.28263458789899953,0.2826773060203656,0.24889841610098845,0.24376302470973504,0.24380804953560373,0.24891349645770078,0.22472913442076436,0.2826358711828085,0.22476190476190477,0.28266174632462354,0.2827044399476253,0.2247812890555258,0.24886931682932636,0.22481404343945255,0.24889920266571464,0.22484679002796454,0.24892908138981437,0.243678981498007,0.24895895300416418,0.24900362857652727,0.2436949797763502,0.2248260274787367,0.22487213036755085,0.28254534641688966,0.22490485252140818,0.24897425224475234,0.24366749910809846,0.24371246804209526,0.2437574316290131,0.2438023898698056,0.24384734276542622,0.22487071271473577,0.28245363766048504,0.2249034175334324,0.2249494829430643,0.24383431390027932,0.28244592346089853,0.24885614118485946,0.2249554367201426,0.24383577921692115,0.24887119771863117,0.24386621517257767,0.24391113223238683,0.24888624888624888,0.24893086243763365,0.22492130427035695,0.22496733578809835,0.28232080289803435,0.2489311163895487,0.2489757140312333,0.24385464909155682,0.282313127115122,0.24899073854191403,0.24387058474324724,0.22491986228184732,0.24900575770166794,0.24388651471984804,0.2490355510712802,0.24391691394658754,0.24396178268352026,0.2248991217659625,0.2822049486738266,0.2249317669395989,0.24396321566300802,0.22496440436639772,0.22501038144391053,0.22505635306679322,0.22510231923601637,0.24395017793594306,0.28213036000237235,0.24890285849839877,0.24396607958251793,0.22509487666034156,0.2821227394011266,0.22512747539428435,0.22517341554514733,0.24395304718994545,0.24399786590787836,0.2820983995257854,0.28214095192934624,0.24881460407776199,0.24399928880459906,0.24884437596302003,0.22512592592592592,0.22517184166864185,0.2820998992711975,0.22520440810522574,0.2821257183482434,0.28216824644549765,0.2822107695041763,0.28225328752517476,0.2487709530296748,0.2438995498696991,0.22517026946994373,0.2439298827431008,0.22520281873630604,0.2252486972998579,0.24394576351471373,0.24399052693901718,0.2821620981587828,0.24869760833530666,0.24400639318060735,0.2821711850361075,0.24403669724770644,0.2440814393939394,0.2821802686867491,0.28222274825423127,0.24409728386295046,0.2822485207100592,0.24862434175492573,0.22512128742160692,0.22516713009524936,0.2252129673450071,0.28222419402543625,0.2440553649591861,0.24410007689122848,0.2252188313224509,0.2822165710568336,0.2485511531638084,0.24410147241440483,0.28222563859981076,0.28226807780996865,0.22519806077805368,0.22524386639077743,0.28227713407424926,0.24850741857303305,0.24855183827875635,0.2485962527336131,0.22523640661938535,0.2822528219372378,0.28229523696962533,0.28233764698930447,0.22524225951311747,0.22528803545051698,0.28234668557249204,0.22532049388550837,0.24852315689981097,0.22535294465119027,0.24388659184878914,0.28232236725533044,0.22537207654145996,0.2823480777180653,0.22540451163340025,0.22545025095955123,0.28235710911667455,0.24845013874948338,0.2438304404298028,0.28236613731625243,0.2484651711924439,0.2254294315565787,0.22547515051351671,0.22552086407365873,0.28234183191690276,0.2484508704632635,0.22553995043078012,0.24375995751460436,0.24380457871135236,0.24845123606112454,0.24849557522123894,0.22553241696655066,0.24380604058518168,0.22556479679112842,0.22561047540403445,0.24382188145089945,0.24846661948572776,0.24385209647933007,0.2484962849392617,0.22560292470074886,0.2821344339622642,0.2256352809386239,0.2438391699092088,0.2438837469787184,0.2256543268097147,0.2439139404656646,0.24843805257573973,0.2484823480874639,0.24392975011786894,0.282043726795922,0.2484973482616382,0.24394555418066113,0.2485269856233797,0.2439757261533023,0.28201955932602807,0.2440058910162003,0.22555372290292178,0.24403604877186783,0.24408057486158558,0.24848342069615406,0.24852767962308597,0.2255461986926565,0.22559180308562007,0.24406759700877348,0.22562411681582667,0.28189579040329704,0.22565642293653598,0.28192146935892154,0.28196373910996,0.2820060038848667,0.22566215420835786,0.22570772762050498,0.24399717514124294,0.24839639851703643,0.2484406261033306,0.22571344513092087,0.243998587903036,0.2440430664234865,0.24844099305800682,0.24407318077533974,0.2484705882352941,0.22569260631727545,0.24850017644982944,0.2818326177733341,0.2440602211244413,0.24410467509556014,0.2256850523344702,0.24413476803669076,0.24417920978363122,0.24845669939443824,0.24850088183421518,0.24419493269061196,0.24853044909475663,0.2817257391406571,0.281767955801105,0.2256244490155745,0.22566995768688294,0.28177704648292884,0.2818192502056646,0.22568893589517597,0.22573443008225616,0.24411021679102285,0.24415462342850427,0.22575339246901252,0.28177866541353386,0.2257856093979442,0.24415599671091273,0.22581781875844248,0.2441860465116279,0.2483410652416466,0.24838520258367586,0.24420174975045505,0.28170502583372475,0.2442317853578348,0.24838558177762124,0.2484297035515116,0.22575722000469595,0.22580266478840172,0.28166451461439135,0.2442044720934327,0.2442488262910798,0.24429317528314065,0.24838633963149864,0.2443231825382855,0.2257685989204412,0.28160750953358754,0.22580077437522,0.22584618994544495,0.2443101830126701,0.24435450759575342,0.22586510263929618,0.28156706351533634,0.2258972554539057,0.2259426493872046,0.2815761698135335,0.2816182937554969,0.22596153846153846,0.24429852846338745,0.24434283034353382,0.24438712702972037,0.24818288393903867,0.24441709161244946,0.225940686906576,0.22598605169079294,0.2815283638068448,0.2815704658658072,0.28161256299074183,0.24438975801253882,0.24443402859151628,0.24811060987755582,0.24815465729349737,0.2815886591295179,0.281630740393627,0.22591225912259122,0.22595759634532037,0.24439238653001463,0.22598969313656594,0.24442232242197107,0.24809696685794588,0.24445225130276949,0.24449648711943794,0.2481119372402084,0.24815595363540568,0.2815079318620851,0.24449777569655817,0.28153350892595846,0.28157555893714153,0.28161760402645286,0.244499063670412,0.2816431622681257,0.24452896430661206,0.2816687145281142,0.24455885794523755,0.24460305388170597,0.24464724464724466,0.2816613044749927,0.24801123069723913,0.24805521436509329,0.24464849690022225,0.24808468331481373,0.22573099415204678,0.22577627039354423,0.24809963746930183,0.2258083377185289,0.24462114125350795,0.24466530254311605,0.2447094586694727,0.24475360963348336,0.2447977554360533,0.24484189607808757,0.22577440093512566,0.2448717199462334,0.248013090229079,0.2257932565885584,0.2448872268318336,0.2813905930470348,0.22581210563215703,0.22585733481334347,0.28139969622619465,0.22588936269641918,0.28142523364485983,0.2814672040184569,0.22590818829575984,0.24481691292413713,0.24486101378182668,0.2449051094890511,0.24786873759196543,0.24493489811408886,0.24789817842129847,0.24794208651993696,0.2258610624635143,0.28136127488179324,0.2479570394583236,0.24490748847253838,0.24798645967082994,0.28135395389553547,0.24492296918767506,0.22582715761218417,0.24798692963006186,0.2813466363265068,0.22584597432905484,0.2449098652354005,0.24495391436238478,0.2258647844601295,0.24498366775548297,0.22589676290463692,0.2812900968155838,0.24499912521140724,0.2450431537205505,0.28129920111959883,0.24507288629737609,0.24785726779779604,0.2451026119402985,0.2812919022911444,0.22583653958260463,0.22588166715243368,0.24784332012124038,0.22591362126245848,0.22595873644946962,0.2478582667987645,0.24504662004662003,0.2812190431793019,0.22596433982053374,0.24506205208879567,0.22599627126543928,0.24509175648121176,0.24513573342654082,0.28117900623288866,0.24516542404473438,0.22598870056497175,0.2811881188118812,0.2477432881020325,0.24516655019799674,0.2259942933674955,0.24775823919878887,0.28116448326055316,0.2260130414531905,0.2477731850730628,0.2451391314471999,0.22603178299086094,0.2811408614668219,0.22606367498981433,0.28116633686416015,0.22609555956468602,0.2811918063314711,0.2450974687227233,0.22611427906435472,0.2812009076627684,0.2261461484756807,0.28122636569899356,0.2812681791739383,0.22616485370251876,0.2812936249418334,0.28133542720874777,0.2261835524020007,0.22622855481244547,0.22627355198883461,0.24498459033552364,0.281311780439586,0.24751439037153322,0.22627906976744186,0.24498575664205569,0.281304499476805,0.24501540428994942,0.24750058126017205,0.22627143272304562,0.24503080320818318,0.24751554599872144,0.2450604370060437,0.22627694810854784,0.2475305055200465,0.2450758236011853,0.2475598419707181,0.28118282693313196,0.22626931567328917,0.2812082486203892,0.22630111524163568,0.22634605331939361,0.24503426646532697,0.24507811138858238,0.281184668989547,0.2263515475291795,0.24747416095691557,0.2450792544852813,0.24750348351137946,0.2811611030478955,0.24509462440496924,0.24751843037092935,0.24756210819596006,0.24510998897208194,0.2811375507835171,0.2475770413789101,0.24512534818941503,0.28114663726571115,0.2262388302193339,0.2451407020597621,0.22627059642608494,0.28113940940999016,0.2811811114978536,0.22628922791345205,0.2475058004640371,0.22632097906153936,0.24509917642964854,0.2475207330510932,0.24756437021572722,0.2476080023195129,0.24510031311608488,0.24514408302893256,0.22628710575139147,0.28105977158096124,0.22631884057971013,0.28108515448379806,0.24513099930442847,0.24517475221700574,0.2810942390170395,0.28113590263691685,0.2811775614279091,0.2262849858028626,0.24747942982964422,0.24514745929659887,0.2451911935110081,0.22629048143213024,0.24522071602363574,0.24746567803973818,0.28110518999073214,0.24749493194323777,0.2452218232364184,0.24526553541437424,0.2810979847116053,0.24529503735016503,0.28112333526346267,0.22621735857796305,0.2811486799444187,0.24743819834423667,0.2452819265948825,0.24532561505065123,0.28114146793239175,0.2261966776639463,0.2811668017131612,0.28120840326407776,0.22621527777777778,0.24529830449626758,0.2473672028700382,0.22623387143435747,0.2453135848183291,0.24738212322823258,0.24534305218095567,0.24741134956904032,0.2811198519204072,0.24535832031927815,0.22620011567379988,0.24538777398646694,0.28111265325005785,0.2262187012085815,0.24736902972129063,0.22625036137612026,0.22629509713228493,0.24738393941145864,0.24742744825991445,0.2453321001213943,0.24745664739884393,0.22628749783249524,0.2810079759565368,0.24533317921747674,0.28103328710124825,0.24536261196186074,0.22627990292384145,0.2810423528052233,0.24537785994915645,0.22629845744988156,0.28105141536684,0.2810929466813009,0.2811344731977819,0.22630393346040548,0.24731431211736168,0.24735778226970834,0.22632247632247632,0.24530807876653,0.22635408245755861,0.28107858421386916,0.24532332563510392,0.28110386236360485,0.2453527306315668,0.24730127576054955,0.2811129069498961,0.24536796536796537,0.2473161722267113,0.24735961216598373,0.2453831948291782,0.22626810548791043,0.2810732833237161,0.22629969418960244,0.24734594968843757,0.24537010327121675,0.24737510095765547,0.245399480819152,0.28103368712505766,0.24738997519755437,0.24541469604337293,0.24545821558336697,0.226239907727797,0.226284527997232,0.24737631184407796,0.22631609294816352,0.2809617158671587,0.2454309599308158,0.2473769168684423,0.22632155415922062,0.24740604104219507,0.22635310392529828,0.22639769452449568,0.24742089793095498,0.22642923005993545,0.2474500086440385,0.24536129998847528,0.280841256122155,0.24746485365291543,0.24537650515642104,0.24541997926028344,0.24747969353073335,0.24544930875576038,0.24549277115373538,0.2455362285450985,0.24557968093071475,0.24562312831144897,0.24566657068816586,0.24743752159391916,0.22629124201070996,0.22633578995854445,0.22638033277678624,0.22642487046632123,0.2806401473720569,0.22645636656688925,0.2806654003338514,0.24738114423851731,0.24558273381294965,0.28067449355432783,0.24739598319617886,0.24559788238002073,0.2474250532251568,0.2806674338319908,0.22639664000920545,0.24743988033597974,0.2264281194270264,0.24746893695352049,0.2455565142364107,0.22644656620269182,0.2474837522286766,0.2264780308258569,0.28057967680717694,0.22650948821161587,0.22655396469438216,0.24551517939282427,0.24555855804059104,0.24744164654478557,0.24558781258982465,0.22654633249022763,0.22659079151577857,0.22663524543050925,0.2474280131042014,0.28045977011494255,0.22665364059536808,0.22669808068038155,0.28046888467505604,0.2474143874971271,0.28049411088767595,0.2267034355969206,0.24547595794795196,0.22673483455882354,0.2804871043713022,0.2805284319356692,0.22675320199873644,0.24735814380886745,0.22678458622867972,0.2268289881704376,0.2268733850129199,0.24540652273771243,0.22690474823448356,0.2269491330807211,0.24731614903266547,0.2269804822043628,0.22702485505998507,0.2803926070485593,0.2804339092004821,0.2453512396694215,0.2472883787661406,0.24538046597038907,0.28042692373902567,0.2473031902685334,0.2269780251305296,0.2270223752151463,0.22706672021111812,0.24535337310692978,0.22709803246715998,0.2803716875071699,0.2804129624318899,0.28045423262216107,0.24534036818260022,0.2804794127766946,0.24536957394346007,0.24719036697247707,0.2804885040995356,0.2472193555784887,0.24537063578512872,0.2804975922953451,0.2472341645170536,0.24727731285108334,0.24537169713990944,0.22696011004126548,0.24540088257206716,0.24544412607449856,0.24548736462093862,0.2455305982122393,0.2472354323039019,0.24555975707574196,0.22692638212546548,0.22697066911090744,0.28034599301139945,0.28038721503035857,0.2269889455295263,0.2270332187857961,0.24551858427352385,0.24556179131829114,0.28036419859130735,0.24713696747595051,0.2803893501288291,0.28043055078438106,0.2804717467223908,0.28051293794366844,0.24712347587154387,0.24550658271322268,0.24554976818728178,0.2455929487179487,0.2804898987008527,0.22690854984548472,0.2269527896995708,0.24708171206225682,0.24557990501802368,0.24711065339283672,0.2471537273299388,0.2269450800915332,0.22698930267147188,0.24556686877931586,0.2803866613281473,0.22700754975978038,0.2804117815270232,0.24556788287773076,0.2470978441127695,0.24714089661482158,0.24558293784664648,0.24562607204116638,0.24715568006403293,0.22696089640978734,0.22700508774938546,0.2456270721390191,0.2471563303801086,0.2270233196159122,0.28027661884894556,0.22705452051663047,0.24715698039887993,0.22708571428571428,0.22712987829266898,0.28025368529310934,0.2455579043592527,0.2471435100548446,0.2802627820622679,0.2803038958071518,0.24555891928942708,0.28032899246058945,0.24558798332286252,0.24563106796116504,0.24567414767860202,0.28032206486980354,0.22703134814138068,0.2470594952609341,0.24710248358549813,0.22704955469285226,0.2456470856881886,0.24569014727708643,0.28026713853530455,0.2803082191780822,0.2457051538154215,0.28033329528592627,0.2803743651201278,0.24572015521570417,0.247018544935806,0.2457491726577656,0.24579220631026416,0.2803514376996805,0.2803924924410976,0.24700513405590416,0.24579316639096457,0.2458361852612366,0.28038555866081105,0.280426599749059,0.24585115483319075,0.24589416058394162,0.24593716143011918,0.22682175846732808,0.28040367181709336,0.22685290763968072,0.24593808790832905,0.24689317067609168,0.2469360998688936,0.24697902416780665,0.24593901396409235,0.2803487974467115,0.2803898102239699,0.24595395486665148,0.24599692290158984,0.2803988603988604,0.24693749643894936,0.22675478577939837,0.24696633054178774,0.2803919334624587,0.2469951580746226,0.2470380496696286,0.2470809363786524,0.24592778220754072,0.22672133948402529,0.28035307517084285,0.24708160127555379,0.2267395513039517,0.22678357911518535,0.22682760191300388,0.2470822658696271,0.2458727086416942,0.2802982865600273,0.2459016393442623,0.24708293016107918,0.24593056346044395,0.2802913892208753,0.24709765536080128,0.22676833779092925,0.2803004438374872,0.28034139402560454,0.2803823395539372,0.2804232804232804,0.24587552622596429,0.2804482621309517,0.2267349260523322,0.22677890904954212,0.2268228870435673,0.22686686003526133,0.24584849863512284,0.28040943986352007,0.22688502217673148,0.2269289816341616,0.2458494428019104,0.2269600318380806,0.2458783399658897,0.24688761298391224,0.2269781718963165,0.22702211106690162,0.24587927702625895,0.24688832054560955,0.2469311207092521,0.22702733420469398,0.24588021366064325,0.24694584919597704,0.2459090909090909,0.24697460371569796,0.24701738438813772,0.24592399022893824,0.22699386503067484,0.2470320931553536,0.24707486084289446,0.24711762367240303,0.245910949568378,0.2800840479300358,0.2459398069278819,0.2459826244960536,0.24602543720190778,0.24606824504627264,0.24707618939479958,0.24609707635537895,0.22689600363306087,0.2269398876085599,0.2799977295947327,0.2800385946989046,0.2800794551645857,0.22694512229725894,0.24605606628078538,0.2800885206831981,0.24699273717657738,0.28011347517730495,0.24702144559173947,0.2470641629318659,0.24602904470161108,0.22689885983322933,0.24605785592739648,0.2470648289943849,0.2800589836660617,0.24607270458798844,0.2268912328456391,0.24706549475474907,0.24608754819687004,0.28003628735045644,0.24708016781948067,0.28006122796076877,0.24608843537414965,0.22685788787483702,0.24611722026981067,0.24615995012186137,0.24705282248923147,0.24618872201756872,0.24623144055309984,0.27999093330311103,0.2470534904805077,0.2470961527565301,0.24713881019830028,0.24718146280663986,0.24620439610242464,0.2462470968107404,0.2267474793247989,0.226791277258567,0.24626189397371998,0.27988899586566235,0.2471401064673236,0.2462766861090662,0.27989807474518685,0.27993884830983523,0.27997961725738874,0.24627752929853367,0.28000452898550726,0.2800452872912539,0.2462923129174686,0.22669383596535914,0.24705682589993208,0.22672477219989812,0.22676853423882287,0.24627921453228455,0.24632186509732912,0.2799751032648673,0.2800158424804798,0.22676096181046676,0.24700158406879386,0.28002489110143125,0.2462948297318701,0.2267662198088127,0.2800339366515837,0.22679712685934053,0.22684085510688837,0.24628173952383645,0.24694639221895498,0.24631043256997456,0.24697500848128462,0.2268332673715158,0.2268769787426504,0.2469896545875968,0.24703222159412097,0.2799163416426432,0.27995704273117794,0.2462555813033403,0.2268565615462869,0.22690025430912686,0.22694394213381555,0.24625642764310335,0.24697705955475194,0.22696197525283915,0.24627118644067797,0.22699282526410938,0.2462998531239408,0.2798395752132407,0.24694984184365115,0.24631460039536854,0.22698520275612788,0.24634325408030722,0.24638581432121076,0.27980123101247956,0.2469226425748165,0.24640054203602282,0.2269647696476965,0.2797945012137978,0.22699559670317263,0.2464013547840813,0.24689546172951005,0.27978777445391434,0.22700079015690258,0.22704441559907443,0.2270880361173815,0.2271316517126573,0.2468682992890193,0.24634655532359082,0.24638907695779733,0.22713681241184766,0.22718041295272481,0.24685507982174085,0.22721119133574008,0.2463759941339049,0.2464184997179921,0.246855789295584,0.24644710128581096,0.22720351886313653,0.27957595579113564,0.24685649844939386,0.2272214704555706,0.24643400800586346,0.24687112414026385,0.24646259653870004,0.22722660653889515,0.24688574488473028,0.22725735542779846,0.22730090740010145,0.24644950405770966,0.2273316427162581,0.27944325481798715,0.24646419113089535,0.24684471489745324,0.24649276015550173,0.22732394366197184,0.24685933186862713,0.2794051374493015,0.22734185771418916,0.24647966655401599,0.24686003942551393,0.2469024555079973,0.27938277862251504,0.24693096069377182,0.24646658032546878,0.2793918918918919,0.2469455548674061,0.24648125211124874,0.22727016832742217,0.27938527358702997,0.24649591894173936,0.24653833164471461,0.27939438284459955,0.2794349392165691,0.22724970454161741,0.24687675858187957,0.246525237746891,0.27942831420211567,0.24689135205086368,0.22724203893327333,0.27943741209563994,0.27947794779477947,0.22725994262248975,0.2795027562155473,0.27954328139940376,0.24645669291338582,0.24683651088240258,0.24648520976268137,0.246527582522634,0.24656995051731895,0.27950520101208887,0.2465984482176993,0.24680946758868838,0.22717562401619068,0.2466130754960931,0.24665542439572793,0.22719352481591817,0.24668390287769784,0.2272241892879222,0.2794200292233337,0.2466985108176454,0.2467408406383457,0.2272293083103894,0.22727272727272727,0.279397718972976,0.22730337078651686,0.22734677827088365,0.2794068082237951,0.24664382407459418,0.22736463716018873,0.22740803145183938,0.27940020217904077,0.27944066939967427,0.22742587601078168,0.24661687910606997,0.24665918023582256,0.24658918645780697,0.279418369638446,0.24667377757817324,0.24660379476815988,0.22739264664608477,0.24668837000449034,0.27939608239321995,0.2794365248624986,0.24670295751725685,0.22738496071829406,0.2794455978901296,0.27948602850409604,0.22740279414240028,0.24652154398563733,0.24667601683029453,0.24671827667452037,0.2274078644752342,0.22745120035898586,0.24673285097313366,0.22748177229388672,0.24676125848241826,0.24680349932705248,0.24645320473279875,0.22748682292250758,0.22753013737033922,0.2793227180982283,0.2793631216011661,0.22754793138244198,0.2793878580637928,0.24674887892376682,0.2794125889804383,0.2794529761237529,0.22754021184778345,0.24635731898677427,0.2463995516951527,0.24672195449960777,0.24642797108757775,0.27941506051098164,0.24673651184940332,0.22750700280112046,0.22755027729538962,0.22759354694151915,0.24673724304038536,0.246387364176095,0.2276113133576029,0.22765456989247312,0.2793302346418771,0.2276850711165864,0.24671034212441906,0.24636058230683092,0.246738704439841,0.27930802821632517,0.2793483737334154,0.24675324675324675,0.24679541001959138,0.27935743871039964,0.24682375328818493,0.2793821356615178,0.24629246180536124,0.24633463905987688,0.22757540148844496,0.24681065353625783,0.24685279471829016,0.2468949311849614,0.22758041958041958,0.27931304542403224,0.24629412093751749,0.22759816534287952,0.2276413669668326,0.24630872483221478,0.27929086740115205,0.24684039816575326,0.2793155510820332,0.2793558488033997,0.24685490634610008,0.22760818517276082,0.2793649018840499,0.2276386404293381,0.2793895690088881,0.24684181106763556,0.2462131798110782,0.2276436396154706,0.2468563125244509,0.2276740806974405,0.227717239452361,0.2793361645060349,0.2461865117058725,0.22773494245167059,0.2793452148164702,0.22776536312849163,0.2468018546449919,0.24617361188694,0.2793386583254203,0.22777033065236818,0.2468025691147724,0.22780073718306712,0.2793321047635003,0.27937234755416573,0.2278184153219052,0.2793969849246231,0.24610574507286026,0.27942161679321126,0.2278233685033216,0.2467343976777939,0.2467764443204019,0.24609287787452555,0.24680471061003517,0.22781560442013618,0.22785869747195714,0.2279017857142857,0.22794486914792703,0.24679165271733067,0.2279752273614908,0.22801829948672173,0.2792747559274756,0.24679236862657591,0.27929938082222344,0.27933958054439983,0.2459702158514139,0.22799776910206357,0.22804082315542915,0.24598483158599152,0.24602687782300786,0.2467380394780863,0.24678003902982995,0.2468220338983051,0.24686402408429503,0.2469060095885829,0.22799487150900274,0.22803790412486064,0.27919291009419767,0.24690669936461934,0.2280555091121886,0.24593178778421756,0.2469211479520758,0.24596010252981165,0.24600211734551736,0.24693559170938267,0.24603041952197893,0.24696378830083565,0.24700573784190297,0.27907754010695185,0.22798418091683842,0.27910214993873234,0.2280144806460596,0.27912675428826017,0.24697889402461434,0.2470208263726473,0.24594910629767805,0.2791202672605791,0.24703524302655755,0.2791448613740118,0.24595000835049824,0.24704965486528613,0.27915391038129694,0.27919403317377267,0.24706406189124505,0.2471059661620659,0.27920307195725974,0.24590984974958263,0.24712036058093595,0.24716225239261072,0.22784176264396594,0.24591075998664738,0.24717663421418637,0.27914997774810857,0.2791900762084886,0.22783401935699188,0.2792146393014072,0.24588431590656284,0.2471497692008231,0.22783895006117227,0.2792081410220764,0.24716414590747332,0.22785654712260217,0.27921716890915155,0.24717851781842443,0.27924171670002224,0.24720662627161044,0.22784880489160644,0.24723472847534878,0.24727656736327255,0.24731840160062246,0.2278537290207847,0.27918866351764376,0.22788397421649256,0.2473189976107129,0.24736081786865208,0.24740263347963776,0.2278888888888889,0.27915115826898507,0.2279191200977669,0.22796200633227795,0.27916018662519443,0.279200222160511,0.22797956236809952,0.24734825345698894,0.24739004886717014,0.24554389471930702,0.24741810105496947,0.227971795014158,0.22801465689540307,0.24743240992616444,0.24747418674364383,0.24751595892311962,0.27908525754884544,0.22800688238885497,0.24753024753024752,0.24757200732560075,0.24761376248612652,0.2280117640530492,0.27904783042947506,0.2280419464018199,0.22808477585441633,0.24538141470180305,0.2790413846665927,0.24757308481721862,0.24761482138895052,0.2476565533307449,0.24536882972823074,0.24768454328656203,0.22803904170363798,0.2280818499417734,0.24769879117223023,0.24774050457443858,0.27894211576846306,0.24532904585019683,0.24775473999334738,0.27895116137258164,0.2789911308203991,0.228036139903553,0.2280789269482319,0.2790001662694674,0.22810906672578143,0.22815184261568303,0.27900919871439656,0.22818196930237714,0.2282247340425532,0.2476591500914178,0.24770083102493073,0.24519417206802946,0.24523598493241747,0.2282169168559242,0.24770134042317493,0.24774300747715314,0.24778466991581746,0.22822174226061914,0.24520987927788238,0.24779888144415527,0.2282392026578073,0.2788328442500415,0.22826929465175508,0.2788573326689919,0.2282993799822852,0.2283420979795184,0.2283848112476475,0.2788509437095257,0.2788908567633385,0.2477170845093807,0.2789153292750415,0.27895523213989265,0.2789951305887561,0.27903502462236485,0.24504813544317805,0.22832641770401108,0.22836910820978093,0.228411793992366,0.22845447505255007,0.24503567675203275,0.2476216814159292,0.27896687130136605,0.24764959628359695,0.2789913178123099,0.24767750497677504,0.24771910423002488,0.2790003317483136,0.22839608558633273,0.2790247678018576,0.24495549781635248,0.24770591487009397,0.24774749875628765,0.2283882378952023,0.2790029293096778,0.2284182601967503,0.2477479966841669,0.24491600353669318,0.22843565231806376,0.2284782848933584,0.24774849439195534,0.27895027624309393,0.22849566322302636,0.27897469892829524,0.24774899187979893,0.24779054352629254,0.24783209058271197,0.24787363304981774,0.22847517534655107,0.24480892423238348,0.27892208294218346,0.24787410270568747,0.2479156313842416,0.24481007067137808,0.22845470104344945,0.22849729491001436,0.2788849020149048,0.27892470744093617,0.24479770381409727,0.27894911138094713,0.24482587339257134,0.2478476821192053,0.24485403675293857,0.24787551042931244,0.24791701153230702,0.24486868241006401,0.2479448275862069,0.24798631799624848,0.2283885916036851,0.2788503971756399,0.22841855590490376,0.22846111417539988,0.27885941205669845,0.2284910655195235,0.2788838030110848,0.22852101025697585,0.24791838985387374,0.24476179973533305,0.24480344048078514,0.24793251736685412,0.24797397871988533,0.2480154355016538,0.2480568877129155,0.2447910924925587,0.24808466075070276,0.22845017636684303,0.2787544778175806,0.24809875454645652,0.27877886151981046,0.2788186026008376,0.22844233842084963,0.27884297520661155,0.2480855049308578,0.24812692816218598,0.27885198038891645,0.27889170430759064,0.278931423850179,0.22840934126459572,0.2481136751666024,0.24463046591034254,0.24467206343961673,0.22841409691629955,0.22845658278729145,0.24810042946812025,0.2284864835104333,0.27884827130587975,0.24811450591797413,0.24463283056258944,0.22849122034458083,0.2285336856010568,0.24811492101931862,0.2446340121078701,0.24814264487369986,0.22853841074180056,0.2285808617179332,0.2481567073841752,0.22861072902338378,0.2481844190140845,0.22864058975628543,0.24821212454615468,0.24825347928928984,0.27865786578657864,0.27869754138936254,0.22863271367286328,0.2445141065830721,0.24824021117465905,0.22864998625240582,0.2445287583855713,0.2445702974652224,0.24824059819661315,0.2786299411732366,0.2445849367784497,0.24825463141113738,0.24461301671064203,0.24465453745946242,0.22859184346487854,0.24825501511404233,0.24466915805671577,0.2286091113919877,0.22865150016485328,0.228693884279356,0.24467032967032967,0.2287236965001923,0.27848588067245356,0.24468494204252048,0.22874093605800924,0.27849491897830264,0.2785345490497638,0.2785741747679464,0.2786137961335677,0.22873304409907189,0.22877539813289402,0.2786228103893251,0.22880518339556336,0.24806456926371273,0.24459207203250247,0.24809223167718913,0.24462011418533158,0.27858593621342703,0.24464815018113953,0.24809265052966684,0.2785949506037322,0.24812030075187969,0.2481615629458896,0.27860396202601106,0.24818920105355574,0.27862825788751716,0.22868429715790628,0.24820321501069842,0.24824445907395215,0.2482856986121016,0.2483269336258914,0.24452855027151554,0.24835454146555508,0.2286513464597159,0.2286936492267193,0.22873594735398958,0.24835490239087518,0.27849975324888965,0.24448952736045618,0.24836887987280004,0.24841008771929823,0.2445041390274656,0.24843767130797062,0.24847886860713697,0.2784477088357816,0.27848725678268016,0.24849282034418502,0.2785115361429276,0.27855107409031127,0.2444517507808647,0.2286027397260274,0.24847953536792505,0.27854481700635547,0.24445296663562155,0.27856908074942477,0.24448096411941933,0.24846625766871167,0.24850742181081228,0.2785628217767554,0.24448217317487267,0.2485213581599124,0.22851979628716937,0.24854889935384952,0.2485900454470788,0.2486311870346036,0.278510813030386,0.22851198948866747,0.2285542234630755,0.22859645281366323,0.2785045705840495,0.24860426929392446,0.2785288161567511,0.2785683012259194,0.2285886280304274,0.2785925358432746,0.22861833105335158,0.24857736922740206,0.24429610986485747,0.22863551810920232,0.24432408775097106,0.24436542669584246,0.22865269952409606,0.24855048681763484,0.27851009134168353,0.278549551520455,0.2286573694284933,0.27857377228480806,0.2786132225077924,0.2786526684164479,0.2442998523702772,0.2786768726079825,0.24848286042315892,0.27870107150666956,0.24851035915377467,0.244287744615721,0.2485378518720962,0.2285745518146043,0.22861671312236978,0.22865886982183845,0.2287010219137658,0.2287431693989071,0.24851101032730452,0.24423560266637526,0.2442768944981697,0.2287478146853147,0.24851133570062825,0.22877745001638808,0.22881957721090293,0.2485252348700022,0.2485662788792397,0.2784817039868924,0.24859374146687782,0.2486347750109218,0.2784906896740021,0.24418477667358304,0.22877422877422876,0.24863507316007863,0.2784844679805645,0.2287913527677694,0.24864894371963536,0.22882096069868996,0.24867638229354294,0.24871738893133938,0.24411941275991922,0.24874481554245798,0.2288130968622101,0.27840226999890866,0.22884269111147487,0.24874508948057616,0.24878607670904032,0.24882705946535733,0.24406742676340626,0.2488544621427013,0.2288223422244041,0.24408203338060433,0.22885192255249523,0.22889397905759162,0.22893603097562307,0.22897807830733996,0.27825944707999345,0.27829880043620503,0.2440434000327136,0.2289826627412496,0.24875974486180014,0.24880069777583952,0.24404469882801855,0.24408590428431265,0.24881452008502752,0.2488554610856769,0.22894980652896615,0.2782016348773842,0.2488692714293499,0.2782258064516129,0.2782651337655969,0.22894192001743488,0.22898392808499046,0.24400740902157333,0.24404859181783517,0.24408977012746486,0.24881529495070537,0.24411764705882352,0.2781983552094113,0.24882910358348764,0.24413222240374666,0.22892615987802223,0.2289681459297577,0.24882935859740826,0.24887025643817717,0.27814677700348434,0.27818607436441833,0.24888405008165487,0.24892493604049862,0.22893533638145003,0.24895226691340555,0.22896484162403397,0.22900680272108845,0.24401393121462778,0.22903629536921152,0.22907824572858854,0.24892540399368845,0.24896626768226332,0.22909526141123987,0.27804373843977803,0.24898003590273624,0.22911227154046998,0.24900734294261626,0.24904818883933427,0.27802251590797844,0.24907548401131172,0.24389580727608898,0.278031538879826,0.22907944103093905,0.22912135711178774,0.27804055890828033,0.24388387517668805,0.24392497961402554,0.2291258969341161,0.2439528183943034,0.24399391238178064,0.24898092287624327,0.2291304347826087,0.24900820607575674,0.24399521791109663,0.24903548334510678,0.24907628776352966,0.24400977995110024,0.22911007280234705,0.24909002010104853,0.24913081269013473,0.2291270574175675,0.2291689299293862,0.22921079789256424,0.22925266130784272,0.22929452017596264,0.24394482458998587,0.22932392071680696,0.24397263249348392,0.2490633653689526,0.2777174503203388,0.27775666431402357,0.24397394136807818,0.24401498289995113,0.24905004885463033,0.24404277262118004,0.2777355623100304,0.24906377204884667,0.22924128948225334,0.24909100776035165,0.2292706750596918,0.2777144717564708,0.2777536625067824,0.22928761326026803,0.2490776909722222,0.2777627081864048,0.22930454594770533,0.27778681855166804,0.24907789108266434,0.2778109236860661,0.24910510901399285,0.2292965995986767,0.24913232104121474,0.2491730383384849,0.24384556989480533,0.2293010898443854,0.24918672739102146,0.24922743290864732,0.2492681340127941,0.22930557814278746,0.24929531656548135,0.24380725242560572,0.24932249322493225,0.2776543276787166,0.22929763711250814,0.22933940280713164,0.24932264007803187,0.24936331617447846,0.24940398786302556,0.24375575662350327,0.22933145519557915,0.2494176282572187,0.27757313109425785,0.22934835599371647,0.2775972267359983,0.24373070465254834,0.22936525129982668,0.2776062821554292,0.24374526156178924,0.2776303676828938,0.24935022742040286,0.24939087118956088,0.24943151055766108,0.27762438416977964,0.24372022520571676,0.24944513614464353,0.27763343076756525,0.2494722598105548,0.24372158475860575,0.24376251555988526,0.2292455893494967,0.22928729909627144,0.2437770562770563,0.24944537633244954,0.22930418785845688,0.2437915922739815,0.24945899156026835,0.24381931295645118,0.22930866601752678,0.24947260236923244,0.2438338381652964,0.22932554491860024,0.24386154678204436,0.2293548212643989,0.24388924940514817,0.22938409127778078,0.22942575970585055,0.22946742362800757,0.2295090830449827,0.24387738552197655,0.249378311168775,0.24390507595005134,0.2772972972972973,0.2295011080482136,0.2773213706626311,0.24936496784305248,0.24940553393860787,0.2438800324236693,0.24943261644871934,0.22948073701842547,0.2438945320942295,0.2494462153546923,0.2772555375472717,0.22948517097941765,0.24389585133967157,0.24944633500783234,0.24948687479745058,0.2495274102079395,0.24389717001512207,0.24393800291623913,0.2294524246678907,0.2495275122846806,0.2771598272138229,0.22946925112034988,0.2771838894287874,0.2772229120552826,0.2294860721226517,0.229527665317139,0.249487207168304,0.27721703459815406,0.2495142487046632,0.24955475201036215,0.24382083108472746,0.2295073120716637,0.22954888840923807,0.22959046026007662,0.2296320276249056,0.22967359050445105,0.24951445835131636,0.24378270486054918,0.24382349768044018,0.24952802200765953,0.24385113268608413,0.24955504018122,0.22964081544601445,0.24958205252655988,0.27701682484900775,0.24960905904556485,0.24964952011215358,0.24381301558203483,0.22962044425274963,0.24966305461210847,0.24382749326145553,0.22963721632257023,0.22967874083656747,0.24384196625882607,0.24964967122992346,0.22969549986526544,0.2496766544513904,0.24971708789136174,0.2768617307899558,0.24381701600301742,0.24973060344827586,0.2296751252626475,0.2768559422476026,0.24974411463664278,0.2768799827623357,0.2769189334769728,0.27695787999569105,0.24376582108041148,0.24380654890133563,0.24971727072001723,0.24383414108777599,0.2497442248667277,0.2497846220116304,0.2769073386098099,0.2769462689781415,0.22955585464333783,0.24380921619293713,0.22958497066264735,0.2296264398751211,0.2769255611173906,0.24381054897739504,0.24971745331252354,0.22963082553008288,0.27691976537695745,0.22965992251399053,0.22970137207425342,0.243785645109222,0.24969064399849358,0.24973100925328168,0.22970573995373608,0.27686928456159227,0.24974450002689474,0.24978485370051634,0.24982520303339967,0.24373453802301817,0.243775208389352,0.22967304796730478,0.27681884174866916,0.24981180772126035,0.2498521425883112,0.27682795698924734,0.22966507177033493,0.24986560584883347,0.2768370692898995,0.243711029886046,0.2498790647675356,0.27684617865204775,0.22964475734938464,0.22968615649183147,0.24369928529206297,0.24986566362170876,0.24990596958787814,0.22969052224371372,0.2767957878901843,0.22971956591812615,0.24990598979317755,0.27680489901160293,0.22973626255572863,0.22977763454721237,0.24990600998979537,0.22980665950590762,0.22984802105150098,0.24991945011276984,0.22987703377543897,0.22991838487972507,0.24993288590604026,0.22994738537528187,0.24351747463359638,0.2435580846038222,0.2499329003167105,0.24358561460010736,0.24362621437389298,0.2499463288965221,0.27660602157462566,0.24997316732853922,0.2500134156157768,0.2766151534664091,0.2766539679132908,0.2500268269127589,0.2766779333655239,0.24356223175965666,0.2500402338930315,0.27668705074562816,0.24357667757335194,0.2500536365586784,0.25009385894341646,0.27668132575351284,0.24357805545127903,0.2501072501072501,0.22971741112123975,0.2766756032171582,0.243579432738191,0.24361998713274716,0.2500938186886828,0.22970944569529322,0.22975073706781024,0.22979202401372212,0.22983330653374068,0.24359524064744345,0.25006699180020364,0.25010718113612,0.2501473661647286,0.27655128067731216,0.2765900444730215,0.27662880411487356,0.25014733458344496,0.2435444123004393,0.25017410403385654,0.2502142704092565,0.2766082811077187,0.2435457953936797,0.25022762572974133,0.27661739502999144,0.24356022063942592,0.2502409767591303,0.2766265060240964,0.25026772328121655,0.25030786528885796,0.2296284398757897,0.27662080411156914,0.25032119914346895,0.27664471923344575,0.27668343860400385,0.24348338061339186,0.2296082209377007,0.22964945143162965,0.25029433800706413,0.2766629207470434,0.2503210616438356,0.22965380705227675,0.2503477795612627,0.2766572147022631,0.2296704472501605,0.2434066227999786,0.2434470953247031,0.25033431398769723,0.2766367137355584,0.2503610204845697,0.2504011124184405,0.27664580993636023,0.22962566844919785,0.27666969680765735,0.27670837343599614,0.27674704592846067,0.2767857142857143,0.27682437850842023,0.27686303859724154,0.22959320040626505,0.24331836647423563,0.2433588112673045,0.2502939604489578,0.2503340281118059,0.243373236425823,0.22957302410089242,0.22961419258309287,0.27678332888057705,0.25032058132079504,0.24336164983704653,0.24340207287103324,0.25033388535712375,0.24342948717948718,0.22958175311147908,0.2503471851297938,0.2296106393206217,0.27670369579149756,0.2503604806408545,0.2296272562212966,0.27671276766166497,0.2503737718923537,0.25041379678573333,0.27672183662573413,0.2504404463189365,0.2504804612427931,0.27673090268510114,0.25050709939148075,0.2767547371230318,0.24327497865072586,0.25052036078347656,0.2505603586295229,0.22952131917391536,0.24327641408751335,0.22955018408836242,0.24330380962544018,0.22957904284266126,0.22962014511310286,0.2766604427847426,0.25050677477861943,0.24329226009494853,0.22962449327928314,0.2296655821643821,0.22970666666666667,0.25049330702362543,0.25053327645051193,0.22972324428091506,0.2505598805588141,0.2505998400426553,0.2297398165920239,0.2432158660766647,0.27652201727263037,0.22975638360253745,0.2505863539445629,0.24321731250999415,0.25061294105106063,0.2765016255396259,0.2506395224898742,0.2506794564348521,0.250719386123841,0.2507593115575212,0.27648124467178176,0.24316692418349406,0.22967501331912626,0.276490330829471,0.2507457916045174,0.22969157833058115,0.2764994140833067,0.27653794940079895,0.24312952705581595,0.22969590456409436,0.2297369261902226,0.2297779434474679,0.250692225772098,0.27650284862360897,0.2297944840805026,0.2298354895384124,0.24307921635434412,0.22986425339366515,0.22990524858937506,0.27646777026667374,0.2299340004258037,0.25062536590558304,0.27647684938797235,0.2430418817519025,0.22993827160493827,0.2506252327994466,0.25066510588485685,0.2764565043894653,0.2764949989359438,0.2506782997286801,0.22991807639110542,0.229959040374488,0.24297872340425533,0.2764746556034253,0.24300606318476758,0.22996330372812848,0.27648372686662415,0.24302047327838341,0.250611506965862,0.24304780135056095,0.24308804763930242,0.2299431123398373,0.2506113769271664,0.27643400138217,0.22995960025515627,0.2300005315473343,0.23004145848835975,0.2764283816104172,0.2505846088435374,0.24302492427060637,0.25061111701562333,0.2764227642276423,0.27646121147715197,0.2764996546410924,0.25061098714270535,0.2506507995537374,0.22997237569060774,0.2764940239043825,0.23000106236056517,0.23004196101343816,0.2765030805183769,0.24292315045939775,0.25061072756240044,0.24295045403855345,0.2764974511469839,0.2506239048478734,0.27652118509079326,0.2765595964958853,0.24293905287746867,0.22997292562509955,0.2765686378596454,0.25059716545464195,0.25063694267515924,0.24292765776763442,0.2506634115274387,0.27654832033115745,0.27658671195075357,0.2506765720350225,0.2766104213095617,0.2766488035231071,0.22989176570458403,0.24287760623905777,0.2429177718832891,0.24295793326613974,0.22989603225122002,0.22993688007213706,0.24297231356741275,0.2765844603553434,0.2766228256257955,0.22994113591769635,0.2505567928730512,0.22996977570390795,0.23001060445387062,0.24293515720269337,0.23003923231894816,0.23008005089328315,0.276558524173028,0.24293665518155313,0.23009646983992368,0.27656755181003867,0.2766058935764257,0.2766442312788171,0.23010068892421834,0.2766679031317895,0.23012929207291224,0.2504106395379643,0.24287379463812653,0.27666225165562913,0.2504238186056368,0.25046352704349206,0.2505032312744994,0.242862439747868,0.2505296610169492,0.23007255971611673,0.230113335451753,0.24286395170258962,0.23014191908493964,0.2301826846703733,0.24287832256698083,0.2504897548578387,0.24290554849639984,0.23018688125363967,0.23022763366860774,0.27648086390344606,0.23025619309760745,0.24289419361668343,0.2504498782682333,0.24292140777983592,0.23026037256562235,0.27644599671905595,0.23028891946237698,0.23032964707127362,0.27645502645502645,0.2504100312152796,0.2303459951327902,0.27646405332486906,0.25042319085907744,0.23036233800581857,0.2504495927218872,0.25048923679060664,0.23037867569282844,0.27642921360198847,0.2304071919619249,0.25048913330865635,0.2505287648054145,0.2304235182149844,0.2427302527228508,0.2304520222045995,0.2505286529921759,0.2505682719247238,0.27635056559890053,0.2505946403086844,0.23044397463002114,0.23048464668886423,0.23052531444878976,0.24266765312054114,0.24270767279644895,0.24274768824306472,0.2505547923491493,0.24277487187615576,0.25058114961961114,0.23049289450050187,0.25060750132065507,0.2427763984998151,0.23050919078808366,0.24280357048539586,0.24284356184641387,0.24288354898336414,0.24292353189691593,0.2429635105877383,0.24300348505650016,0.25054121125719414,0.24303062302006337,0.2760677894514545,0.23044029141590117,0.2430449242464235,0.2505278716216216,0.24307205067300078,0.2760477145571625,0.2430991713727767,0.23042009710787417,0.23046071032772178,0.23050131926121373,0.23054192390902856,0.2504748839172647,0.2505144304331768,0.23055819352115647,0.27596940121340013,0.23058662165013716,0.23062720894656327,0.25050110771178397,0.25054064032913126,0.2306434599156118,0.2429724170666104,0.25055373905706146,0.25059326056003794,0.24298671166420585,0.2506195623517005,0.2506590741326584,0.25069858174724524,0.2507380851961198,0.27581844061363275,0.250764364786505,0.2758420747456644,0.23055028462998103,0.2758657038950087,0.250764203647096,0.24289855072463767,0.24293844856661045,0.27586025188385943,0.23053008746970177,0.2758838716476105,0.27592202318229714,0.24292713766397978,0.2759456327046676,0.2506979929410525,0.23050990307627475,0.23055043455359495,0.2507110502475508,0.24290303892136725,0.25073730777333053,0.25077676549581335,0.25081621906266455,0.25085566847454055,0.23051811288963775,0.2758384668035592,0.23054648836474675,0.23058699657804685,0.27584754685196883,0.24282781491814498,0.25081587535530053,0.27585662403284383,0.23057894736842105,0.27588021683069314,0.23060730449426375,0.2508025048676525,0.2306356556514418,0.24277821625887924,0.2758602546564243,0.2508023359814805,0.23063973063973064,0.27586932505655215,0.2508153603366649,0.2306559360370312,0.2758783925941511,0.25082838058170726,0.25086778163458506,0.23066000525900604,0.27587294909549853,0.2759110269758637,0.2306762014933221,0.2508544087491456,0.2759200841219769,0.27595815151674463,0.25086741667542845,0.25090679703516794,0.2759671993271657,0.23064388961892246,0.27599074950068325,0.24255006044042676,0.2508934202228295,0.27599978979452416,0.230635838150289,0.25090641584782725,0.2509457755359395,0.23065202542951715,0.27597982557528633,0.2306803257157867,0.276003362050851,0.23070862005568105,0.23074902825927093,0.2760123956090131,0.25089285714285714,0.24242424242424243,0.2509190211112278,0.23074095468151026,0.250945179584121,0.24242583355211342,0.23075711435472016,0.23079750091877985,0.2759344813103738,0.2509318074439603,0.2509711286089239,0.2759435200251955,0.23078941843376025,0.2509840969925996,0.24236380812427838,0.25101023353450536,0.27592359361880775,0.27596158891745814,0.2759995802287753,0.230757122619235,0.2760230849947534,0.23078537327527412,0.2308257265764348,0.2509573519383098,0.24228913134704155,0.25098347757671124,0.2759886709325501,0.24230345623328264,0.23080553807426055,0.2759976925900676,0.25097011012060827,0.23082166640448848,0.24229236577181207,0.2509830650657998,0.23083778966131907,0.2510091743119266,0.2510484378276368,0.24228128112386643,0.24232099800817697,0.2759054457780806,0.2510482180293501,0.24233530737382736,0.2759144743737554,0.2510611539066185,0.2759379584992664,0.24233691380665445,0.24237661112857592,0.251060931524074,0.230720871751886,0.23076117135523075,0.25107386066003146,0.27588916243255984,0.2510999371464488,0.23076520190645786,0.23080548863517336,0.2423147420790783,0.2758692919983243,0.2510865580981306,0.25112577233218136,0.2758783182365569,0.23078534031413614,0.2511386838385425,0.27588734163961887,0.2308014447992462,0.24225293132328307,0.2511384454331327,0.23081754422694442,0.25116449468781077,0.24225455306677832,0.23083363859961276,0.25117739403453687,0.23086180733608916,0.2757953118459607,0.2511902893318684,0.23087789055142827,0.25121632226000523,0.24220548231847666,0.27577548778574046,0.2512292080761586,0.2512683717767666,0.2757845188284519,0.2512943883688092,0.23083359481225812,0.25132039951890395,0.2513595482116712,0.2513986928104575,0.2308376032625745,0.2757358707586135,0.2757737348389795,0.2308536776621883,0.2513852587558808,0.23088181485547019,0.24205519548400586,0.24209481001411173,0.25138496916483744,0.23088581134047556,0.27571070234113715,0.251397815749595,0.2514369317588045,0.2514760436804431,0.2515151515151515,0.23086568099890287,0.27567652282938043,0.23089379930000523,0.23093397409109903,0.2515016975711674,0.24198265956335527,0.24202224891627933,0.2515145184875705,0.25155360593242465,0.2756135770234987,0.27565140201556054,0.23088972431077695,0.2419986425103117,0.23091782395322125,0.2309579744192117,0.23099812069325537,0.2756172678394321,0.23102620315272993,0.27564069105903233,0.25146137787056366,0.2419497938520954,0.24198935392965243,0.23101810781192925,0.23105823418910457,0.242003652491521,0.23108629865386623,0.25142171440496686,0.24201794657762937,0.24205748865355523,0.25143453312467395,0.23107819101768295,0.24207177133319424,0.25144734783289,0.24209867528945447,0.23108213820078227,0.2421255736337088,0.2311101840746728,0.2754197517989363,0.2514208248605245,0.2754431699687174,0.231114123351233,0.23115420706912732,0.27545222332273367,0.251407422852377,0.23117018504039613,0.2514333368080892,0.25147235107103766,0.2515113612674588,0.23117411016728334,0.27540385617509117,0.2312021259965609,0.23124218424343476,0.23128223831605274,0.24195060956548922,0.23131023704089607,0.2514586372160867,0.2514976298379955,0.2753411813730597,0.2515235168498359,0.27536458333333336,0.2754023227956877,0.23127799187584627,0.2515231995000781,0.2418766923557592,0.2515490757615204,0.2753826929084661,0.2515749466340397,0.2418783840066639,0.25160081211931906,0.25163977095262885,0.2418926656602988,0.251665625650635,0.25170457502732524,0.25174352034974495,0.2418943533697632,0.2311615320566195,0.23120154030285683,0.23124154438547195,0.27524845205265625,0.27528616024973984,0.23125747879923,0.23129747164707107,0.23133746033397493,0.25166458593424884,0.251703511053316,0.25174243212316655,0.24179539189681176,0.2418348242146869,0.25175516147485566,0.27519500780031203,0.24184909781082628,0.25176788685524126,0.27520407632714605,0.24186336695435168,0.2517806082661814,0.23123310459555002,0.2518064147216302,0.24186505873791456,0.2751702271427829,0.2752079002079002,0.2312249883062211,0.2752312649412743,0.2418541807410487,0.24189357721887342,0.24193296960249416,0.2419723578925491,0.23120486309554736,0.27519742310889445,0.2752350771468648,0.23122077922077922,0.2516752376499922,0.2517141076251818,0.25175297356256165,0.2312246805858523,0.23126460659568943,0.2751869547154134,0.2752245936542556,0.25173953681586875,0.2752479360299081,0.2418483904465213,0.2752712735579669,0.25173917557885994,0.27529460623994184,0.2753322259136213,0.23119647028289644,0.2517388144918509,0.2418124253905642,0.23121237284616983,0.23125227048627328,0.25173845355474833,0.25177728192621035,0.27526982150269824,0.2753074248949307,0.25178997613365156,0.23123216601815824,0.27531645569620256,0.25180266638999843,0.2518414773316734,0.27532548368691323,0.2753630705394191,0.23121207406254862,0.2312519448190022,0.25182803505678575,0.23127981746525617,0.27534353124189787,0.2313076843306025,0.2313475397936434,0.24160099543757776,0.25180154492197626,0.24162778641783308,0.27530972992587216,0.25181422351233673,0.2753330223397087,0.2313154348502125,0.25182689816014514,0.27534203980099503,0.27537959268280043,0.2518395688672401,0.231307321622882,0.2518652849740933,0.24154188902129423,0.24158118329706765,0.23131119515101278,0.2313510153336096,0.2753172753172753,0.2753548119755516,0.2518257626767494,0.27537808162419725,0.2415453933398933,0.251838425686173,0.2518771684532132,0.2753728251864126,0.27541034536322684,0.2518898208553381,0.2754336008283717,0.23125905984675915,0.25190246932753535,0.241484625737654,0.2754283347999379,0.2519151138716356,0.23125097044666426,0.24148638857261154,0.2519277544894685,0.23126681846408612,0.2519534282018111,0.24148815067784332,0.24152739690588296,0.251966059602649,0.24155414144549642,0.2753233316088981,0.2519786870829238,0.25201738050900063,0.2520560699322402,0.24154339505534292,0.24158262218774243,0.2752896152254861,0.2753270931375084,0.2311511014582687,0.27535032835203477,0.24157187176835573,0.23116695103665788,0.24159859373384346,0.2416378017887608,0.24167700578990903,0.24171620573791677,0.27530238809056135,0.27533984597095157,0.23113500103369858,0.24171791823866867,0.2518863049095607,0.23115084491757532,0.2417321207110376,0.24177130160698598,0.25188591505631913,0.2752777060191165,0.24178549287042778,0.2311308570542956,0.2518855253641905,0.2752724830828039,0.2519111570247934,0.25194979598161255,0.24176221464724718,0.25197541703248466,0.2310989464986573,0.24177640072295378,0.2418155530310854,0.241854701296019,0.24189384551838083,0.2519489906551706,0.24192049561177079,0.2419596303753033,0.24199876109849267,0.2751251742115315,0.25193558377206565,0.2751483870967742,0.24200041288191576,0.2751715951901739,0.25193518422953864,0.2751947984932143,0.2519607843137255,0.27521799700737837,0.27525539160045404,0.27529278233503585,0.23091209244737929,0.24193964405468146,0.251934385639121,0.24196626605457267,0.27527336496802146,0.27531074320491,0.2519339865910263,0.25197256459182094,0.230868399339934,0.24194296911256638,0.2519851500464061,0.27527713328177367,0.2753144978346051,0.2308604423364438,0.23090009279307144,0.2753234702819733,0.27536082474226803,0.23091593216844492,0.23095557159055768,0.2309952069267639,0.24185734900020614,0.2518938417933522,0.2310110275172627,0.23105065182666049,0.25190643033800497,0.2519449739811428,0.24183410613086037,0.2418731647004276,0.23104265402843602,0.25194457322412817,0.2519831049757907,0.24187483904197785,0.252008652657602,0.27517124169542156,0.23102276238541558,0.25202121633451774,0.2751802265705458,0.2752175480150353,0.2752548656163114,0.23101477629614375,0.25200782537067545,0.25204633204633203,0.25208483475754145,0.23101868533484327,0.2752213300391188,0.2520973802048484,0.2521358723623263,0.25217436055787146,0.24171469740634005,0.25219986620696755,0.2522383451682618,0.25227682016979674,0.24171640255196541,0.2523023100272676,0.23093939705731042,0.23097895982303615,0.2310185185185185,0.2310580731443856,0.2310976237012653,0.25227588335133466,0.2416683809915655,0.27503214193880177,0.23110151187904968,0.2750552784491181,0.2750925545043192,0.23111728109414365,0.2311568123393316,0.23119633951981902,0.23123586263623278,0.23127538168919962,0.23131489667934615,0.2750449755846826,0.27508223684210525,0.2521457573109935,0.25218419159214717,0.25222262192301764,0.25226104830421375,0.2522994707363445,0.24149624910081183,0.2523249242151775,0.24152281134401973,0.23123555098895454,0.25233740881537037,0.23126316330199825,0.2415245531128005,0.2523498895680312,0.2749357986646122,0.27497303682399465,0.27501027115858667,0.27504750166897757,0.24150148916504058,0.24154043645699616,0.2415793797494352,0.24161831904297376,0.25228462881199304,0.25232301452846656,0.24163244353182753,0.2523484420717622,0.23113643363104405,0.2311758969357902,0.27494354342024224,0.2749807544264819,0.2750179616134661,0.27505516498178273,0.2750923645320197,0.24157216891579866,0.24161108260646486,0.24164999230414036,0.24168889800943977,0.25224439542399835,0.24171539961013644,0.27504488330341115,0.2522568732047599,0.25229522490639583,0.27505385167709506,0.27509103030924664,0.2751282051282051,0.2751653761345572,0.2522818172495129,0.2309901040865508,0.27517432321575064,0.2522942835170469,0.2523326156054547,0.24160557748500538,0.24164445355751488,0.2416833256445743,0.2523321373654536,0.23094664548203578,0.24169741697416974,0.23097422231332956,0.25233165932151275,0.24171150397130411,0.2417503586800574,0.2417892094071835,0.25233118147351163,0.2309544546339464,0.275,0.25234362993699094,0.24177850630058395,0.24181734364595606,0.2523560745748822,0.2418437900128041,0.24188261804773123,0.24192144210580221,0.2749385497746825,0.2419478723948999,0.2523297491039427,0.2308637550560647,0.2749334425558059,0.24194952132288947,0.27495648612675333,0.23086767340670591,0.2523034398034398,0.23089522444592311,0.23093458900603953,0.2309739495368238,0.2749232343909928,0.24190164269996417,0.25227714665847917,0.25231540705111805,0.2419156774457634,0.27490406753645436,0.2749411644326205,0.27497825753312527,0.2750153468385513,0.2750524323494808,0.2522762148337596,0.23088333077591938,0.27506137479541737,0.2522886513578479,0.23089904878797177,0.27507031449757097,0.23092656985068521,0.27509331697090555,0.23095408528479394,0.24178127716140907,0.27510224948875256,0.25223659322120545,0.2751252428177078,0.25226192301794204,0.27514823144551215,0.24175824175824176,0.2751712153736073,0.2752082588030868,0.23088716271463613,0.252235678879861,0.2309146653040368,0.2309539624955291,0.25224810954424687,0.2751749859500332,0.2752120159395116,0.23095785440613026,0.2309971393543114,0.2522347652857946,0.2522729594442742,0.23101281985801114,0.2751787538304392,0.2522853786834176,0.2523235624553161,0.23101669815656437,0.2751736111111111,0.23104416645391881,0.2523230879199428,0.2523612600194006,0.23105983255054116,0.27515442340088825,0.23108728943338439,0.2751773773671584,0.23111474071049407,0.275200326647272,0.2523221394304379,0.24143914263842817,0.25234741784037557,0.25238556921977856,0.2414532095111746,0.2751671003622634,0.25239795918367347,0.2414672720779552,0.2524232221201918,0.25246135795541497,0.24148133034074679,0.252486610558531,0.24150770172396205,0.23098893252409852,0.2310281517747858,0.2310673670253455,0.2750637429882713,0.24149711896384682,0.2750866816234958,0.2524346096976495,0.23105944733353728,0.23109864899311752,0.27508156606851547,0.24147423153387368,0.2751044958711388,0.2524083796319894,0.2524464831804281,0.25248458284491104,0.252522678626032,0.2750853590174795,0.2525479005299633,0.2414267515923567,0.25257311729338633,0.23100830488612625,0.24144079885877318,0.2525854602883489,0.27503820682628627,0.25261066680250627,0.2526487367563162,0.24143024499567056,0.24146888051339513,0.2526610644257703,0.25269912405785294,0.2749910882517696,0.25272431001120277,0.23091807118488722,0.275,0.2750369125808258,0.27507382140311576,0.2751107264674439,0.23091020158827122,0.24138457622804785,0.2751196172248804,0.27515651244464806,0.25264657980456023,0.2413863300931345,0.25267175572519085,0.24141265075568674,0.25269692652147363,0.23085534015163078,0.25272209219497305,0.24141439837191556,0.25274725274725274,0.2308592358956097,0.2308983619900295,0.27503942214761684,0.2527466937945066,0.27506230608819493,0.27509917607567896,0.23089050500940853,0.2413547599674532,0.23091787439613526,0.23095698159259637,0.24136879035948544,0.24140736221273135,0.252681885200061,0.24143365531265887,0.2309491129073255,0.2526941846278975,0.24144766939460174,0.27498221002338114,0.2527064803049555,0.2527444602561496,0.27499110636784063,0.2750279499949182,0.2527567457696021,0.23089430894308943,0.2750368375590671,0.2750736713748603,0.252756185540822,0.2750965250965251,0.27513335026670055,0.23087473331301434,0.24132676385432011,0.2527427874847623,0.2751282441972675,0.24134078212290502,0.2308668935046468,0.23090595165549463,0.2527293962321637,0.23093327917132123,0.25275450621985274,0.2750812347684809,0.2527796111082906,0.2309371509797949,0.27509010609675616,0.2751269035532995,0.27516369727425005,0.2527662166277535,0.27518651981931685,0.2752233049127081,0.23090586145648312,0.2752461179336243,0.23093317095448318,0.23097219403288005,0.2752549596630981,0.27529173008625063,0.2309877733245396,0.23102678571428573,0.2753005630802009,0.2753373237293294,0.27537408064925184,0.2754108338405356,0.2526246386367094,0.2310072015417385,0.25264972868806734,0.27540567951318456,0.23102276760813345,0.2526620018253727,0.24098767935912385,0.24102616102210506,0.24106463878326997,0.2753726046841732,0.24109089065747452,0.23099148418491483,0.27538141821683815,0.24110491637100862,0.2754041863058132,0.25258463409689846,0.2309836314802615,0.27541299280429715,0.25259690904484416,0.2754357519254155,0.2754724628869636,0.24105785793900092,0.23096408126044884,0.2754812563323202,0.2755179575502761,0.27555465505014687,0.23096793800334295,0.24103525121555916,0.2309951886553558,0.24106148080623924,0.24109991391097382,0.24113834312335428,0.2755076206390197,0.2309873417721519,0.231026277150524,0.2524301336573512,0.2524679795474105,0.24111572339779286,0.2524930397367755,0.2310184247823446,0.23105734676317255,0.2525053143030671,0.2310845690571385,0.2311234817813765,0.2525175851424523,0.2525554093715211,0.27536305216819307,0.25258044930176077,0.2753857829496585,0.2754224425781645,0.27545909849749584,0.2310805341966815,0.2754818149628206,0.2755184623166414,0.2525416013352891,0.27554116933036615,0.2525666312648561,0.27556387175078384,0.25259165613147916,0.2310376213592233,0.2526166759366941,0.27555870158762263,0.23105313716568077,0.23109201213346814,0.2526161468075426,0.24082499241734912,0.2755396047111156,0.25262838657501013,0.2755622946676775,0.27559890831901346,0.27563551826957094,0.24080250656963817,0.27565819394613167,0.27569479535118746,0.27573139305745037,0.2525767987065481,0.24079219926236547,0.23097908457108215,0.2525890376357666,0.2408062234794908,0.2526140324291559,0.2526517830083847,0.2756704884085055,0.23095959595959595,0.2407959193980102,0.2756792243207757,0.2408220976619704,0.23096344172894365,0.2756879575864681,0.24083611026961527,0.2525874690765891,0.2756966882067851,0.23095562623050128,0.2309944472488642,0.25258694664580283,0.2756915001009489,0.24080149396860648,0.24083981023518725,0.2309866262932122,0.23102543399273315,0.24085381238330728,0.2756584922797457,0.23104092032897725,0.23107971745711403,0.231118510670501,0.2311572999697306,0.2756394087675932,0.27567594834543985,0.23117276166456494,0.2524462826591345,0.2756846724164019,0.23118821868065362,0.2524585203489838,0.24074634392334845,0.27567949170490647,0.25247075433642596,0.23118035597236927,0.2524957144297671,0.25253340055457524,0.25257108287961283,0.24071180117961385,0.24075007561246092,0.2311608448006452,0.23119959677419355,0.24076407439141173,0.23122669085777645,0.2525323791765358,0.2525700463616206,0.23124212648022172,0.24075380429305654,0.24079205925328764,0.2525695284159613,0.2526071842410197,0.2526448362720403,0.23122260843282455,0.2526697561958493,0.2527073993854833,0.24075752996877203,0.24079576932762528,0.2527195809830782,0.23120310218059123,0.23124181689998993,0.25273175890024674,0.2312688821752266,0.2753134283268718,0.2312959419997986,0.2313346422997533,0.24073701167942005,0.252705763906368,0.2407631128561361,0.23133840036241002,0.2313770887859875,0.25270521918566613,0.25274282838449924,0.2527804337979971,0.2752113526570048,0.23136919438434056,0.25279259333802956,0.2528301886792453,0.24069229221171262,0.24073049252905368,0.2751785893953114,0.2313496654761306,0.27520120724346075,0.25280418490015594,0.2313650538175234,0.2752099783734849,0.2528163347415007,0.23138043751571535,0.27521874685708536,0.2528284809171821,0.23139581657280772,0.2528533360148826,0.2314228255404726,0.2314614649841637,0.23150010054293182,0.2528527622781883,0.2315270935960591,0.23156572003015832,0.27513067953357456,0.2751671106196914,0.23158106342345963,0.2316196793808734,0.2751758793969849,0.24049042761670267,0.2527886644558336,0.24051650504949001,0.2528135048231511,0.2528510424516453,0.27514317291268964,0.2528758728085598,0.25291340164757886,0.24049424883218645,0.25293822199899546,0.23153030987896137,0.2751104861390117,0.27514688896700645,0.2315456462789997,0.2315842329902084,0.2751556537457321,0.2316111864236582,0.2316497640325334,0.27516441588433155,0.23167670682730923,0.23171527533758346,0.2528360606364823,0.25287356321839083,0.2751455531017868,0.2317189460476788,0.2528856770049182,0.27515431324333817,0.25291047771979125,0.2529479652767324,0.23171098845960864,0.2529727560082284,0.23173790889022677,0.25299754176491246,0.24024280124410555,0.2402809129671432,0.23174157303370788,0.23178010733811505,0.23181863777710904,0.2529715632679673,0.25300902708124373,0.2530464871370543,0.24024671547487714,0.25307125307125306,0.23179903730445248,0.2318375532714966,0.2530833249774391,0.2318644407680353,0.23190294766392622,0.2530953932527946,0.2531328320802005,0.23191819958899304,0.25315757818765033,0.27484588783641556,0.24015235040593363,0.25316963167126033,0.2748546802966526,0.27489101568372,0.23188696262150515,0.2531689964427076,0.2532064128256513,0.24011823054957165,0.25323113916441237,0.24014426689375346,0.23186736125025045,0.23190583521162034,0.27481718922167686,0.25321780938548605,0.24013421474358973,0.2401722670138715,0.2402103154732098,0.23188623504080919,0.23192469457240136,0.25319180894207177,0.24021227595874636,0.2747434292866083,0.2747797356828194,0.2319167042098413,0.2319551506657323,0.25316582411532107,0.23198198198198197,0.23202041939842852,0.2531778600740667,0.2532152329480058,0.24014211369095276,0.2532399299474606,0.27469228459921946,0.24015610146595287,0.2532519511707024,0.2747010855970784,0.24017008504252127,0.2532639687859537,0.23194277711084435,0.2401840644225479,0.25327598279483843,0.23195798949737434,0.23199639927985596,0.23203480522078312,0.2401740174017402,0.27461373068653433,0.23205,0.27463626818659065,0.25322467753224676,0.27465880117982305,0.23205358928214356,0.24013996500874782,0.274667599720084,0.25321137601839355,0.2532487005197921,0.2532860212904193,0.2533233383308346,0.2401179351356754,0.25334799120527685,0.23199920051966222,0.25337263915259317,0.2401199100674494,0.23201438848920863,0.2745666183743818,0.25337196523129185,0.25340926120185825,0.2534465534465534,0.2320063932870486,0.25347118170012983,0.24007391499775257,0.25349580503395924,0.2535330836454432,0.2744931588934385,0.27452938532980475,0.23197523467145995,0.2400519247091717,0.25351972041937093,0.25355698667066046,0.2745107827476038,0.24005391104677282,0.23195567535190176,0.240079860244572,0.2535436214813336,0.23197085392024755,0.24009382173869648,0.27446479365237786,0.23198602794411177,0.24010777905294148,0.2320127731763297,0.23205109015616424,0.23208940331271202,0.274432526814667,0.2744687219395391,0.2321045542974011,0.25344173982442136,0.2321312783679984,0.2744638403990025,0.2321579971073762,0.25344105326152006,0.27447264748416694,0.25346564276453576,0.23216155572176514,0.2321998404467491,0.2534775888717156,0.23222654302522686,0.27444040081758814,0.2744765702891326,0.2322416629280694,0.23227993221014853,0.25345162737377264,0.2534888357256778,0.2535260403688014,0.23228346456692914,0.2535506054716699,0.25358780147498505,0.2398226119886392,0.27438963627304436,0.27442578845099896,0.25358708648864087,0.2322522791809894,0.25361163694330974,0.25364881693648816,0.2744072524407252,0.2397768590924939,0.2322442474350035,0.23228248418745953,0.23979083665338646,0.23230914795079927,0.2536101981874315,0.27436140018921473,0.23232423819956183,0.25362210604929053,0.2323508911679777,0.25364663712849106,0.2536837913181999,0.25372094180895016,0.2537580886012942,0.25379523169578416,0.25383237109297235,0.23231971333300155,0.2323579177864039,0.27424732520527495,0.23238455414012738,0.2396377568791362,0.25380634889043685,0.23966366485894822,0.23238805970149254,0.25381821799910453,0.23967764401552083,0.23240312391185394,0.2538300835654596,0.2324297438448147,0.25385457077489304,0.27413338638285173,0.25387905311318876,0.2741558506141529,0.23963202386872204,0.23241012381283874,0.23244828957836117,0.25386565902650027,0.2539027543004872,0.23246333581904052,0.25392722211175184,0.2539643087935577,0.25400139178844816,0.27406928773795913,0.2741053677932406,0.23244371552109735,0.2324818606500348,0.2539879739601451,0.25402504472271914,0.2395031055900621,0.23248534234323762,0.2540368659015253,0.2740461049284579,0.23250037259675096,0.27406855439642325,0.2394813968506284,0.23251539837075302,0.2740773853871753,0.25399821197973577,0.23948348646635212,0.25402264600715135,0.2395093608779858,0.27405899294865427,0.2324842345697403,0.23252234359483615,0.23256044883570826,0.23259855029292026,0.2326366479670357,0.27402700555996823,0.2326631918590221,0.25394619279261393,0.23944011515362087,0.27402223545761367,0.25395801280460567,0.25399503722084366,0.254032057962384,0.23263199682413657,0.274003870391505,0.23265852932420364,0.23269660133961795,0.23273466957729708,0.23277273403780324,0.2739855144359559,0.25398085222481276,0.27400793650793653,0.2393234462576261,0.25399265945838706,0.2327530625402966,0.2393374330489982,0.2540044631787751,0.27397599920658533,0.2740119998016562,0.23274494248314162,0.23278298378699985,0.23931581556767476,0.25397848396212386,0.273993654570692,0.27402964358300697,0.27406562902746107,0.2327633209417596,0.2328013481363997,0.2539525201962631,0.2392704926157201,0.2393081916844244,0.232804757185332,0.23284277290520786,0.25393915370131803,0.27399296437596,0.2740289338089576,0.2740648996779787,0.27410086198355293,0.2328231039778075,0.2539132157717456,0.2539501708851355,0.25398712233779097,0.23282650685949186,0.2740689381933439,0.23285296885059178,0.2740913142517579,0.2391681109185442,0.27411368587839174,0.23285636480665445,0.25393603327062086,0.25397296895885935,0.23915841584158415,0.2539973268650067,0.2740817740817741,0.23283670741969015,0.27410413779449616,0.25399653551101214,0.27412649708007525,0.23912505567377643,0.2741488519398258,0.23281706170518085,0.25398317664522513,0.2540200880708525,0.27414407282802294,0.25404442685400486,0.2741664193133472,0.2540687608211724,0.23278591214879304,0.23282386110698916,0.23904441586704916,0.2540679558830803,0.2328387734915925,0.2328767123287671,0.2540797151617051,0.25411659991099245,0.2390229430379747,0.25414091470951794,0.27405319885296153,0.2390369308350225,0.2390745501285347,0.254140095901923,0.23910034602076125,0.23281103257377292,0.2541518386714116,0.23911431819305096,0.2739942670752199,0.27403014578700274,0.23280292547934375,0.2541384592577951,0.2541753137661824,0.23281782696773556,0.254199604743083,0.2542364507682427,0.23905740539472384,0.27397124932075284,0.23280972139893302,0.23284761669548037,0.2542230564062037,0.23287400602558403,0.23903595416831291,0.2329003901427231,0.25422222222222224,0.23292676904844206,0.254246494173415,0.25428331605194293,0.2390145156512294,0.23905208590471488,0.23291864139020538,0.27383126820358394,0.2542699180570639,0.23293351103213386,0.23297137216189537,0.27382656334830463,0.2542690751159807,0.2390070571978483,0.25429332806948285,0.27382186035035777,0.23902102042830356,0.23905856811565598,0.2738306690349319,0.2738664956337264,0.23290577207696103,0.27388880666962656,0.2329321231254933,0.23903714299807627,0.25421722403077834,0.23294697903822442,0.23905109489051096,0.25422892932879615,0.23907683203471744,0.25425316830218453,0.2329388560157791,0.2738030669099157,0.23296519080958486,0.25425232953705074,0.23905541313350423,0.2542765590337688,0.23908113970225772,0.2329570661014443,0.25428824921135645,0.27374439351372665,0.23297190734351897,0.2737666945936622,0.23905972797161443,0.2737889912777805,0.23297526362471666,0.23907366346390738,0.2542372881355932,0.23299009705867862,0.27377081485860677,0.23907581654268684,0.25423645320197047,0.2737796167676469,0.2738153876465373,0.27385115500172386,0.27388691883372734,0.239054420093573,0.2390918940214715,0.25419805978234106,0.23911758912743747,0.23915505440937515,0.25420974889217135,0.2738417606223229,0.2328672705789681,0.2738640279623886,0.2542089199566801,0.27388629091804084,0.2542331167552668,0.2328591819658414,0.2738950684122453,0.2328854766474728,0.2390748031496063,0.2391122484129718,0.23290030508808188,0.2738768882546868,0.2739126156268451,0.2329151291512915,0.27393486175341925,0.27397058100063953,0.23907910271546634,0.23291849082591373,0.27397934087555337,0.2740150509074812,0.23293330710210505,0.25406973884817785,0.2390577358119406,0.2329481190066388,0.2739968528717545,0.27403255150710526,0.23905988789458157,0.25404395496337084,0.27404129793510323,0.2740769873654196,0.2741126732867958,0.2329056677972767,0.23903853716083365,0.25401818628655687,0.23292047576919298,0.2540423649678085,0.27408099076076275,0.27411666420954345,0.27415233415233414,0.23291238759766106,0.2540290880503145,0.27416105733798457,0.23292718875896629,0.23296487349545567,0.2389467478876007,0.2329911087095348,0.27414284310836035,0.27417849599685645,0.2742141453831041,0.25396591523009676,0.27423632256163444,0.23891371605362668,0.274258495384011,0.25396513626319667,0.25400176765196897,0.23891589335690086,0.2389532600157109,0.2540134518140311,0.23289150711831125,0.23292916400765795,0.25402513253485176,0.25406174839248025,0.2540983606557377,0.23293251533742332,0.23297016097369455,0.23300780291505127,0.2540975561880459,0.2741056970410717,0.2541216879293425,0.23301113782444433,0.25414581493474636,0.23882647304125987,0.2541699372056515,0.2542065244051999,0.23884038065338958,0.23299161230195714,0.25421816754953896,0.2330178037176909,0.27400686611083863,0.2330439899955863,0.23308160062769714,0.2542048742215466,0.2542414435618319,0.2739887227261584,0.25426554226318887,0.23307349119968623,0.2739974507304638,0.25427717044953185,0.23872549019607844,0.23876280574481643,0.23306538574649543,0.23310297505268834,0.23314056067437758,0.2542514089683901,0.2542879545231795,0.23315528985152154,0.27391219129753036,0.2542995737174776,0.23870651641352278,0.23315859095585714,0.23319615912208505,0.23323372360750502,0.25428627412560006,0.27386725446975263,0.23324843260188088,0.2738894058872508,0.23866196493290234,0.25427298104706403,0.25430950048971596,0.2332402918564223,0.2738713152482617,0.2543211085540812,0.23325499412455933,0.2332925336597307,0.25433271320865564,0.2543692172125129,0.27383982768748777,0.254393264476969,0.27386196769456683,0.23327296754931232,0.2544048551292091,0.2544413448832771,0.27385729666242536,0.23327624174210912,0.2333137600313173,0.23848901502177422,0.2544280262256581,0.25446450413425314,0.27382583170254404,0.25448852795851473,0.2384796008218374,0.23328278628381352,0.25450009782821365,0.2738077769625825,0.2738432945319378,0.23328605663422508,0.2333235524256651,0.23336104454985573,0.25447432762836186,0.2545107818688573,0.2545472325444944,0.2545836796557962,0.2333528894103843,0.23339036910290883,0.2545952287837309,0.25463166642225155,0.25466810049858246,0.23339361650129528,0.27370478983382207,0.23341967645765113,0.25466718795816634,0.27371353174021407,0.2334343236903831,0.27373564622526264,0.2546662757744552,0.27375775638833244,0.2546902481923002,0.2382138844105721,0.23825109916951637,0.23828831029260905,0.23339194998046112,0.2334293948126801,0.2546644524763114,0.2547008547008547,0.27368626684899394,0.23343263173316403,0.25471237425529836,0.23824405488549247,0.233447265625,0.27366827791611736,0.2547114539595743,0.25474783967192305,0.2547842218316735,0.23822309006590187,0.2548081616713853,0.27363694049885295,0.27367239359625145,0.2333935282346625,0.2334309419228892,0.2334683519593968,0.25478235408940075,0.2548187185868345,0.23816726846882014,0.2548426445474506,0.27361436377829823,0.23344879738498317,0.2548541321104498,0.25489048246255913,0.2549268292682927,0.23345202673040338,0.2334894156667642,0.2549383017119446,0.2549746390948108,0.2550109729334309,0.23349263630157027,0.25503486614326815,0.23351862687731617,0.23355599980496367,0.2550463188688445,0.25508263858417435,0.23800702028081122,0.23355920635694438,0.23359656819732866,0.2336339263953205,0.23800935854942484,0.27338304820392845,0.2336485037528024,0.2550319216336079,0.2550682261208577,0.23800009746113737,0.23365169086833643,0.23368903181796033,0.2550672383550965,0.23800243605359317,0.25509110396570206,0.25512739318945776,0.23368082618862043,0.2732719567441181,0.23370677057963954,0.27329404315425454,0.23796999805182154,0.23800711050504067,0.233709944482322,0.2337472607742878,0.23802103622906115,0.2550518576228271,0.25508812932125813,0.2551243974877063,0.23373904576436222,0.2551482401051555,0.23800019472300651,0.2551720780801246,0.23374221183800623,0.23801411535653444,0.25518349070378665,0.2337567528106293,0.2731166050223866,0.23801644848897757,0.2337712895377129,0.23380857379202957,0.2551576488906189,0.2551938889699801,0.2380072005449061,0.23381172464120653,0.23384899785950575,0.2551928783382789,0.2552291078898726,0.27301911571574494,0.2730544747081712,0.23384076649968386,0.2552280906526602,0.23795166074989058,0.25525189651818714,0.2552881108679796,0.2730234367402509,0.23382116983517284,0.25529949436017113,0.2379308668384462,0.233835683033544,0.2553108745321083,0.25534707369239745,0.23385019199922227,0.2553708564207252,0.237910085054678,0.2338646967340591,0.25538222287019485,0.2379239965011177,0.23387919723990475,0.2379494655004859,0.23390505806326223,0.2553687688271305,0.25540494582908224,0.23795180722891565,0.25542871022589264,0.2379772661031769,0.23388546169913052,0.23800272003108608,0.25542765554422264,0.2554638173870811,0.2727405177019086,0.2380050505050505,0.23386587675423687,0.2554627561425658,0.2554989075018208,0.27272285880753544,0.27275816866533964,0.23798427031750655,0.23384630321860284,0.2554854368932039,0.25552157662249403,0.23386079021454229,0.2555453089355919,0.2555814404969909,0.23795195340936665,0.25560516354459867,0.23797738632503518,0.23384122670807453,0.25561647823766315,0.2556525958272683,0.2556887099121828,0.2338443625072773,0.2557124144957066,0.23387018531095372,0.25573611447974776,0.25577221575475356,0.23388465829170102,0.2557959064894752,0.23788738542121343,0.23389912706110572,0.25580718684835846,0.23790127048782853,0.23391359162100567,0.25581846392552365,0.25585454545454545,0.23790361679433725,0.2558782178697823,0.2559142912546054,0.2338940326724514,0.25593795443528844,0.25597401967912364,0.23788290034897247,0.23791983715407358,0.2559852670349908,0.27230433729101045,0.23386315177359954,0.27232640403159375,0.23791065025680783,0.255971704055429,0.2723352713178295,0.23792451916089336,0.25598294738881894,0.2723441360267403,0.25600658787056774,0.2723661903608622,0.2724014336917563,0.27243667360875673,0.23377566834560248,0.23788076904450578,0.2724455205811138,0.23379013122851194,0.2559558396281232,0.2559918655885344,0.2338045899099448,0.27242798353909464,0.2724632068164214,0.23381904439173162,0.2338561332171556,0.2378140277845007,0.2559535333978703,0.255989545520546,0.23385925854225148,0.25601316362580456,0.2560491676345335,0.272392934914106,0.23386238265750509,0.25606038612280446,0.23775885426746662,0.25608399051719966,0.23386550556361876,0.23390256881621596,0.23776122291021673,0.23392831229139457,0.25607042662281126,0.23777509068923822,0.256094022054556,0.23780045461140398,0.23392010832769128,0.23782581362735142,0.25609284332688587,0.23393452927808134,0.23397156948070785,0.23400860610162935,0.25609166505511505,0.2721779066956732,0.2722130909794064,0.23401169816793155,0.23404872389791184,0.25607810914012274,0.23407443209279846,0.2561016867236963,0.2377247245312198,0.2561252597496738,0.2721561805354209,0.2377385841990819,0.23777541553923465,0.2721650480746002,0.23403227364962798,0.2560993284699744,0.2561352657004831,0.2377662914835032,0.2721476185875761,0.23402405448485727,0.23406105100463678,0.2561217097319488,0.27214334009465857,0.27217849036557684,0.23406412980490632,0.256120527306968,0.23408981168517623,0.2561440780261697,0.23411548860563924,0.23415246463573602,0.256155257313894,0.25619116582186824,0.256227070863101,0.23763093111937056,0.25625060334009075,0.23765625754138714,0.23412162162162162,0.23415858307996718,0.23419554097094875,0.27201659991314,0.25622466705269253,0.2562605548854041,0.23419859114156133,0.25628407391325325,0.27199922809725974,0.2342129383954846,0.25629522431259044,0.23423857990449085,0.2719949836002315,0.2720300969468962,0.25629400983891193,0.2563298770195322,0.25636574074074076,0.25640160100303805,0.27201273025364064,0.23419644148705338,0.27203471552555447,0.23745238898799478,0.23421078005978208,0.25637564479583475,0.2564114924797532,0.23422511448541816,0.2564349754169478,0.2374319178676435,0.2564584538268749,0.23745722685430623,0.2564819277108434,0.23420558045395404,0.2565053970701619,0.2342311954898087,0.25652886190613855,0.25656468320886533,0.23424551936789362,0.234282410752999,0.27184699874747087,0.23739101112770364,0.2342967244701349,0.27185588362795626,0.2718909546286485,0.2565139912344074,0.27191292621845503,0.23428846616903443,0.2565250890879322,0.23431405595415805,0.27190870570107856,0.25653618373537485,0.2373134328358209,0.237350151653748,0.2343057962642018,0.23434265633273962,0.2565225762972947,0.2343682310469314,0.23440508278783212,0.23732973961592146,0.23443064780055828,0.2565089754078637,0.23734359961501444,0.23738029931187143,0.2717736502742758,0.2565077226579416,0.27179561200923785,0.2373827279287948,0.2565188107379967,0.25655457738009335,0.2343659803732923,0.2565779979797008,0.2566137566137566,0.2717522004713578,0.23436898807233553,0.2373394892511903,0.23737616620178897,0.2566001442654484,0.2566358915175995,0.2373900081742559,0.23434945667852677,0.2716957546035867,0.234375,0.256622277775107,0.2717046437842515,0.2717396529346729,0.23437800422995578,0.23441480413362173,0.2717485340767086,0.2717835343874658,0.23442906574394465,0.27180546878754386,0.25655934646804424,0.27182739897169766,0.2718623870843744,0.23442079469562294,0.23445757663111366,0.23723276483305308,0.27185818601076095,0.23725801028005958,0.2372946488615621,0.27186704452663435,0.2564841498559078,0.27188895826329185,0.27192392661607917,0.2719588916102387,0.2343930080676143,0.2719807923169268,0.27201574954383945,0.23724012099678302,0.23439600537737662,0.25642133563781266,0.25645703312530005,0.23724257116797082,0.23727918586789554,0.23438775020400326,0.23442449841605068,0.2372930165586753,0.2564311768093684,0.2719201420549983,0.25645455417986374,0.234416238783051,0.2564779270633397,0.27191593493594357,0.2719508684387295,0.23441922947752242,0.2344559585492228,0.23722715279443513,0.2719466564328888,0.23725236245023265,0.23445894090560246,0.2564151757878076,0.23448441247002397,0.25643854011797995,0.2564741991175906,0.23723205294202274,0.2344873885105975,0.2718772476624311,0.27191215957038745,0.27194706813060365,0.23722312781666507,0.25643607076082264,0.2564717162032598,0.23723694933128806,0.2372735116479724,0.27191679049034173,0.2564704754601227,0.2565061107117182,0.2372759513083485,0.2343892270091532,0.23442591527697912,0.27188653026019455,0.23445136559655008,0.23448804561353073,0.2718953622077424,0.25645570833133713,0.25649132892593657,0.2565269461077844,0.23721019352366354,0.23446855391100255,0.23450522080659067,0.23454188418985583,0.2718390804597701,0.27187395239691586,0.25648884206493633,0.2345448450893071,0.2371672093468684,0.25649988029686377,0.25653547831083023,0.25657107291616793,0.23716966679433168,0.27181770309732395,0.23451412158927717,0.27183954813077404,0.27187440168485544,0.2719092519025511,0.23451708624485498,0.2345537209858818,0.27191807044410415,0.23711537541273867,0.2564838740549335,0.23714053303985835,0.25650717703349285,0.25654274915075836,0.27188785762128026,0.23714299382863704,0.23450057405281285,0.23453719205931595,0.237156797091744,0.25651695604343044,0.2345513678974555,0.27184466019417475,0.25652797704447633,0.256563531155851,0.23455432287681713,0.2718404819968441,0.27187529884288036,0.234568491513268,0.25655000956205776,0.23459387101400775,0.2718711157854479,0.2565610210813136,0.25659655831739964,0.2566320921562067,0.2370232291367938,0.27185394063948765,0.23704836551328617,0.25663082437275986,0.2345407626875657,0.2566540832417451,0.2566896024464832,0.23455492378995652,0.2567128523650263,0.2567483636711098,0.23700554175425187,0.25677160464338605,0.23454667048820102,0.23458323381896345,0.25678257546809324,0.2717199216697712,0.23698538542363168,0.27174172596590096,0.2567812798471824,0.23699918819540614,0.2568045076878999,0.23454137420617868,0.25682773109243695,0.23456672236810694,0.2346032655399599,0.2716856829140211,0.23462860416268858,0.2568141677407036,0.23694510739856803,0.2568373824638442,0.27166857579228715,0.2369589080322627,0.25684833444688365,0.25688379861608207,0.2369727047146402,0.23457555947893305,0.2716385151254891,0.23460088744692018,0.27166030534351143,0.2568579743332856,0.23695258086060492,0.23460382578829367,0.2568689181453921,0.23696637252563796,0.2568921110369169,0.2569275528210998,0.23698016024418161,0.25695073680194574,0.2569861707200763,0.23699394401792953,0.23455082967766547,0.25699709149859346,0.23700772384857444,0.2570202622169249,0.2715007627765065,0.2370214997378081,0.2570311755172085,0.23452023452023452,0.23703527168732125,0.23707163624231448,0.2345343627871509,0.27145784682838486,0.2345596645062905,0.2345961401000715,0.27146669208043456,0.2569685996092819,0.23461025347817802,0.27147553480394493,0.2346355407336827,0.2346720022866943,0.271484375,0.23469728004572954,0.23473373344765172,0.2347701833769945,0.23480662983425415,0.23693861027765872,0.23697494999523763,0.23701128625172627,0.25685714285714284,0.23479834293605067,0.27140272355013806,0.234823596629053,0.23486002666158826,0.23699119257319687,0.2348852708749881,0.2568191555195887,0.25685453160700683,0.2348993288590604,0.25687767729652544,0.23492456332397316,0.23496097468113458,0.25688859277590065,0.23693727990863234,0.25691172971686893,0.2569470879330034,0.27125660179854405,0.23494147873251497,0.27127836719158854,0.27131303520456707,0.25693354264782836,0.2569688897345638,0.23493316843457165,0.2349695585996956,0.2712960760998811,0.27133073337772284,0.2569553431302611,0.23497241772874264,0.2569784583194636,0.25701378982406087,0.23679330512101185,0.23497527577025484,0.257024675509913,0.25705999809831703,0.2570953173282624,0.27124928693668,0.25711841041973665,0.2712710333681909,0.2571414991206806,0.2571768060836502,0.2712798821348795,0.2571998859424009,0.23670579290025187,0.25722296141417983,0.2712758374910905,0.236719566663499,0.2367558321851095,0.2348441657164576,0.2348805168891634,0.234916864608076,0.2349532088736877,0.2367471024130724,0.2367833562912649,0.23496722713023654,0.2368083590596058,0.23499240121580547,0.2571116493327634,0.2368221103618577,0.23500641056080535,0.2571225071225071,0.2350315749489578,0.236824613047194,0.23505673455823006,0.2350930497531333,0.23512936150011868,0.2351656697996772,0.27104001518963305,0.2368046326181887,0.23517964782381698,0.27104888467014715,0.2352047838261117,0.2352410782080486,0.27105775162530255,0.23678466356648004,0.23525504151838672,0.25697475801859937,0.2570100109123689,0.23526900085397096,0.25703306608472887,0.25706831119544593,0.2571035529623832,0.23674224456882648,0.25712659488687567,0.2367672168468981,0.23523832108133744,0.27093806316987573,0.23526343244653103,0.2709597875569044,0.2709943572478543,0.2352773826458037,0.23531364088947893,0.23534989569505024,0.2570521025932774,0.25708732340950036,0.2353638302915383,0.2571103526734926,0.23538891785561927,0.23542515878282302,0.2366462865538651,0.23545023696682466,0.23667124780816076,0.2367074210975263,0.235464152016301,0.23673237300985595,0.23548922056384744,0.23675732019330997,0.23551428436063865,0.2570115595982566,0.23677104552560518,0.2570345807674088,0.2570697740514424,0.23678476695718076,0.2570927864348979,0.25712797196173154,0.23547241297655694,0.2571509755635537,0.25718615333617467,0.2706695709821006,0.2707041053080165,0.23546401515151516,0.23550021305809385,0.2571726162295237,0.2355252568290489,0.23669759515243324,0.25718343195266274,0.2355391460759254,0.23557533014625834,0.2356115107913669,0.2366889109754366,0.2367250354945575,0.2571577303487767,0.2571928828317244,0.25722803198788624,0.25726317781773445,0.2367163472912231,0.2705336866010598,0.2572739745470029,0.23554735547355474,0.23558351861488244,0.23670766319772943,0.25727259826876686,0.2705042096301201,0.2705387125762664,0.25728339008702233,0.2705604161740364,0.25730634635392036,0.2705821156665248,0.23666540571212408,0.25731713083360913,0.2355082742316785,0.2355444187036074,0.2355805597579425,0.25731574717534156,0.2705398506192682,0.2573386906168754,0.2573737946681792,0.2574088954010493,0.23660081293127894,0.2574318257006475,0.23553875236294897,0.2574547516658003,0.2574898402797467,0.27047205027642585,0.25751275751275754,0.2575478384124734,0.23551922895209298,0.27046818160343933,0.2575585789871504,0.27048986725872737,0.25758148323098723,0.23551084030041095,0.25760438314755335,0.2364804231804657,0.235524700103901,0.23556080283353012,0.2355969021533812,0.2575907824526609,0.2364718103692511,0.2576136739222815,0.25764872521246457,0.25768377319295593,0.25771881786422435,0.25775385922673844,0.23645203927492447,0.2577767288175596,0.23553289908430095,0.23556898097890216,0.2577874268453842,0.23644343763273395,0.2702689948088721,0.270303430701713,0.23556058890147225,0.2355966592742887,0.2364348400490705,0.2356216088700165,0.23565767125872805,0.257725149785347,0.23568261156712897,0.23571866597481014,0.23575471698113207,0.27022310268383565,0.23639279313272332,0.23642880724425788,0.2364648179588757,0.2576750766328696,0.2357351692917099,0.23577120762012543,0.23646737080347038,0.2576736291197133,0.2357850070721358,0.25769647824242137,0.25773147275127284,0.23579880262103428,0.2701046478740454,0.25774216356351637,0.25777714932126694,0.23641419616345383,0.25779998114808184,0.2357792544417739,0.2358152686145146,0.25781065925262714,0.2700499481669965,0.27008434245865337,0.25782133433848475,0.27010600706713783,0.2357957222274569,0.25783200640693454,0.23582061428302242,0.25785482123510295,0.23631653320772492,0.2700767745278131,0.2358232856066315,0.2578533414967268,0.25788829236130734,0.2579232399340711,0.25795818421548317,0.25799312520600837,0.23627460212826065,0.2580159141202505,0.25805084745762713,0.2362883103432042,0.25807362771867054,0.26997128465847575,0.23573714931274714,0.23577312308778536,0.2358090934764191,0.2580599614063162,0.2580948795180723,0.2699421149230552,0.23581176470588236,0.23584772481294997,0.2699510634293243,0.26998541382393076,0.25806906935165147,0.2700070571630205,0.23583929243507715,0.23587524109705038,0.2359111863768934,0.270003292723082,0.23593603010348072,0.2359719674521424,0.23610196594864077,0.2580068663876217,0.2359857035364936,0.23602163178932517,0.2360575566632183,0.23609347815864956,0.269936054165883,0.2579810992524331,0.23610719322990126,0.2699449955338254,0.257991726212862,0.2580266064964979,0.23610980539625834,0.2580493537015276,0.23613461176912953,0.2699158715984396,0.23615941347871042,0.25804784059401287,0.2361842105263158,0.23622010243879518,0.25805845315289916,0.2362448902880233,0.26987408381883105,0.2580690627202255,0.23625857371042,0.25809179311316766,0.25812664411875236,0.2581614918502513,0.2581963363081259,0.269832323516979,0.2698666165696036,0.2582069224627812,0.25824175824175827,0.2698755576426391,0.23577197595792637,0.25825233600976666,0.2582871631139074,0.2357857176393258,0.23615023474178404,0.2698464860804657,0.2582856069852596,0.23616392057456695,0.2357773188133684,0.2582961746068998,0.2361776025532714,0.23621345097855165,0.23624929603904637,0.23628513773522924,0.2363209760675739,0.25827037680071324,0.23634572072072071,0.23638155116595505,0.23571361546401426,0.23640628665259208,0.23644210921373615,0.26969085706243845,0.2582324795947087,0.23645574370280031,0.23649155722326454,0.2582430467614089,0.23567207579026359,0.2582657224593162,0.2583005064715813,0.23648300117233295,0.2583231735909219,0.23650771322736439,0.23654351087771944,0.23657930517136294,0.2583216127519925,0.2366040035628897,0.26954809675604724,0.26958233722401914,0.23558638792537734,0.25830794469182095,0.26959130108736407,0.2365843370670666,0.2583184928296935,0.26960026243029195,0.2696344892221181,0.25832903800196805,0.2365757660950239,0.2696434428149745,0.25833958020989506,0.25837432654017334,0.23657828164527311,0.25839696444465265,0.23660296046468055,0.23663871844114479,0.2584074941451991,0.2695892464053206,0.23665230423379544,0.23668805320095537,0.2695982017420624,0.23671271365019902,0.2353905225697696,0.23542632392189913,0.2367262852326997,0.26958190926541503,0.25833333333333336,0.23673985300313655,0.25835595917985205,0.23540701212376539,0.23675341696311553,0.236789141118652,0.2583543948329121,0.26952777647774606,0.2583770123549233,0.2584117179091207,0.23678053345811886,0.2368162463150999,0.235354669661239,0.23684087399990641,0.2694862917563395,0.2583859649122807,0.2695078592814371,0.2584085699583665,0.23683225746094116,0.2353243837410543,0.2584190832553789,0.2694916046957579,0.23683472079319054,0.23687041107421783,0.25841750841750843,0.23689501987374328,0.2369307023286262,0.2369663814466732,0.25841593416869274,0.2352611155266726,0.2584385226741468,0.23696881866205413,0.2693997756170531,0.236993409059038,0.23702907357202954,0.2584248656228091,0.2584595251448869,0.26938355844277234,0.25848210113094683,0.23702042151502406,0.23705607476635515,0.25849259380402784,0.25852724044481823,0.23706956968649254,0.2585498037749953,0.23709413688390563,0.23512099411379986,0.258560284019246,0.2692918535127055,0.2370965481806717,0.25857076132648293,0.26930082667787586,0.23711003175789278,0.2585812356979405,0.2586158587839731,0.2586504786364698,0.25868509525588346,0.258719708642667,0.25875431879727334,0.258788925720155,0.25882352941176473,0.25885812987255497,0.2588927271029782,0.25892732110348693,0.2589619118745332,0.25899649941656944,0.23700177354615887,0.23703738274140104,0.25900690685084937,0.26912128424098186,0.23490433971068594,0.23703980215575568,0.269130272489735,0.2589931414174404,0.23705327983577493,0.26913925822253326,0.25900354543758164,0.2590381116760741,0.23705569549398264,0.2590605905126172,0.25909514925373134,0.2348304649969684,0.259117619625035,0.23704705498297812,0.26907293415407574,0.25912800186523666,0.23706052410705958,0.2690819228796568,0.2691160014919806,0.23707398946337824,0.2371095571095571,0.23714512143955993,0.23718068245385046,0.2347457232088752,0.2590659084552997,0.23719412724306688,0.2690622669649515,0.259076292119122,0.25911082113896916,0.2347266881028939,0.23718546132339235,0.237221005544942,0.2372565464541981,0.26902110608954943,0.2372810286992173,0.23731656184486374,0.25906084039877014,0.23468579680439744,0.23472144587292715,0.2373189249615725,0.2590591523055426,0.23473522425597318,0.25908159463487335,0.2591160992874773,0.2689298686784018,0.23473806752037252,0.23728813559322035,0.23732364855426735,0.23475183909116304,0.2689138228036687,0.2373370577281192,0.2590661514827056,0.23475467833535052,0.2590885816692268,0.23733941537888661,0.2347684430998371,0.23736386484222285,0.25908688974728905,0.25912137006701413,0.2688352180185211,0.2591437878082829,0.2591782606672561,0.23473850735157267,0.26883171265063044,0.23732204336093793,0.2373575250058153,0.259164495720134,0.2591989579941387,0.2592334170620523,0.2592678729243221,0.2593023255813954,0.2593367750337194,0.23732676030136732,0.2593591591870902,0.23465401785714285,0.25938153917693557,0.2373291174555938,0.2687032129074255,0.23735354286777013,0.2687247198846994,0.23737796373779638,0.25935567849007485,0.2687337300111566,0.2346023334727839,0.25936599423631124,0.259400418312805,0.2346160996467745,0.2373472138309244,0.23464076587043406,0.23737162507551465,0.25938661710037175,0.2686678128339761,0.2373850013939225,0.2686893091111834,0.23740940345660658,0.23744483159117305,0.2593607730186751,0.2593951781483718,0.2686733556298774,0.2374471642900274,0.25940548072457037,0.2594398773860945,0.2686698866802898,0.2687038499047973,0.25945017182130586,0.2594845600185744,0.23741641901931648,0.2374518270882667,0.2594948463181354,0.2686754259714936,0.23444753946146704,0.23745415718861707,0.23748955528734564,0.25948103792415167,0.23751392499071666,0.2595033650498956,0.2375382901698691,0.2595256880308164,0.2595600519769816,0.23755162652559283,0.25958236658932715,0.2375759825530138,0.23761135857461024,0.2595926321161787,0.2685348427206087,0.25961493852934353,0.2596492855817406,0.2376026348749826,0.23763799981445402,0.259659538939654,0.23427643784786642,0.2376513148740782,0.2596697894443929,0.26846913694754904,0.23766462622890003,0.26849060978437284,0.2685245293517574,0.23767793388046551,0.2596439169139466,0.2596782419212759,0.2376912378303199,0.23772657734921887,0.2596884850732431,0.2684837528391971,0.2597107629554093,0.25974507531865587,0.23771783463107157,0.23413820271585484,0.25975530633052185,0.23416284350525973,0.23419833178869323,0.2684305639219684,0.2684644611250116,0.23768706852615484,0.23772238695329875,0.23775770210794533,0.259705364588159,0.25973965812757677,0.23415786548082268,0.2341933392005188,0.25974988420565076,0.2377379463665416,0.23420711374583178,0.23776223776223776,0.23779753635269057,0.2378328316739986,0.23786812372661603,0.2379034125109969,0.23418835077321976,0.259687948516135,0.26828703703703705,0.23790565251608722,0.23794093139524117,0.259686154700736,0.2597204221440474,0.2379541772737792,0.23798944737572897,0.2341370852038691,0.2597186227323214,0.26822157434402333,0.23799167052290607,0.2682430243857295,0.25971682398667406,0.2597510757414519,0.2597853243268252,0.2340966921119593,0.2379718726868986,0.25979553129481425,0.25982977148672404,0.2340996345806929,0.25985198889916744,0.2598862217288747,0.23795208583849783,0.2599084308375341,0.23409174990751017,0.2341271676300578,0.2379543142513641,0.2599065982336894,0.2341409284261143,0.23796754357575478,0.26805362921867776,0.2680874670611622,0.2681213017751479,0.23796976840937456,0.23800499214199872,0.2681303443494338,0.2681641708264004,0.23801820954845865,0.2681855994084481,0.2682194186422663,0.2682532347504621,0.2380204241948154,0.26827465114129934,0.26830846001016495,0.26834226575494363,0.238022638022638,0.25972466044534787,0.2683512726936758,0.2683850702143385,0.23802485103238025,0.23394919168591224,0.2339845734608101,0.25969887308331796,0.26836927908372976,0.26840306640805395,0.23800507965827752,0.268424455116365,0.25968509027104403,0.2684458398744113,0.25970728103790575,0.23799630655586335,0.2597294677069387,0.23802049672237097,0.2684300420071089,0.25973966026587886,0.23803369489960766,0.2684390288931967,0.26847279272626573,0.26850655344286506,0.23803590382574186,0.2685279187817259,0.2685616722809284,0.23804909560723514,0.25967794029437546,0.259712097443942,0.268558246828143,0.26859199114227716,0.2686257323430364,0.26865947043085153,0.2596983255685225,0.2686808118081181,0.23799640237996403,0.26870214924822433,0.23802056910944058,0.23805570927873085,0.25967258473599264,0.26869869962187587,0.23364227417346797,0.23367760973810403,0.25967080086679883,0.23370216689718765,0.2596929602139136,0.2686704775954269,0.23800304245609183,0.2686918041854891,0.25969117308135514,0.26871312684365783,0.25971332442273126,0.233662088671767,0.23369740541038758,0.26870967741935486,0.2597115340306898,0.259745645562621,0.25977975395106667,0.23792849244378916,0.25980188896567613,0.2336681101999447,0.2598240199014143,0.25985811682329096,0.2379197567829011,0.23795485951174575,0.2686195937543181,0.25985630066322774,0.2598903882466725,0.2686285345859814,0.2686622150587152,0.2379351630134463,0.2379702537182852,0.2598766000552537,0.25991067728716793,0.268646408839779,0.26868007918604114,0.23354203112052296,0.2599088523684574,0.23793960596575217,0.23355581127733027,0.23796373009297617,0.2599070281216919,0.2599410898379971,0.23355883841870312,0.23796594569719282,0.2599512217569371,0.23799006073992268,0.23802512308470988,0.2380601822029999,0.23809523809523808,0.26854066985645936,0.2381193356948981,0.23815438402796946,0.25990155940935644,0.259935602575897,0.25996964261073546,0.2600036795143041,0.23345444510877064,0.26002575423105223,0.23812370659921822,0.23815874183757932,0.2381937738538649,0.2600239102446202,0.26005793369810104,0.23342528735632184,0.2600799963220082,0.2381849944832659,0.23822001563002804,0.2334283350188471,0.26007814295564236,0.26011215296929585,0.2601461598565979,0.2601801636179796,0.23820028493956524,0.26020220588235293,0.23822434630761455,0.23825935116257696,0.23829435280062491,0.26020033082154015,0.26822880771881463,0.23830745198934117,0.2333348647034502,0.23833149577361265,0.26018650374385593,0.2602204869085898,0.26820081760139636,0.2682344295425317,0.23331649290405548,0.23831174795627813,0.23834672789896671,0.23333027185892727,0.23336547733847637,0.2383598126549729,0.26015886863492355,0.26019283746556476,0.26022680317708097,0.26026076576990176,0.23835100766652895,0.2602827763496144,0.23332568280927243,0.26810795923987885,0.26029283517694035,0.26032678538645126,0.23833126807104502,0.2681046351537402,0.26033683630856774,0.23329662261380324,0.23333180379020788,0.2603468844636138,0.23831153934388621,0.2383464855936869,0.260356929852732,0.23837049270575283,0.260378916464058,0.26041284403669723,0.2383835603871382,0.26043482249334926,0.23327065082786771,0.2604567969179967,0.26049071313918826,0.26052462624965605,0.23836382812858256,0.2605465884079237,0.2605804942913476,0.2332416322787712,0.2606024483059007,0.2383550339262791,0.23838995094668317,0.23842486476574676,0.2606005042402017,0.23844884488448845,0.2606224503827291,0.26065633880282335,0.26069022411659565,0.23845096241979835,0.267769579762614,0.23847493355329483,0.26779086285112036,0.26067631964809385,0.23848797250859108,0.2606982497938239,0.26073212076785635,0.23850100787978742,0.26776306747904166,0.2677966101694915,0.23851403966836152,0.2385489190179553,0.26780561535290615,0.2385728680040304,0.2606823906572017,0.2678146180619161,0.23858588633969868,0.26069237109625426,0.2607262237281927,0.23296703296703297,0.23858797674099172,0.2607361963190184,0.26077004074531884,0.2608038820728804,0.2677500572213321,0.2385791449235558,0.23861399734517325,0.26080190406444526,0.23863792393244543,0.23290617848970252,0.2608118621573383,0.23865092440051253,0.26083375280281884,0.2608675757298435,0.2386639212994738,0.26088945827232796,0.26764880816214487,0.2386769146307988,0.2608994007045153,0.23870082342177493,0.23283472851196194,0.2609093404080139,0.2609431459543521,0.2387028905964142,0.23873770866681912,0.267584377572487,0.23876160424383774,0.23879641485275288,0.23883122227811057,0.2327846364883402,0.2608934205111792,0.23884418434528165,0.2675444612078819,0.2609033555819695,0.26093714285714287,0.232766502102761,0.26095899803446543,0.2609927781332846,0.23278029160382102,0.23880255941499087,0.2610026964032722,0.2674801206471072,0.2610245395969474,0.2675013708645586,0.23879369431117203,0.26103445124737273,0.2610682140083154,0.2388066520467836,0.23884142720087714,0.26107811786203744,0.2674615138641451,0.2610999451854559,0.23884346594801992,0.238878231478944,0.23891299383420872,0.2610979174278407,0.23893684066310453,0.26111973696227964,0.2326133613407005,0.23264840182648402,0.23893886123921282,0.26111770614555746,0.2611514404419486,0.26118517165814464,0.26121889979456747,0.23263032959006666,0.23891906696489706,0.23895380682855577,0.2672874161303574,0.2389776357827476,0.23901236821687738,0.2672964585615188,0.2611691689864464,0.26731769644975817,0.23901437371663245,0.2673389304617631,0.23903818953323905,0.23907290811205403,0.23910762352297094,0.23914233576642335,0.23251676474613384,0.2611075631785421,0.26729918350590703,0.23914431673052364,0.2611174458380844,0.26115114475964607,0.232498745838464,0.23914629697190806,0.267271649414018,0.26114911080711356,0.23250193789612877,0.26117089184752873,0.2612045775771668,0.2612382602352512,0.261271939822202,0.26723194748358864,0.2390937685189406,0.26725316801896254,0.23911755321573452,0.2324521422060164,0.26124606900323594,0.26725002278734844,0.26728341612359297,0.23245534086766315,0.23909774436090225,0.2612321151918345,0.2672802660955939,0.2391106251139056,0.26124197002141325,0.26127562642369023,0.2672771172156166,0.26129737609329445,0.26133102537238645,0.2323950077434636,0.26135276702345706,0.23906904718527966,0.23910370269162454,0.2613626013298115,0.2613962384443736,0.26721311475409837,0.26724648240061927,0.23909480010927966,0.23912944497564084,0.2672555090147514,0.23915319826997497,0.2323135755258126,0.2613465653024992,0.2672523670793882,0.23915517319859803,0.23918980427856168,0.2323062218378772,0.23921354451119606,0.2613207117826423,0.2613543278419951,0.26138794084186573,0.261421550782672,0.2322883014060154,0.23232323232323232,0.26143136630419944,0.239171974522293,0.23920658750739274,0.26144117914657444,0.2614747759632443,0.23230531295487628,0.239208551284967,0.26148458109706174,0.26151816982762544,0.23230853192650536,0.26153986083951064,0.23233287858117327,0.2391887590377882,0.261549654419789,0.23234665575410357,0.26157133763753754,0.2616049102068652,0.2323604291689398,0.26162658544346956,0.2391581052822984,0.2391926905768444,0.26690909090909093,0.2616244716149266,0.23234251431688027,0.26691814752533743,0.23918378476640612,0.23921835946375825,0.2669272016722712,0.26159858226927796,0.26163213376953837,0.26166568222090963,0.2616992276238074,0.23919858252691836,0.2668998727966564,0.2322718393676464,0.23921141092032344,0.2322961617079264,0.2616733284883721,0.26170686287868467,0.2617403942229085,0.23920250692583678,0.23923705722070845,0.2617501475863948,0.26178367087458,0.2322571856695273,0.2618053033054849,0.23922814982973895,0.23926268954871516,0.23929722613156582,0.2618031596150354,0.26673929819783015,0.2618247843849296,0.23221823793745178,0.2392883079157589,0.2667362592474924,0.23223200508305347,0.23930111186748354,0.23933563260119803,0.23224576848028317,0.2667211180687903,0.2617632378964563,0.2617967332123412,0.2667301846558686,0.23931585155612015,0.2618064691738874,0.2618399564507349,0.26187344068949875,0.26671505034926973,0.2618950424093981,0.2321752539912917,0.23221007755453762,0.23927437641723356,0.2618928846764319,0.26668782876836566,0.23928717181335873,0.2393216650040809,0.2618907277261392,0.23218171926006528,0.2393344516480029,0.23936893644029378,0.2618885715580942,0.26663644605621034,0.2619101581977245,0.23937086392892756,0.23940533925576757,0.2619198694706309,0.26662134602311355,0.2666545817094172,0.2619295781030498,0.26196302338227295,0.2619964656305225,0.26202990484821026,0.23206923111775632,0.23935302645886192,0.23938748697503737,0.26202772492525145,0.26206115515288786,0.2620945823518753,0.23938940979299725,0.26655494157079446,0.26210426196838627,0.26213768115942027,0.2621710973234908,0.26220451046100895,0.23936965086265452,0.23940409346132946,0.2394385329409101,0.2319568957710767,0.2621904287589985,0.26222383194494747,0.23944044547059623,0.2394748755092802,0.2395093024308542,0.26222161868549704,0.23192866518806862,0.2395220421833982,0.2663951120162933,0.23954561911658218,0.23958003348870888,0.262195673816635,0.2622290601384678,0.26638009049773753,0.2664132844667662,0.2395710795403131,0.2664344206668778,0.23185848715164675,0.23958380456910203,0.23961820320275037,0.23965259872438593,0.2621675411615705,0.2622009136550726,0.2663952962460425,0.26222242322825745,0.26225578871201155,0.2664043775154886,0.2317988604503934,0.23961112367171603,0.23182311448724904,0.2622417145182439,0.2396238357898544,0.23183688231836883,0.262251356238698,0.2663532390036617,0.23185064641533315,0.26226099534421193,0.26229434098716325,0.23186440677966103,0.26231582753321886,0.239571564152393,0.23187816341287057,0.26232545528492024,0.26629010393131497,0.23189191631647915,0.2623350804265317,0.2662991912528803,0.23190566549200325,0.26234470295911455,0.2663082761113119,0.23191941094095858,0.26235432288372934,0.2623876417182348,0.23193315266485998,0.26240910527979766,0.2662812754042092,0.2319468906652215,0.2624187138728324,0.26629035899751635,0.2319606249435564,0.26242831986273535,0.2393895611341882,0.23197435550137704,0.2624379232505643,0.2394022843212496,0.23198808234019502,0.2624475240373764,0.2394150040624718,0.2394493342360641,0.2394836613107059,0.2624452768876653,0.2395071757378825,0.23195992598943996,0.2624548736462094,0.23198411624024187,0.2624763108022742,0.262509588052159,0.23948745713770078,0.23952176855402663,0.2625191735089777,0.23954526999593992,0.2660591844099603,0.2319455094952411,0.23955796120884076,0.23959226015966803,0.2624932347104456,0.231948766517837,0.2625146568052674,0.26254791431792557,0.26258116883116883,0.23195202236551382,0.26260257913247365,0.2395509265521439,0.23958521190261498,0.2396194941616699,0.26593634478405914,0.23964296984177072,0.26257663180670754,0.26260987153482085,0.26264310826647436,0.2396448370667508,0.23188209843158464,0.26265266573527424,0.2626858945470933,0.2627191203641116,0.23188536409516944,0.2627405037624476,0.23190952509687304,0.26276188330705114,0.23193368174445847,0.23196828400234265,0.23957113253446258,0.23199243209153567,0.26274774774774773,0.23201657582991758,0.2627691198991082,0.2628023240102689,0.239551432174383,0.26570592208961946,0.2628118526524363,0.2395641014094655,0.26571505763688763,0.2628213787203386,0.23957676722197208,0.26284273558146865,0.23194669547992075,0.2319812722279746,0.26285225533447376,0.23200540175557055,0.2628736046092906,0.23202952693883064,0.265640471689621,0.2656735226607858,0.2395139513951395,0.23954817514963322,0.2628476284762848,0.23957161499347523,0.2320014398848092,0.26285714285714284,0.26289030864752994,0.2629234714536375,0.23956271369443943,0.26559899230734624,0.23958614484930274,0.2629211461472718,0.23196293630802448,0.2629424729006432,0.23958801835027435,0.262963795817405,0.26556035258139954,0.2319557494266313,0.26297328896483496,0.26300643014524033,0.239568345323741,0.26302774155838315,0.23194856577645895,0.26304904913905497,0.23957022118324042,0.2630703528882895,0.2395936348107525,0.2654739964939093,0.2396170442286947,0.2630680030563171,0.26310112359550564,0.2631342411577008,0.23961891065971597,0.2654473554127533,0.23964231149456278,0.2631318804762975,0.2631649892163911,0.2318371748214045,0.2318716865845988,0.26317444629138775,0.23189577717879606,0.2631957234625578,0.2632288204114635,0.239590351704622,0.2632500898311175,0.2653492027846396,0.23187819994610617,0.2632595320429335,0.2632926172085504,0.2318918676186627,0.23192635832959138,0.2633020519958691,0.23195043103448276,0.23198491447043507,0.2633114842417168,0.23200897867564535,0.23204345483928893,0.26332091394712037,0.2320675105485232,0.23210197944252434,0.26333034111310594,0.23212602665948567,0.2633515842383987,0.2633846430013912,0.23213965176808474,0.26340587839353824,0.2634389302701247,0.23937721541705928,0.26346015793251976,0.2394006011934138,0.23943472409152086,0.2634695617065183,0.23945810156109815,0.2650607814112053,0.26347896294967255,0.26351199820587573,0.26354503049874417,0.23204915459478853,0.26356623912458516,0.2635992645410108,0.26502242152466365,0.2636204654499798,0.23939556990404448,0.26364166255660676,0.23941893830703012,0.23945303743555257,0.26365103559580383,0.23198995830905098,0.26367222521068673,0.23945492850419114,0.23948901837740924,0.23199318721706783,0.26366977411258513,0.26370277416752563,0.2649009590391682,0.26372395249831954,0.2637569456891916,0.23945870860778778,0.26377811631866654,0.23948205564765446,0.23194444444444445,0.26378746471932263,0.26382044619657735,0.23195807015186132,0.2638416054470525,0.2638745800671892,0.23945176027949475,0.23948582433824517,0.23951988534575422,0.2647677907653724,0.2638602776533811,0.26389324257758273,0.26392620454952537,0.23951103747817132,0.26394734485537746,0.26474143720617865,0.23952363896848136,0.2639566638313113,0.23954696033664608,0.23958100183535522,0.23961504028648165,0.23964907569043462,0.2639423507295676,0.23967238061137716,0.23970640887934122,0.2397404341015887,0.23176407410722277,0.23179845169373967,0.23183282620368714,0.26462034095485254,0.23185682326621923,0.2646414030692139,0.23188081603435934,0.2646624614145752,0.26469535653574305,0.26472824871393424,0.26382179280730006,0.23187368609384085,0.23190804186420969,0.2647256138467731,0.26475849731663686,0.26380752202495417,0.263840443609695,0.26387336225014535,0.2639062779467001,0.23188016990833893,0.2395600464991505,0.23959404479814012,0.2647085121602289,0.2647413831642005,0.23960661600357622,0.26476241562737474,0.2396298945109959,0.2638448129441738,0.2647716099043533,0.264804469273743,0.2648373257061137,0.23962103946015997,0.26485834301546163,0.23177979355645917,0.2638069705093834,0.26383986417050176,0.2638727548923242,0.26484385471116473,0.2648766976411723,0.26388206388206387,0.26489770392209416,0.239558672443829,0.231731284616759,0.23958193755862253,0.2396158999553372,0.23964985931847618,0.26487138263665594,0.26490421113740903,0.23171385192462265,0.26380888591203394,0.23964100732273622,0.23967495646738401,0.2648897222966336,0.23969820081253626,0.23973214285714287,0.263782866836302,0.2648870636550308,0.264919876802214,0.26379217996786286,0.2316447221602321,0.2638132643042042,0.23970187887713662,0.2397358086397715,0.26382257128832165,0.2397590361445783,0.23162732586676185,0.26485811172586116,0.2397715611475483,0.23164093869902738,0.26486727637742585,0.2637847965738758,0.26488825444974795,0.23976269069497724,0.2649092287791605,0.2649420160570919,0.23977521073993133,0.264962982784765,0.2649957632787763,0.23978772743489118,0.2398216276477146,0.2650049050209578,0.23155125518348418,0.26368824683431424,0.23982344286414908,0.2398573339277753,0.2649904150505996,0.23154422253922968,0.26501136718227614,0.2636622982972274,0.2315578337419211,0.23159208415047244,0.2650086910014708,0.2636598627328639,0.2636926779268238,0.26501782531194296,0.2397843233367497,0.2398181980215667,0.23985206968765316,0.265015148814828,0.26504789485408775,0.26508063797558584,0.2636432485410077,0.26510156806842483,0.23150251681589382,0.26512249443207125,0.26364081778094517,0.26367361482273294,0.26370640894312564,0.2651198004809833,0.2314851926074371,0.23975774848592804,0.23979160172774636,0.23149879775581084,0.2636804844383098,0.23980409617097062,0.23983794132051112,0.2398717834565043,0.2650580955348796,0.26366631054131057,0.23988426441130647,0.2636873497729903,0.26505541460809184,0.23144027060708564,0.26369664871600873,0.2398753894080997,0.26371768056606293,0.26504093983624066,0.23988786543852622,0.23992168728308266,0.26371523915461625,0.23140238476597258,0.239934154913912,0.2399679686804876,0.24000177943858714,0.23140569395017793,0.2649793158667319,0.26501200960768617,0.24000355824400657,0.2400373599003736,0.24007115855014455,0.26363070354887486,0.24009427669320052,0.26365172536463893,0.2636844679621148,0.2401067140951534,0.24014050064470233,0.2636937577805442,0.26372649268661363,0.23130612607806525,0.26374749944432097,0.23133001422475108,0.2648797617460106,0.24011023202062406,0.2637450553357927,0.2637777777777778,0.23132305230878628,0.2637987734423607,0.26383148913478205,0.2638642019196587,0.2313263719173517,0.2648182706833733,0.26387346158972763,0.26390616669628575,0.24003731840597095,0.23131941359395825,0.26480387366176533,0.2639036958066809,0.26393639230666727,0.2639690859021054,0.2400177659338219,0.26399005151891985,0.23129191277701291,0.26476596500577315,0.2639992894888761,0.26403197158081704,0.2640646507703921,0.2399875677115709,0.2640856013852506,0.26411827384123604,0.23125416204217536,0.2399893456450324,0.2641274914546988,0.26469282670454547,0.24000177548936927,0.2647137150466045,0.24002485464471174,0.2400585833481271,0.23121643811298984,0.26408981982781576,0.24007100066563125,0.23123003194888178,0.2640990371389271,0.24008341467743366,0.23124362216602334,0.26410825199645077,0.24009582538485427,0.2646171590808269,0.24011888391074834,0.24015259048970902,0.2646263029496562,0.24017564091191343,0.2402093404887568,0.2402430370764591,0.26462370836844207,0.2402660753880266,0.24029976497716288,0.26401206101454416,0.26404469471910613,0.24031213975348054,0.2645976501884283,0.2403351658095407,0.2403688433745622,0.2646067913822147,0.2640187951593599,0.2646276595744681,0.23106245290545632,0.2640280117010903,0.23108629171652706,0.24033859244814748,0.264037225792156,0.2403616059558628,0.264589887889396,0.2403846153846154,0.26403473791483895,0.26406734603455917,0.26409995126489744,0.23103845472266524,0.26412085234572275,0.2641534508726854,0.2645404208194906,0.2403437278525868,0.26456127917792444,0.2310213482150766,0.26413924443066567,0.24034543844109832,0.2645586997918604,0.2641484368080772,0.26418102112208297,0.2642136025504782,0.2642461810936462,0.26427875675197027,0.2403152255722318,0.24034885780060208,0.23095311877462482,0.2642762284196547,0.23097693771856048,0.26429709631728043,0.26446244411986014,0.23099052845888288,0.26430626244744415,0.23101433882103026,0.264327123069434,0.2643596778475971,0.24027611841231913,0.26442477876106196,0.24029910180965444,0.2644456242810371,0.2644781666150511,0.2643337462396036,0.230966600309666,0.24029018844554542,0.264342902640775,0.26446390658174096,0.2644964394710071,0.2643520566121185,0.26438459157047456,0.24027065275075182,0.264405430504577,0.2644379587865924,0.24028299801017025,0.26445879023700036,0.23088826988548436,0.2644796180033602,0.23091206507803175,0.24027409372236957,0.2644887493921577,0.2645212624878437,0.2643769614993591,0.2644094766619519,0.26444198895027626,0.24025457438345266,0.2402881513236399,0.24032172529609333,0.2644394361217906,0.24034467520989836,0.2644602536343953,0.2644485683987275,0.26448106746785666,0.26451356366528234,0.264546056991385,0.23078282382046297,0.2645668595661969,0.26459934623199927,0.24029329917399178,0.2403268551236749,0.264608453690208,0.24034979242116422,0.26436426268603985,0.23074545133368662,0.2403621108412453,0.24039565486178574,0.2643617256148717,0.23074885199576123,0.24040796503156872,0.24044150110375276,0.26453578208467615,0.24046441815292247,0.24049794729174945,0.264544892734175,0.2643125137938645,0.2643449858757062,0.26455400097100235,0.2643657869185277,0.2643982523500596,0.2645631067961165,0.2645955606548696,0.26462801164945726,0.2646604597802586,0.26469290504765264,0.24041473637767483,0.26471366804906027,0.2643490536903869,0.24042703370389978,0.26472274912876614,0.24044993383325983,0.2404834369899872,0.23054869442484122,0.26432320381069996,0.26435564964276265,0.24048511576626241,0.2405186099841242,0.2646734576884068,0.2647058823529412,0.2647383041580317,0.2647707231040564,0.2648031391913937,0.26430649854510185,0.23048097694308514,0.26481220243343323,0.2305047388141944,0.264832936612889,0.24044607043681404,0.23051833568406205,0.2642690290449116,0.2643014543851917,0.2648186505663038,0.23052176978670896,0.23055567796236726,0.26482770776416675,0.2305794227803481,0.24039478322171307,0.26483676256774025,0.2642523570358622,0.2642847702541962,0.2643171806167401,0.24038588608431347,0.26482248260065194,0.2648548649958155,0.23053206483439043,0.24038757982823167,0.26486391262221437,0.2642797375258731,0.24039985908050027,0.26430049760007046,0.264332892998679,0.2305050416097926,0.26435364564987673,0.24039096552635056,0.24042440785418684,0.26480299361655296,0.23049832717027646,0.24043667737817492,0.2404701118056167,0.2643162111008407,0.24049295774647889,0.2647770784736587,0.23048147170143474,0.23051533688333406,0.2647861292026052,0.23053905390539053,0.2648068291824342,0.26483917807013685,0.2305526223160859,0.2404417264287914,0.23057633084029916,0.2648365668030443,0.23060003519267994,0.2648572559714952,0.2306237353743292,0.26487794149989,0.24041168191414497,0.2648986233891894,0.24043451490896298,0.2649193016403536,0.24045734388742304,0.23059671958137284,0.24048016885058482,0.2405135646132876,0.2649050298979951,0.26405803473290834,0.2649257012221929,0.26495801644172856,0.26499032882011603,0.26502263835773,0.26404395604395603,0.24047294624412113,0.2650316455696203,0.2404957588010372,0.26505229849696754,0.23049879147440122,0.2640182808929513,0.240497429362394,0.23051234730644168,0.2305461575640406,0.2405096660808436,0.26501471815825317,0.23055970477110974,0.24052189957386988,0.23058337726234404,0.2650120799472875,0.24053412984274797,0.24056748803092196,0.26502108222066056,0.24059027625279986,0.24062362758014932,0.2650300821219973,0.24064640786931318,0.24067975233829536,0.23052603846491612,0.2650274423710209,0.26383034773445735,0.2650480748123107,0.2650803406796031,0.26383950129505246,0.2651009657594381,0.23049910012729907,0.2651215872179791,0.24061800465259184,0.2305126404494382,0.2305464121132324,0.2406302115333977,0.2637907578882696,0.24065297525013166,0.26381148799859583,0.26384379113646333,0.26387609143960333,0.2639083889083889,0.26503751151669375,0.24063350004387118,0.2639175257731959,0.23047903140901912,0.24064569899548185,0.24067900693043248,0.26391508399491204,0.26394736842105265,0.24069119775448444,0.264976756424875,0.2650089900451695,0.23044202771443606,0.26502959877219906,0.2650618258353065,0.2650940500723462,0.24066117151876534,0.23043535446534263,0.26510302498903987,0.24067335934417605,0.2304488865509381,0.26511199754525927,0.2406855439642325,0.2304624150777997,0.23049614305750352,0.2651093482929395,0.2651415549127881,0.2406766291248521,0.2407099035933392,0.2637483020025415,0.24073262641311016,0.26376900495114575,0.23045916579039608,0.263789704271632,0.2638219574169806,0.26385420773645246,0.26388645523041876,0.2650576021726751,0.26508979413053,0.26389558057027723,0.23042221443587946,0.2650987605658477,0.24064990803188227,0.24068316181300636,0.2651077246452969,0.24070587204974384,0.2651282949470181,0.2303953763299619,0.24071803852889667,0.2651372531850619,0.2651694247438928,0.2638007266996454,0.26518998424093854,0.265222149266798,0.265254311476845,0.2652864708714492,0.23034838935574228,0.2303820736137249,0.24065645514223194,0.23040567152422214,0.23043934885349204,0.26526057847984946,0.24065809048744202,0.2637059724349158,0.2637381869093455,0.2406702541890887,0.2637588590427859,0.26523469968065094,0.2637795275590551,0.2652552381785574,0.26380019245910247,0.2638323929493067,0.24064030790762772,0.24067351847802318,0.26384151141432693,0.2303319193597761,0.24068567430470528,0.24071887708251344,0.265194578049847,0.2638275545450571,0.240731024833858,0.24076421982249815,0.2407974119087173,0.26382513661202184,0.23028501486273825,0.2408095467062989,0.23030859340851473,0.26382271952445474,0.23033216783216784,0.23036580569031073,0.24080062931561927,0.2650876196302932,0.23037930431742704,0.24081275944942102,0.26509656558594774,0.24083540874732381,0.26511709192590005,0.24085805408711608,0.26513761467889907,0.24088069546983532,0.26515813384588505,0.26519023282226006,0.2652223289944964,0.2652544223629614,0.2303022361984626,0.24086124819845395,0.26526334177657435,0.2652954277479366,0.2303056768558952,0.26531592506877427,0.26360143218932847,0.24084181111644762,0.26532483409011526,0.23029906134031872,0.24085392473587705,0.24088706508927402,0.26357604330364937,0.24090968614954822,0.2409428197293758,0.24097595041683034,0.23027234636871508,0.24099855976956314,0.2652526839486777,0.2635391664848353,0.24101064758247512,0.2652615961949644,0.2652936556418536,0.2635368035254592,0.26531413612565447,0.2653461890842459,0.24099118750545329,0.24102429873925751,0.2653550863723608,0.26538713195201746,0.2654191747361075,0.24102586470100754,0.26543963712491275,0.26346548039600504,0.2654600959441779,0.2654921285595918,0.2634746206174778,0.26551258012471113,0.2655446062614459,0.2634837584477872,0.2300749912800837,0.26350438156690065,0.2655418955445113,0.263525001089847,0.2409328683522232,0.2635456170175668,0.26553918577281843,0.2655711981868108,0.23003835425383543,0.23007191109174113,0.26558005752636626,0.23009543731206694,0.23012898727557957,0.26558891454965355,0.2408714596949891,0.2656093416408871,0.2634628790519345,0.23012242408399775,0.26561819290755423,0.2656501851448486,0.240852064819655,0.2301258875288583,0.26565902953218923,0.24086414913541532,0.23013937282229965,0.2656678716083794,0.263391690619284,0.2634237686713409,0.2408552516983104,0.24088830829523186,0.2656535748497779,0.24091087212086906,0.26340996168582376,0.26344203056293264,0.24092294296909011,0.2634626267903008,0.24094549886818736,0.26561615809863753,0.23004265691651432,0.2656365614798694,0.2656685236768802,0.2409365887626757,0.2656889198363652,0.24095913660298535,0.24099216710182766,0.26339149732387623,0.2410147071621269,0.2634120871948832,0.2634441350504699,0.2410267565803785,0.2634647176542243,0.24104928872841172,0.24108230381068382,0.22993605637478795,0.2411048281861679,0.2411378365447349,0.24117084203201114,0.22993954681859696,0.2655475341393407,0.2655794737986519,0.2633936336754218,0.2655998608514154,0.2634142099312984,0.2411409191703987,0.26343478260869563,0.22990304769357853,0.26558560125206504,0.26561752814850237,0.2656494522691706,0.26342099543577485,0.24111101451795183,0.2298865562654844,0.2411335187760779,0.2634186622625929,0.26345067362016517,0.26561209856155754,0.26564401181992003,0.22987007343675314,0.2656643782045711,0.24110362806865088,0.26342544316996874,0.2298735717078681,0.26566165609522985,0.26569355749598156,0.2657254561251086,0.26575735198297207,0.2634002258709061,0.2410632845415454,0.2634207783182766,0.2634527687296417,0.26348475636237295,0.26351674121683244,0.2657199930519368,0.26575187806678535,0.2657837603126357,0.22977725674091443,0.265804098645363,0.2634915121781791,0.26582443344620993,0.2635120468851747,0.26354401805869077,0.2635759864565699,0.26582168591023525,0.2658535526715569,0.26358506944444443,0.26587387700186627,0.26590573734918843,0.24089745258863862,0.2659260545044263,0.24091993924929486,0.26355983684804307,0.2635917906885929,0.24093196806664352,0.2636123042214413,0.22963123644251626,0.2409439937529825,0.2409769217421482,0.26586561401986725,0.26589745814175414,0.2409889394925179,0.2659177654406662,0.22960489222361974,0.2296383034087952,0.24099050262370442,0.26591500433651344,0.24101296561293958,0.265935304830457,0.2634956423708971,0.26352757544224764,0.22961196618252763,0.2410040752622908,0.24103697923440412,0.26352522975550546,0.24105943040443886,0.229605548331166,0.22963894066143645,0.24107142857142858,0.24110432106791488,0.24113721071335703,0.24117009750812568,0.2296325186340787,0.22966590111366295,0.24118207816968543,0.26344295680055463,0.2412045060658579,0.24123738139595338,0.22965947491551858,0.22969284755014513,0.2412493501992722,0.22971626597357592,0.24127176643853418,0.26569064841685797,0.26338357588357586,0.2412837281822513,0.2656994369857081,0.2296998830713265,0.265719729776546,0.2657515264365825,0.26335844808175285,0.2657718120805369,0.2658036023553862,0.26583538987747324,0.2658671746471556,0.24122256374734838,0.22965367965367967,0.2633219341154063,0.24123452514933771,0.22966714279530798,0.24125692520775624,0.24128976412032027,0.22968060244092445,0.2413121564893755,0.2657953955340142,0.2632740490717902,0.24132410212029423,0.24135692960062308,0.26328314295604016,0.2413793103448276,0.26576966340745867,0.24140168721609345,0.26578992905346943,0.26582168966561404,0.2658534475300632,0.24140317487780613,0.2658737024221453,0.26322390900047576,0.22956491652971198,0.2632443887038879,0.26327624978377445,0.2633081081081081,0.24137334601746951,0.2658364681973451,0.24139571082670355,0.2414285096631934,0.2658452226545612,0.22951882754744715,0.2658654677503026,0.24142999178662516,0.265885709345552,0.22952236870542467,0.24144190871369295,0.24147469421273285,0.2658829630910191,0.2631920134837288,0.26590319792566985,0.22950607147487145,0.2659234292628122,0.2659551484250097,0.263178361562392,0.2632101965867358,0.26324202886027825,0.2659523912386054,0.2659841022982547,0.26601581061816926,0.2660475161987041,0.26607921904021425,0.2413614374568072,0.26609942556040256,0.22942040252224238,0.2661196285899374,0.26317153221627226,0.22943386449021894,0.24134208480870542,0.24137484347337967,0.26316925734024177,0.26320107076551097,0.2413867541663069,0.24141950524543454,0.24145225349680538,0.24148499892078568,0.26318742985409654,0.22937799456122934,0.24149689226519336,0.2631965125814666,0.26322831247302547,0.2415087825298865,0.26596754703953046,0.22936175721745133,0.26322602917062227,0.2632578209277238,0.2659647911632724,0.22936531906631574,0.263266891017344,0.2659735105051987,0.26328731665228644,0.2293688796859497,0.26330773876283325,0.265970754432127,0.2660024154589372,0.2660340737545827,0.2660657293194169,0.24138525898132573,0.24141797481455926,0.26607443184268403,0.2414402759810263,0.24147298520977967,0.2660831321145222,0.24149527874789808,0.2415279813744934,0.24156068118128907,0.24159337816864976,0.2631805836961676,0.26321234589188724,0.2416052416052416,0.24163793103448275,0.24167061764579112,0.2632100680975778,0.26600008619575055,0.2416824685399069,0.2632191338073691,0.26600879082995776,0.26604041883914337,0.229145122371596,0.2660605799474342,0.24166307626023265,0.2660807375813192,0.22914871618128554,0.2661008917416965,0.2416645127940036,0.24169717854835235,0.24172984148862853,0.24176250161519577,0.2660866569041261,0.26611826521383347,0.26309216192937124,0.2291029671418113,0.26612694858324004,0.26615854971364594,0.26308990699276613,0.26617868675995693,0.22909670197192802,0.26619882033839926,0.2662304115722404,0.2416806577984416,0.24171330176495912,0.2662390770952606,0.2290805785123967,0.2417251323548401,0.2662477403804769,0.24174736389068216,0.2662678602169048,0.26629943624392133,0.26633100955331784,0.26636258014544517,0.26295180722891565,0.266382685770836,0.26641425006453834,0.2629608914511896,0.24169678196523833,0.2629812862981286,0.24171900542028738,0.263001677635824,0.24174122505161735,0.24177383973504238,0.24180645161290323,0.2418390606855619,0.2629881300533288,0.26633122607835547,0.24185086436742065,0.24188346592130724,0.2629858961128311,0.24190566281119663,0.2663169662051767,0.2629949696891526,0.24191745485812555,0.26301534757749023,0.26631416043332473,0.2663456991789537,0.26302441540577715,0.2287986245433054,0.2663543368004814,0.24188765203936907,0.24192023379749011,0.26636297219476557,0.24194241512677267,0.26298826866056463,0.2663716053626676,0.2419541958492674,0.26299733608318293,0.2419763694951665,0.24200893624334077,0.24204150019332388,0.2663459060056706,0.26637742171055456,0.22869415807560137,0.2663974915166874,0.266429000944936,0.26293862474767,0.24201168184160798,0.2629589864719777,0.2286781757279052,0.26641473783656117,0.26644623840604603,0.2286916570054532,0.2287247745813654,0.2664548538061912,0.24197149235789112,0.26647490662430773,0.24199364643255775,0.26288903198111185,0.2664835164835165,0.2420054084216852,0.2628981028414456,0.26649212412549894,0.24201716738197424,0.24204969743787821,0.22864990129602608,0.2420718362442604,0.2421043597665637,0.26286204677107916,0.24212649103235218,0.24215900802334062,0.26287111721297407,0.2421811317516839,0.24221364221364222,0.24224614988631976,0.26638641043239536,0.2664178784369236,0.26284635841125503,0.26643791550503965,0.24223709041001887,0.24226958871209847,0.2423020842267776,0.22852609460096918,0.26642367066895367,0.24231379443420092,0.26644370122630995,0.24233589160914118,0.2423683759217973,0.24240085744908896,0.24243333619137444,0.266429459424701,0.2424554183813443,0.24248789060825582,0.24252036005143593,0.2626976983412627,0.2664152237270701,0.26271803882912614,0.26274963572469356,0.26642382686950933,0.24250085704490915,0.24253331619316965,0.2283828948496015,0.2664210120399332,0.2627249357326478,0.26644102651985774,0.2664724530888527,0.26650387696525724,0.2283670322138451,0.24249303919468837,0.22839030240726463,0.26650104938536,0.2626777454171664,0.24249432523876827,0.26650963597430405,0.26654104749261276,0.26267557382665296,0.22836466406885625,0.2665496274728098,0.262684649967887,0.26656961808528856,0.26660101896647687,0.2424437023717784,0.2626824778457982,0.2627140410958904,0.26659817644792605,0.2424449961475901,0.24247742156401147,0.2627118644067797,0.24249946501176975,0.24253188393392108,0.2665725167971926,0.24255391989044847,0.24258633232059565,0.22824133504492938,0.24260836078901202,0.2426407667294198,0.24267316989688958,0.2427055702917772,0.2427379679144385,0.22822553045859,0.24275997775591393,0.2427923688938318,0.262586081526156,0.24281437125748503,0.24284675591292074,0.2428791377983064,0.24291151691399734,0.26257269928156,0.22818045755826386,0.24292311639442402,0.26258177620045325,0.24294510005130837,0.24297746804053189,0.2281744335185977,0.242999444230687,0.2663303693570451,0.24302141666310434,0.2663503462426263,0.2430433853387476,0.24307573944263977,0.2281489079796555,0.2281818958885375,0.26633616821231676,0.26636752136752134,0.26639887184308364,0.2281856251602427,0.22821860445242062,0.22825158092633738,0.2282845545823542,0.26638468768691786,0.26641602939291664,0.26644736842105265,0.2282882651971464,0.24297308842375054,0.24300542480030754,0.2664445583461473,0.22829197454405672,0.26232168787904675,0.22831518257527225,0.22834813802528187,0.26643037109792034,0.22837133828678793,0.26645031811776765,0.2283945345858241,0.22842747961231374,0.26227478439074375,0.24292362208086068,0.2429559426229508,0.22843116328708646,0.22846409971826176,0.2429675161138857,0.266390643674236,0.2429894575099236,0.26222791293213826,0.2622593999402501,0.26229088426083985,0.2623223658942517,0.26636511052317147,0.26639641561766586,0.26233145587984297,0.2429491829159022,0.26235173649628807,0.2429711165152097,0.266382252559727,0.2623608207840962,0.24298268065864687,0.2623810945698076,0.26241255758403004,0.24299424184261037,0.24302652904546618,0.26634537467479846,0.262410440122825,0.24303808264744764,0.24307036247334754,0.26634258667007804,0.26637387003240665,0.2664051507269859,0.2664364287541571,0.26646770411426135,0.26649897680763984,0.22820480027283965,0.2282377014238213,0.22827059976981115,0.26649616368286444,0.2429990196496313,0.26229647941351975,0.24302092656523036,0.22826457551994545,0.26230556147453654,0.22828773544702974,0.26232581923552223,0.22831089142662347,0.2623460735438238,0.2623775031955688,0.2624089301691449,0.24297034764826175,0.24300259873045627,0.2663798244866661,0.26641107561235355,0.2664423240756517,0.2430037909443285,0.24303603373370816,0.24306827377656628,0.26643952299829643,0.24309015800008518,0.26232859211310794,0.24311203849593324,0.262348833248169,0.26238024270811156,0.2664140338925317,0.22816877421552348,0.24310286103542234,0.2281919196219507,0.22822477650063858,0.2663998978332127,0.2623446279584539,0.26237602690163025,0.26240742317187365,0.2624388167695254,0.2663857677902622,0.2281993445971826,0.22823218997361477,0.2663943146516873,0.24302127659574468,0.2664141951406323,0.22823589481746234,0.2664340722460962,0.2430224642614023,0.26236970857264413,0.26240108908363824,0.26643127579019016,0.22822018036413136,0.26645114636947553,0.24300297745640154,0.26647101356811703,0.2665022116366111,0.24301450261557436,0.2665220719571319,0.2623431852009356,0.26237455349549244,0.262405919122337,0.24300535759843525,0.22815595901186275,0.22818877551020408,0.26648526848348286,0.2623926536859111,0.26242401054287295,0.2624553647338888,0.2624867162592986,0.2664711383150557,0.2281633867471416,0.26649098945936756,0.2624845934803859,0.26251593710157245,0.262547278058731,0.2429032806391297,0.24293545234351763,0.22813801308744794,0.2625451455279371,0.2625764785859959,0.2626078089816034,0.24292633188886056,0.26640893835761925,0.2429481733220051,0.26260566670914576,0.22810296491377113,0.2664061504481162,0.22812606184165818,0.22815884476534296,0.22819162490444236,0.26640336348579435,0.26643451673178187,0.2428977875918298,0.22819532908704884,0.22822810071759161,0.26643172554347827,0.26646287097185073,0.22824148764541055,0.26648270006368074,0.26248089658685686,0.2625122044402938,0.26254350963579254,0.2664799015238338,0.24282682512733447,0.2428589618437248,0.26648841354723707,0.22819674914060178,0.2665082328976405,0.2428601739868449,0.2665280488839854,0.2624856791275937,0.26654786150712834,0.24286138571852858,0.2665676707679253,0.24288320393704127,0.2665874766672323,0.2624612904594239,0.26249257656740477,0.2665959703075292,0.24287410926365796,0.24290622216566993,0.24293833234371023,0.22808431231180287,0.2429601357082273,0.2665705440821,0.26660164532270375,0.26243480473222236,0.2666214382632293,0.2429510281958872,0.2666412278470279,0.24297282401322762,0.262421570289978,0.2624528381872907,0.22802034760491735,0.26662710355644104,0.24296371651407256,0.2666468867884542,0.26667796897516316,0.2667090485272303,0.24296490930666215,0.22799508412086283,0.26671751843376557,0.2667485910419933,0.26677966101694917,0.24295580695733232,0.22798915346157106,0.2667881201542177,0.24296729367903744,0.2668078796865071,0.2623061933406761,0.22798322531452536,0.22801592680447305,0.262315218772502,0.2623464633629818,0.26678243191732665,0.2280196510249026,0.26680218523694577,0.2668332345218938,0.2668642811772179,0.26689532520325204,0.24287589448278782,0.26229994072317725,0.2669037639188789,0.24288738357324302,0.24291943609500022,0.2622978579290492,0.24294120137154468,0.2668896037927531,0.2623068783068783,0.24295267925167188,0.24298472087019088,0.2668867445403758,0.24300647509416395,0.26229369445619977,0.26689518006009055,0.26231381178063645,0.26691490712139804,0.2669459253617669,0.22784006769621323,0.2669656456253173,0.2278630959935694,0.24295625687452407,0.24298828207622997,0.2669627749576988,0.2622562497356288,0.24299974621436427,0.2278475658757349,0.2669599052613771,0.24301120744343413,0.26224308551129155,0.24303294286801708,0.24306495263870095,0.26694574823459766,0.24308668076109938,0.2431186841993996,0.24315068493150685,0.26694288250961823,0.24317240213071784,0.22777425491439443,0.26695130199526546,0.24318383565118146,0.266971003466058,0.22777801259562958,0.26699070160608623,0.26702168124762266,0.24317471050629702,0.2670413726070236,0.26707234617985126,0.2277625184872174,0.2670920307614299,0.26712299826763003,0.2620415751225283,0.26714267607418984,0.26717363751584283,0.26205061045160744,0.22773741128759717,0.24310395809572086,0.26205964349074934,0.26715945089757126,0.24311539111336375,0.24314735819571737,0.26716783512120956,0.2671987837324211,0.24315878378378378,0.22769308728516532,0.24318047462207584,0.22771608326647808,0.2671845971964195,0.261980156217015,0.24318162627712572,0.2620002533034998,0.26203140830800403,0.26206256068217315,0.2620937104263402,0.2431725127685619,0.24320445720074288,0.22766217870257038,0.24322613319827804,0.26710276429626506,0.24324780553679945,0.2671224205595645,0.26715334627394716,0.26203637284273595,0.2671729957805907,0.26720391544660566,0.22761792253818244,0.22765050837446738,0.2620232872089099,0.22767348660620124,0.22770606597485868,0.22773864259501414,0.26202125864687026,0.26205238517018853,0.26208350906790384,0.22774239804310237,0.2621035762483131,0.26711086745666934,0.26212364004385597,0.2277461522243306,0.26214370045538876,0.22776911076443057,0.2670967197908761,0.2671276192082297,0.22778246205733557,0.22781501623034442,0.26713599190624737,0.2671668844581208,0.26719777440566517,0.2672286617492097,0.22780915451403524,0.267248282547309,0.26727916385704653,0.2278224956803911,0.26729877791824697,0.22784543424213055,0.267318388673521,0.227868368937766,0.2673379961237044,0.2278912997682747,0.2673576002696326,0.22791422673463368,0.26737720111214086,0.22793714983781962,0.267396798652064,0.2279600690788088,0.2674163928902367,0.24280840668828707,0.2674359838274933,0.22796378184881028,0.2618546281478986,0.2674443087547901,0.2618746841839313,0.24278917007031875,0.24282105263157894,0.2428529325081049,0.26187268440552375,0.26741885235549195,0.26744969268333757,0.26188170911387076,0.24284391311668632,0.2428757839794587,0.2618907315430592,0.2619217980554737,0.26195286195286194,0.24287698329194898,0.24290884605672924,0.2619618735008206,0.24293048308365595,0.26198190616452766,0.2278044264916267,0.24294189422308243,0.2278273308650286,0.2278598174092305,0.22789230122002524,0.26730049219637375,0.24293286219081273,0.24296470786186009,0.2619247917893497,0.2619558359621451,0.26198687752355315,0.24296589140766287,0.24299772899318697,0.2619958787165146,0.227838519764508,0.2672301417097683,0.2672609536624338,0.2278518269352058,0.22788429196098217,0.267269287365987,0.2279071722862188,0.2672888552570732,0.24293761560450647,0.2429694396569843,0.2672971836906263,0.2429910470345929,0.26189475453934097,0.26192577648888327,0.24300243758930823,0.24303425089304476,0.2619347789544461,0.261965794007648,0.24304563408689805,0.26723811924870794,0.2619747899159664,0.2430570144111592,0.24308881606587682,0.26723522245095155,0.2672660057133255,0.267296786389414,0.267327564479543,0.24307976645524426,0.2619287634408602,0.24310134822966106,0.26732465350692985,0.26735542396371426,0.26738619183604906,0.2276907571494562,0.26740572772318805,0.2674364896073903,0.22770406449445751,0.2618717722635093,0.2674447896548829,0.22771736848734203,0.24303106633081445,0.2618697787666345,0.2277306691293762,0.26743063426100827,0.2618787777031565,0.24302203567681008,0.2430538067657181,0.24308557518781215,0.2431173409434279,0.22770573670737337,0.2277381451951322,0.26738282069573244,0.24311849613964417,0.2618218436621491,0.26185281530586557,0.24312985105936646,0.24316160429602282,0.2673574694802198,0.2277036664149677,0.26183984227526325,0.24316275167785234,0.26735455727528207,0.2673852864692559,0.26741601308560164,0.2674467371246435,0.22767875864961207,0.2674662417176885,0.2431333081729358,0.2431650452868165,0.26177198205375485,0.2618029350104822,0.24317638673430883,0.24320811671977194,0.24323984404477425,0.2276347782342584,0.22766715573255084,0.2617790073775989,0.22768998616758185,0.24323078212758822,0.26178800452659373,0.2673512154233026,0.26180797116633836,0.24323191685525103,0.26735951053932866,0.26739021119678175,0.24324324324324326,0.26740970418168103,0.26744039887711063,0.26747109100050276,0.26750178055218066,0.26175115207373273,0.24322399564324912,0.2617711126005362,0.24324550747706614,0.2674876434615062,0.2617801047120419,0.2675071201206232,0.22754114838547557,0.267526593517045,0.24322626575652248,0.2432579564489112,0.24328964448724927,0.26752365798509337,0.22752585521081942,0.22755819795679116,0.2675319238015491,0.26170141505484384,0.26173232302089,0.2432602143335566,0.267528988237264,0.26755964838844704,0.2675903059729605,0.26171940398459737,0.22751433474239316,0.2275466644345861,0.2617283950617284,0.2275694676933378,0.22760179101979328,0.24320026780483722,0.2617264320682874,0.22761506276150628,0.26752018743985606,0.26173541963015645,0.24319123122620592,0.24322289156626506,0.24325454925747753,0.2432862043001757,0.2275902455347806,0.22762255312029447,0.26747249989543687,0.24328732747804266,0.26167872527288694,0.2617096018735363,0.2432986241793167,0.24333026678932843,0.2674472088647292,0.22758822545576182,0.2433415562152444,0.24337319173843966,0.2674442911492955,0.2674749163879599,0.26750553906609253,0.2275729454059025,0.26752497596455294,0.24335395418826283,0.2433855799373041,0.2615982613056925,0.26162912191248383,0.2433968572383818,0.24342847590789418,0.24346009193480986,0.22752914629559984,0.22756142403476518,0.26745497848159444,0.243461184925211,0.2615834551911427,0.26746323529411764,0.2616033755274262,0.24346227755033836,0.26747149003717785,0.26750208855472013,0.261601436865628,0.26752151031659843,0.2675521029110805,0.2675826929502172,0.22747964084359992,0.26158857429215737,0.24341253601703763,0.2616084850509437,0.2434339638398263,0.2675574112734864,0.26161746899920674,0.26757682030728125,0.22744541393562392,0.26759622610002504,0.24341473596326446,0.24344631825012522,0.2434778979004049,0.2675932882544453,0.2274301932467966,0.2676126878130217,0.2676432536204666,0.2434688256405976,0.2676626465801444,0.2615172759138708,0.2676820363029418,0.2677125928398565,0.267743146826887,0.26151535380507346,0.2677625265968543,0.22736754276178556,0.26152434191314505,0.2677707325212748,0.2273808034038293,0.24338867106031534,0.26152241918665275,0.22739406072739407,0.2274262835217083,0.26153140378680456,0.2433796238375245,0.24341117597998332,0.24344272549101373,0.24347427237094488,0.22741108285035233,0.22744329553035356,0.267667292057536,0.24347536062703243,0.22745653895860257,0.26146406536601635,0.24348659802409436,0.24351813255523136,0.2676420324288275,0.22745081693897967,0.24352936273079648,0.24356089022255564,0.2676390914773911,0.26766961160193364,0.2677001291828145,0.2677306442203517,0.22742614275594816,0.26775,0.24353151952002,0.2435630364136322,0.2613423322084739,0.2613731044825862,0.24357425536346594,0.24360576522536032,0.24363727246219852,0.22738253915361545,0.22741471948019493,0.26768013327780094,0.24363833243096913,0.26132766949858405,0.26768833548494564,0.2613475472640959,0.2436393920466375,0.22739007328447702,0.26768538951575965,0.26134565742359894,0.26770473375244597,0.26773522064945876,0.2677657050081179,0.26779618682874035,0.2273654414519419,0.24358974358974358,0.2613111342351717,0.24361108798801298,0.26778207849502644,0.2613201265190611,0.267801406633651,0.24361215147732002,0.2678207315550747,0.26131824234354195,0.2436233512253984,0.26133810435216775,0.24364468483461618,0.22728407388916624,0.24366601489370554,0.261336217655379,0.24368734140355255,0.2437188019966722,0.2437502599725469,0.26133433158639047,0.22725949340764465,0.24376143736483113,0.2613433146184238,0.26769525076935874,0.22726327608433483,0.26771457085828343,0.22728595783608466,0.24374220374220373,0.24377364766537774,0.24380508897388992,0.2272897351681703,0.26128710401596406,0.2676782373726876,0.2438061190555371,0.22729351124412853,0.2676864244741874,0.26771686271249845,0.24380714879467996,0.26125264951581395,0.22728783974731942,0.26127249303910566,0.2677027925531915,0.26129233326407647,0.2272916147261697,0.24377778701126024,0.24380920724613594,0.26768872823964435,0.26771915247195677,0.24382036475426863,0.2612578929877036,0.24384164831969427,0.24387305807094792,0.26770508826583594,0.22723874397740487,0.2677243842671429,0.2438740759199269,0.24390547780223432,0.24393687707641196,0.2677214401395291,0.22722365252055476,0.2611800855375161,0.2677296130210928,0.26119991696076394,0.26774889977580335,0.2272180014115498,0.26776818332779806,0.2272406492589979,0.22727272727272727,0.24386700427545557,0.26116553212684707,0.24388826630141536,0.24391964804515648,0.22726706785640174,0.2611636786188579,0.26770967340332824,0.26774006141588513,0.26777044690651064,0.22726141078838175,0.2611509895854944,0.24388017591901087,0.24391154628054598,0.2611599734483903,0.26774528106202033,0.26117978926408364,0.2272369021446053,0.22726895636303301,0.22730100792235264,0.2677312318540025,0.26776160258803033,0.2438619774386198,0.261145440218969,0.24388322136518206,0.26116524984449513,0.26774755349145796,0.2677779159928681,0.2438842358404511,0.24391558522326795,0.2677860696517413,0.26114174370880144,0.24392670591161594,0.24395804833561333,0.26115072127342065,0.2611813471502591,0.2677609218270745,0.24395905002694077,0.26119031830238726,0.22715404699738903,0.22718607542478242,0.2272181011976296,0.24394994198574507,0.2272407077445821,0.26116681859617136,0.26119743111663557,0.22725389459728207,0.24394083771802627,0.24397216007954264,0.26119557562450807,0.26122618061309033,0.22724824986537426,0.26762488609063045,0.2676552209750238,0.26768555334658717,0.2612135017601988,0.2677047958253955,0.2677351223754504,0.24391253934073215,0.24394384860656756,0.2612008281573499,0.24396505320690653,0.2439963564094071,0.2440276570198319,0.2611989732549474,0.24404885116953012,0.24408014571949,0.26766568696444093,0.26119711896680187,0.22712032782813857,0.2676738410596026,0.24407102355034974,0.2611952652926082,0.24409220709349005,0.26767091541135574,0.26770122077384645,0.26773152362823804,0.22708652294451112,0.2677507447864945,0.24407298605651867,0.244104261481175,0.2611393819039345,0.2677478073804402,0.2677780995325363,0.2678083891784562,0.227052740434333,0.24408504301786896,0.2270753195185507,0.2678054429646786,0.24409611646470078,0.2610835401157982,0.26111409784541584,0.24410718716400628,0.24413844436174173,0.24416969897452862,0.24420095100268763,0.22703216736955265,0.2677471368917187,0.26777741028609225,0.2610690809872256,0.24419181479950391,0.24422305816212642,0.22701719576719576,0.26776340263712645,0.2677936678515334,0.24422401322587312,0.2442552488014548,0.2678017936107782,0.24427638647822134,0.2610025207653209,0.26103305785123965,0.22697409197967025,0.2677877861333774,0.261042019584349,0.2678069740538754,0.2678372237141087,0.2678674708749897,0.2442268765233197,0.2678866490416391,0.261018629435334,0.2442379182156134,0.2442691338647722,0.2269122749050058,0.2610168091521084,0.2678615676881143,0.22692545942597564,0.22695738354806738,0.22698930503365405,0.22702122388306217,0.24422973698336017,0.24426094137076795,0.2609718839023987,0.24428205763355626,0.26780332741609214,0.24430317040951122,0.2678224974200206,0.2443242796994964,0.2678416642588847,0.26787188377084364,0.22695942878368897,0.26789104416013204,0.2269819652511246,0.24430505117200396,0.2443362357116329,0.24436741767764297,0.2678770373426862,0.2679072454200363,0.26084086314312827,0.26792639656737355,0.26795659886959033,0.26084983498349834,0.24433810486366073,0.2679646893820642,0.26799488512147834,0.24434911730737502,0.26083728603835843,0.2680029695619896,0.2680331587412876,0.268063345430551,0.26083549837106684,0.22684536082474227,0.260855222465053,0.26088570014844137,0.22685853296499403,0.244289601715181,0.2608946608946609,0.2609251319261214,0.2680051119264542,0.2442905433259131,0.2443216950410157,0.2443528441879637,0.24438399076707473,0.26799109718901987,0.26089106870543627,0.268010220903396,0.2443849165464661,0.24441605538613698,0.24444719165945522,0.26800725234877204,0.24446825167909678,0.22674083230325504,0.26801532693337726,0.26804548450889915,0.26082478474024634,0.2680645958638873,0.22673532440782698,0.26808370406986326,0.24442888330518597,0.24446000494274653,0.26080151571316773,0.22672981878088963,0.26806968411515175,0.2608104768964665,0.2680887863937734,0.26811892604183823,0.2681490632077414,0.2444206538746603,0.22670564499526497,0.2267374835309618,0.26077648318168717,0.24442157266364758,0.22675064838829195,0.26078544376749546,0.24443255258716504,0.2680908866386762,0.2267544762296769,0.2681099769509384,0.2607729349302383,0.26812906412050375,0.26815918350549406,0.26078189300411525,0.24439323484630263,0.26080158011686283,0.2608319960498704,0.260862409479921,0.2681341287800864,0.26088208672755697,0.2681532068951331,0.2681833141352641,0.2608910280143157,0.22665569724393253,0.24433384064826622,0.2266781836130306,0.22670999054004032,0.2681582627292918,0.2443347727740078,0.2443658496463234,0.26816630340913766,0.24438687392055267,0.26818536946420496,0.2682154605263158,0.26824554911393445,0.22666721486719843,0.2682646055174115,0.26829468837362275,0.24435765673175744,0.2607498150127436,0.2443786739014264,0.24440973364024993,0.2444407908257635,0.2682696259761611,0.260737330976943,0.2607677132993589,0.26827764763900874,0.2607873756883373,0.226587220053421,0.24441157133464825,0.24444261823560834,0.26826362067548687,0.24446361806154732,0.2682826622843057,0.22657244977609795,0.22660422315339743,0.22663599392022346,0.2682796582320079,0.2683097145204354,0.26833976833976836,0.26836981969031093,0.26839986857236736,0.26842991498624175,0.22661190965092404,0.26844893433534556,0.2684789750328515,0.22662505646121628,0.26849798801018315,0.2685280229932252,0.22663820003284613,0.22666995114340846,0.2443139830856392,0.26852498050002055,0.24433497536945814,0.24436599482779853,0.26052869222559727,0.2605590444526536,0.2605893941881465,0.24436691976195363,0.2443979315439547,0.26847785940000823,0.24441891004596192,0.2605769625343674,0.26848584324989744,0.24442985515571786,0.26850484162153293,0.2605752266852665,0.2444407975711824,0.24447179487179488,0.24450278962914343,0.24453378184354105,0.2684797768479777,0.24455473973501785,0.22649712879409353,0.2605307411508962,0.22651956361250103,0.24455563302300784,0.26053969816272965,0.22653270453147425,0.2605593373246945,0.2605896584245705,0.2606199770378875,0.2606502931649514,0.24452644526445264,0.22651797794268377,0.26836667759921284,0.24453736727749764,0.24456833647618267,0.2445993031358885,0.2606164945072963,0.26064680083616837,0.26067710468071154,0.2446001885323169,0.22647540983606557,0.2683086758739396,0.26833866076551105,0.22648854649018563,0.26065399114899196,0.24458102847777094,0.26067360485126606,0.2264923997213914,0.26831366764995085,0.24458191650620673,0.22650553052027858,0.2683216582688132,0.2683516303457316,0.22651865809200017,0.268370607028754,0.2265410608232644,0.26838958060288337,0.24454273661793013,0.2684085510688836,0.2265449035587043,0.26842751842751844,0.2684574751238688,0.24453361723036607,0.22654874503541744,0.2445545365214543,0.2684544524053224,0.26050110537951365,0.24456543988209767,0.2605207139348289,0.2445863522862172,0.24461727384363488,0.2684294543817281,0.22650622134905044,0.2684484099373798,0.2446181550298764,0.24464906895846122,0.24467998035685054,0.244710889225355,0.24474179556428513,0.26842342158026106,0.22647299509001637,0.24475266969436602,0.2684313885934048,0.22648611054289572,0.26845033546064473,0.22650848844344446,0.2684692792276855,0.2447335051335542,0.268488219895288,0.260337846128676,0.26850715746421266,0.2685370741482966,0.2264845411418289,0.24471434997750788,0.2447452359532183,0.2685340421181762,0.22648838730781812,0.260293576481171,0.26854199035080545,0.24473608896520707,0.26030253475061327,0.26854993663382526,0.26857983811626196,0.26031149082287536,0.260341726618705,0.2603719599427754,0.26857680045777815,0.22642743286876202,0.2446869380415236,0.2264497936164126,0.22648140580302412,0.24469780556577173,0.26033834586466165,0.2685408409267356,0.2603579308654082,0.24469867211440244,0.22646674293185162,0.2447195326224619,0.22648909224609853,0.268515870746354,0.26033496732026146,0.2603651811609003,0.2685238134139368,0.26038475677000367,0.2604149648750204,0.2604451705125587,0.26852078738871193,0.2685506595336301,0.26045409996733093,0.24464045081465147,0.2685585953450388,0.22640970152300846,0.2264412869508411,0.24464132609316946,0.26043112599003837,0.22645437844458052,0.26045068582625736,0.2604808752092093,0.2685117152420606,0.22645822278460345,0.22648979591836735,0.24460226113219868,0.2446330911762305,0.26045790311390443,0.2604880835781913,0.26847582126096714,0.26850567208030685,0.22646590769984087,0.26048637179696427,0.2605165449426741,0.26850265197878415,0.26853249561421405,0.26052545691906004,0.22645127075429364,0.24455413233254467,0.2685294717519886,0.26052373959862946,0.26854835420320594,0.2685781874541153,0.2264366409723072,0.24453507340946165,0.2445658823049631,0.244596688687709,0.2685642050320108,0.22643125101940956,0.2604689092762487,0.2685721275381228,0.24458759734170507,0.2446183953033268,0.26858004810632313,0.22641663269465961,0.2604459663283193,0.24461927278656448,0.2604654954551013,0.26856607157414203,0.26859588343183205,0.24462014998369744,0.2686147450788605,0.2604531746678621,0.22637434288275807,0.24462102689486553,0.2604620838596634,0.2446418384809714,0.24467261540968913,0.24470338983050846,0.26046037889590545,0.26049050761834924,0.22634130443638734,0.24470425289229264,0.26049940934457616,0.22635437881873727,0.2685023013319213,0.26050830889540566,0.24469514926892844,0.26052781624175286,0.26849928731419265,0.2685290763968073,0.24469601335668037,0.24472676928088608,0.26853699254855656,0.26856677524429967,0.24473759211758478,0.26048367396791794,0.24475837641981843,0.24478912229278618,0.26855281905149603,0.2604819669461858,0.26857166117149023,0.26860143275805926,0.26049086246896497,0.2686202686202686,0.24476008302470392,0.2604997558196321,0.26052984983518496,0.26055994140148125,0.26059003051881996,0.2447509765625,0.2685844488749644,0.2605989095939458,0.22612799544326456,0.22615947925142393,0.2685814246775965,0.26059718493206413,0.24472196233169263,0.2606166612430849,0.2685784014643075,0.26860815098023266,0.22613576280148046,0.2686269725069139,0.26060433527186955,0.24469296461976414,0.26062380545728114,0.24471372804163954,0.24474443947464725,0.2606326746360901,0.24476519617808498,0.22609367376809236,0.2685693377241127,0.2606309456053338,0.2606610024797756,0.2606910569105691,0.24474614853054755,0.2685554019998374,0.26069991464455555,0.2685742155747033,0.22605161552529973,0.2685930260911973,0.2686227496240907,0.2260646944083225,0.2686415539030436,0.26867127184071515,0.2446873349315347,0.2606452137168861,0.2447080810953561,0.24473876655561874,0.2686573227706683,0.2686870328241794,0.2260226672624609,0.2687058250060931,0.2447296803282018,0.24476035743298133,0.24479103204581454,0.2448217041670051,0.2448523737968566,0.2686809616634178,0.22598984771573605,0.26053764314139527,0.268688837454826,0.26055708949163553,0.2687076210970807,0.2687373122208689,0.26876700093378264,0.24480350763234818,0.2448341655502781,0.22594787691808071,0.24485488126649077,0.24488553336580612,0.24491618297682347,0.22595178180047082,0.24493688867242988,0.2687094155844156,0.2449575910068585,0.26872818764710654,0.2259465162520797,0.2687469566628794,0.24495840941367417,0.26876572263247583,0.24497910496206435,0.2687844855566375,0.24499979715201428,0.26880324543610545,0.26035454951117604,0.26882200227162095,0.26885166105544966,0.26888131743327653,0.2603528696004867,0.26890006489292667,0.2689297156993957,0.26036174872252416,0.24494099517417575,0.26038118410381184,0.26041117554032683,0.26891574081583003,0.2604306045493249,0.2604605903340902,0.2604905736874113,0.24491202464931486,0.26890177159768114,0.2604994324631101,0.26052940938019375,0.26055938386704497,0.2605893559239593,0.26888780804150453,0.2689174401167268,0.2448731458215125,0.26058763931104356,0.24489382395850218,0.26060704299550186,0.2606370046194991,0.2606669638153896,0.24489465153970827,0.24492524614075606,0.2688598979013046,0.2688895191022161,0.24493599092529575,0.24496657889406523,0.22559345377947015,0.26888645845991815,0.2689160725858717,0.2689456843128519,0.26897529364115025,0.22558827102992993,0.26899400615583996,0.26055967278176,0.2690127156394266,0.2690423162583519,0.24489795918367346,0.26055796250556745,0.26058790185440117,0.26061783877889794,0.26064777327935224,0.22553742763450874,0.24487895716945995,0.2689956685422823,0.24489961139896374,0.24493017607771705,0.26900348093580506,0.2606144007771077,0.2606443257244617,0.26067424824962565,0.26070416835289356,0.2607340860345595,0.24490126254451278,0.26896774976732896,0.2689973294488954,0.22545013149908963,0.269016022010034,0.2690455961483999,0.26070070394044825,0.2607306120797767,0.24486245954692556,0.2690425144613891,0.24488310007280964,0.2607288759454759,0.24490373725934314,0.2253993933265925,0.26073768502790584,0.26901767298904034,0.26904723390488516,0.26074649197298716,0.26077638495754146,0.26905503214588977,0.26079573022804464,0.2690737071928193,0.22535780706719497,0.2690923792197291,0.2691219275549806,0.269151473501233,0.22536179157571348,0.22539310400582077,0.26915925626515763,0.24477587809708581,0.26073074124969686,0.24479650810330195,0.24482702877465243,0.26914528187512626,0.22536975672836013,0.2691639390633208,0.24482786487796993,0.24485837811628752,0.24488888888888888,0.2449193971960729,0.24494990303813832,0.26913909425120186,0.22533731922113598,0.2606342153100384,0.2691468734852157,0.22535040594579311,0.24493093141610792,0.22537259178480554,0.2691437802907916,0.24494164209846128,0.24497213472255877,0.24500262488389937,0.22536746890647713,0.26056935190793457,0.2691189534038601,0.2691484636815117,0.260578165374677,0.22536234809641084,0.26059749697214374,0.26062734649388397,0.22537542386565476,0.22540669277035483,0.26063615080326147,0.24492431886982846,0.2449547949628673,0.24498526859587522,0.24501573976915006,0.22539246942975907,0.2606133979015335,0.26903676203543037,0.26906625776773463,0.2690957511197192,0.26912524209167205,0.2691547306838814,0.26059065601549264,0.2606204865453665,0.26916249798289493,0.26063979991125097,0.2691811214199274,0.22532370618369568,0.2691997418522104,0.2692292179244141,0.22533677502621602,0.26061705989110706,0.260646878528795,0.22534984070653707,0.2692152592951044,0.2606556715996613,0.26923387096774193,0.24482883754687312,0.24485928554148859,0.2692416239970971,0.2253265602322206,0.24486998588994155,0.24490042731597195,0.22533962188092072,0.26060141889712995,0.2606312225402072,0.2606610237807336,0.26919511506992866,0.26068031597614055,0.269213718615242,0.26924316917868946,0.2692726173685271,0.22529819471308832,0.26929121166942016,0.2606575872350713,0.244812442080664,0.26067687348912166,0.2692881028161637,0.26931754089114496,0.26068565443338837,0.2607154366741863,0.26932527693857,0.22524772416015468,0.24477383493776936,0.2607137103270501,0.22526078376092473,0.24478453483689086,0.24481494905561596,0.24484536082474226,0.26927878226553376,0.24486590964000968,0.26929736259311454,0.24488645514575616,0.24491685791359666,0.2252194218536114,0.22525061395386287,0.26928341384863125,0.2606175274747393,0.2606472908783512,0.24489795918367346,0.2252455321204315,0.2692694707184544,0.2606455767527972,0.26067533303819374,0.24488892466194462,0.2449193126483963,0.26925553319919515,0.22522232505734174,0.2252535007242878,0.2692632680159337,0.24491027601190954,0.2252665459666063,0.2692710009655616,0.22528865108420162,0.26060020918818894,0.26927873204875497,0.26930812550281574,0.2693375165922529,0.26059850374064836,0.2606282427703817,0.24485199485199485,0.2448823647697567,0.2449127322448323,0.260626533156392,0.26930191410648224,0.24492339860870962,0.26932046642541213,0.2449439105785855,0.2606143454486973,0.26932818719092994,0.2693575621130498,0.22516582914572864,0.2251969770059495,0.26060216264018976,0.26935444971460726,0.26938381767755937,0.2694131832797428,0.24488565572123308,0.2605899847279158,0.24490616083269703,0.2694100626908857,0.2694394213381555,0.26946877762597443,0.26057781170892436,0.24489713918354228,0.26947647555144844,0.26950582563278425,0.22510144228837733,0.2695243451711393,0.24488812115855862,0.24491845424600306,0.24494878489656557,0.26952120822622105,0.22508735992288229,0.24495943449273033,0.24498975862484437,0.2604819277108434,0.24501024055258824,0.26949642598988033,0.2604907039312533,0.2450208801798908,0.22505520979722948,0.2604994780374207,0.2605291685068455,0.22506825116428456,0.26946083744831184,0.2694901645925331,0.22508128939022923,0.26051701991008347,0.24497250431501624,0.26053624468170505,0.26947621914509334,0.2605554663669931,0.2605851426736766,0.24496348021510556,0.22504915927605443,0.22508025682182986,0.2694514666345652,0.2605729877216917,0.2694699674998997,0.24494463168030814,0.2694884653961886,0.26951777260691645,0.22505716692742808,0.2695362644415918,0.2449356171527137,0.2695547533092659,0.2695840519834744,0.26961334830739614,0.24493642963141218,0.26048768749498674,0.24495688790856227,0.24498716714789862,0.24501744395877612,0.26958857967760047,0.2696178675969365,0.22497995188452286,0.2696363417665691,0.26966562424825596,0.22499298400352805,0.22502405388069274,0.26041290839847664,0.24496913332798845,0.24499939872529763,0.26964085297418633,0.2604112389274119,0.24501002004008016,0.26964851108172017,0.24503045848028215,0.24506071414258807,0.24509096737997915,0.26964536165097175,0.260378265747716,0.26966382177345033,0.26969308438176137,0.2249288833687247,0.26971153846153845,0.2697407956412003,0.2249419117057928,0.26975924368064735,0.24503284730011216,0.24506308832365312,0.26976688296082674,0.2249369167300837,0.26978532521627685,0.22495894909688013,0.2698037645174209,0.2698330062872933,0.269862245715201,0.24502462659672447,0.2602306398654601,0.2602602602602603,0.24503523382447148,0.2698482603995676,0.26987749219312995,0.2699067216461828,0.24503602882305844,0.2450662503502662,0.26991433832359296,0.22487291358123523,0.26993275696445723,0.24506704022413447,0.245097254462499,0.24512746628246687,0.26992956619177205,0.260154467965905,0.24513805522208884,0.24516826057380656,0.26992637644046097,0.2248229504261193,0.22485396495158838,0.26993398679735947,0.24515922547607616,0.22486698403808458,0.22489799183934714,0.24516980679227168,0.22492,0.2451901923923043,0.2600591952643789,0.26008878934527857,0.24520076787713965,0.26986602679464106,0.2600975765816204,0.2601271643939697,0.2698736404350608,0.2699028349794074,0.2248700519792083,0.22490104354084203,0.245162322085399,0.24519249990005199,0.2698888622371472,0.26008394963022186,0.2452030700351775,0.24523324139585082,0.2600927332320729,0.2698748950797394,0.2699040767386091,0.24523400343711282,0.2699224682279594,0.2699516444870719,0.22482416879795397,0.26005994005994004,0.2600895069128107,0.2699484556678787,0.2699776250599329,0.26009828598825363,0.2601278465840991,0.2699852183292717,0.2700143815915628,0.24515639356050015,0.2601262283294719,0.2700219692430597,0.27005112637801565,0.24515716739225946,0.2700694943685598,0.22472942210152164,0.22476038338658147,0.27007707359929717,0.2451481511061417,0.2700954358503374,0.2600622903689506,0.2451587143142344,0.24518885251137906,0.27009222661396576,0.2600606834877036,0.27011058325681664,0.26007984031936127,0.22470160871821485,0.2247325562829315,0.2247635013770806,0.26007823102099464,0.26010776292157256,0.2247765006385696,0.24512112383765017,0.2700534759358289,0.26010614948721017,0.2451316839584996,0.27006105103547345,0.24515202298300215,0.24518214100466823,0.26009415895308013,0.2700578495910632,0.26011330088566187,0.2700761957952687,0.2701053135471517,0.22469982847341338,0.24515357000398882,0.26010131227314426,0.27010210593490747,0.2451641207673593,0.27012044348727765,0.27014955134596214,0.2451746690062211,0.22466802249072856,0.2600685860116437,0.22468997966426094,0.2701355661881978,0.22471193333599138,0.22474284347340723,0.24514611489853685,0.26004624461808323,0.27012158660554114,0.2600653751096229,0.27013991310240365,0.2600845025510204,0.27015823667742833,0.24511757672379433,0.270176557331314,0.24513789255539614,0.2701948750647591,0.27022395791822745,0.22466626818091254,0.27024226968441184,0.2600310794118819,0.24511913299864532,0.22467030558986414,0.22470119521912352,0.24512967610852157,0.24515974822723288,0.2702067481974266,0.27023581899298915,0.25998805018920534,0.24516051939775352,0.24519058429919943,0.27023259518878445,0.27026165916603606,0.24520111509358822,0.2599657520608498,0.2599952214080917,0.24521164337195875,0.22461575217010432,0.24523193310770455,0.259993629558847,0.270215391965601,0.2702444462138705,0.24523269238425097,0.27026273885350316,0.2599816886270451,0.24524321311997452,0.224575090554472,0.2702595128164305,0.25998009950248757,0.27027779988856165,0.22457913797906634,0.22460999681630053,0.2702853277090215,0.2452049343414246,0.2703036090883769,0.2703326436415725,0.27036167588429555,0.27039070581682184,0.2245872289635966,0.27040897517504775,0.224609141902375,0.2704272416262232,0.2704562631767373,0.22462211614956246,0.2246529573207112,0.2246837960385013,0.22471463230322555,0.25982341711740375,0.2704314973155697,0.22472759086932315,0.2450789358571599,0.2247494830602831,0.2704282476440415,0.2704572564612326,0.24507971850025845,0.25978053435114506,0.22474456327277065,0.2597996342530015,0.22476644802226198,0.2450707584671649,0.25980840322772986,0.27041100246442484,0.2598274971183274,0.24507154213036567,0.24510154604348,0.2598362610285351,0.25986567579382425,0.2598950882212685,0.25992449831114645,0.2703647778749106,0.2599435769062661,0.24507310870947235,0.2703722833644563,0.24509336511720303,0.2703905287831234,0.27041951374543144,0.24510388114249393,0.2704377532374672,0.22462760675273089,0.27045598983158564,0.2451046590141796,0.2704742235284772,0.2705031971087017,0.27053216838760924,0.270561137365474,0.24509570328012073,0.2705793590914506,0.22458703939008895,0.2705975779233671,0.27062653855316443,0.24508675110175884,0.2597665555026203,0.2706340069077772,0.22457324335053594,0.2450875312611647,0.22459510955859002,0.27063073075854405,0.24509803921568626,0.22460805715419727,0.24511827274170503,0.2706274556494821,0.2706564013016906,0.25969284495416484,0.25972222222222224,0.2706638625451371,0.27069280215855884,0.25973098440661824,0.2707109982542454,0.2707399325530649,0.2707688645560581,0.2597294402348554,0.24504125674389082,0.24507120472847,0.2245140817136057,0.24509142834477013,0.2597175947961288,0.2597469559354301,0.2451019275005949,0.25976601229426927,0.2707011421319797,0.22449141452194948,0.24510270441747958,0.25976446330147906,0.2706978588421887,0.2597835137385512,0.25981286178732854,0.2707053086468699,0.2598319061211545,0.25986124876114963,0.2450646158725125,0.22444206604035358,0.27069129538607895,0.25985968528280945,0.27070947284978203,0.24505568546629147,0.2598684210526316,0.22442832798319662,0.2244590631687406,0.2450564691896176,0.2598668568711365,0.2706740103815826,0.27070290831286153,0.25987558936566424,0.27072107765451664,0.2707499702864387,0.24502812772363522,0.2598740244820346,0.24504832831563936,0.22440087145969498,0.22443159312366315,0.22446231235394304,0.24504911280101394,0.245079013030219,0.2706930693069307,0.270721951605877,0.22445746871534927,0.2707401100859304,0.24507008790686624,0.2450999802019402,0.24512987012987014,0.270736825434533,0.24515005146884156,0.2707549784235322,0.25973871733966747,0.25976802185186654,0.2707624099437891,0.25978704033566874,0.24513141228625712,0.24516129032258063,0.25979577297554024,0.25982506827086715,0.2451717587462403,0.27072697771973564,0.22433715868618917,0.2707451228681097,0.27077397910731243,0.24516282198393544,0.2707921183825275,0.27082096933728983,0.22432346890330748,0.2708391027416228,0.2451538887570219,0.2708572332766328,0.2708860759493671,0.27091491634033465,0.24515465548611662,0.25970019380611475,0.27092232241733905,0.27095115681233933,0.2242743019852883,0.2709692727488433,0.2596883897500791,0.24512633951520424,0.24515618821668644,0.27096595626902853,0.22426063577415783,0.2709840667378326,0.27101288843203925,0.24514726230480333,0.24517710309930424,0.2710202790844764,0.271049094790102,0.22423811217834697,0.27106719367588933,0.24516817517094186,0.24519800806260375,0.2452278385962139,0.25956370534302875,0.2452479747085556,0.24527779973128902,0.2595724503101909,0.24529792950845583,0.245327749022087,0.2241801659423153,0.2709888981075422,0.2242019595448799,0.27100699245447,0.27103579047167575,0.24530910527355324,0.27105387896982147,0.27108267172255796,0.2594991705505964,0.2711007543741854,0.2453001579778831,0.27111883416926663,0.27114761867151094,0.27117640090036726,0.24530090033170115,0.259466929911155,0.25949616994393115,0.27117305642200024,0.2712018319646241,0.271230605235106,0.271259376233715,0.24527259089652995,0.2453023843360177,0.25946394031500414,0.27125601957843215,0.2240378922439313,0.27127407641300916,0.24529344436989384,0.24532322993132843,0.27128142389202414,0.27131018153117603,0.22402430843297425,0.27132822981611554,0.24531428796906443,0.2593907828282828,0.2713355691457881,0.27136431784107945,0.22401073105298458,0.27138235758245227,0.25937906820781886,0.2594082840236686,0.24527632046073133,0.27137898390659515,0.22399716009939652,0.2713970182219768,0.2714257542890949,0.24526739233317557,0.24529715660369916,0.27143307831847935,0.2714618084309318,0.22397476340694006,0.2714798312369386,0.24528822648056148,0.24531798288845957,0.2453477369500079,0.2592943031736645,0.24536781518568163,0.24539756376394528,0.2593030589719331,0.24541763569711064,0.245447378793851,0.2239170706712388,0.2714015450102475,0.22393883261734915,0.27141956333254513,0.271448275862069,0.24542875157629257,0.2714662883713599,0.2714949956655371,0.22392529256471885,0.27151300236406617,0.24541980221425475,0.2715310062248838,0.2715597053145806,0.2715884021430823,0.24542052393145558,0.25915859134956276,0.27159569858589044,0.2716243894753427,0.271653078104691,0.27168176447420245,0.22385884762317357,0.2453922495274102,0.24542196668373173,0.25911632669134443,0.2716676511124237,0.22385415025988345,0.2716856321612789,0.24541302464761006,0.24544273396590416,0.2716929133858268,0.27172158576433997,0.22384064246909693,0.2717395583198835,0.2454337899543379,0.2590434953749262,0.27174683145713613,0.2717754949423387,0.2238271410579345,0.2717934590105868,0.2590318772136954,0.2454055330368738,0.27180072406736977,0.27182937866446305,0.2238136460218777,0.2718473342514263,0.24539660056657223,0.24542628949128537,0.24545597607994335,0.25897950352098825,0.24547600314712825,0.24550568427677905,0.2589882778695618,0.2590174251661881,0.22376494650723724,0.271779744346116,0.24549673562495083,0.2717976953631966,0.24551675318546484,0.2237602737032522,0.27180495477782146,0.27183358892690024,0.2237731991192199,0.2718515314748555,0.24549815207989306,0.27186947120110083,0.271898097185092,0.2719267209183473,0.24549885997326834,0.2588938244427847,0.22374213836477988,0.2719232734562321,0.27195189057464036,0.27198050544354047,0.2454802703977362,0.2455099233641187,0.271987738740863,0.27201634770306915,0.22371109713926438,0.22374160084875633,0.2455009823182711,0.24553062748025617,0.27200220022002203,0.2720308018701135,0.22373693722008328,0.27204871341583187,0.2587602137020742,0.25878933102879365,0.24550239610338598,0.258808279979575,0.2455223880597015,0.25882722595341895,0.25885633493048466,0.24553273377056906,0.22368834432924914,0.2719811505988612,0.22371004476556977,0.27199905760395804,0.2720276425318046,0.2455141544622875,0.2720455437769925,0.2720741235130148,0.223696608040201,0.27209201900051033,0.2455052210096569,0.2721099116781158,0.27213848327837964,0.2721670526357106,0.24550592668184315,0.25872286981435694,0.27217425431711145,0.2722028177858012,0.2236480653009968,0.22367853078522937,0.24548736462093862,0.24551697076711793,0.24554657458997095,0.2721779730843175,0.22367388575015693,0.27219584918984663,0.24554727344056493,0.2455768702679377,0.2586301584810921,0.2721923665319892,0.27222091472503335,0.24557756422828006,0.25862880451835585,0.27222810526728636,0.27225664758020235,0.24557825797090083,0.2236078431372549,0.24559821183483,0.2722531566151674,0.2722816923499196,0.25858688833124216,0.2586159576553617,0.2722888732063044,0.2586348845414984,0.24557001724949035,0.2455995923007566,0.24562916503332027,0.24565873544745404,0.2586233929131389,0.22353310077215538,0.25864231402367327,0.2722320203801685,0.2586612321680514,0.22353724967668612,0.27223920369934945,0.2586700105803519,0.2235501567398119,0.2235805806982485,0.25867878692892404,0.27222505191395996,0.272253565271901,0.2722820763956905,0.22357596176447544,0.25866729345398987,0.2235976183014729,0.27227858513847,0.27230708969839407,0.27233559202538093,0.2236017546608178,0.2586456742255121,0.2454766194094149,0.27233209320540436,0.2723605889724311,0.2586443200062654,0.24547732790351634,0.27236775128235247,0.2235708692247455,0.27238557613249287,0.25863284002818887,0.24546842579180206,0.24549796429689946,0.2723820708553533,0.22355750411023254,0.25862136454378204,0.27238922811961797,0.2586402598927551,0.2586692759295499,0.24546984462447655,0.2454993738259236,0.2586780417172152,0.25870705173358377,0.27235374682058305,0.2587259352011269,0.2587549399381774,0.2454808670474998,0.25877381744199696,0.272339593114241,0.2723680607174993,0.2454815742117205,0.24551109024762352,0.2723752151462995,0.24553099941326031,0.2234217319877963,0.2723823678961161,0.2724108260325407,0.27243928194297784,0.25870160344153303,0.22341715224277503,0.2724464257781949,0.22343878309154186,0.24548369437710174,0.24551319648093842,0.272442915233031,0.22344293701372328,0.22347329736492297,0.25864967356034246,0.27243940578577014,0.27246784723036627,0.27249628645141116,0.27252472344916545,0.2454659161976235,0.2454954074653117,0.2725318533573048,0.24551530073865635,0.2585977802094732,0.27253898159365353,0.24552559593591247,0.2455550779570943,0.2455845576742732,0.22338139334974408,0.25857622880362585,0.2586051963274077,0.22339428035630568,0.24557565339688245,0.2586139542151731,0.22340716434235713,0.2455859375,0.24561540564821688,0.22342004530896023,0.24563527711596297,0.27241837212935477,0.22343292325717634,0.258572209638366,0.2724255086499785,0.24562636676038738,0.22343707290405718,0.2456462319406482,0.22345867010269024,0.24566609401842887,0.2724007340022645,0.2585304911376591,0.25855943782939683,0.27240787008119927,0.2585782878557208,0.2586072292919041,0.2234279245872204,0.24562841530054644,0.2586159790796612,0.2234407930684568,0.24563868399484837,0.27236184826724946,0.27239024390243904,0.24564895028486694,0.24567838607718423,0.22342750117059465,0.2456982324710289,0.24572766289504486,0.22344036518278648,0.22347066167290885,0.2723442437482932,0.22349223687290318,0.27236200507119174,0.25850366671867686,0.2456995748332488,0.2723691395584679,0.2723975194040329,0.27242589703588144,0.27245427245427245,0.22346150846267843,0.22349179113208284,0.2584620184058649,0.27245077013062974,0.2456523434453716,0.24568175615081686,0.2724578914535246,0.2584506218566026,0.24569200779727096,0.27246501111067795,0.25845937938562297,0.2584882859704518,0.25851719030170733,0.24568310270902358,0.25853601496725914,0.24570292707643138,0.25855483669810586,0.2724190342569858,0.2457131722525331,0.22337399166049648,0.2724261554048788,0.25854342828196236,0.2457138403990025,0.27243327488797975,0.2585521701862386,0.24572408150543498,0.24575346735234532,0.25856091004713855,0.22333463186599142,0.2724085543999065,0.27243689622935496,0.22334748568535037,0.22337773623120666,0.24572541382667965,0.2724334008412525,0.27246173618413366,0.24573564919386245,0.2724794579228163,0.25848909657320873,0.22335578832599975,0.22338602912545752,0.24572674531791458,0.2724653480766236,0.2724936733502044,0.2584676477458538,0.24572741075252072,0.27250077857365307,0.22336408579547667,0.258466329311016,0.22338562142384494,0.2457185115989413,0.2724866695208812,0.22339845878415193,0.27250437828371277,0.2725326899128269,0.22341129314705996,0.2584247801385322,0.2725397875403712,0.258443579766537,0.2456713746546827,0.24570072367909113,0.25845232074076957,0.2725256769374416,0.22338066524022562,0.2725433750875282,0.2584510055626872,0.24568227789015093,0.24571161849935821,0.2725398677557371,0.24573139901209598,0.2725575606720597,0.22335005639170846,0.22338025978066423,0.2725646509819172,0.223401773215119,0.27258233853093283,0.22342328330352282,0.24569384501730238,0.2583592534992224,0.2234361027953812,0.24570406655781044,0.2457333903510477,0.27254703778572537,0.27257531584062195,0.2583378683044391,0.27259299568546663,0.2457245024875622,0.27261067278168605,0.22339681305868636,0.2583265321985154,0.2726177522151407,0.27264601873081257,0.25833527628817904,0.272663687585001,0.24568697544295928,0.2726813536931266,0.24570673712021135,0.2233575507983993,0.2583139083139083,0.2726778291441669,0.2583326858829928,0.2456978596123218,0.24572715972653822,0.24575645756457565,0.2726637147518061,0.22332698955218083,0.27268137331054837,0.25830129325410695,0.25833009708737864,0.24573802959108385,0.27267785026405716,0.2233137886848134,0.2726955036110895,0.223335274703941,0.2727131542164932,0.27274139068990955,0.2727696249708828,0.27279785705966847,0.2728260869565217,0.24568145646519934,0.25824858318453536,0.2728331327873307,0.2582673497904052,0.2456821269163594,0.2728401769774121,0.2728683975627741,0.2582660664389941,0.27288602584500754,0.2456732634846721,0.2582748050133871,0.22322675772155828,0.2456834671943507,0.2457127337627066,0.27286129970902034,0.2582635009310987,0.2232222523955464,0.24571339902242223,0.22324372551301447,0.2582622187742436,0.2728365850820372,0.2582809712202312,0.2728542062599387,0.25829972075705865,0.22323056040333528,0.24567594818893973,0.24570520029472215,0.27284008065767024,0.22323471247431076,0.258278402481582,0.24570586638749953,0.245735111662531,0.24576435466987168,0.27281538342250133,0.25826710602830005,0.22321290122499612,0.2728224212117688,0.22323435925265525,0.27284003255940154,0.22325581395348837,0.2728576411766986,0.22327726532826914,0.24570786342673331,0.22329871337777088,0.2728540980430149,0.24571805006587616,0.24574727787034525,0.2581757594544327,0.2728505560075942,0.2581944982564897,0.27286815698733097,0.2457384162405083,0.2232595978770387,0.22328968776632835,0.2581832268061205,0.2457390765416796,0.2728434752294999,0.24575877294910528,0.2728610713040784,0.25817195972114637,0.22326788273111034,0.2581906901092092,0.27285753010881775,0.272885687732342,0.22327202323330106,0.25818942151320373,0.27289270918031516,0.25820814619792476,0.272910294630067,0.27293844367015097,0.2729665905307576,0.27299473521213996,0.27302287771455114,0.27305101803824416,0.27307915618347206,0.2581668989007586,0.22320702867980027,0.2232370926542302,0.24559773985061342,0.22325851393188856,0.25815564413141906,0.2730438820524727,0.24559842123592462,0.22326265284011762,0.2730508802476301,0.22328406716706647,0.24559910241033775,0.2456282884555865,0.2581144338272274,0.273036750483559,0.27306487176511546,0.2730929908711125,0.22326229064325223,0.2731105438230061,0.22328369754399535,0.27312809405940597,0.27315620528290213,0.2232964653105422,0.22332650141150084,0.2580433101314772,0.27315262364177717,0.2455339880906349,0.22333062676410315,0.27315960408289514,0.22335202010438818,0.2580221139720096,0.2233734101364673,0.25804082263800837,0.25806950403958406,0.25809818322381134,0.2581268601909474,0.24547773654916513,0.24550689908398718,0.24553605936461312,0.2581256038647343,0.24555572731488637,0.24558488232793602,0.22331710333101476,0.273039916534642,0.2730680061823802,0.25810440091186587,0.2455760760374005,0.245605223505776,0.27306444135373203,0.273092524628163,0.27312060573282854,0.24560590257658285,0.22326946847960444,0.27312758314342,0.2731556585554268,0.22328222162141284,0.2455970956279932,0.24562623102769088,0.2580134394068124,0.24564587758254489,0.2456750077232005,0.2457041356141638,0.24573326125569542,0.24576238464805591,0.2457915057915058,0.22323462414578588,0.22326461277121457,0.2730571748446126,0.25795243977764054,0.2730746960046323,0.24577317995831083,0.2730922144594125,0.24579280531110081,0.25794125593423134,0.2458124276341181,0.24584153448342402,0.2458706390861377,0.25794003010072164,0.25796866558616965,0.24588076403627243,0.2459098626331224,0.25797738935833625,0.24592946986650205,0.2579960646629885,0.2580246913580247,0.24593958566413332,0.25804336085178614,0.2729622343093006,0.2459496991205061,0.25805207328833174,0.2580806911980251,0.2729586917113434,0.2580993520518359,0.2459408384434417,0.24596991901272658,0.2729551502063168,0.22304488662656177,0.27297266031697065,0.2730006940695612,0.2730287256603046,0.25805829734731645,0.2730462273971546,0.22303184516924976,0.27306372643509774,0.22305319969159598,0.2730812227747581,0.22307455092128595,0.25802721350653357,0.2730881899475794,0.2731162073617267,0.22307870191937101,0.2731336956102825,0.25801603206412826,0.2731511811630506,0.22308285163776492,0.2731686640206543,0.22310419235511714,0.27318614418371673,0.2732141481081914,0.2732421498747833,0.2231083371860071,0.27325962168201257,0.2579551583326913,0.27327709079702606,0.2457241910631741,0.27329455722044604,0.24574377936984823,0.25794399722682276,0.27330149437682943,0.24575389948006932,0.2733189555572672,0.2457734817268071,0.27333641404805914,0.22303515730293813,0.22306507508663842,0.24577413268645798,0.22308640073925767,0.2578831863858622,0.2579117579117579,0.2733012512030799,0.2733292269787496,0.27335720060053126,0.27338517206867347,0.2230647830940375,0.25789068514241725,0.2733920942227012,0.22307751520283273,0.25789939575876536,0.2733990147783251,0.24568020011545122,0.2579081043638882,0.24569977296340478,0.273395413267662,0.24571934279887644,0.24574836475567527,0.2734023315763149,0.25788704216682057,0.27341976686030856,0.2734477187043164,0.2734756683977688,0.273503615940914,0.2229872677616648,0.24571120855450418,0.24574022077772223,0.223,0.24575977847005884,0.27347896315668024,0.25781640579933085,0.24576988155668358,0.2457988848298404,0.25782511728062757,0.2229784288845311,0.2578437403875731,0.2578722749817371,0.2229911572472126,0.2578908923147899,0.27341227125941875,0.257909506785069,0.2579380333666487,0.2457428406688449,0.24577183271832717,0.2733981627397471,0.22296102698132061,0.22299089127176294,0.2734050730207533,0.27343299642596364,0.2734609176850357,0.27348883679821695,0.2735167537657547,0.25786743515850147,0.27353415814954274,0.27356207015791295,0.22295220531735055,0.27357946905374775,0.22297349212447176,0.2230033421689524,0.24565918869084205,0.22302462259439942,0.24567872781746947,0.2230458997503361,0.2230757412813028,0.273533817260053,0.27356171748982255,0.25776719536080495,0.22307987711213517,0.27356860335624594,0.27359649796482605,0.2736243904312099,0.24562279219781907,0.2736417738529468,0.24564232511710052,0.27365915460513685,0.25771652334152334,0.25774501900264885,0.25777351247600766,0.27365552186096503,0.2736834024259174,0.27371128085057383,0.25777231902970754,0.22298982920744578,0.2737181455326988,0.22301109106957823,0.24556758001381535,0.24559653094900036,0.24562547966231774,0.27370400214880475,0.257731563195457,0.24563557533668418,0.24566451810926948,0.2456934586610397,0.24572239699225043,0.2736793647140062,0.25771060303820775,0.27369672791438104,0.24572305331799002,0.27371408845076906,0.25770942006750536,0.2457331338932996,0.2737209480708752,0.24575263662511984,0.2577082374597331,0.2228783985887947,0.22290819848147864,0.2229379960888071,0.2736963190184049,0.2576971741881063,0.2737136722643969,0.22294214622551087,0.27373102284925627,0.24569676059037762,0.2229548416775282,0.27373787710353814,0.24570683839313096,0.24573575069952855,0.2229589881180529,0.2737342378597984,0.27376207266595126,0.2576169853983827,0.24572698704683069,0.24575589193332056,0.2457847946045371,0.2576158179101046,0.27373745114568165,0.2737652783631557,0.27379310344827584,0.2738209264012873,0.22289479733353765,0.2738382561391411,0.24574777811829604,0.24577667113579774,0.24580556193978395,0.22289041253303712,0.27382411521372757,0.22291163966448352,0.24580620451934124,0.25751598942974224,0.25754442401960786,0.2575728564316624,0.2737994945240101,0.24579743442466015,0.2738168172767652,0.27384462227667805,0.2458074890879853,0.25755197365902216,0.27385145482388973,0.25757053711573064,0.2575989587321032,0.2738582858017839,0.222821926198132,0.2457799043062201,0.2228431447600092,0.2457993646419413,0.2228643600734844,0.2575682192200237,0.2575966322234979,0.2576250430523133,0.22286851369967856,0.2457811961887269,0.2737812810897681,0.25762387602831455,0.24579124579124578,0.24582010177143512,0.25763256561328335,0.2576609663720877,0.2458301453710788,0.22283003710646113,0.24584959069696274,0.25765979420877483,0.25768818849449204,0.22283419391853126,0.2228639179989291,0.2576968677094887,0.22288511549640508,0.25771540020650885,0.24581261950286806,0.25773392986883864,0.257762312633833,0.22288074025924368,0.24581325992200045,0.2458420952016823,0.2577611255543661,0.22288488741063578,0.25777964676198484,0.24584273099124584,0.24587155963302754,0.2577883108443867,0.2735264888005504,0.25780682643427744,0.25783519339550526,0.25786355818841966,0.2458533975387908,0.2578820651966217,0.22282940996637113,0.2579005693759792,0.24585403133358807,0.24588284742654082,0.22283356258596973,0.27344973827990676,0.25788950867272864,0.2579178605539637,0.22283771393643031,0.24586469037704856,0.24589349835739935,0.2579166507506016,0.273414820473644,0.2579351438065773,0.273432128943549,0.2228163312072719,0.222846012832264,0.245865953790338,0.27342854960666,0.2734562951082598,0.22285016037879946,0.27347359578448965,0.27350133638793434,0.25787484250314996,0.27351863164324985,0.27354636735005533,0.257883484767504,0.2579118152319145,0.27355321423118034,0.2735809443829446,0.2579204519428964,0.24577273941753502,0.273587786259542,0.22277775657417656,0.24578276467445234,0.27359462656947675,0.22279041367730118,0.24579278763594734,0.27360146531328705,0.22280306788262677,0.2736187423687424,0.2578503567476821,0.24578405188859215,0.24581282667582313,0.24584159926751106,0.2458703696639072,0.27359426260776687,0.22277322143810796,0.2228028684772658,0.27360109852385855,0.22282401403615837,0.27361836835882375,0.2736460717009916,0.22283665764082225,0.2458241171535352,0.2736529001258437,0.24584350213544845,0.2577311725452812,0.2458628841607565,0.22282380752659472,0.22285343907274668,0.2736284265507644,0.27365611894776976,0.22286607449201326,0.2736733760292772,0.2458353981626196,0.24586414576503773,0.24589289117591004,0.27366976673273363,0.22285322254830964,0.27368701882765456,0.22287434734555434,0.22290396341463414,0.27369383788727564,0.25760231689657803,0.27371108486072476,0.27373875933546715,0.2576109735187655,0.2458279356854378,0.25762944336495597,0.22287412374276136,0.27372471332241227,0.24582857142857142,0.2228867471715363,0.22291634923053483,0.2737210985411191,0.22293745714938676,0.27373833555513233,0.22295856185252894,0.2575694100620787,0.22297966334069616,0.257587874633459,0.2737242955064737,0.24576367998172194,0.2575965273018049,0.24578304077980428,0.27372068230277186,0.24580239862935466,0.27373791212974946,0.25758556363497925,0.2576138267093041,0.25764208763180935,0.27373429767795965,0.2576605382360778,0.22289890377588306,0.25767898603128686,0.2737306843267108,0.257697431018078,0.2229030293804232,0.2577158731970925,0.22292411903493417,0.25773431256897145,0.22294520547945204,0.27369582588181574,0.2737234609238262,0.2577331354868166,0.2737406787399178,0.25775156933612325,0.27375789393593547,0.2577700003804162,0.222915398660986,0.22294495796721062,0.22297451502472423,0.2577688182267696,0.2577970485318728,0.2229871068345187,0.257815471210162,0.27370222475755845,0.2578338910860967,0.257862113549074,0.2578903338656932,0.2579185520361991,0.22296577946768062,0.2579369605718414,0.25796517375104555,0.27365699730068815,0.2579835766423358,0.2454666413229424,0.22295293849311945,0.2579921693845744,0.27364299832750494,0.25801056672621536,0.27366020524515394,0.27368781118163504,0.2580191547582852,0.2229316307528598,0.25803754655316563,0.2736842105263158,0.2580559355525156,0.258084128130106,0.22292727410897484,0.2581025114935978,0.2453647416413374,0.25812089206337147,0.25814907681787097,0.22292291912016107,0.2581674517550524,0.2736182336182336,0.2581858239003267,0.258214000835644,0.22291856578547553,0.2582323673515895,0.25826053930877324,0.2582887091261251,0.2229226796293483,0.25830706717806556,0.25833523201944253,0.25836339472185305,0.2735419198055893,0.25838174431408284,0.24523502164173439,0.25840009111963247,0.22289293849658315,0.24524505523708287,0.22291397767823248,0.2229434764453555,0.27349681141815974,0.27352438792939837,0.25836939193805514,0.27354157968649184,0.24521785334750265,0.2735587688337318,0.2452371916508539,0.24526583431368829,0.24529447480267152,0.24532311311805108,0.2735448129316233,0.22287990893568582,0.2735619972681742,0.2582995029783359,0.273579178996889,0.2583178421032664,0.25834597875569043,0.22286711429763667,0.22289659358167058,0.2583545120054622,0.22291761492944925,0.2452493836525697,0.2452780095577638,0.22293017787385747,0.22295964805825244,0.25833364936099207,0.25836177474402733,0.2583898979940086,0.2584180191111785,0.24525082470708678,0.2584363388185334,0.2452701421800948,0.25845465574764936,0.258482769079122,0.2585108802790204,0.27339929489366543,0.2585291887793783,0.2452522648876085,0.24528087332272003,0.2585376947276655,0.24530018192844147,0.27337502368770134,0.2228454483438187,0.245310190624171,0.25852660300136426,0.2733714805411346,0.2585449033724896,0.24531090144367398,0.22283267656865716,0.2733679384685333,0.24532090626657574,0.25853381322220115,0.24534020306106985,0.22282835170663334,0.2733540419728767,0.22284935035418008,0.2585227272727273,0.2733608575432749,0.24532232406635862,0.24535090709389085,0.2228450234812907,0.27335731868964214,0.2453609028251155,0.2584920664975196,0.24538018782187215,0.2585103563179219,0.25853843241196517,0.24539017833478474,0.27332273209147356,0.2454094574641275,0.258537139395775,0.22279008139314782,0.2733192004845548,0.25854563349358367,0.2733363615716557,0.24539157424580793,0.22278576835730507,0.22281518489080657,0.2585345545378851,0.2733224841993718,0.2228277323645171,0.24537369914853357,0.24540225535457505,0.2585234797744731,0.273308612078099,0.25854175337697227,0.27332576617480137,0.2228065529113541,0.24538438256658596,0.2733325767033632,0.24540364681849133,0.2228106676754303,0.22284006657588137,0.2228694632522601,0.25849156517134425,0.24539506032754643,0.2732980332829047,0.2585000567300783,0.22286513879434233,0.2585183224293764,0.25854636212373316,0.25857439969748536,0.24536791953414505,0.22286081597156576,0.25858287961282517,0.25861091156565463,0.24536862003780718,0.2453971494461457,0.22285649478300318,0.2732015272369864,0.25859983367354655,0.22286902286902288,0.24538856970063502,0.22288997240805836,0.2229193438657495,0.2731773687592124,0.2732048374905518,0.2585692150712369,0.22292343738190612,0.25858746173903185,0.22294437726723096,0.22297373890043454,0.22300309831481901,0.25858616390221784,0.2586141756082817,0.22301560315841173,0.2731394030978466,0.2586226436477655,0.2230281051677244,0.2230574547652325,0.25863110976807435,0.22307837582625117,0.25864934280102736,0.2586773425992371,0.2587053402824987,0.22308244269043392,0.2587235649546828,0.24519466787508024,0.25874178687410315,0.22308650832609597,0.2587600060413835,0.2587879932037002,0.2588159782526618,0.22309057273379393,0.2588341890667472,0.22311148023707955,0.24514911287278218,0.25884262579744066,0.25887060244602145,0.2231155399539501,0.24514984524798067,0.25887903377995847,0.2589070048309179,0.25893497377061553,0.24515057740206808,0.24517906336088155,0.24520754716981133,0.2589336251462209,0.24522677533771037,0.2728370373165302,0.24524600060368246,0.2452744765138653,0.22304383913076284,0.27283359112687217,0.24528444243247322,0.2728507299407748,0.25888344021124104,0.22303949304062465,0.24528515389257693,0.24531361973371554,0.22305197254280756,0.245332830473317,0.25886257354050385,0.24535203831504318,0.2588807602383287,0.27278554998303106,0.24536199095022623,0.22303080577655443,0.2588794208581555,0.27278211363722055,0.24536269039360578,0.25888784165881246,0.27278896177335443,0.2589060202812229,0.27280609167671893,0.2589241961626899,0.24534489257444403,0.27281293581093813,0.2589326096788783,0.22296762522142238,0.2229969096253863,0.22302619182212172,0.25893126318962917,0.2589591890567886,0.2589871128193534,0.2230302573570971,0.22305953278070836,0.24528088617610488,0.2589857584206164,0.2590136759220887,0.22306359252561783,0.22309286117912977,0.25902207488887213,0.2590499868158361,0.24525387976495405,0.25906813815962937,0.2590960451977401,0.25912395013370493,0.22307170834588733,0.25914209317214626,0.25916999322136025,0.25919789116927133,0.22307576442235277,0.24520841962571074,0.25920626553204307,0.27256297300350163,0.22307981927710843,0.2725800986408644,0.24519990964535804,0.22309227120430675,0.22312151784369824,0.24520986260116695,0.27256643830459987,0.24522904355026914,0.272583559168925,0.2452482216116527,0.25912683477606324,0.27259041812502355,0.25914496462441666,0.24524893689082905,0.25916309174380975,0.2452681091251176,0.2230583985550873,0.2452872784738684,0.2725562495296862,0.2453064449377328,0.27257336343115124,0.259132463037508,0.25916033406064254,0.27258022044163566,0.24529792356304544,0.2453263118299793,0.24535469796133302,0.2591492082596758,0.22299533624191364,0.22302455902816953,0.2725460699511094,0.22304539129780754,0.2230746089049338,0.24532771782047907,0.27254267879972927,0.25910885504794134,0.22307865844487892,0.22310786930856863,0.25911722685916233,0.2591450806421294,0.2231203007518797,0.22314950565768205,0.25915344710923993,0.2591812953426305,0.25920914148248386,0.2452546513813193,0.25922724197549424,0.22313676851956252,0.2592453397474444,0.2592731782479612,0.2593010146561443,0.2724061478336026,0.24522771681947994,0.2231240371247135,0.2231532276245585,0.2592898741311291,0.2723925458370905,0.24521922079873765,0.2724096476068826,0.2592884781547015,0.2231404958677686,0.22316967807370122,0.24521072796934865,0.223190474401833,0.24522986778846154,0.2723755868544601,0.24524900473221664,0.25924813159574867,0.2723824545591107,0.24525892823613354,0.25925647765677806,0.2592842927415418,0.2593121057374587,0.27236886569293733,0.2452504317789292,0.27238595832551155,0.25931070731341044,0.27240304839133533,0.24525114498085443,0.2593190435076392,0.27240990990990993,0.24526106377388235,0.24528939268823663,0.2724167698832714,0.2230520942801381,0.22308125351848376,0.2592884485476244,0.2724134048861035,0.22309366556589613,0.24526248639723816,0.2592870544090056,0.2593148474728903,0.25934263845114813,0.2452631973886617,0.24529151346889772,0.2453198274244982,0.25934123649459784,0.25936902127021044,0.2593968039612874,0.22303912374807758,0.245311327831958,0.22305990022879862,0.24533043282574452,0.2722874395229344,0.27231473147314733,0.2230639414963435,0.22309307732693318,0.22312221097236284,0.24531273436328183,0.24534103265964227,0.24536932883389576,0.27228075437741367,0.27230803839232154,0.2592884190004874,0.22310114718452426,0.22313027179006562,0.2231593942120258,0.2722944858867189,0.2231801484369143,0.25926758874020767,0.2592953523238381,0.24530564821408493,0.22318416910276592,0.24532473859760898,0.22320491680407736,0.22323402660670788,0.22326313422768493,0.22329223966725373,0.24531624700239807,0.2453445239611825,0.22330460846759087,0.24536360570978982,0.25921624456766074,0.22331697448769341,0.22334607027796508,0.22337516388836862,0.25921486364998503,0.24534591901711802,0.22338751966439432,0.24536499494363084,0.22340823970037454,0.27208718774577734,0.2721144483559284,0.2591843613077182,0.259212103055722,0.27212132559445795,0.25923013555006363,0.2721383906840903,0.25924816534371725,0.2592758995095286,0.2453013852489704,0.22335367451611696,0.2453204552261156,0.2721147007075207,0.272141948042225,0.22335766423357664,0.25924539601736785,0.2592731219822585,0.24530279212515907,0.22336165275646544,0.24532185628742514,0.223382358444669,0.25926203128508346,0.2592897504022752,0.2593174674449933,0.25934518241347054,0.25937289530793983,0.24529502001721107,0.24532325651002693,0.22335291256687492,0.24534231200897869,0.24537054356365268,0.25935208738590454,0.2719859349867205,0.2593700905214334,0.2593977931550402,0.2594254937163375,0.24535288177432024,0.22331513202184158,0.25943378585586596,0.27195213163799553,0.2594517781683557,0.25947947049584924,0.2595071607523464,0.2233024229733772,0.2719386801271266,0.259515441561355,0.25954312633192506,0.24528936742934052,0.2595611050880407,0.259588785046729,0.22328137265896603,0.22331040669856458,0.2595970545359399,0.2596247290124841,0.24526256774434685,0.24529077590073253,0.22330605075307397,0.259623290230959,0.2233267311932434,0.2452914798206278,0.2233474085422817,0.2233764292653763,0.22340544781975116,0.271782992078912,0.2234261161965253,0.2718000448329971,0.2595733552508686,0.2452555289898386,0.2595913183159625,0.27179678744863656,0.22341339509170371,0.22344240251008515,0.2595898853322377,0.2452379173825353,0.2234547152194211,0.25959814759486105,0.2717630802554431,0.25961610277093133,0.2234586803091975,0.2234876773711725,0.2452111571636608,0.22350832648793967,0.22353731844826943,0.22356630824372759,0.22359529587455665,0.2595758978570895,0.22361593310187777,0.24518441093026727,0.24521258725596326,0.25957446808510637,0.2716583927438319,0.22361152582860555,0.25958272683163514,0.2596103605284765,0.22362381041239038,0.2451858486341245,0.22364443781020263,0.25960892603925667,0.2236650621291839,0.22369402985074627,0.2451774187530316,0.22371464816058503,0.24519643323508564,0.22373526339352334,0.2715538145868308,0.22375587555024995,0.2595590703920618,0.2595866905401373,0.24517885784624566,0.2237597911227154,0.24519786654731268,0.271520214829181,0.22377205087084623,0.24520772730663087,0.24523587544284914,0.2595465393794749,0.2595741507252862,0.2596017600119323,0.2714866326112085,0.25961968680089487,0.2452182990939935,0.2452464394899709,0.25962793125302913,0.2596555323590814,0.25968313140726934,0.259710728397823,0.2597383233309725,0.2236842105263158,0.27142271422714226,0.2714498695490123,0.2597368715292013,0.2597644603458557,0.2236797972645623,0.22370872773347247,0.2451648965902739,0.24519302429572215,0.2597533256325223,0.2597809076682316,0.2598084876485711,0.22369597615499254,0.24518460564062441,0.22371656359436703,0.2713556606936631,0.22373714796602592,0.22376606444403055,0.24517619012143335,0.24520430588147651,0.2713423718712753,0.22376997281090544,0.2713594040968343,0.24520502029719562,0.2597199463727097,0.24522399731873534,0.27135622253667985,0.259728169800782,0.2452338397378612,0.27136314554864654,0.2713902747784645,0.25972672102461,0.2597542814594192,0.24522541975354603,0.25977216886307797,0.2597997245281614,0.22368225134008338,0.271356783919598,0.22370282140996053,0.24520787583280604,0.27136370403453924,0.22371506196732294,0.24521771492370673,0.2597595921253396,0.24523667758261386,0.2237189744353068,0.2713403289424723,0.22373953488372092,0.24523738651585059,0.24526546861628903,0.24529354862713,0.2597194836117415,0.2453125,0.27130687102414347,0.25972769883193214,0.2713238849830748,0.2713509894360958,0.24530407290310582,0.24533214312281484,0.2597165916613977,0.27134781315084794,0.22366023280895533,0.2453328374860543,0.2236807853928824,0.2713446378105013,0.2713717324210761,0.2453335316427456,0.24536159137386132,0.22367638310529447,0.2453805257091869,0.24540858056361067,0.24543663333209412,0.2236802973977695,0.27132820341251257,0.25960895100736003,0.2713452031371966,0.27137228664882546,0.24541906708790187,0.2454471121682896,0.25959787415914076,0.27136910955849564,0.2236426474413765,0.2454477889260498,0.2236631860577459,0.27136593341260407,0.271393007096942,0.24544846548264843,0.24547650009288502,0.22365879031059593,0.24549541182152543,0.24552344156326622,0.22367101303911735,0.24554234769687963,0.27134950410460235,0.2594903796151846,0.27136648961854176,0.2713935522210667,0.2455338904363974,0.24556191042115427,0.25947933301147547,0.2713903743315508,0.25949719633109286,0.2455625696249536,0.22360848093275407,0.24558146442893214,0.22362900530947166,0.2713670453701641,0.2713940968999443,0.2455821205821206,0.24561012733415005,0.22362461949662188,0.2456290136976131,0.271380846325167,0.24564789725696892,0.27139781753396186,0.27142485988939613,0.2593898456057007,0.24564854332900352,0.2456765382617086,0.2714216795932757,0.2235787442481817,0.24568629633752645,0.2593692022263451,0.2714185002411784,0.22358266547937072,0.2714354617296776,0.24567782147362172,0.24570580597291783,0.2714423504971064,0.24572467262677597,0.2235699977743156,0.2457435364813235,0.2593100890207715,0.25933756166314303,0.24575328239744826,0.2235656269702926,0.2457721406319537,0.245800111255331,0.2713787732700438,0.2714057922646197,0.24580984870958172,0.2714227446327265,0.2235446792732666,0.2714396944866709,0.22356517870384102,0.2714566418270122,0.24579224438348038,0.24582020389249304,0.2458481613285884,0.25922081773362493,0.25924827637334125,0.22354423811112348,0.22357301704966642,0.2714132167080538,0.2458305537024683,0.2714301597302005,0.2714571597983991,0.245840281637947,0.2592084784703179,0.25923592840997517,0.24585000741070107,0.2458779502760384,0.27143386439422007,0.24589678040828425,0.22351066982809722,0.2592153521283296,0.27143068830110395,0.24589738840526024,0.2459253222699659,0.27143756713708933,0.2234980368916216,0.25919478499203674,0.25922222222222224,0.25924965742009554,0.25927709058588255,0.22349368588675333,0.2235224411198341,0.2713941862618034,0.2592757165074428,0.2714111156366868,0.2714380924170616,0.2458439779332815,0.24587189929655684,0.25926474399318794,0.27143491781430473,0.22348498870914005,0.24587251055008513,0.2235054599296687,0.27143174415161386,0.27145871118184844,0.24587312162262195,0.2459010326066842,0.22350111028867506,0.24591984012434773,0.22352157501295242,0.24593864485808387,0.2714253996447602,0.25916743755781685,0.2714423148079627,0.27146927146927147,0.24593014651472547,0.24595804506271043,0.25915649278579356,0.27146609448411085,0.2234758804379994,0.2459586431398661,0.22349633794481025,0.27146291843906045,0.27148986536469893,0.24595924104005623,0.24598712922553442,0.22349199304708015,0.2460059171597633,0.25908805147738617,0.24602470231491755,0.27145656916762195,0.27148350835675195,0.25908670733961914,0.25911410190046585,0.2714903686175916,0.24600709849157054,0.24603497356649046,0.22343807763401108,0.27148719086170564,0.24604465473902115,0.24607252430414372,0.27149404893915874,0.2715209757900573,0.24608219988172678,0.24611006393909154,0.24613792593687633,0.2715177944491666,0.27154471544715447,0.25900742766342705,0.2590348089572094,0.2715515648671618,0.24612030741945018,0.24614816183262517,0.22334293948126802,0.2715483799460598,0.24615782473769765,0.24618567364882338,0.27155522718876984,0.2715821358649477,0.24619533096926713,0.2715990100838474,0.24621407992908326,0.24624192059095107,0.2589378046978874,0.2589651733943938,0.22328089223724057,0.27157575981387794,0.223301329394387,0.2462242900926849,0.2715826009895872,0.24624303068345457,0.2715994683207798,0.24626176850655343,0.2716163331610426,0.2462805035625946,0.258896928529238,0.27162316807560266,0.2589147286821705,0.27164002805359716,0.24627196220286432,0.22323109290222568,0.24629069166605153,0.24631850894999077,0.2716268083850015,0.27165368860021405,0.2463281422983246,0.24635595409424701,0.24638376383763838,0.271650492601749,0.2716773669839864,0.258827436077187,0.2588547815820543,0.27168419110865155,0.24636611820261198,0.24639392038956728,0.2231444592002361,0.2716809915526209,0.24640354112873478,0.2588248312493084,0.2588521687813514,0.25887950429683176,0.24640407169727815,0.24643186428176286,0.2464596548163446,0.24648744330125014,0.24651522973670625,0.27161768501788414,0.2588495575221239,0.27163452675048855,0.27166138190398936,0.24650665486856174,0.2465344344491963,0.25883870967741934,0.2716581877165819,0.22302503041250415,0.24653494544382187,0.22304544951896493,0.2716549944710652,0.22306586561497918,0.24653545628777826,0.246563225592452,0.22307805705019532,0.24658190528837295,0.27163178066037735,0.24660058223090245,0.2716486108040386,0.2716754486163823,0.25873249815770083,0.25875980988172875,0.2716822636504311,0.246582912721512,0.24661066902446213,0.2716890771781175,0.22301628232520446,0.2717058975209047,0.2717327243259172,0.271759549154665,0.2587108655616943,0.2465839195609738,0.25872863877430763,0.22299561742717194,0.2717463357148118,0.22301601914932792,0.2465753424657534,0.27175313915380933,0.25870829958023417,0.2587355940940388,0.271759941089838,0.2465667685284047,0.24659450703188276,0.22298715164009866,0.27175673685760565,0.246604086140254,0.2466318191857469,0.27176353664372216,0.2229829210836278,0.2466413927638117,0.27177033492822966,0.24666004195649774,0.27178713381422054,0.27181393294814704,0.2586295723853684,0.22296228150873965,0.22299087430085368,0.22301946498877728,0.22304805357274265,0.2586187865631554,0.24661515820456217,0.24664287553805966,0.25862703259509967,0.25865430600007355,0.24665244261330194,0.24668015449696523,0.25866254689913926,0.24669878986280208,0.25868030013241133,0.22299459340174335,0.2716807649871276,0.2466992754955684,0.24672697852309503,0.24675467951311,0.2716775759358682,0.2586504872219158,0.2716943668186498,0.2717211457146009,0.24674608427090228,0.24677377844773704,0.25863970588235297,0.27171795154589906,0.25865745165796633,0.24677425283976032,0.2229083958241435,0.24679286895791214,0.22292876571344555,0.27169478443047745,0.27172155248456337,0.2229409386600022,0.2467842704887909,0.22296130241446474,0.24680288108187565,0.2229816631756881,0.24682148893951641,0.27168840712842185,0.25856114050558493,0.2717051842598376,0.2717319420971416,0.24681288805613727,0.24684055841293168,0.25855038389478713,0.2717287488061127,0.22293648752892775,0.24684102262709373,0.22295684113865932,0.27172555645339014,0.27175230469754286,0.24684148670486264,0.24686914686547431,0.22295262578038927,0.24688773823950644,0.2717391304347826,0.246906326882826,0.2717558933685834,0.2717826326418212,0.2718093699515347,0.24690678121672724,0.2584257287612894,0.2229156723815118,0.24691629955947136,0.2584339781946331,0.27178621246604506,0.25845171236647946,0.24691675231243576,0.2584694439346669,0.25849666006019234,0.24692626711197563,0.2469539048737522,0.2717530918565819,0.2584954128440367,0.2585226230230083,0.24695435197416704,0.2585403441822919,0.2228296763777794,0.2717299578059072,0.25854857646022894,0.24694573870932238,0.2717367378384328,0.27176345427198356,0.22281731474688188,0.2228458237041928,0.271770229623652,0.2717969409089242,0.2585093896713615,0.24690995782138273,0.2585271033521602,0.2585542964022445,0.22282528971688426,0.22285379001796912,0.2469013568023469,0.27175387774559057,0.2228659430918158,0.2717706156271771,0.22288626530761899,0.2717873510540788,0.258505645989148,0.25853282985665577,0.27179411980350465,0.2468565563253785,0.2468841642228739,0.2718008870642572,0.22285756176233415,0.27181761536487925,0.27184430435420026,0.222869708631116,0.2584842043538811,0.2468574779198886,0.27184110231603636,0.22287368536773058,0.24686698424331258,0.2718478619325052,0.27187454199032685,0.22287766093870223,0.22290613321609146,0.24685839897417108,0.24688599062133645,0.24691358024691357,0.24694116785112463,0.271841459394117,0.2228937728937729,0.2583788139628585,0.22291407222914073,0.25839651320367724,0.2584236741869323,0.25845083318073614,0.25847799018530726,0.24689640019042736,0.24692397832137103,0.24695155443260464,0.2584767484437935,0.2717586320530189,0.27178529584065614,0.271811957675832,0.2718386175587611,0.2228445908841296,0.25845658222287304,0.24691583995314273,0.24694340727725309,0.2718254694534939,0.2469619326500732,0.27184217268767613,0.2584364248590879,0.22281594261245105,0.24696237739716,0.24698993595608418,0.2584351899290053,0.24700845317817544,0.24703600702576112,0.25844341176040103,0.2584705451884376,0.22278731111192418,0.2584882189375092,0.2717594117001427,0.25850589010024144,0.27177611121273093,0.2718027509511267,0.25851410176683615,0.25854122466895896,0.24697318848531402,0.2717995610826628,0.2585494312570864,0.25857654889912957,0.2718063124017116,0.2718329432416618,0.2227098189797038,0.2227382432531266,0.25856583903170366,0.24692847740236945,0.25858349482613624,0.24694698354661793,0.27179993418887793,0.25859169347762506,0.22271780060688043,0.222746216275499,0.27179674648144764,0.2227664863284106,0.22279489710129036,0.24691132392718765,0.2585620819474396,0.22280701754385965,0.27177369248199995,0.258570279950296,0.22281913532872857,0.2717804414559275,0.2718070528046775,0.2585690272601038,0.2718237293090218,0.2585866705641625,0.27184040337608245,0.22279868469126782,0.2718570750063936,0.25858541575332455,0.24681255251525225,0.22280265945787975,0.2718538812785388,0.222822910578609,0.22285129853526683,0.22287968441814596,0.24679498886007525,0.2718407596785975,0.24681348380263687,0.2718574245854941,0.2585180586495271,0.22286736780601812,0.2228957458462662,0.27185423208938875,0.2467959250739402,0.2229078428508836,0.2229362152689036,0.22296458561518803,0.24679639297579498,0.22298481308411214,0.2718212682072062,0.25845075563992115,0.22299689724402263,0.22302525916192145,0.27181808227178156,0.22304547777210015,0.2718347384941056,0.25843065693430656,0.2467428196051239,0.22304941245164586,0.2467613035069153,0.25842942636111516,0.22306148513045065,0.22308983434284463,0.2717918779873755,0.2467527729130181,0.25841876755810134,0.24677125136811381,0.27178869796796906,0.22307748431343938,0.271805347827673,0.27183191070256074,0.2467627211380631,0.22308141231397724,0.2231097494255389,0.2718287256546794,0.2231299463875415,0.25835156819839533,0.2467451952882827,0.22314200277149734,0.24676366553622872,0.25835035005834306,0.24678213309024613,0.25836797199737477,0.25839501221424144,0.2717660784599679,0.22312151372634803,0.22314983594604448,0.22317815610076192,0.24675561388159814,0.2583749498778843,0.2467740759641321,0.2583925642427556,0.2717232832774457,0.2584101760396545,0.24677454624972667,0.22314953168847262,0.2717201166180758,0.22316970955868956,0.22319801763719846,0.22322632365266187,0.22325462760530534,0.2467480415376207,0.2583618742257524,0.24676649542755127,0.2716773535412416,0.22325039163539656,0.27169398907103826,0.24676696659502387,0.25834183301763075,0.27170072487524133,0.22324615720842136,0.2717173556729193,0.22326631701631702,0.22329460611137414,0.24674047636390123,0.24676790851815433,0.2717042971595047,0.27173081825133827,0.24677736508630108,0.2232822342788479,0.24679580541800175,0.22330238485344986,0.24681424306415203,0.2233225324935377,0.24683267802533856,0.22334267719975245,0.2468511103021478,0.2716683047577445,0.246869539895166,0.2716849270192553,0.258171362014996,0.22333030027297543,0.2233585674770709,0.22338683262364886,0.22341509571293397,0.2468430437788857,0.27165211062590977,0.22342709508387612,0.2468524852630813,0.246879889386166,0.2469072915150633,0.2469346916499909,0.2580950301971913,0.22341470513333575,0.22344295692665891,0.22347120666448397,0.24692615496544199,0.22349132443345096,0.24694456569183762,0.22351143927545195,0.24696297373972503,0.22353155119112567,0.24698137910968868,0.22355166018111067,0.22357989671976145,0.24699079966544238,0.2714909090909091,0.22359186938656775,0.22362010035633773,0.2714976548012944,0.2715241419429901,0.27155062715869843,0.22362393659565186,0.27156723743047223,0.2715937181910717,0.2716201970264277,0.22362777171937478,0.2236559921485951,0.257887467287002,0.27161705375640605,0.22366795086137967,0.2716336543703434,0.2716601250181713,0.24686557400879455,0.27167672069191073,0.25785820705694246,0.22365552325581395,0.22368373242251371,0.22371193953927768,0.2716636994513679,0.2237320156953931,0.22376021798365123,0.2237884182227712,0.24681222072873907,0.2238084859052601,0.24683061498783102,0.25779150018162006,0.2578184591914569,0.2238122911521139,0.2716013511059456,0.22383235272753688,0.27161794080261487,0.2578079604880883,0.25783491302611034,0.2467862589875808,0.22382802570899452,0.24680464778503994,0.2238480810428089,0.2578244136228306,0.25785135969211775,0.24680511182108625,0.2468324559811218,0.2468597981558121,0.2715359204269067,0.2468781762741397,0.25783150023594326,0.24689655172413794,0.2578490798882073,0.2469149245063879,0.2578666569883497,0.2715032300210496,0.2237706405371076,0.2715198141965452,0.2715462495917553,0.2578561579214747,0.25788308719474584,0.24687953555878084,0.2237582090635318,0.22378637254190553,0.24688894532525488,0.22380641416340155,0.24690730999455832,0.24693462961619386,0.2578445242500091,0.246952988972722,0.25786209147956035,0.22379397896264056,0.22382213195023756,0.2714347889162919,0.27146121205527146,0.2238340465656053,0.2714777878513146,0.24691760951552075,0.27149436124306486,0.257814199724418,0.2578411109902462,0.2578680203045685,0.2714912439722998,0.24690015227322168,0.24692745531668056,0.24695475638051045,0.25785753126699296,0.22377292829696221,0.25787508609127485,0.22379295345802522,0.22382108811482837,0.24693729612178325,0.2578739444021601,0.25790084082342707,0.25792773529518354,0.246937740088425,0.24696502989672042,0.25793593274387594,0.25796282204587456,0.2579897093992318,0.25801659480415956,0.24695652173913044,0.2713307488859099,0.2580247808129846,0.2713473173205811,0.25804231270830313,0.2580691903640645,0.2713540534666377,0.258086717136958,0.2713706172124022,0.22369517186424717,0.24690329590727997,0.22371518597660353,0.24692162827756048,0.24694890088002028,0.22372709495183601,0.25804816223067173,0.2237471031286211,0.22377521092080965,0.27130856687667465,0.2580469966327528,0.25807385952208545,0.24691358024691357,0.22377090724784593,0.22379900807298267,0.24692296553721402,0.2580633484162896,0.22381090277275031,0.27125637962862414,0.25807152164470826,0.22382279488942777,0.22385088671733622,0.24689660164308205,0.2469238563983787,0.25806101400499404,0.2238546717811392,0.27121404016645556,0.25806918512085686,0.2712305966638926,0.22385845574933064,0.22388653713954917,0.24688856729377714,0.25805868094497303,0.24690688083351423,0.25807618565278734,0.2469251917233396,0.24695243262796165,0.25808435216667874,0.24697073823561327,0.2238498263888889,0.22387789793482585,0.24698010849909585,0.2580738490470507,0.24699840879502385,0.22388167649079665,0.24701670644391407,0.27109021876694994,0.25806334972519523,0.2580901760856203,0.2710969701352231,0.22386926497704182,0.2711135213304411,0.2238892303242833,0.2711300701323115,0.24697249033004373,0.2239010989010989,0.2711368154708115,0.27116316055808576,0.2469729280370116,0.22390487205435883,0.22393292131988868,0.246982291290206,0.24700950453543422,0.24703671581381903,0.25797708958190296,0.27112090771120906,0.24704607046070462,0.2711374476080358,0.27116378220182824,0.25796661608497723,0.27118031720799163,0.2579841040462428,0.2580109100104765,0.27118705295860124,0.24701080085250876,0.2238477098685161,0.2470290771175727,0.24705627392906163,0.25799111496370136,0.24707454492921122,0.2238434035176424,0.25799927771758757,0.24708389007258677,0.24711107901198903,0.27111544433611384,0.2579981223369683,0.25802491424444846,0.2471114962449451,0.22381485359425207,0.24712975666113077,0.22383479547998122,0.22386281588447654,0.24713909245153604,0.22388275214785935,0.2579864996570769,0.271043892578689,0.22389460386211876,0.22392261603984698,0.2471216660049807,0.24714883788075645,0.271031072936591,0.27105738000721763,0.2471581682364404,0.2579387990762125,0.25796557572258505,0.27105434076639967,0.27108064225148837,0.2579737335834897,0.27109716058736516,0.24713182769319575,0.24715898841949566,0.24718614718614718,0.25796327693806137,0.2238294495346656,0.2579807380153663,0.2580075025248882,0.25803426510369704,0.27104522830556155,0.27107151873624985,0.25804241200230815,0.27108803058170144,0.22380093761269385,0.2471241570805236,0.2238208567719602,0.24714239353838388,0.22384077305833994,0.27106544077879935,0.22386068647245458,0.22388866856545409,0.2710721753551085,0.22390857637261619,0.27108868060562363,0.22392848130925344,0.2470982625621801,0.22394838337598674,0.24711649365628605,0.22396828257343665,0.22399625171195847,0.24712581540346704,0.25789246071788957,0.22400807236296805,0.271027027027027,0.22402796295628985,0.22405592389737677,0.22408388282347855,0.224111839734813,0.24709061430372906,0.22413171926790604,0.24710883741038298,0.2471359608040925,0.22414352102020965,0.2578170028818444,0.224163394690393,0.2241913406815071,0.24712747181500558,0.22421120875954473,0.24714568701602738,0.22423107397536554,0.22425901249684876,0.22428694900605012,0.224314883503187,0.24713719841555637,0.22433473767599293,0.22436266743482644,0.24714650919958234,0.25772305033484555,0.24716471647164717,0.25774049539170507,0.27079958238830687,0.2243502051983584,0.27081608409229996,0.257739380849532,0.2243619740110147,0.27082283492909076,0.2243818162185509,0.27083933198963434,0.2244016555695519,0.25771971496437057,0.24709396480368517,0.27083633222973946,0.2708625715211055,0.2577186038143217,0.2708790615666943,0.2243811168681635,0.2244090238549275,0.24706771245592574,0.2470948012232416,0.27086631169952513,0.24711299780551857,0.2576804086624937,0.2243965610273751,0.2576978417266187,0.2577245422826517,0.22440831594849292,0.22443621191957702,0.24708675010789816,0.22445603308757417,0.24710494137955838,0.27079512353004637,0.22446777905638665,0.25768636053076344,0.2577130528586839,0.27079213260939916,0.2577304760535021,0.27080861467659006,0.2244553102754009,0.22448319252202048,0.25772936439459304,0.25775604845957506,0.27079588755482065,0.25777346417915814,0.2578001437814522,0.24700765608712844,0.2244626554525196,0.22449052941810732,0.2245184013801035,0.22454627133872418,0.2245741392941853,0.24699033312969418,0.22459393416702603,0.24700851629595028,0.24703557312252963,0.27070532859042074,0.22459758551307846,0.25771566126540435,0.22461737443414528,0.2577330698760553,0.2577597355941946,0.24700937601034595,0.22462102162511674,0.22464887388196414,0.22467672413793102,0.2577493624510614,0.2577760218375117,0.2469920626369285,0.22468036201695157,0.22470820614113846,0.22473604826546004,0.2705857004345172,0.2577563918414249,0.270602176020683,0.2577737881508079,0.2469570212918746,0.24698405859543301,0.25778192654292176,0.2247074028864795,0.27057978818883505,0.25779006318207925,0.27059625946799726,0.2706224423863881,0.22470296852004737,0.2577889447236181,0.2247227306988263,0.2247505563132582,0.27060976922800845,0.2577878265862762,0.2706262336264131,0.27065240795234335,0.270678580399756,0.27070475096885316,0.2707309196598371,0.2707570864729099,0.2707832514082738,0.2708094144661309,0.27083557564668315,0.22468967496591807,0.27085201793721975,0.22470942746448558,0.25770348315815905,0.2467895831838726,0.2468166003084759,0.22471305595408894,0.24683476202431764,0.2708198837959974,0.22472474267474807,0.27083632190503515,0.22474448628294783,0.27085275765617156,0.2576469322623445,0.25767355134825015,0.22474810857327263,0.22477590534241665,0.2467821160947976,0.24680912089488025,0.22478758111354102,0.25765397576539756,0.2248073131385553,0.27079151132778895,0.2576621142058286,0.2467918847229192,0.2576794867199541,0.2468100358422939,0.2707788251317157,0.2708049602179055,0.24681933842239187,0.22477064220183487,0.22479842322164487,0.2708019780692324,0.22481814598487834,0.2708184033252114,0.22483786592138735,0.22486563955571479,0.27082512271147574,0.2575952995127544,0.2576218966073156,0.24675789926201905,0.25763926204549525,0.25766585470697806,0.2467672027796683,0.24679418296439573,0.24682116121637596,0.2576647564469914,0.2707639411195874,0.2248048134087816,0.25767288615120154,0.2576994699899728,0.224816472694718,0.2707512712167872,0.2467862641887779,0.27076768834144943,0.2707937985606359,0.27081990691013247,0.24678672442805485,0.25766146355434627,0.25768803923674505,0.2467960191880862,0.257705387506712,0.24681414662084766,0.25772273329276585,0.22474765552294365,0.2468234367729697,0.2468503937007874,0.25772162771554347,0.2247512704888698,0.2707296997459113,0.27075579730890353,0.2247629271783861,0.2577113003649896,0.257737860951086,0.24681551452697867,0.24684246305771226,0.24686940966010734,0.24689635433437088,0.2577275329135661,0.25775408721782994,0.2469056306789726,0.24693257020211054,0.24695950779796824,0.25775297778731626,0.2577795264325059,0.22468614757323224,0.27063662374821174,0.25778763277422123,0.22469780416279236,0.24693344777026785,0.2577957373766271,0.22470945825138566,0.27061431738539654,0.2578038402402832,0.2578303775743707,0.27062104472809184,0.246907400786557,0.257838475563977,0.2706277706277706,0.2578557895113145,0.2578823192964896,0.24689901697944594,0.24692593651701458,0.25789040997962615,0.2469440274501394,0.25790771650166194,0.25793423874195853,0.24695328973231837,0.2469802015581445,0.2579423221241468,0.2469982847341338,0.2245845988922637,0.27052812120345887,0.270554185872012,0.22459625553808776,0.2246239594126264,0.27056091461236154,0.2469722410774892,0.22463561017433553,0.2705676419104776,0.25787668786168466,0.2579031969994642,0.2705743677668238,0.24695503089616744,0.25791127937709835,0.24697310618236365,0.2705714285714286,0.2705974786614764,0.24698235840297122,0.25790093918508733,0.2579274389372947,0.24699160864131406,0.2470184960365636,0.25793551612096977,0.2245429877177949,0.24702774108322326,0.2579435915744377,0.2705365749169969,0.25796087391118094,0.25798736301003106,0.24701934746912257,0.27053364269141533,0.2705596801827527,0.2245065495948888,0.25797701477621526,0.2705664013704986,0.22451820128479658,0.2469933264337461,0.25797587609735206,0.2705634657245834,0.2245218384242078,0.2705798394290812,0.24698494255334333,0.24701181004031827,0.24703867561010417,0.27057690249384564,0.22450945415626114,0.27059327173486497,0.247039098173516,0.24706595797809724,0.24709281586644788,0.2705903335116818,0.2706163504066201,0.2578735242714984,0.27063271274698625,0.25789079496415707,0.2579172610556348,0.2470667950501052,0.2706297696312674,0.247084834004921,0.22443303380402224,0.2579069352825816,0.2579333951365614,0.2579598531037188,0.24707644038790644,0.25797711148347535,0.22442067736185384,0.24708566539517307,0.24711250534721232,0.24713934338573415,0.25796677835602766,0.2579932275886651,0.24714856002281152,0.25801047866842497,0.2580369235155749,0.24715777468904807,0.25805416963649325,0.25808061009942623,0.2471669873850759,0.25809785126322915,0.2581242873432155,0.2471761981115268,0.2581415235516283,0.27042434175366087,0.25815875730369103,0.25818518650468486,0.2471677947987175,0.2471946136582238,0.27041179823311484,0.2472126242296869,0.2704281541639952,0.25816562778272484,0.2242484684427981,0.27043487552088896,0.258173659092528,0.2582000783503686,0.2471866096866097,0.2472134183255582,0.2582081048358379,0.2472314211444646,0.25822532402791626,0.22421221292504895,0.27038382112084314,0.24723181543062628,0.22422386784391912,0.2703905443412012,0.2242435030259879,0.2581965754156135,0.27039726612558734,0.22425515252909978,0.25820459884672886,0.2704039864744616,0.2471882118451025,0.2582126205644731,0.2704107053882839,0.24719740916046834,0.25822064056939503,0.22422689584000569,0.2582378478400114,0.2471978080631961,0.27038855678906915,0.2472157979007294,0.2582366754429659,0.22421460846052585,0.24722498932688203,0.25824469031271124,0.2472429740305941,0.224218277542599,0.2703471826977803,0.22423789705830044,0.2582343316497119,0.27035390361017253,0.2242495376298193,0.27037023864565923,0.27039618749555444,0.2704221344998044,0.22425320056899004,0.2704384623590911,0.27046440509209874,0.2704903459801586,0.2581780685535486,0.25820444444444446,0.25823081845978807,0.2582571905997796,0.2471203071672355,0.24714707241636746,0.2582651972982581,0.27044897088621095,0.24715626333001564,0.25827320228912665,0.2704556764057724,0.2471654522836325,0.2582812055729315,0.2704623804954331,0.25829838652356246,0.25832474501581437,0.2704690831556503,0.24714828897338403,0.2583327410987137,0.2704757843868813,0.22409749857873792,0.25834073547699415,0.2704824841895829,0.25835790670408926,0.24712235327554355,0.24714909943514868,0.2583658969804618,0.25839224183865583,0.2471582836032964,0.25840940574716725,0.2704411451303545,0.2471674658142426,0.24719420372211962,0.22402954860247895,0.27043824135236877,0.2583898575943748,0.2584161931818182,0.22403323745605624,0.22406079113699312,0.2704257358946135,0.24715949439000143,0.2584058228297532,0.2584321522402897,0.27042283523271915,0.22404856574836693,0.22407611203805602,0.22410365637202698,0.2241311987504881,0.27041033650433055,0.2584034359138182,0.22414282671967062,0.22417036379769298,0.22419789892106756,0.24708095254995208,0.25839307260983746,0.22420951772596615,0.22423704755145493,0.25840105035307476,0.22425661769924066,0.22428414292303872,0.2703306840760715,0.22430370764591095,0.2703469807705953,0.24702877212899563,0.22431531148006245,0.25836319131576146,0.2243348705214615,0.27033450391969066,0.27036038592508516,0.2703862660944206,0.2583528410300064,0.2704025536442632,0.25836998155766777,0.22431464340178034,0.2583871196538762,0.24695911202524912,0.22432624113475177,0.22435374632105246,0.27037089568115735,0.2469595433109953,0.25836760743157,0.2583939017904627,0.2243494291994611,0.22437692771297904,0.2703488372093023,0.2469424651706902,0.2703651187522155,0.25837439296728226,0.2243726074011059,0.22440009924502888,0.22442758914014319,0.24692539429381535,0.27034306776297135,0.22443916787752063,0.2244666524913176,0.22449413515716363,0.27034018426647766,0.27036603947415044,0.25830912054425625,0.22449775006200617,0.2245252267573696,0.2703631532329495,0.2703890030468363,0.22453679101569418,0.27040527136176845,0.22455630734351198,0.22458377612469005,0.24682087067408168,0.24684754888070276,0.27039280274855665,0.25823475242615285,0.25826102355232866,0.25828729281767954,0.2703899139426993,0.2704157518237836,0.2245476114593293,0.27043201133144473,0.27045784497716086,0.25826782805750303,0.2704740997769359,0.2582849454751452,0.2704903522747389,0.22452736670679035,0.22455481998088292,0.2704970263381478,0.2467343976777939,0.25826548672566374,0.2245584227107005,0.24674359337392043,0.24677025448624926,0.24679691371133292,0.2468235710493718,0.2582460362400906,0.25827228651307643,0.2468327553259254,0.25828939452917654,0.27041755130927103,0.2245143483953151,0.2582973604132758,0.2704242295580795,0.24681573733371073,0.24684238457456217,0.25829618623080736,0.2245020695510666,0.22452950332531485,0.22455693515865435,0.22458436505129112,0.24682536875243183,0.2468520090548953,0.2582676051356418,0.24686991582372497,0.22458001768346597,0.27033526665723584,0.2582664356190544,0.2703515100077799,0.25828353194950315,0.25830975954738333,0.2583359852904777,0.2583622091789831,0.22455185093519076,0.24681798896902843,0.27031995757468624,0.24683589054656013,0.22455544949977022,0.2583427601809955,0.24684506345222523,0.22456698480028278,0.27029797462090416,0.2583415806588435,0.27031421199590006,0.22457058033505337,0.2245979855098074,0.25834040147017245,0.2246174506131392,0.22464485122623506,0.2702922364747871,0.2246643109540636,0.27030846966538286,0.22468376793159495,0.27032470056177793,0.2247032221594121,0.27034092916445857,0.27036670670529217,0.25827533825555515,0.22470679666525364,0.27037337949062135,0.2703991522430237,0.25827416905089895,0.25830036733540546,0.24667114046551053,0.2703962703962704,0.25830831714638885,0.2246786269247069,0.2583253875763675,0.2246980718977329,0.24665418976658782,0.24668079096045198,0.2467073902757671,0.25831509074217923,0.2467252762772305,0.2583321564750741,0.22467784642541924,0.2247052178210831,0.2467257386945317,0.22472465405252753,0.2583218609905044,0.24673490998941053,0.258338922028873,0.24675278836651138,0.258355980658596,0.2583821557139832,0.2247044291512264,0.24675324675324675,0.2467798284927833,0.25838097254569836,0.2584071421009916,0.22470007057163022,0.24678028298225185,0.258415073036483,0.2584412376953745,0.258467400508044,0.22469571352972306,0.2247230649827136,0.22475041450594418,0.24675462113729363,0.25845708843345444,0.22476190476190477,0.2584741278967232,0.24675507900677202,0.2700596056854654,0.22476546519009663,0.2700758243695997,0.24675553674707293,0.2467820996579328,0.2584455885464419,0.22476109876935013,0.2584626234132581,0.24678255350657594,0.27004442563994074,0.2700701618305539,0.2700958962064589,0.22474881015335801,0.25844320665585563,0.2247682165896993,0.2467569091934574,0.27008354189432127,0.22477969686288332,0.2248070212540975,0.25842379811081345,0.2248264194833116,0.2584408261084091,0.2584669603524229,0.2584930927544404,0.22482996793177573,0.24670519416449363,0.25850100426371614,0.25852713178294573,0.2700045805292273,0.258544147699246,0.2585702709368284,0.2585963923337091,0.22480183195349657,0.26999224970055663,0.27001796597033856,0.25859518106242074,0.2248053823664095,0.25861218738992603,0.24662745236166392,0.25862919132149903,0.25865530236325857,0.25868141156582375,0.22479309737629866,0.24661924214678124,0.2699580941648766,0.2586801887456863,0.26997429486953767,0.2586971830985916,0.2587232843913947,0.246602351947046,0.2699714818857163,0.22475707646810308,0.25872205597606057,0.2699781736252904,0.2247685429647622,0.2587299352295128,0.2699848639515646,0.22478000703977472,0.24655943120622295,0.22479938054343235,0.2248266638510541,0.2699725487435771,0.22484603202533873,0.25869228603603606,0.22486539747334341,0.22489267365754098,0.25870016538231466,0.24651653764954257,0.2699412406319271,0.25870804306523115,0.22488829469091934,0.2699479313256403,0.22490765171503957,0.22493491873636812,0.2249621838393077,0.24648234135359504,0.22498153294171444,0.24650017587055928,0.2699166402870107,0.2586522228474958,0.2465093377413569,0.24653583737778714,0.2465623351503429,0.2586510057673372,0.2586770756408904,0.24657148885294325,0.2586940469074159,0.24658931082981717,0.22492176787032805,0.2587019196962239,0.26983792145694896,0.25871888623259737,0.25874494638776585,0.22491738733038036,0.25876190810981825,0.25878796400449944,0.24654645154486976,0.24657293497363797,0.2249130083301114,0.24659074933220862,0.258777633289987,0.24660856118647642,0.2697592690212616,0.24662637053696937,0.24665284464279438,0.26976597090449084,0.22488492216873396,0.22491215741391427,0.2466533150627174,0.24667978357107723,0.25872184941854337,0.2697442383361439,0.25873880203759003,0.2587648422679688,0.269750939684547,0.24666291976956584,0.26976711510766094,0.2697927643133123,0.2587545221453409,0.25878055633604946,0.24665472552944895,0.26978998384491115,0.25878841088674276,0.24666385728332632,0.2588053516873266,0.2248051127185898,0.258822290108501,0.22482443820224718,0.24665566518029564,0.24668211502001264,0.24670856300249272,0.25881196461171185,0.26972090573986307,0.25882889840623463,0.2697370730508653,0.26976270710474587,0.2697883393590509,0.22478062478062477,0.2698044996665614,0.25880949038326545,0.2588355034569894,0.24664841721064085,0.2588524302509212,0.2247683885457608,0.26978278415271784,0.2247877044003088,0.2697989403136952,0.22480701754385965,0.2698150942072208,0.25882394217949617,0.2698312458337719,0.2465969688464777,0.25883178389756184,0.2466147477723988,0.24664117585154524,0.24666760207661007,0.24669402644778843,0.2588214661522273,0.25884746238293993,0.2697811447811448,0.24669449023252552,0.2588552991512941,0.26978783096615816,0.25887221209145744,0.22470806887119962,0.26979451574444213,0.2588800448823591,0.26981065918653574,0.26983626100066616,0.25888787602552416,0.2246958594818217,0.24663441312578882,0.2698334794040316,0.22470728458248615,0.2698496161531181,0.2588684800897364,0.2698657506397,0.22471083070452155,0.25887630997861977,0.2589022851535118,0.25892825850769285,0.25895423004135415,0.22470650078850535,0.24656574151948416,0.24659214353295722,0.25895297498072745,0.2466099022390413,0.22470217238962858,0.22472933674363196,0.24661901758811575,0.2466454121851242,0.22474075112107622,0.2466631634261692,0.2466895537027955,0.25890636494202546,0.2467072999859885,0.24673368594346562,0.24676007005253942,0.2696928303737172,0.24677780891005885,0.25888698210345673,0.2467955452826224,0.26969007179127996,0.2246813279170752,0.22470847778127956,0.2467959941172351,0.24682236772996252,0.25885854341736697,0.26966842897657645,0.2468314543799454,0.2588663655778455,0.22468841898893713,0.22471556100122528,0.26965623468459005,0.24682325760492876,0.269672360683282,0.2588470019951696,0.2588729436471824,0.22470337055055825,0.24681506369872602,0.2588807615581143,0.2247147756701897,0.2588976377952756,0.2589235722284434,0.24680687265983134,0.24683322835747779,0.24685958221071416,0.2468859342197341,0.2589132640565411,0.2469036456511091,0.2589301332960151,0.24692135460397424,0.24694769984257478,0.22465542573287622,0.24696540385489907,0.2695186791660837,0.2695442302983665,0.2589017138859741,0.2589276345703193,0.26955092333519864,0.2695764697653272,0.2696020144086172,0.2589263857317713,0.2589523010211218,0.2589782144980243,0.26959927267641093,0.2245882723172139,0.2246153846153846,0.25897695884759275,0.2695965317110692,0.2589938118379191,0.2590197175220249,0.2696032162209404,0.2696287492134517,0.24682769951410494,0.2468540268456376,0.2696354294103254,0.22457182803215658,0.2696515326273112,0.25898224521179924,0.2590081431517143,0.24683721255329558,0.25902498689498515,0.2696393625943528,0.26966488450920784,0.2696904046404361,0.224536147314721,0.2245632424877708,0.25900562524020826,0.22458248899447977,0.2696782307934179,0.2590134153158189,0.25903930131004366,0.2696849018374904,0.2590561358158382,0.2590820176051418,0.2591078975863635,0.25913377575969265,0.22454681988054906,0.2591506007264599,0.2591764746970279,0.24669972759656353,0.2467260345730749,0.25918424360944264,0.24674372315535845,0.269606816118444,0.2245190125353539,0.25918296089385473,0.26961349114905203,0.24673556315899728,0.2467618615368502,0.25918167853651725,0.2592075405829988,0.2467709278782378,0.26959192934687753,0.25921530298799217,0.2696080142413348,0.24677137870855148,0.22445987923632682,0.2467890548652799,0.25920496981118907,0.22447127800656103,0.24679811551212702,0.2468243997766611,0.25920368496353424,0.2695582385372322,0.2468334554590181,0.24685973482205165,0.25920240047451243,0.2695555090363548,0.26958099291769877,0.259210159084566,0.2695970695970696,0.24684294983604269,0.25921791607074335,0.26960373936095994,0.24685200041857058,0.22438088594349495,0.2696104077290642,0.24686104910714285,0.224392285425313,0.26961707470182045,0.26964254577157803,0.2468614869577347,0.2696586114307633,0.2696840783876142,0.22438020851494125,0.2591352859135286,0.25916111711586065,0.2243916044906213,0.2468361050099362,0.269662529633245,0.22440299808262157,0.2591508052708638,0.2591766305295081,0.24682794199665364,0.24685419498762592,0.22439874520738934,0.2696315917883657,0.26965704726056045,0.22441013487610217,0.22443716456402035,0.22446419236800835,0.2591301923613047,0.26964491061783463,0.26967036030385394,0.24680302449562702,0.22445993031358885,0.2244869516741577,0.2696676189812557,0.22450614918301223,0.22453316610925306,0.24678627416826338,0.2590747578903365,0.2245445361758456,0.2696460916817612,0.26967153157546414,0.22455590386624869,0.2696875761903103,0.2590554471997771,0.22456726918120712,0.2696942258131922,0.22458645307330663,0.2697102660537679,0.24671797193300135,0.2245978132181907,0.25902712489989205,0.2590529247910863,0.2590787228856934,0.26968874033841655,0.2590954983810883,0.2591212922991227,0.22457789382071366,0.259138063078744,0.22459706895951545,0.22462406015037595,0.26965783702878626,0.2466411416637661,0.22463541122829,0.24665877766949743,0.2591097344516758,0.2466764112201573,0.25912650078301724,0.2591522828507795,0.2246233079305425,0.26960818428561484,0.26963359894220396,0.2696590118302018,0.2591419922758429,0.2466425440122469,0.2466687541314407,0.22460339549123295,0.2591407201252392,0.2696375147846657,0.25915747730197936,0.2696535411159037,0.24665205746286828,0.2591652173913043,0.22458349274807832,0.246661101836394,0.2591729558654749,0.22459483897892468,0.2466701443227265,0.2591806927249965,0.26960392252321175,0.24667918492245636,0.26961994506067666,0.2696453407510431,0.2696707346754285,0.24667964675613657,0.2591523832701735,0.24669726046446946,0.24672344863549453,0.2591601195856219,0.24674105746167482,0.24676724137931033,0.22451249608954083,0.25915884602015987,0.269611761843523,0.2245238426247741,0.2696277760400375,0.24675053868075345,0.24677671589921807,0.25913956074506533,0.2591653056260208,0.25919104871777054,0.2592167900205011,0.22449617790132037,0.22452312289357562,0.26957820860259885,0.24674286905465032,0.22453446359088383,0.2591974986972381,0.2592232335162926,0.24674332163823948,0.2695567597610115,0.2467609156274966,0.2467870788468218,0.24681324024868884,0.2695540427896638,0.24683082693710276,0.24685698409390847,0.2591769404410488,0.22447562161411308,0.24686599298538042,0.2591846656017779,0.22448696135282475,0.246875,0.2591923891531544,0.22449829872925492,0.26948581744957123,0.25920011109568114,0.2592258288491581,0.24685829341109491,0.24688443781025446,0.25923354623715633,0.24690200978860774,0.24692814994793474,0.2694456978237479,0.24694571706233515,0.2592232672751883,0.246963281738044,0.25923997917751174,0.22442393114936146,0.2592566887601069,0.26941494899021445,0.24695513376591832,0.22442748091603054,0.26942160230387563,0.24696412462702103,0.2592374145647573,0.26942825423258393,0.24697311361665222,0.25924512592798166,0.2694349047767718,0.24698210073539614,0.26945090013528045,0.22438432188692334,0.26946689327460027,0.22440344062153164,0.25921686955918566,0.25924256086564473,0.25926825039015083,0.2694548481065335,0.24693969553004821,0.24696580900201123,0.22438364714449183,0.26945214979195564,0.26947747997642246,0.2592399972262672,0.2592656797143154,0.22437942033005132,0.2694747789911596,0.2592733827913749,0.2592990605608902,0.22438297282307265,0.2469063052445492,0.2593067590987868,0.24692385012651208,0.26944405933730764,0.26946937926732056,0.22437097109586193,0.2694853578236008,0.2592874965345162,0.259313164916658,0.2694919952872687,0.2695173082920406,0.22435897435897437,0.2695332802051211,0.22437807497747903,0.2244049475106538,0.24684728381374724,0.269530573358739,0.22441626827409408,0.26954654103301345,0.22443536095330469,0.2695625064948561,0.25923103567717354,0.2592566935679401,0.2468135217511776,0.24683960793821216,0.2695504606220129,0.25925541125541124,0.2592810638592603,0.2695570869550161,0.25929773530022854,0.25932338377367636,0.24681440443213296,0.2593400505522662,0.2593656948964753,0.24682339092199565,0.22434565849605317,0.25937337718539033,0.2593990168247594,0.2468238307889362,0.24684990307394072,0.25940669458963617,0.2594323295257875,0.25945796268734206,0.2243181503530389,0.2468417955906275,0.26943310029763967,0.22432946876622253,0.25944767441860467,0.2694397342284666,0.26946501487992247,0.2243330219038721,0.25944636678200694,0.2468080689249507,0.2694623209466473,0.259454035913227,0.25947965679490725,0.24680851063829787,0.24683456721787864,0.22430553153215485,0.24685208246852083,0.246878134836902,0.26942234520927016,0.25945141987478815,0.2694382955174322,0.2594680593504652,0.25949367088607594,0.2595192806501816,0.22427030017983124,0.22429712625791057,0.24683588076630472,0.2595179639683253,0.24685338865836792,0.24687943017184744,0.26937971094668417,0.24689693323652456,0.2469229705434933,0.2693863439930856,0.2694116020189449,0.24693193210495384,0.2469579646017699,0.259462822772996,0.2694089180781196,0.2242231516366527,0.22424996543619521,0.2594615145335776,0.25948710859196794,0.22426127527216175,0.24692424661321538,0.2594947644883713,0.2242725827631488,0.2469332043263416,0.25950241879751207,0.25952800525206454,0.24694216018243384,0.2595446221884393,0.24695964621337757,0.25956123682846777,0.2242451461341809,0.2469685977821536,0.2469946110266685,0.26926664133476114,0.22424870466321242,0.2692825809125764,0.22426775352307268,0.2692985182882603,0.2595150929059888,0.22427905370402348,0.269305152645393,0.25952274061539526,0.2242903515436149,0.26931178562795677,0.25953038674033146,0.25955595455958014,0.2469097438022236,0.25957255809135793,0.24692721999723796,0.25958915933022614,0.22426292895118416,0.2242897089791832,0.26926263463131733,0.2595878352721875,0.25961339316534343,0.2469020744882814,0.2596299875742096,0.26925068166914023,0.24691102367639953,0.2469370146678171,0.2692573163997791,0.259619698381475,0.2692732417696183,0.2242313399358156,0.22425810904071775,0.2596183706566371,0.2596439169139466,0.25966946140841185,0.24689483853160366,0.2469208211143695,0.26923342303180847,0.2692586331803912,0.24692976404029254,0.26927455241643383,0.25964125560538115,0.25966679314269947,0.2469301876379691,0.2469561618321664,0.24698213423466925,0.24700810484566305,0.26924403365981514,0.2596475497465255,0.2596730809021312,0.26925066381599366,0.26927586206896553,0.2596807006654943,0.2597062271567478,0.24697445091887046,0.2692732036960419,0.25971384244095846,0.2597393642694615,0.2469748681352777,0.25975592939878656,0.26926126374573406,0.26928645294725956,0.25976353796835683,0.25978905280573555,0.24695826009030436,0.2598056110843041,0.26927451318283646,0.2598221670802316,0.25984767550056864,0.2598731821627955,0.2469416589131259,0.24696760854583047,0.2469935563902002,0.24701950244641996,0.25986286738104264,0.25988836824696804,0.2470284237726098,0.2692069179356439,0.24704585386019912,0.26922281934683756,0.2239140170174653,0.26923871856699966,0.259860149495367,0.22392532378065583,0.2470292425860228,0.2692360680581387,0.22393662820733598,0.22396335583413693,0.26924269036057447,0.25983194434878437,0.25985743310720066,0.2598829201101928,0.2239592300540615,0.24698712209902898,0.22397823916262094,0.247004544828536,0.24703046996040626,0.22398953384286993,0.2598547182153062,0.25988019829248143,0.24703087885985747,0.2691566265060241,0.22398540497745345,0.22401211620542474,0.24703128764671461,0.24705720382735596,0.22402340388917572,0.2691354625550661,0.25983411914512855,0.22403468924220524,0.22406139233972264,0.22408809359944942,0.2241147930215753,0.25982382492602024,0.22413377834359838,0.22416047343793008,0.2469981076896611,0.2690772724145049,0.22417174114975746,0.25980459611944406,0.25983005951357113,0.2690746474028208,0.2241752949674934,0.24697303247110622,0.2241942695972208,0.2690720231134347,0.26909716251074806,0.26912230017884164,0.24696495511916636,0.2597840291629411,0.26912892465353006,0.25980055020632736,0.259826003232351,0.2241592737775944,0.24694838909328473,0.25983358547655067,0.2241705346398487,0.2598500997043251,0.24694880874617528,0.22418179317931794,0.2469662071573447,0.25984874527328977,0.22419304939672063,0.26904303588615425,0.2598563228267968,0.2469581356980821,0.2469840178724867,0.2598638988177069,0.22418118706395848,0.2690219259055605,0.25987147324650334,0.25989690721649483,0.24696745816294974,0.246993333791492,0.24701920764182386,0.25989554700384826,0.25992097577735784,0.26898234041091185,0.2599374720857526,0.2599628967981311,0.2470026452299976,0.2599793885262796,0.2470200267939954,0.24704589172849684,0.24707175488613334,0.2599780174486501,0.2470891293147862,0.25999450473966207,0.2600199196345777,0.24709801497355588,0.2600364023489818,0.2600618131868132,0.24710689880155215,0.2600782913261452,0.2601036981080246,0.24711578079934074,0.26012017167381973,0.26014557440087893,0.26882274178597176,0.2239769294149959,0.2601531120189502,0.22399588053553038,0.2601695787992173,0.2601949745983798,0.2470737651460543,0.2602114368092263,0.2602368285567187,0.24708264689730916,0.2471084874901328,0.2687555769098771,0.260235423315831,0.2602608098833219,0.26028619470848635,0.24710040491387,0.24712623957725696,0.24715207246774637,0.26872533882312577,0.24716942290537294,0.2602669228394003,0.2471867709619871,0.24721259734467735,0.2687135506003431,0.2472299406538369,0.26872941822173435,0.26024765890302887,0.2238457844549633,0.2687360658549134,0.22386472767183427,0.26024625304386595,0.24720488373688182,0.24723070064131142,0.26872427983539093,0.26024484757038513,0.2602702146629175,0.24723108047868875,0.24725689205870252,0.2602777301560089,0.2472742234108208,0.2238145849761717,0.24729155238617664,0.24731735746854538,0.24734316078162497,0.26025847588358303,0.2686480186480186,0.22380283138518492,0.26866387879618836,0.2473350471293916,0.2473608445297505,0.2602392295301093,0.26866132017273286,0.22379108262791733,0.24736120630568884,0.2686679688838628,0.22380234391062984,0.26868382277353253,0.26870888157894735,0.22381360287819085,0.26872473103542793,0.22383252818035426,0.22385912018637796,0.2687313714070369,0.2687564234326824,0.24730225069370695,0.2601397643189915,0.26876305963758435,0.22384736589710214,0.26877890049666037,0.2688039457459926,0.2472856800356201,0.26012055620247965,0.2688105757046474,0.2601369863013699,0.26016232320810934,0.2238202862817615,0.24726911618669314,0.26016983974797975,0.2601951720595788,0.24727795658426352,0.24730372855822236,0.26020268419611065,0.26875278167688044,0.22379322149948647,0.2687686145630071,0.2472956319320827,0.2687844452812104,0.2688094749092901,0.24730446688345029,0.2688253012048193,0.2688503268644967,0.2601478540625642,0.2688661487388343,0.2688911704312115,0.24728790938024023,0.26890698788583944,0.2689320056120179,0.22372022994798796,0.22374679213002566,0.2689386163005543,0.2601019605159613,0.26012727521554674,0.26894522563207773,0.2601436879917893,0.2601689986658,0.24722906403940886,0.2237197687544898,0.26893343367312034,0.26016760731999317,0.22373101655493227,0.26894004172794744,0.2689650454887475,0.26899004753924555,0.22373461012311902,0.26900584795321636,0.22375350523220025,0.22378004992647813,0.26901244699767474,0.26903744229782867,0.2690624358886685,0.2690874277703696,0.26008615973741794,0.2601114568019419,0.2690940170940171,0.24710266315681514,0.2601189662245317,0.2471199535090418,0.2690914063034115,0.24713724149717997,0.2237147935466229,0.2690979936425471,0.2600998017636202,0.26911377695751737,0.2601161995898838,0.26912955811489697,0.2601325951746292,0.2236954515941633,0.24709540732640786,0.2691269434478045,0.26915191690015716,0.22369904670789625,0.22372557058903922,0.26010454747343603,0.2237444482405193,0.24707047931399678,0.2470962011478546,0.26912171625730197,0.2600942816150851,0.2601195559350982,0.24709659789588742,0.24712231444478602,0.24714802923696974,0.2601181734348851,0.24716530054644809,0.26013455824596154,0.2601598251485554,0.24717412833384558,0.2601762054364158,0.26020146832849583,0.24718295431264084,0.2472086591320381,0.2236410816716744,0.2472259209942299,0.2601911915329464,0.24724318049912944,0.22364468114160863,0.26019868227904275,0.26896292756195805,0.22365591397849463,0.2689787001638449,0.24722667849950508,0.2601884087651034,0.24724393324004232,0.2602047781569966,0.26896692945633255,0.2236366118353696,0.2689826980172679,0.269007644007644,0.26019450605698685,0.26902340817580017,0.2236325792472788,0.22365906919612394,0.26019311474291174,0.22367792562265437,0.2471768278120842,0.26900245633187775,0.2601917238085491,0.223681517363717,0.2690090397407471,0.2237003683995088,0.2237268479039465,0.26901562180230576,0.22374569391861931,0.2601637107776262,0.2471266327887862,0.22375690607734808,0.24714388023053577,0.2601623243759378,0.22376811594202897,0.26017868103389485,0.26020390766188156,0.22377932351336607,0.24712741655017217,0.26021138765768836,0.2602366097303195,0.22378289922269193,0.2689121467289401,0.2238017317788232,0.2602352139083007,0.2471025361330788,0.2238129324743498,0.2471197763992092,0.2602338184668871,0.2238241308793456,0.24712859139088647,0.2602412923454434,0.22383532699451317,0.24713740458015268,0.2602487646958596,0.22384652082055476,0.24714621596756056,0.26025623551860433,0.26879961838563493,0.26027257240204427,0.22384245851930087,0.2602889070591442,0.2471297652710115,0.26030523949035905,0.2687787429739397,0.22383839760185312,0.2603127022515925,0.2238572109816745,0.22388364726319016,0.26876702997275204,0.2603112972991383,0.22389483005244876,0.24707965807308518,0.26876447350497207,0.2239060105567853,0.22393243887488934,0.2602921646746348,0.2239512394442931,0.2239776635227621,0.26874361593462714,0.2602907629975146,0.26031594716056106,0.2470295849930208,0.24705521890106896,0.2470808510638298,0.2687227668845316,0.2239507097389114,0.22397712574034992,0.2602879607883182,0.24707283866575902,0.26030427827507574,0.2239806684364577,0.2603205935404826,0.24707323713585624,0.26033690658499237,0.22398421016810727,0.2686562085275802,0.22400299441949095,0.2603354996767498,0.2603606668935012,0.24704841618182438,0.2603769733260751,0.22399891130541286,0.2603932775396339,0.24704881782616092,0.26040957953463056,0.2240024492295132,0.2604258793115178,0.2604510357495153,0.2470408163265306,0.2604673310431618,0.22399836745799606,0.22402475937829472,0.26047476533804925,0.2604999149804455,0.22403591103856355,0.24701601659468833,0.2605073449401523,0.24703322112278553,0.224039442366542,0.2240658257114685,0.2470420236638107,0.26049705912351684,0.2240769701502686,0.22410334863165052,0.24704242589067174,0.2604956317775436,0.22411448772860154,0.24705122539855195,0.2683888511216859,0.22412562455389007,0.22415199510570322,0.22417836386500356,0.2470432300163132,0.2604587935429057,0.2604839257799225,0.2241818737893771,0.24704363191518283,0.2604913520676883,0.2683316343866803,0.26050762801128063,0.26053275346561566,0.26055787721265244,0.26058299925256506,0.26060811958552743,0.22414730262263893,0.2606243842782892,0.2469936816359807,0.2606406467610992,0.2241508152173913,0.22417716789511224,0.2606480538006929,0.26824712155690655,0.22418828963456053,0.260655459330956,0.246960537933845,0.2606717152850885,0.2606968215158924,0.2607219260416313,0.2607470288624788,0.26077212997860855,0.2681991036262393,0.26078837469867244,0.26081347185441706,0.24691902902732982,0.26082971211298206,0.2608548053094341,0.2469278294521013,0.2608710411079806,0.22410047522063814,0.26815111503343403,0.2241192043988867,0.22414553847198182,0.26815775183274504,0.22416426268454098,0.26084300549786194,0.2241829843553806,0.260859237138591,0.22420170348501817,0.2468612147947065,0.26086661463811883,0.2468783930510315,0.24690394598446036,0.2608739906358146,0.24692111959287533,0.26808250780295834,0.26088136513213694,0.22416717552072732,0.24692153736558228,0.2608887381275441,0.22417828431871376,0.2609049589580083,0.2609300274734593,0.2609550942884276,0.22418178734949976,0.22420809875873296,0.22423440838335537,0.24688008681497559,0.22425311132964834,0.22427941675144117,0.2609270624936421,0.2468805099688051,0.22429050961245042,0.24689767410320743,0.2679437192744533,0.2609167344724708,0.26795945350374617,0.260932944606414,0.2609579985762229,0.26098305084745765,0.26100810142029085,0.22425598264524438,0.22428227637867335,0.26792977223427333,0.2243009659379766,0.26794550260963873,0.22431965296370351,0.22434594008404501,0.2468060591683893,0.26794307014571334,0.22435701941648878,0.26795879642179454,0.22437569884457698,0.26092701768652166,0.24678976791461968,0.26094321723810815,0.2609682555815293,0.2609932922284708,0.22436396896913852,0.22439024390243903,0.2610006436096338,0.26102567576722446,0.26105070622904175,0.2610757349952581,0.24674005080440306,0.24676556255503623,0.2610830765062485,0.2611081007856949,0.224355718107623,0.24676600067727736,0.26111543801429005,0.26114045780847894,0.26116547590830597,0.22435159477212704,0.246758083629592,0.2677749187432286,0.22436266377763484,0.26779064256212337,0.22438132638207117,0.2678063642518619,0.22439998645949696,0.24673346422043194,0.24675896151372576,0.2244110479285134,0.24677610424775767,0.26108441074934,0.2611094188919349,0.2244145119805063,0.22444075941656233,0.26111675126903555,0.2244594091570505,0.2677314564158094,0.22447805637329543,0.26111524666711783,0.2677381153781086,0.22448910542698605,0.22451534323510505,0.24670140063603763,0.22453398288169424,0.2677266576454668,0.261087243327357,0.22454502401731954,0.26110340628488315,0.26112839940468136,0.2611533908337561,0.261178380572279,0.267697094733994,0.26772186147186144,0.26118570124116475,0.22451809266148123,0.2245443170673971,0.22457053969971594,0.2677104115240253,0.2245891661594644,0.2611665257819104,0.26771706789288613,0.22460019609831963,0.2246264115220772,0.2246526251732648,0.26115618661257606,0.24654338933775058,0.26117233452775335,0.26119730926545653,0.2465521903731747,0.24657765759675512,0.2676603799094166,0.24659478825159697,0.22461808841422198,0.26766703842644224,0.26116931395741805,0.26119428204521644,0.26767369559340365,0.26121042138343525,0.26123538555112524,0.22459874978881567,0.24655358832274632,0.26124269351623475,0.22460977093046827,0.22463596743133213,0.22466216216216217,0.26124117428465254,0.26126613066684684,0.26129108536296997,0.22466558573165787,0.24651241344367505,0.2675808957643721,0.2246765967507684,0.26128073493650367,0.26130568408254246,0.2613306315433975,0.2246800175610415,0.22470620018911253,0.2613379259109175,0.24647126359154453,0.26135404355900727,0.2613789843327931,0.2464800621264814,0.2246944425687082,0.24649718086363484,0.2613774476704929,0.2674791533033996,0.26139355884140164,0.26141849238767173,0.2614434242506076,0.22467510548523206,0.2614595287922771,0.26148445674553616,0.2615093830160659,0.2246785244186439,0.2674316571042862,0.22469710775876617,0.2615078293736501,0.2615327506496136,0.22470810555443071,0.22473426691412182,0.26741125657983533,0.22475284273037083,0.22477899993251907,0.2463645871992982,0.22479757085020244,0.24638170102223272,0.22481613926185817,0.26147825793610635,0.2463905006072055,0.26149434980603814,0.26151926060851377,0.26734576854319153,0.2615353480841878,0.22479678909912645,0.2463743676222597,0.22481535192742236,0.224841494671523,0.24638316527838666,0.22486005260673098,0.26150733434496715,0.26153223630968436,0.22487102539029571,0.22489716096837278,0.22492329478404532,0.24635873229939312,0.2249418428239102,0.2615130469961567,0.2672352762701008,0.22495280474649407,0.26152031012978255,0.24634261444077396,0.2463680183368726,0.2249561817446407,0.24638511577741076,0.2249747219413549,0.26150112904856593,0.2615260177945538,0.26155090486300675,0.24637729999326008,0.2615669755686605,0.2249629330098396,0.22498904875829767,0.22501516274681582,0.22504127497557194,0.2463611859838275,0.26154779151645835,0.26709790445387777,0.2615638581005963,0.22503705700040424,0.2250631632137443,0.24634507848817624,0.2615622999966315,0.22507410401509026,0.24635386843612112,0.26705961603233414,0.24637095416119362,0.2250774619426108,0.24638803758461592,0.22509597898565367,0.26152550934500757,0.24639682112068967,0.22510691315621106,0.24641389992592094,0.26152395703559045,0.26154882154882153,0.2669943772936938,0.2615648777860077,0.267010066323267,0.2670347427955831,0.22507995286988722,0.26156332054130477,0.24637290874204734,0.22509088461020602,0.22511696792217847,0.22514304947829014,0.2670054861835684,0.26154415724286484,0.26156901019755663,0.2251463956384196,0.22517247181558137,0.22519854623771707,0.2669852273109668,0.26700989299414496,0.2615498502641408,0.2615746971736205,0.24629050166548905,0.2670076037951686,0.22517915419035764,0.22520522136993676,0.26156433978132887,0.2615891811881854,0.22521613348134692,0.246266146393972,0.26159642100306096,0.22522704339051464,0.24627493188927382,0.2616036593569218,0.2616284935929775,0.2252303760005381,0.22525643181436017,classic
