8_18507025_18517308,1.0,0.5,0.3333333333333333,0.5,0.4,0.3333333333333333,0.42857142857142855,0.5,0.3333333333333333,0.3,0.36363636363636365,0.3333333333333333,0.38461538461538464,0.35714285714285715,0.3333333333333333,0.375,0.4117647058823529,0.4444444444444444,0.05263157894736842,0.1,0.2857142857142857,0.3181818181818182,0.34782608695652173,0.125,0.36,0.23076923076923078,0.37037037037037035,0.39285714285714285,0.13793103448275862,0.3,0.3225806451612903,0.375,0.21212121212121213,0.23529411764705882,0.3142857142857143,0.3333333333333333,0.35135135135135137,0.3684210526315789,0.1282051282051282,0.375,0.14634146341463414,0.30952380952380953,0.20930232558139536,0.3181818181818182,0.35555555555555557,0.32608695652173914,0.3404255319148936,0.3541666666666667,0.3673469387755102,0.14,0.3333333333333333,0.19230769230769232,0.20754716981132076,0.35185185185185186,0.36363636363636365,0.32142857142857145,0.3333333333333333,0.20689655172413793,0.3389830508474576,0.35,0.36065573770491804,0.20967741935483872,0.36507936507936506,0.21875,0.3230769230769231,0.36363636363636365,0.3283582089552239,0.22058823529411764,0.3333333333333333,0.34285714285714286,0.11267605633802817,0.3472222222222222,0.3561643835616438,0.36486486486486486,0.3333333333333333,0.34210526315789475,0.35064935064935066,0.20512820512820512,0.11392405063291139,0.2125,0.345679012345679,0.35365853658536583,0.3614457831325301,0.36904761904761907,0.21176470588235294,0.11627906976744186,0.21839080459770116,0.3181818181818182,0.3258426966292135,0.3333333333333333,0.12087912087912088,0.21739130434782608,0.34408602150537637,0.32978723404255317,0.3368421052631579,0.125,0.21649484536082475,0.22448979591836735,0.3333333333333333,0.33,0.22772277227722773,0.23529411764705882,0.3300970873786408,0.33653846153846156,0.34285714285714286,0.12264150943396226,0.3177570093457944,0.12962962962962962,0.3394495412844037,0.34545454545454546,0.13513513513513514,0.22321428571428573,0.30973451327433627,0.14035087719298245,0.3391304347826087,0.22413793103448276,0.3076923076923077,0.2288135593220339,0.31092436974789917,0.3333333333333333,0.14049586776859505,0.3360655737704918,0.14634146341463414,0.3064516129032258,0.312,0.2222222222222222,0.2283464566929134,0.234375,0.31007751937984496,0.14615384615384616,0.15267175572519084,0.1590909090909091,0.23308270676691728,0.16417910447761194,0.3037037037037037,0.3088235294117647,0.1678832116788321,0.2318840579710145,0.17266187050359713,0.2357142857142857,0.3049645390070922,0.29577464788732394,0.3076923076923077,0.1736111111111111,0.1793103448275862,0.2945205479452055,0.30612244897959184,0.2972972972972973,0.3087248322147651,0.18,0.31125827814569534,0.3157894736842105,0.3202614379084967,0.3246753246753247,0.2903225806451613,0.3269230769230769,0.17834394904458598,0.18354430379746836,0.2138364779874214,0.2875,0.2919254658385093,0.32098765432098764,0.294478527607362,0.29878048780487804,0.21212121212121213,0.30120481927710846,0.30538922155688625,0.17857142857142858,0.3136094674556213,0.3176470588235294,0.30409356725146197,0.20930232558139536,0.1791907514450867,0.3045977011494253,0.3142857142857143,0.18181818181818182,0.3050847457627119,0.3146067415730337,0.31843575418994413,0.20555555555555555,0.32044198895027626,0.3021978021978022,0.18032786885245902,0.30434782608695654,0.3081081081081081,0.3172043010752688,0.18181818181818182,0.18617021276595744,0.30687830687830686,0.18947368421052632,0.193717277486911,0.3072916666666667,0.31088082901554404,0.31443298969072164,0.31794871794871793,0.30612244897959184,0.19289340101522842,0.30808080808080807,0.19095477386934673,0.315,0.19402985074626866,0.19306930693069307,0.19704433497536947,0.20098039215686275,0.3024390243902439,0.3106796116504854,0.3140096618357488,0.30288461538461536,0.20095693779904306,0.3142857142857143,0.3033175355450237,0.2028301886792453,0.3051643192488263,0.3130841121495327,0.30697674418604654,0.2037037037037037,0.2073732718894009,0.3073394495412844,0.3105022831050228,0.31363636363636366,0.18099547511312217,0.3063063063063063,0.2062780269058296,0.18303571428571427,0.30666666666666664,0.18584070796460178,0.20704845814977973,0.21052631578947367,0.3056768558951965,0.30869565217391304,0.30303030303030304,0.30603448275862066,0.18454935622317598,0.3076923076923077,0.18723404255319148,0.3050847457627119,0.3080168776371308,0.31092436974789917,0.3054393305439331,0.30833333333333335,0.3112033195020747,0.30991735537190085,0.31275720164609055,0.18442622950819673,0.3142857142857143,0.3170731707317073,0.1862348178137652,0.3064516129032258,0.18875502008032127,0.308,0.19123505976095617,0.19444444444444445,0.308300395256917,0.1968503937007874,0.19215686274509805,0.1953125,0.19844357976653695,0.19767441860465115,0.20077220077220076,0.20384615384615384,0.30268199233716475,0.20610687022900764,0.3041825095057034,0.3068181818181818,0.19622641509433963,0.3082706766917293,0.19850187265917604,0.30970149253731344,0.31226765799256506,0.2,0.2915129151291513,0.3125,0.20146520146520147,0.31386861313868614,0.2909090909090909,0.29347826086956524,0.3140794223826715,0.2949640287769784,0.2974910394265233,0.2,0.19572953736654805,0.2978723404255319,0.3003533568904594,0.3028169014084507,0.19649122807017544,0.3041958041958042,0.1986062717770035,0.3055555555555556,0.20069204152249134,0.30344827586206896,0.30584192439862545,0.20205479452054795,0.3037542662116041,0.19387755102040816,0.3050847457627119,0.19594594594594594,0.30303030303030304,0.3053691275167785,0.30434782608695654,0.30666666666666664,0.19601328903654486,0.1986754966887417,0.3069306930693069,0.20065789473684212,0.3081967213114754,0.3006535947712418,0.30293159609120524,0.30844155844155846,0.3042071197411003,0.3064516129032258,0.19935691318327975,0.3076923076923077,0.19169329073482427,0.3057324840764331,0.30793650793650795,0.1930379746835443,0.19873817034700317,0.20125786163522014,0.20376175548589343,0.19375,0.205607476635514,0.2080745341614907,0.30030959752321984,0.20987654320987653,0.30153846153846153,0.19325153374233128,0.2996941896024465,0.3018292682926829,0.20972644376899696,0.3,0.21148036253776434,0.30120481927710846,0.3033033033033033,0.19161676646706588,0.3044776119402985,0.2113095238095238,0.3056379821958457,0.19230769230769232,0.2949852507374631,0.3058823529411765,0.21114369501466276,0.2953216374269006,0.1924198250728863,0.30523255813953487,0.19420289855072465,0.2947976878612717,0.2968299711815562,0.19540229885057472,0.2979942693409742,0.3,0.301994301994302,0.30113636363636365,0.20679886685552407,0.3022598870056497,0.30422535211267604,0.19382022471910113,0.29971988795518206,0.3016759776536313,0.30362116991643456,0.3055555555555556,0.19390581717451524,0.20441988950276244,0.30578512396694213,0.3076923076923077,0.2054794520547945,0.19398907103825136,0.3079019073569482,0.1956521739130435,0.2953929539295393,0.2972972972972973,0.30727762803234504,0.29838709677419356,0.3002680965147453,0.3074866310160428,0.30133333333333334,0.20212765957446807,0.30238726790450926,0.30687830687830686,0.3087071240105541,0.2026315789473684,0.30183727034120733,0.20418848167539266,0.30809399477806787,0.3098958333333333,0.18961038961038962,0.3005181347150259,0.2041343669250646,0.30927835051546393,0.3110539845758355,0.18974358974358974,0.20460358056265984,0.2066326530612245,0.29770992366412213,0.3096446700507614,0.31139240506329113,0.1893939393939394,0.19143576826196473,0.1934673366834171,0.20551378446115287,0.195,0.2942643391521197,0.2064676616915423,0.19602977667493796,0.3069306930693069,0.2938271604938272,0.3078817733990148,0.3095823095823096,0.3112745098039216,0.293398533007335,0.2048780487804878,0.2944038929440389,0.3106796116504854,0.20581113801452786,0.2946859903381642,0.3108433734939759,0.19230769230769232,0.19424460431654678,0.2942583732057416,0.29594272076372313,0.20476190476190476,0.29691211401425177,0.3080568720379147,0.1938534278959811,0.3089622641509434,0.20470588235294118,0.29577464788732394,0.20608899297423888,0.2967289719626168,0.20745920745920746,0.30697674418604654,0.308584686774942,0.19212962962962962,0.3094688221709007,0.31105990783410137,0.2942528735632184,0.20642201834862386,0.3112128146453089,0.1917808219178082,0.3120728929384966,0.20681818181818182,0.20861678004535147,0.19230769230769232,0.20993227990970656,0.2905405405405405,0.3101123595505618,0.19282511210762332,0.21029082774049218,0.21205357142857142,0.289532293986637,0.3088888888888889,0.31042128603104213,0.19247787610619468,0.2891832229580574,0.2907488986784141,0.2923076923076923,0.19298245614035087,0.19474835886214442,0.2925764192139738,0.30718954248366015,0.20869565217391303,0.210412147505423,0.30735930735930733,0.30885529157667385,0.3103448275862069,0.3118279569892473,0.21030042918454936,0.19271948608137046,0.19444444444444445,0.19616204690831557,0.31063829787234043,0.19745222929936307,0.3114406779661017,0.3128964059196617,0.19831223628691982,0.2,0.20798319327731093,0.20125786163522014,0.3117154811715481,0.31315240083507306,0.20208333333333334,0.31392931392931395,0.2800829875518672,0.3146997929606625,0.2024793388429752,0.2804123711340206,0.2037037037037037,0.2053388090349076,0.3135245901639344,0.28016359918200406,0.3142857142857143,0.20366598778004075,0.2804878048780488,0.20486815415821502,0.20445344129554655,0.2808080808080808,0.2056451612903226,0.2052313883299799,0.20682730923694778,0.280561122244489,0.282,0.2834331337325349,0.2051792828685259,0.20675944333996024,0.30753968253968256,0.2079207920792079,0.20948616600790515,0.28205128205128205,0.2106299212598425,0.21218074656188604,0.2823529411764706,0.21330724070450097,0.203125,0.2046783625730994,0.2821011673151751,0.3029126213592233,0.2054263565891473,0.3036750483558994,0.305019305019305,0.2119460500963391,0.28076923076923077,0.30518234165067176,0.21264367816091953,0.28107074569789675,0.3053435114503817,0.2819047619047619,0.21292775665399238,0.2144212523719165,0.30492424242424243,0.21550094517958412,0.2018867924528302,0.2033898305084746,0.2161654135338346,0.2795497185741088,0.20411985018726592,0.21682242990654205,0.2798507462686567,0.3016759776536313,0.20446096654275092,0.30241187384044527,0.3037037037037037,0.20517560073937152,0.2158671586715867,0.27808471454880296,0.20588235294117646,0.21651376146788992,0.20695970695970695,0.20840950639853748,0.21715328467153286,0.3005464480874317,0.21818181818181817,0.20871143375680581,0.3007246376811594,0.20976491862567812,0.2743682310469314,0.21081081081081082,0.21223021582733814,0.21723518850987433,0.2132616487455197,0.2737030411449016,0.21428571428571427,0.21568627450980393,0.297153024911032,0.2984014209591474,0.21631205673758866,0.27256637168141595,0.27385159010600707,0.2751322751322751,0.2975352112676056,0.29876977152899825,0.3,0.2136602451838879,0.3006993006993007,0.21465968586387435,0.21428571428571427,0.27304347826086955,0.2152777777777778,0.29982668977469673,0.21453287197231835,0.27288428324697755,0.27413793103448275,0.27538726333907054,0.29896907216494845,0.2144082332761578,0.2996575342465753,0.21367521367521367,0.27474402730375425,0.21465076660988075,0.21428571428571427,0.298811544991511,0.3,0.3011844331641286,0.21452702702702703,0.21585160202360876,0.2727272727272727,0.21680672268907564,0.21308724832214765,0.2998324958123953,0.2725752508361204,0.21702838063439064,0.2733333333333333,0.2995008319467554,0.30066445182724255,0.3018242122719735,0.3029801324503311,0.30413223140495865,0.30528052805280526,0.2158154859967051,0.21710526315789475,0.21018062397372742,0.27049180327868855,0.2176759410801964,0.21895424836601307,0.21044045676998369,0.21986970684039087,0.21138211382113822,0.21266233766233766,0.21393841166936792,0.215210355987055,0.2681744749596123,0.2693548387096774,0.27053140096618356,0.2717041800643087,0.21508828250401285,0.2724358974358974,0.2736,0.2971246006389776,0.215311004784689,0.21656050955414013,0.27344992050874406,0.2968253968253968,0.21553090332805072,0.21677215189873417,0.296998420221169,0.27287066246056785,0.215748031496063,0.2169811320754717,0.21664050235478807,0.2962382445141066,0.27230046948356806,0.2171875,0.27301092043681746,0.27414330218068533,0.27527216174183516,0.27639751552795033,0.2775193798449612,0.2786377708978328,0.21483771251931993,0.21604938271604937,0.29275808936825887,0.2153846153846154,0.29339477726574503,0.21625766871165644,0.29402756508422667,0.21559633027522937,0.29465648854961835,0.21646341463414634,0.2952815829528158,0.21732522796352582,0.2959028831562974,0.21818181818181817,0.27382753403933435,0.2190332326283988,0.2956259426847662,0.21385542168674698,0.2736842105263158,0.21921921921921922,0.22038980509745126,0.2949101796407186,0.21375186846038863,0.21492537313432836,0.22056631892697467,0.27232142857142855,0.2213967310549777,0.29376854599406527,0.21481481481481482,0.2943786982248521,0.21565731166912852,0.2949852507374631,0.22091310751104565,0.27058823529411763,0.29515418502202645,0.2155425219941349,0.2957540263543192,0.21637426900584794,0.29635036496350364,0.22011661807580174,0.22125181950509462,0.2688953488372093,0.2960812772133527,0.21594202898550724,0.2170767004341534,0.29624277456647397,0.2972582972582973,0.22046109510086456,0.29784172661870506,0.22126436781609196,0.2223816355810617,0.2979942693409742,0.22317596566523606,0.22428571428571428,0.21540656205420827,0.29772079772079774,0.29871977240398295,0.22443181818181818,0.225531914893617,0.2988668555240793,0.2263083451202263,0.2994350282485876,0.22708039492242596,0.3,0.22784810126582278,0.2612359550561798,0.2131837307152875,0.2619047619047619,0.2629370629370629,0.2276536312849162,0.26359832635983266,0.21309192200557103,0.22809457579972184,0.2638888888888889,0.26490984743411927,0.2659279778393352,0.21300138312586445,0.22790055248618785,0.21379310344827587,0.21487603305785125,0.22833562585969738,0.29395604395604397,0.26474622770919065,0.2945205479452055,0.21477428180574556,0.29508196721311475,0.296043656207367,0.26430517711171664,0.2653061224489796,0.21467391304347827,0.26594301221166894,0.2669376693766938,0.29499323410013534,0.2959459459459459,0.2145748987854251,0.2668463611859838,0.22476446837146702,0.22580645161290322,0.2953020134228188,0.29624664879356566,0.22623828647925034,0.2967914438502674,0.2136181575433912,0.29733333333333334,0.21438082556591212,0.22606382978723405,0.22709163346613545,0.22811671087533156,0.21456953642384105,0.2962962962962963,0.29722589167767505,0.21503957783641162,0.2977602108036891,0.2618421052631579,0.2982917214191853,0.26246719160104987,0.21494102228047182,0.2630890052356021,0.21568627450980393,0.21671018276762402,0.29726205997392435,0.2981770833333333,0.21716514954486346,0.2623376623376623,0.2243839169909209,0.26295336787564766,0.21733505821474774,0.21834625322997417,0.2967741935483871,0.22422680412371135,0.2187902187902188,0.2969151670951157,0.2246469833119384,0.21923076923076923,0.22023047375160051,0.2966751918158568,0.2247765006385696,0.22066326530612246,0.2968152866242038,0.22137404580152673,0.22490470139771285,0.2969543147208122,0.29784537389100124,0.22531645569620254,0.22629582806573956,0.29797979797979796,0.22698612862547288,0.25692695214105793,0.2578616352201258,0.29773869346733667,0.22710163111668757,0.22807017543859648,0.22903629536921152,0.23,0.29712858926342073,0.256857855361596,0.29763387297633875,0.21766169154228857,0.2186335403726708,0.22952853598014888,0.23048327137546468,0.2561881188118812,0.29666254635352285,0.2975308641975309,0.29839704069050554,0.29926108374384236,0.3001230012300123,0.21744471744471744,0.3006134969325153,0.3014705882352941,0.2178702570379437,0.3019559902200489,0.22832722832722832,0.21829268292682927,0.3020706455542022,0.21897810218978103,0.21992709599027946,0.22815533980582525,0.25212121212121213,0.25302663438256656,0.22853688029020555,0.21980676328502416,0.22074788902291917,0.2216867469879518,0.2286401925391095,0.25240384615384615,0.2533013205282113,0.2541966426858513,0.2215568862275449,0.25478468899521534,0.25567502986857826,0.256563245823389,0.22169249106078665,0.2571428571428571,0.29607609988109396,0.22684085510688837,0.29655990510083036,0.22156398104265404,0.29704142011834317,0.2222222222222222,0.256198347107438,0.2971698113207547,0.29799764428739695,0.22588235294117648,0.2984723854289072,0.2992957746478873,0.30011723329425555,0.25526932084309134,0.256140350877193,0.3002336448598131,0.30105017502917153,0.2564102564102564,0.2572759022118743,0.22441860465116278,0.2578397212543554,0.22505800464037123,0.22595596755504055,0.21875,0.21965317919075145,0.29907621247113164,0.29988465974625145,0.30069124423963134,0.21979286536248563,0.30114942528735633,0.22043628013777267,0.30160550458715596,0.3024054982817869,0.2551487414187643,0.224,0.3025114155251142,0.22462941847206386,0.2255125284738041,0.21956769055745165,0.30227272727272725,0.22587968217934165,0.30272108843537415,0.22650056625141562,0.21945701357466063,0.2271186440677966,0.2528216704288939,0.30214205186020293,0.2195945945945946,0.3025871766029246,0.22696629213483147,0.22783389450056116,0.21973094170403587,0.2206047032474804,0.22818791946308725,0.22905027932960895,0.25111607142857145,0.22073578595317725,0.2516703786191537,0.3003337041156841,0.22111111111111112,0.2286348501664817,0.229490022172949,0.23034330011074197,0.23119469026548672,0.22099447513812154,0.22185430463576158,0.25027563395810365,0.29845814977973567,0.2992299229922992,0.25054945054945055,0.2305159165751921,0.25109649122807015,0.29901423877327493,0.23085339168490154,0.22076502732240438,0.25109170305676853,0.2311886586695747,0.25163398692810457,0.2981501632208923,0.22065217391304348,0.2985884907709012,0.25162689804772237,0.23076923076923078,0.23160173160173161,0.23243243243243245,0.23326133909287258,0.22006472491909385,0.2510775862068966,0.23358449946178686,0.23440860215053763,0.23523093447905477,0.23605150214592274,0.23687031082529475,0.21948608137044967,0.22032085561497325,0.22115384615384615,0.22198505869797225,0.23667377398720682,0.2374866879659212,0.22234042553191488,0.22316684378320936,0.22399150743099788,0.22481442205726404,0.2923728813559322,0.2253968253968254,0.2928118393234672,0.2470960929250264,0.22573839662447256,0.23603793466807166,0.24736842105263157,0.29232386961093587,0.23634453781512604,0.22560335781741866,0.24737945492662475,0.29214659685863875,0.22594142259414227,0.29258098223615464,0.2265135699373695,0.23566214807090718,0.22708333333333333,0.23621227887617066,0.23700623700623702,0.22741433021806853,0.245850622406639,0.24663212435233162,0.2474120082815735,0.23681489141675285,0.24793388429752067,0.23735810113519093,0.28969072164948456,0.2481977342945417,0.29012345679012347,0.2908530318602261,0.2915811088295688,0.22564102564102564,0.24795081967213115,0.24872057318321392,0.29141104294478526,0.23595505617977527,0.22551020408163266,0.22629969418960244,0.23625254582484725,0.237029501525941,0.24796747967479674,0.24873096446700507,0.23732251521298176,0.2259371833839919,0.24898785425101214,0.24974721941354905,0.28888888888888886,0.23713420787083753,0.22580645161290322,0.22658610271903323,0.24949698189134809,0.25025125628140704,0.22690763052208834,0.22768304914744233,0.22845691382765532,0.2872872872872873,0.288,0.23576423576423577,0.23652694610778444,0.288135593220339,0.23705179282868527,0.24875621890547264,0.24950298210735586,0.2502482621648461,0.2509920634920635,0.23686818632309217,0.2514851485148515,0.2868447082096934,0.23715415019762845,0.23790720631786771,0.22583826429980275,0.2512315270935961,0.2263779527559055,0.2861356932153392,0.23772102161100198,0.23846908734052993,0.25098039215686274,0.2859941234084231,0.22602739726027396,0.22678396871945258,0.23828125,0.23902439024390243,0.22709551656920077,0.25024342745861733,0.2850194552529183,0.2857142857142857,0.28640776699029125,0.2870999030067895,0.22674418604651161,0.23814133591481124,0.23887814313346228,0.2492753623188406,0.23938223938223938,0.24011571841851495,0.24084778420038536,0.22617901828681425,0.22692307692307692,0.24111431316042267,0.22744721689059502,0.28475551294343243,0.22796934865900384,0.24114832535885167,0.2418738049713193,0.2282712511938873,0.22900763358778625,0.22974261201143947,0.23047619047619047,0.24643196955280686,0.23098859315589354,0.23171889838556506,0.2409867172675522,0.24170616113744076,0.24621212121212122,0.2469252601702933,0.24763705103969755,0.23135033050047216,0.24150943396226415,0.24222431668237512,0.24764595103578155,0.24835371589840075,0.2800751879699248,0.23098591549295774,0.2804878048780488,0.28116213683223995,0.2818352059925094,0.24134705332086062,0.2308411214953271,0.24743230625583568,0.24813432835820895,0.23112767940354148,0.23184357541899442,0.28093023255813954,0.24070631970260223,0.2479108635097493,0.24860853432282004,0.24096385542168675,0.23148148148148148,0.2414431082331175,0.24861367837338263,0.23176361957525393,0.24907749077490776,0.24147465437788018,0.24953959484346225,0.250229990800368,0.2509191176470588,0.23140495867768596,0.23211009174311928,0.24106324472960586,0.2774725274725275,0.2415370539798719,0.23217550274223034,0.2328767123287671,0.23357664233576642,0.27711941659070194,0.23406193078324225,0.2411282984531392,0.23454545454545456,0.27702089009990916,0.2776769509981851,0.23481414324569355,0.24818840579710144,0.27782805429864255,0.24050632911392406,0.24119241192411925,0.24187725631768953,0.2777276825969342,0.23423423423423423,0.24212421242124213,0.23471223021582735,0.2776280323450135,0.27827648114901254,0.2789237668161435,0.246415770609319,0.24171888988361684,0.24239713774597496,0.27882037533512066,0.24285714285714285,0.23371989295272078,0.24331550802139038,0.2439893143365984,0.24466192170818504,0.24533333333333332,0.23357015985790408,0.23425022182786157,0.24556737588652483,0.24446412754650132,0.24513274336283186,0.2458001768346596,0.24646643109540636,0.24536628420123566,0.24691358024691357,0.23348017621145375,0.23415492957746478,0.2752858399296394,0.2469244288224956,0.2344161545215101,0.24473684210526317,0.23488168273444346,0.23555166374781086,0.24671916010498687,0.24475524475524477,0.24541484716157205,0.2469458987783595,0.24760244115082825,0.24825783972125434,0.2732811140121845,0.27391304347826084,0.23457862728062553,0.2743055555555556,0.24804856895056374,0.24870017331022531,0.24935064935064935,0.25,0.23422644770959378,0.23488773747841105,0.2355478861087144,0.23620689655172414,0.2368647717484927,0.2728055077452668,0.23731728288907997,0.27319587628865977,0.24892703862660945,0.27358490566037735,0.27420736932305056,0.24914383561643835,0.2369546621043627,0.24102564102564103,0.2741246797608881,0.24914675767918087,0.236999147485081,0.23764906303236796,0.23829787234042554,0.24914965986394558,0.23874256584536957,0.24023769100169778,0.23918575063613232,0.24915254237288137,0.2497883149872989,0.25042301184433163,0.2510566356720203,0.2516891891891892,0.2523206751054852,0.25295109612141653,0.2384161752316765,0.23905723905723905,0.2531539108494533,0.23949579831932774,0.2401343408900084,0.2701342281879195,0.23805532271584243,0.23869346733668342,0.2702928870292887,0.2391304347826087,0.252297410192147,0.2395659432387312,0.2702251876563803,0.23916666666666667,0.2706078268109908,0.23960066555740434,0.2518703241895262,0.23920265780730898,0.23983402489626557,0.2703150912106136,0.251864125932063,0.2392384105960265,0.2522746071133168,0.2702479338842975,0.2708505367464905,0.2524752475247525,0.27122835943940643,0.23887973640856672,0.2716049382716049,0.2524671052631579,0.2391125718981101,0.23809523809523808,0.23954060705496308,0.24016393442622952,0.25225225225225223,0.2528641571194763,0.2534750613246116,0.24019607843137256,0.24081632653061225,0.23735725938009788,0.2697636511817441,0.2703583061889251,0.24084621643612694,0.2528455284552846,0.2372055239642567,0.2532467532467532,0.25385239253852393,0.2544570502431118,0.23724696356275304,0.25485436893203883,0.25545675020210185,0.2560581583198708,0.2566585956416465,0.23951612903225805,0.2401289282836422,0.26811594202898553,0.26870474658085275,0.24035369774919615,0.236144578313253,0.26886035313001605,0.24057738572574178,0.23637820512820512,0.2409927942353883,0.2552,0.2414068745003997,0.268370607028754,0.2553870710295291,0.25598086124401914,0.25657370517928285,0.2412420382165605,0.2354813046937152,0.25675675675675674,0.23590150913423352,0.26746031746031745,0.25693893735130846,0.24088748019017434,0.2573238321456849,0.2579113924050633,0.24110671936758893,0.2353870458135861,0.24151539068666142,0.2421135646687697,0.24271079590228525,0.26614173228346455,0.24311565696302123,0.24371069182389937,0.24430479183032208,0.24489795918367346,0.23450980392156862,0.256269592476489,0.23492560689115113,0.2566510172143975,0.2650508209538702,0.24453125,0.24512099921935987,0.24570982839313574,0.24629773967264224,0.23442367601246106,0.25603112840466924,0.24650077760497668,0.23465423465423466,0.2639751552795031,0.2560124127230411,0.24651162790697675,0.2641363284275755,0.24690402476780185,0.24748646558391338,0.25579598145285937,0.2478764478764479,0.2337962962962963,0.24826522744795682,0.24884437596302003,0.24942263279445728,0.25,0.25518831667947733,0.2557603686635945,0.2624712202609363,0.25,0.25593869731800767,0.2565084226646248,0.26243305279265494,0.25688073394495414,0.25744843391902217,0.2580152671755725,0.2494279176201373,0.2621951219512195,0.25818735719725816,0.2313546423135464,0.23193916349809887,0.2621580547112462,0.25816249050873197,0.25872534142640363,0.25928733889310085,0.2318181818181818,0.24829674489023468,0.2594553706505295,0.2600151171579743,0.24848942598187312,0.2490566037735849,0.23152337858220212,0.2607385079125848,0.26129518072289154,0.2595936794582393,0.26015037593984963,0.2607062359128475,0.2484984984984985,0.26106526631657917,0.24887556221889057,0.23071161048689137,0.24925149700598803,0.24981301421091998,0.23094170403587444,0.2315160567587752,0.26044776119402985,0.2319164802386279,0.23248882265275708,0.25912137006701413,0.2604166666666667,0.26096654275092934,0.26151560178306094,0.25909428359317,0.26186943620178044,0.25945144551519644,0.26222222222222225,0.2627683197631384,0.23150887573964496,0.2631189948263119,0.23190546528803546,0.25904059040590405,0.25958702064896755,0.26013264554163595,0.26288659793814434,0.2634289919058131,0.2639705882352941,0.23144746509919176,0.2643171806167401,0.25972120322817316,0.24560117302052786,0.24615384615384617,0.23133235724743778,0.246525237746891,0.23172514619883042,0.2468955441928415,0.24744525547445256,0.24799416484318015,0.23177842565597667,0.23233794610342315,0.24818049490538574,0.2625454545454545,0.25799418604651164,0.2585330428467683,0.2590711175616836,0.2625090645395214,0.24782608695652175,0.23171614771904417,0.23227206946454415,0.2480115690527838,0.23265895953757226,0.2584837545126354,0.2481962481962482,0.2487382840663302,0.23270893371757925,0.24910007199424047,0.24964028776978417,0.2501797268152408,0.2579022988505747,0.2505384063173008,0.26040172166427544,0.26093189964157704,0.25787965616045844,0.25053686471009307,0.2510729613733906,0.2580414581844174,0.26071428571428573,0.26124197002141325,0.26176890156918686,0.23093371347113328,0.23148148148148148,0.2619217081850534,0.2574679943100996,0.2579957356076759,0.2585227272727273,0.2618878637331441,0.2624113475177305,0.2310418143160879,0.26274787535410765,0.25831564048124556,0.24893917963224893,0.23109540636042403,0.24929378531073446,0.24982357092448837,0.25035260930888575,0.23114869626497533,0.23169014084507042,0.2322308233638283,0.25035161744022505,0.26141953619114544,0.25702247191011235,0.2575438596491228,0.2503506311360449,0.2613875262789068,0.2619047619047619,0.23163051084674596,0.26223776223776224,0.26275331935709295,0.2569832402234637,0.2630844382414515,0.26359832635983266,0.2313588850174216,0.2318941504178273,0.2567849686847599,0.2573018080667594,0.24878387769284224,0.26319444444444445,0.263705759888966,0.2642163661581137,0.2647262647262647,0.24861495844875348,0.2491349480968858,0.2648686030428769,0.24948168624740844,0.25,0.2505175983436853,0.25103448275862067,0.23018607856650586,0.2513774104683196,0.264280798348245,0.23039889958734525,0.2309278350515464,0.25137362637362637,0.25188743994509266,0.252400548696845,0.26387936943111723,0.25273972602739725,0.23066392881587952,0.25376196990424077,0.2638414217361586,0.2527322404371585,0.25392491467576794,0.25306957708049116,0.2304021813224267,0.23092643051771117,0.2532334921715453,0.23129251700680273,0.2318150917743032,0.25339673913043476,0.25390359809911744,0.2530529172320217,0.26237288135593223,0.26287262872628725,0.23155044008124576,0.25372124492557513,0.2542258282623394,0.23175675675675675,0.23227548953409857,0.2624831309041835,0.2542144302090357,0.2628032345013477,0.2632996632996633,0.2543741588156124,0.25151311365164764,0.2318548387096774,0.26326393552719946,0.2543624161073825,0.2635814889336016,0.23190348525469168,0.2511721366376423,0.2322623828647925,0.23277591973244147,0.23328877005347592,0.25384101536406145,0.2336448598130841,0.25083388925950634,0.26266666666666666,0.25116588940706197,0.262982689747004,0.2634730538922156,0.26396276595744683,0.25116279069767444,0.25166002656042497,0.2641008626410086,0.2519893899204244,0.2644135188866799,0.25231788079470197,0.23229649238914626,0.26455026455026454,0.25181758096497026,0.26486129458388374,0.23234323432343235,0.2328496042216359,0.23335530652603823,0.23386034255599472,0.2646477946017117,0.23421052631578948,0.26495726495726496,0.26544021024967146,0.2659225213394616,0.2664041994750656,0.2340983606557377,0.2346002621231979,0.26653569089718404,0.25,0.23479398299542184,0.2503267973856209,0.25081645983017636,0.24934725848563968,0.2511415525114155,0.24967405475880053,0.2501628664495114,0.2513020833333333,0.2504879635653871,0.25097529258777634,0.25146198830409355,0.2649350649350649,0.2517845554834523,0.23346303501945526,0.2650680492546986,0.2338082901554404,0.26537216828478966,0.26584734799482534,0.2663219133807369,0.26679586563307495,0.2672692059393157,0.2509677419354839,0.23339780786589298,0.26739690721649484,0.2678686413393432,0.2335907335907336,0.2681672025723473,0.2506426735218509,0.24855491329479767,0.2490372272143774,0.24951892238614495,0.25,0.267777065983344,0.2330345710627401,0.25015994881637876,0.23337595907928388,0.26773162939297124,0.23371647509578544,0.2501595405232929,0.2493622448979592,0.2676864244741874,0.24968152866242038,0.2501591343093571,0.2678117048346056,0.25047679593134137,0.2681067344345616,0.24952380952380954,0.25,0.25047558655675334,0.23257287705956908,0.2330588980367321,0.23354430379746835,0.23402909550917142,0.26738305941845764,0.24952621604548325,0.2342171717171717,0.23470031545741324,0.2673392181588903,0.26780088216761183,0.2682619647355164,0.24921334172435494,0.2490566037735849,0.26838466373350095,0.26884422110552764,0.23414940364092907,0.23462986198243413,0.24890282131661443,0.2487468671679198,0.24921728240450847,0.2346683354192741,0.23514696685428393,0.249375,0.2485946283572767,0.26779026217228463,0.26824703680598877,0.26870324189526185,0.23489096573208723,0.23536737235367372,0.24891101431238333,0.2493781094527363,0.24984462399005594,0.23540372670807452,0.23587833643699566,0.23635235732009927,0.24984500929944203,0.26765799256505574,0.26811145510835915,0.2685643564356436,0.2690166975881262,0.24969097651421507,0.26930203829524396,0.23580246913580247,0.2461443553362122,0.249691738594328,0.2692544670363524,0.25,0.26953846153846156,0.25030750307503075,0.24585125998770743,0.26965601965601965,0.2461632903621854,0.24662576687116564,0.25015328019619865,0.2346813725490196,0.2694427434170239,0.24663402692778458,0.2470948012232416,0.269559902200489,0.24984728161270617,0.2503052503052503,0.2471018913971934,0.250609756097561,0.2693479585618525,0.25091352009744217,0.2513694461351187,0.2518248175182482,0.24680851063829787,0.24726609963547996,0.2689738919247116,0.26941747572815533,0.25166767738023044,0.23272727272727273,0.25196850393700787,0.2524213075060533,0.25287356321839083,0.25332527206771466,0.2537764350453172,0.2463768115942029,0.2540736270368135,0.2545235223160434,0.2320675105485232,0.2548192771084337,0.2679108970499699,0.2322503008423586,0.26819001803968734,0.2548076923076923,0.2552552552552553,0.2454981992797119,0.2555488902219556,0.2559952038369305,0.25644098262432596,0.26766467065868266,0.23159784560143626,0.2679425837320574,0.25642558278541544,0.25686977299880526,0.26805970149253733,0.24463007159904535,0.26833631484794274,0.2687723480333731,0.25670041691483025,0.2571428571428571,0.2575847709696609,0.23067776456599287,0.24420677361853832,0.25771971496437057,0.258160237388724,0.2586002372479241,0.24422050978067575,0.25888625592417064,0.23031379514505623,0.2591715976331361,0.25960969840331166,0.26004728132387706,0.24394565859421147,0.2603305785123967,0.24424778761061947,0.2665094339622642,0.26694166175604006,0.26030624263839813,0.2607416127133608,0.26705882352941174,0.26102292768959434,0.2291421856639248,0.24368761009982384,0.267018779342723,0.26744868035190617,0.26787807737397423,0.268306971294669,0.2605386416861827,0.22878876535985956,0.22923976608187135,0.22969023962594973,0.24299065420560748,0.2603619381202569,0.2677946324387398,0.24314868804664724,0.2680652680652681,0.2684915550378567,0.24330616996507567,0.2600349040139616,0.22906976744186047,0.26031377106333525,0.24332171893147503,0.2605919907138712,0.2679814385150812,0.2608695652173913,0.261297798377752,0.2617255356108859,0.2679398148148148,0.242914979757085,0.2682080924855491,0.22819179664933564,0.2684757505773672,0.26139642238892097,0.2687427912341407,0.261671469740634,0.26900921658986177,0.22797927461139897,0.2284234752589183,0.261644623346751,0.22873563218390805,0.2619184376794945,0.26234213547646384,0.2685025817555938,0.24139908256880735,0.26246418338108884,0.22852233676975944,0.26273611906124783,0.2414187643020595,0.26300743281875355,0.2634285714285714,0.26384922901199315,0.2676940639269406,0.22818026240730177,0.26795895096921324,0.26837606837606837,0.22835990888382687,0.22879908935685828,0.2684869169510808,0.22910744741330302,0.2630681818181818,0.22941510505394663,0.2684449489216799,0.2631877481565513,0.22959183673469388,0.26855524079320114,0.26330690826727066,0.2637238256932654,0.23925339366515838,0.26851328434143584,0.2689265536723164,0.2636928289102202,0.26918735891647855,0.26959954878736603,0.23900789177001128,0.26985915492957746,0.2635135135135135,0.2639279684862127,0.2643419572553431,0.26981450252951095,0.2702247191011236,0.22796181920269512,0.22839506172839505,0.22882781828379137,0.2701793721973094,0.22913165266106442,0.2637178051511758,0.22943480693900392,0.2639821029082774,0.26439351593068755,0.2698324022346369,0.22948073701842547,0.2700892857142857,0.2704963747908533,0.22965440356744704,0.23008356545961003,0.2639198218262806,0.23650528658875905,0.27030033370411566,0.2707059477487493,0.23666666666666666,0.2637423653525819,0.27081021087680357,0.26400443704936216,0.2710643015521064,0.2642659279778393,0.2646733111849391,0.2650802434975097,0.27101769911504425,0.22885572139303484,0.26519337016574585,0.26559911651021534,0.22902869757174393,0.27082184225041367,0.2657111356119074,0.26611570247933886,0.2665198237885463,0.26692350027517886,0.2706270627062706,0.27102803738317754,0.26703296703296703,0.22844590884129598,0.2711306256860593,0.2287438288535381,0.2713815789473684,0.2717808219178082,0.23384446878422782,0.2720306513409962,0.2724288840262582,0.2728266812465828,0.2284153005464481,0.23375204806116875,0.26582969432314413,0.22858701582105836,0.27262813522355506,0.2730245231607629,0.23366013071895425,0.26565051714752314,0.2660500544069641,0.27297444263186516,0.2733695652173913,0.2661596958174905,0.2736156351791531,0.2333152468800868,0.2662689804772234,0.26666666666666666,0.2275189599133261,0.2734163508391987,0.2667748917748918,0.26717144402379667,0.2735135135135135,0.2739059967585089,0.26727861771058314,0.2676740420939018,0.22707659115426107,0.23234501347708894,0.2677801724137931,0.2735595045772752,0.2739504843918192,0.22700376546530393,0.27419354838709675,0.23213326168726492,0.26745435016111707,0.27428878153515834,0.27467811158798283,0.2675603217158177,0.27491961414790994,0.2678093197643278,0.22644539614561027,0.2268592830390583,0.22727272727272727,0.2677712453233565,0.26816239316239315,0.22744260544580885,0.22785485592315902,0.23093333333333332,0.26812366737739873,0.23122003196590304,0.268370607028754,0.22778073443320915,0.22819148936170214,0.23125996810207336,0.2731137088204038,0.26818906001062137,0.23142250530785563,0.22811671087533156,0.23170731707317074,0.23211446740858505,0.22828389830508475,0.2726310217046056,0.23227513227513227,0.2675832892649392,0.2679704016913319,0.22820919175911253,0.23231256599788808,0.23271767810026386,0.23312236286919832,0.272008434370058,0.26765015806111697,0.22801474460242233,0.26789473684210524,0.2682798527091005,0.22818086225026288,0.22858644245927484,0.27153361344537813,0.2719160104986877,0.26810073452256034,0.22863135815416885,0.2720125786163522,0.2723939235201676,0.22879581151832462,0.2726321297749869,0.2730125523012552,0.2676424464192368,0.23145245559038663,0.2678851174934726,0.26826722338204595,0.23161189358372458,0.2726798748696559,0.2683689421573736,0.27291666666666664,0.2732951587714732,0.2736732570239334,0.2314092563702548,0.2681912681912682,0.26857142857142857,0.23156801661474558,0.2688116242864556,0.2733402489626556,0.2737169517884914,0.27409326424870467,0.22682547902641118,0.22722567287784678,0.22762545266425246,0.27404343329886244,0.22790697674418606,0.2742768595041322,0.22818791946308725,0.2306501547987616,0.2743682310469314,0.2309278350515464,0.2746007212776919,0.26725025746652936,0.2676273803396809,0.26800411522633744,0.2683804627249357,0.2744090441932169,0.22752953261427838,0.22792607802874743,0.2744997434581837,0.23025641025641025,0.26806765761148127,0.27459016393442626,0.2749615975422427,0.23029682702149437,0.2751918158567775,0.27556237218813906,0.27593254982115484,0.2676200204290092,0.2271567126084737,0.26785714285714285,0.268230494645589,0.22986748216106015,0.27559857361181866,0.2683299389002037,0.2687022900763359,0.26907426246185145,0.26944585663446874,0.2266260162601626,0.27526663280853225,0.22690355329949238,0.2754946727549467,0.27586206896551724,0.27622909275215407,0.22695035460992907,0.27645569620253163,0.2687246963562753,0.2766818411734952,0.2269969666329626,0.22738756947953512,0.22777777777777777,0.26855123674911663,0.26892028254288597,0.2692889561270802,0.22782258064516128,0.2695214105793451,0.2759315206445116,0.276295923502768,0.22736418511066397,0.2277526395173454,0.22763819095477386,0.27624309392265195,0.26907630522088355,0.22779729051680883,0.22768304914744233,0.22807017543859648,0.27605210420841686,0.27641462193289934,0.22772772772772773,0.22811405702851426,0.2765,0.22788605697151423,0.22827172827172826,0.2765851223165252,0.27694610778443113,0.2773067331670823,0.22831505483549352,0.22770303936223218,0.27739043824701193,0.22847187655550025,0.22885572139303484,0.26703132769766286,0.2673956262425447,0.2290114257327372,0.22939424031777558,0.27692307692307694,0.2296626984126984,0.2672285572632623,0.22695738354806738,0.22734026745913818,0.27673267326732676,0.2671944581890153,0.2274975272007913,0.2768166089965398,0.2672924901185771,0.2276543209876543,0.228035538005923,0.27676369018253577,0.22830374753451677,0.2769837358304584,0.22857142857142856,0.2772033481043821,0.27755905511811024,0.22823413674372847,0.2777777777777778,0.2781326781326781,0.22838899803536344,0.27835051546391754,0.26594700686947986,0.22854340362923,0.2784313725490196,0.26604605585497304,0.2277179236043095,0.27851199216837985,0.22847358121330724,0.26601466992665035,0.2785923753665689,0.22862725940400586,0.26611328125,0.22742801366520254,0.2785365853658537,0.26621160409556316,0.2787524366471735,0.22747199220652703,0.22784810126582278,0.22822384428223844,0.22859922178988326,0.2280019445794847,0.22886297376093295,0.2656629431762992,0.229126213592233,0.22804463852498788,0.27788554801163917,0.22830828889966068,0.22916666666666666,0.2653753026634383,0.27783155856727976,0.22931785195936139,0.26547388781431336,0.22957950700821653,0.22995169082125605,0.27764365041042977,0.23021235521235522,0.2778581765557164,0.2651880424300868,0.2274698795180723,0.22784200385356454,0.2778045257583052,0.2651588065447546,0.2299182299182299,0.2653846153846154,0.2657376261412782,0.26609029779058596,0.26644263082093134,0.2298464491362764,0.2273381294964029,0.27708533077660596,0.22999520843315766,0.2303639846743295,0.23073240785064625,0.22727272727272727,0.2769010043041607,0.26577437858508607,0.2771141901576684,0.22731614135625597,0.2305489260143198,0.2657442748091603,0.26609442060085836,0.276930409914204,0.23058599333015722,0.27714285714285714,0.2660637791527844,0.27735490009514746,0.277698525915359,0.2267110266159696,0.23040380047505937,0.2777777777777778,0.26578073089701,0.23055028462998103,0.22664770033191087,0.22701421800947869,0.2657508289909995,0.22727272727272727,0.2276384287742546,0.228003784295175,0.27706855791962176,0.22826086956521738,0.26547000472366555,0.277148253068933,0.2774893817838603,0.22830188679245284,0.26544082979726547,0.27756833176248824,0.22939236928874235,0.2655367231638418,0.22823529411764706,0.26575729068673565,0.229431123648331,0.26597744360902253,0.2771254109910756,0.22816901408450704,0.2660722665415298,0.26641651031894936,0.2770745428973277,0.2666354264292409,0.26697892271662765,0.22799625468164794,0.2671970051474029,0.22825070159027128,0.22861150070126227,0.2766355140186916,0.2671648762260626,0.22875816993464052,0.27671488567428837,0.26725746268656714,0.2675990675990676,0.2767940354147251,0.26781555659059153,0.2681564245810056,0.2275476966030712,0.2683720930232558,0.22780102278010228,0.22815985130111524,0.22805387830933582,0.2683379758588672,0.26867749419953596,0.22820037105751392,0.2758460825220213,0.2284522706209453,0.2686428902269569,0.2689814814814815,0.22767237390097178,0.22802960222016652,0.22838650023116042,0.2689463955637708,0.22863741339491916,0.2691597414589104,0.26949700046146746,0.22785977859778597,0.2697095435684647,0.27004608294930876,0.27038231229848,0.27071823204419887,0.2710538426138978,0.2281508739650414,0.271264367816092,0.27389705882352944,0.2282958199356913,0.22865013774104684,0.27397888939880677,0.2743119266055046,0.2746446584135718,0.27497708524289644,0.27530920751259735,0.2706043956043956,0.22654462242562928,0.2753888380603843,0.2267946959304984,0.2755941499085923,0.27592507994518045,0.2762557077625571,0.2268370607028754,0.2271897810218978,0.2275421796625627,0.27620783956244305,0.2765375854214123,0.2272313296903461,0.2767410104688211,0.26933575978161967,0.27694406548431105,0.22727272727272727,0.27714675147660156,0.2693006357856494,0.2696323195642306,0.2772232304900181,0.27755102040816326,0.27787851314596557,0.22655188038060717,0.2269021739130435,0.2272521502942508,0.27782805429864255,0.26910900045228403,0.2694394213381555,0.2263895164934478,0.2696476964769648,0.2699774266365689,0.226985559566787,0.2774018944519621,0.2272317403065825,0.277602523659306,0.26981981981981984,0.22737505628095453,0.22772277227722773,0.22807017543859648,0.22571942446043167,0.2696629213483146,0.22596585804132974,0.27705433318365513,0.27737881508078993,0.27770300583221175,0.27802690582959644,0.26938592559390406,0.22759856630824374,0.2781012091356919,0.2278424350940018,0.26935123042505593,0.2696779964221825,0.27000447027268665,0.22788203753351208,0.2282268870031264,0.27767857142857144,0.26996876394466757,0.27029438001784123,0.277753009362461,0.27807486631016043,0.22806236080178174,0.2284060552092609,0.27814864263462397,0.27001779359430605,0.22409959982214317,0.2782222222222222,0.2785428698356286,0.27886323268206037,0.2791833111407013,0.2795031055900621,0.2279379157427938,0.2796985815602837,0.26938413823659724,0.27989371124889284,0.28021248339973437,0.22787610619469026,0.28040689960194604,0.2807250221043324,0.22801590808661068,0.26899293286219084,0.2282560706401766,0.28067078552515445,0.2690780767534186,0.2808641975308642,0.28118113706478626,0.2691629955947137,0.2280933509467195,0.22843309859154928,0.22877254729432467,0.28100263852242746,0.22197802197802197,0.22891036906854131,0.2810715854194115,0.28138718173836696,0.22904782799473453,0.26842105263157895,0.2687417799210872,0.22173531989482909,0.2812089356110381,0.28152364273204905,0.2288840262582057,0.28171478565179353,0.2820288587669436,0.26835664335664333,0.2686762778505898,0.22139737991266376,0.26887821911828896,0.22164048865619546,0.2817269952027911,0.2820401046207498,0.2823529411764706,0.26872822299651566,0.2690465824989116,0.2280243690165361,0.2822966507177033,0.2826086956521739,0.22816166883963493,0.22849695916594265,0.2826747720364742,0.2686631944444444,0.26898047722342733,0.26929748482220295,0.22063285652362374,0.26949740034662045,0.26981377219575575,0.22813852813852814,0.28212894850713977,0.22837370242214533,0.2287073065283182,0.2821953327571305,0.22894168466522677,0.22927461139896374,0.28226154510142426,0.2825711820534944,0.22940922811556705,0.22974137931034483,0.2197328737613098,0.22006890611541774,0.2686181661644425,0.22030981067125646,0.2821505376344086,0.2824591573516767,0.22948001718951438,0.22036082474226804,0.28252468870759984,0.26824034334763946,0.2295152295152295,0.282590051457976,0.2297471067295328,0.26820908311910885,0.2685224839400428,0.22003424657534246,0.2687205819426615,0.2202737382378101,0.2689183411714408,0.2692307692307692,0.22041862451943614,0.2694278394534586,0.22065727699530516,0.22098976109215018,0.22132196162046908,0.2693947144075021,0.2812100553898594,0.22146507666098808,0.28139633886760324,0.22170212765957448,0.2815823054019566,0.22193877551020408,0.2222694432639184,0.26890399320305863,0.22250530785562633,0.2814091680814941,0.28171404327535005,0.22264631043256997,0.2818991097922849,0.28220338983050847,0.2825074121135112,0.28281117696867064,0.26830300465509943,0.22715736040609136,0.22748414376321352,0.268385460693153,0.22771440642163077,0.2685810810810811,0.28239763613338964,0.22784810126582278,0.2686630113876002,0.22807757166947723,0.22840286557100717,0.2822240943555181,0.2286315789473684,0.2824074074074074,0.22885990744636095,0.22918418839360807,0.28247162673392184,0.2827731092436975,0.22931541369172617,0.28295549958018473,0.28325639949643305,0.2676174496644295,0.28343815513626835,0.2292539815590947,0.28361960620025134,0.28391959798994976,0.22017580577647552,0.2673640167364017,0.22040987034713508,0.26755852842809363,0.28374425407438364,0.22055137844611528,0.2676409185803758,0.2838063439065108,0.22861910721735504,0.28398665554628855,0.267611504793664,0.2841666666666667,0.2678050812161599,0.2285595337218984,0.22888056595921766,0.22004991680532446,0.283991683991684,0.28428927680798005,0.2289156626506024,0.28446843853820597,0.28476546284765464,0.21991701244813278,0.22024056408129408,0.2848258706467662,0.26688769167012016,0.22866611433305717,0.22028985507246376,0.2669701986754967,0.2672734795200662,0.22870140612076095,0.2844150475403059,0.2673553719008264,0.2288310615448162,0.28447563996696945,0.22905489063144863,0.26732673267326734,0.2845360824742268,0.21970321516900249,0.284713638236506,0.28500823723228996,0.2671881432688349,0.2851851851851852,0.21966269025092555,0.28536184210526316,0.2198931360460337,0.22021364009860311,0.22833675564681724,0.2286535303776683,0.28518670496512105,0.22026251025430682,0.22058220582205823,0.22868852459016392,0.2290045063498566,0.26617526617526616,0.2664756446991404,0.26677577741407527,0.26707566462167687,0.22894521668029436,0.22926031875766245,0.2295751633986928,0.22008983258472847,0.22040816326530613,0.22970216238270094,0.2838499184339315,0.2299225438238891,0.23023634881825591,0.2663951120162933,0.2304560260586319,0.2836792836792837,0.2664768104149715,0.26677511183407887,0.283739837398374,0.284030881755384,0.2197400487408611,0.2200568412505075,0.2203733766233766,0.2206896551724138,0.22992700729927007,0.22091609241994326,0.22123176661264182,0.2660996354799514,0.22995951417004049,0.22136786726021854,0.26618122977346276,0.28305701577031944,0.22150363783346808,0.26626262626262626,0.22172859450726978,0.22204279370205895,0.2828894269572236,0.2662363856393707,0.2221774193548387,0.282950423216445,0.2832393231265109,0.22231171969391864,0.22262479871175522,0.2289738430583501,0.22928399034593724,0.2657820667470848,0.26607717041800644,0.28284451586982723,0.26626506024096386,0.2830188679245283,0.2664526484751204,0.2222222222222222,0.26663993584603046,0.26693386773547095,0.22235576923076922,0.28273928714457347,0.22257806244995998,0.22288915566226492,0.2284,0.282686925229908,0.2829736211031175,0.2664802237315222,0.22284345047923323,0.22315369261477047,0.266560255387071,0.22337455125648184,0.28269537480063794,0.282981267437226,0.22788844621513943,0.2831541218637993,0.28343949044585987,0.22801432550736173,0.2836117740652347,0.22306163021868788,0.28378378378378377,0.265792610250298,0.22319301032565528,0.2838427947598253,0.26587301587301587,0.28401428004760015,0.2660586835844568,0.22750693618707887,0.2840729001584786,0.28435643564356433,0.22288202692003167,0.2659279778393352,0.2231012658227848,0.22340846184262556,0.26600790513833994,0.22362702489134728,0.2839652448657188,0.22384524279510462,0.265982636148382,0.22682445759368836,0.22712933753943218,0.26606227828143475,0.28368794326241137,0.2839700669554943,0.284251968503937,0.2845336481700118,0.28481510621557826,0.22689736531655524,0.2849842767295597,0.28526522593320236,0.28554595443833464,0.28582646250490773,0.2861067503924647,0.2652020400156924,0.22666666666666666,0.26538612308898474,0.2656739811912226,0.2659616137877007,0.22239624119028975,0.2857142857142857,0.26604068857589985,0.2858818928431756,0.26622361219702895,0.26651035560765923,0.266796875,0.26708317063647014,0.2857142857142857,0.2259071400702302,0.2858814352574103,0.22612085769980506,0.22174590802805924,0.22204908453447605,0.2667445482866044,0.2670299727520436,0.26731517509727626,0.22598210812913264,0.22628304821150855,0.22658375437232803,0.2851592851592852,0.22679611650485437,0.2670807453416149,0.2852153667054715,0.28549262994569435,0.2857696781698333,0.26705426356589146,0.22665633475397132,0.22114639814097597,0.26713124274099886,0.26741486068111453,0.2676982591876209,0.2853828306264501,0.26787785079242366,0.26816074188562594,0.2209347238315952,0.26833976833976836,0.26862215360864533,0.28510802469135804,0.2688006170458928,0.2690824980724749,0.28516377649325625,0.2854391371340524,0.2857142857142857,0.28598922247882985,0.22547133512889572,0.28615384615384615,0.22568242983467898,0.22598001537279017,0.2685363042643104,0.28609831029185867,0.22610364683301343,0.28626247122026094,0.286536248561565,0.28680981595092025,0.28708317362974317,0.2681992337164751,0.2194561470700881,0.26837672281776415,0.2870264064293915,0.2872991583779648,0.2875717017208413,0.268348623853211,0.26862820022927014,0.2689075630252101,0.22527682321496756,0.21908396946564884,0.26898130484547883,0.21929824561403508,0.21959588257720167,0.2690548780487805,0.28685714285714287,0.2871287128712871,0.224971450323563,0.2252663622526636,0.2194750855838722,0.2688212927756654,0.22538958570885595,0.2689969604863222,0.28674515761488795,0.2255125284738041,0.2869070208728653,0.2871775417298938,0.22563519150549868,0.2259287338893101,0.21902235695339142,0.26856060606060606,0.2688375615297236,0.269114307342922,0.2693908437381763,0.2696671709531014,0.28657844990548204,0.21882086167800455,0.26973932754061203,0.2700151057401813,0.22536806342015855,0.22566037735849057,0.2863070539419087,0.26998491704374056,0.28646814926498304,0.2701582516955539,0.2256120527306968,0.2865210843373494,0.2182913059841927,0.27012791572610984,0.21850319669048515,0.2864661654135338,0.28673431040962044,0.2870022539444027,0.2699962448366504,0.28716216216216217,0.21838649155722326,0.2873218304576144,0.28758905136857893,0.22488755622188905,0.22517796927688272,0.2254681647940075,0.2182703107450393,0.2874251497005988,0.26936026936026936,0.287584143605086,0.26953271028037384,0.28774289985052315,0.22525214792678372,0.28790141896938015,0.22545726017170586,0.26940298507462684,0.21782916822081314,0.2695749440715884,0.26984718598583673,0.21795827123695977,0.2875232774674115,0.2877885331347729,0.2180870859694827,0.28794642857142855,0.2882112309408702,0.28847583643122676,0.26941657376439987,0.21805349182763745,0.21834385443743037,0.2884187082405345,0.21855287569573284,0.2692878338278932,0.28846866889136075,0.22424017790956263,0.2886254168210448,0.26925925925925925,0.26952980377637914,0.28867505551443373,0.2241953385127636,0.26960059171597633,0.2698706099815157,0.22431633407243162,0.2885112670853343,0.22451994091580502,0.2248062015503876,0.2697416974169742,0.2700110660272962,0.2702802359882006,0.21747143383708073,0.27044952100221076,0.27071823204419887,0.22459499263622976,0.270887007729113,0.22479764532744664,0.28760573740345713,0.2172794117647059,0.28776185226019846,0.27075679647318146,0.27102460521483657,0.22466960352422907,0.2711926605504587,0.22487160674981657,0.27136046938027136,0.21700879765395895,0.27152803224624406,0.22490842490842491,0.28707433174661295,0.27159590043923865,0.22502744237102085,0.2871250914411119,0.22522851919561243,0.28728070175438597,0.216660577274388,0.2713659605551497,0.2873311427528295,0.2875912408759124,0.2714337832907698,0.225018234865062,0.22530076558512577,0.2164723032069971,0.27140255009107467,0.21667880553532412,0.21696396068438295,0.21724890829694324,0.2870134594397963,0.2872727272727273,0.22500908760450744,0.2710755813953488,0.22520886305848165,0.22549019607843138,0.2871143375680581,0.22568940493468795,0.21690243017772942,0.2871646120377085,0.2874229793403407,0.2257246376811594,0.27055414704817093,0.27081824764663287,0.2258414766558089,0.28726483357452964,0.2708860759493671,0.2165582067968185,0.2710516805204192,0.2713150289017341,0.28710725893824485,0.28736462093862813,0.2713821725009022,0.22546897546897546,0.28741435268662097,0.22566690699351116,0.21621621621621623,0.2712536023054755,0.28736046092906015,0.22570194384449244,0.28751349406261245,0.2712230215827338,0.22581805106076952,0.2875629043853343,0.2712899748472871,0.22593390804597702,0.28761220825852785,0.28786791098348885,0.22604951560818085,0.2880200860832138,0.2262459662961635,0.22652329749103942,0.21533500537441777,0.2707736389684814,0.21553884711779447,0.21581961345740874,0.2876565295169946,0.2707439198855508,0.22631390775831248,0.21586847748391708,0.22650946766702393,0.27071428571428574,0.21599428775437343,0.22662384011420414,0.2161969318587228,0.2268188302425107,0.21639928698752228,0.27049180327868855,0.286783042394015,0.28703703703703703,0.22677109291562833,0.22704626334519573,0.2870864461045891,0.28733997155049784,0.2161393530039104,0.2874911158493248,0.2699822380106572,0.22691761363636365,0.2701455449059283,0.21611071682044003,0.21638879035118835,0.2872340425531915,0.28748670684154554,0.27002126151665484,0.2267091746369111,0.22698300283286119,0.2272566371681416,0.22753007784854917,0.2872302794481783,0.2698019801980198,0.22764227642276422,0.26996466431095406,0.227834687389615,0.2701271186440678,0.2280268266854924,0.2702893436838391,0.21552028218694885,0.2157968970380818,0.2703560098695805,0.2864693446088795,0.2867206762944699,0.2278169014084507,0.22808870116156282,0.2867698803659395,0.28702075272599364,0.270042194092827,0.21546572934973637,0.2157413914265636,0.22795925535651562,0.2868679775280899,0.28711828711828713,0.22807017543859648,0.2872676253945984,0.22826086956521738,0.28741675429372593,0.21548703573931324,0.2693520140105079,0.21568627450980393,0.215960798039902,0.28726382085374386,0.2161594963273872,0.2874125874125874,0.28766165676336947,0.2278127183787561,0.2162067761089766,0.2877094972067039,0.2164048865619546,0.28785764131193303,0.28810603418207187,0.22768479776847977,0.2882537469501569,0.2682926829268293,0.21630094043887146,0.2883008356545961,0.2885485555168813,0.2164231036882394,0.26817391304347826,0.22739916550764952,0.2683350712547793,0.21646977067407921,0.2882945467176103,0.26840277777777777,0.2884415133634155,0.2685634975711312,0.26881720430107525,0.21636615811373092,0.21663778162911612,0.2882882882882883,0.28853481122272256,0.21675900277008311,0.21703011422637591,0.2885813148788927,0.28882739536492563,0.2264868603042877,0.2170756999654338,0.28887353144436767,0.2680483592400691,0.21719613259668508,0.21746634449430446,0.21773636991028295,0.26802345636426356,0.2886206896551724,0.2178559117545674,0.21812543073742247,0.28866689631415776,0.28891184573002754,0.21824440619621344,0.2677219545767378,0.21843825249398005,0.28885832187070154,0.28910278446201443,0.22542955326460482,0.28924768120920646,0.26751373626373626,0.2255406797116375,0.28929306794783805,0.22572898799313892,0.22599451303155008,0.2893383613301337,0.2673063742289239,0.21788283658787255,0.2893835616438356,0.22595001711742554,0.22621492128678988,0.2179267875470407,0.2670998632010944,0.2181196581196581,0.2891319207108681,0.2893747864707892,0.2260928961748634,0.2669853192215773,0.2672354948805461,0.2262026612077789,0.2892223738062756,0.26730310262529833,0.22631220177232447,0.28926746166950595,0.2895095367847411,0.28975144705481787,0.2899931926480599,0.2670976522626744,0.2901360544217687,0.2903774226453587,0.29061862678450034,0.22595990485898743,0.2907608695652174,0.266893039049236,0.21690427698574338,0.29080420766881576,0.291044776119403,0.22583926754832145,0.2911864406779661,0.22602507624534057,0.22628726287262874,0.29122925838130714,0.26641841570751523,0.2263959390862944,0.2912719891745602,0.26648630368616844,0.21636240703177823,0.21662723893207164,0.29121621621621624,0.21681864235055726,0.21708305199189737,0.2662841714478569,0.21727395411605938,0.29106239460371,0.29130141604855025,0.22581732389619144,0.2914420485175202,0.226002020882452,0.22626262626262628,0.29148434870414003,0.22644683714670255,0.2267070299360915,0.2915265635507734,0.21680672268907564,0.2916666666666667,0.29190460194827006,0.26527871054398927,0.22658610271903323,0.29194630872483224,0.26534719892653474,0.21663313212608987,0.29198793161247066,0.29222520107238603,0.22646566164154103,0.22672471533824515,0.22698359558085035,0.22724230254350736,0.22750083640013383,0.2919732441471572,0.22768304914744233,0.29211229946524064,0.2646174406949549,0.22778891115564462,0.2921535893155259,0.2923898531375167,0.22789456122789456,0.2925283522348232,0.2280760253417806,0.2926666666666667,0.29290236587804064,0.26415722851432377,0.2281052281052281,0.2929427430093209,0.2931780366056572,0.22821024617431804,0.2933155969404722,0.26396276595744683,0.29345297441010304,0.293687707641196,0.2281634008635005,0.22841965471447542,0.2937271822104215,0.29396151293961514,0.2285240464344942,0.29409814323607425,0.2635067948293006,0.2286282306163022,0.29413713150049686,0.2635761589403974,0.21416749420721615,0.2941760423560556,0.2944095269599735,0.22850529100529102,0.29454545454545455,0.29477858559153997,0.2950115626032375,0.2632100396301189,0.26345328491251235,0.21386138613861386,0.29495216100296934,0.22823218997361477,0.228486646884273,0.22874093605800924,0.2632619439868204,0.213768115942029,0.294698715837998,0.29493087557603687,0.29516288252714706,0.22861842105263158,0.2952975994738573,0.21367521367521367,0.21393361813999343,0.22864651773981604,0.21412151067323482,0.2143795141168746,0.29504430587463076,0.21456692913385828,0.29517874713020664,0.21475409836065573,0.2150114716486398,0.2152686762778506,0.29511955453652144,0.2953503601833661,0.2281505728314239,0.2954842931937173,0.22832842656198887,0.2616088947024199,0.2151029748283753,0.21535947712418302,0.29532832407709897,0.2155453951665578,0.2158015017956252,0.29536553524804177,0.2955954323001631,0.22798434442270057,0.21584610368438215,0.29563233376792697,0.295861844248941,0.26091205211726387,0.2611527189840443,0.2158203125,0.29580214773836644,0.2960312296681848,0.2159349593495935,0.22756827048114434,0.29606759831004226,0.2277452891487979,0.2962000649561546,0.26071428571428573,0.21583901330736774,0.2962362102530824,0.21602335387609473,0.21627756160830092,0.2165316045380875,0.2167854828256643,0.2960803368966634,0.2603626943005181,0.21689867270961477,0.2961165048543689,0.29634422516984793,0.21701164294954722,0.26026511477529907,0.2171945701357466,0.21744749596122778,0.29618863049095606,0.26025185663545364,0.21755971594577148,0.21781219748305905,0.2603225806451613,0.2605611093195743,0.2263056092843327,0.22655494682565258,0.2606314432989691,0.22673107890499195,0.29555698647778494,0.2175732217573222,0.2956885456885457,0.2605339337407527,0.2607717041800643,0.21761491481838638,0.29562982005141386,0.26084163186636683,0.2957610789980732,0.29598715890850724,0.22625160462130936,0.22649983958934874,0.22674791533033997,0.2269958319974351,0.22724358974358974,0.2604934315924383,0.29564381806534273,0.29586935638808837,0.21702944942381563,0.26048,0.29590531030070377,0.21714102974096577,0.26054987212276215,0.29594119527005436,0.2268370607028754,0.2960715426381348,0.26053639846743293,0.2170443664219598,0.2606892150606254,0.2609250398724083,0.2267219387755102,0.29582403570290083,0.22689611217335884,0.26091111819050655,0.2611464968152866,0.22699777141037886,0.21674092934436665,0.29557747375119314,0.21692111959287533,0.2957074721780604,0.21710108073744439,0.26088338099777564,0.2611181702668361,0.21721181327405525,0.26126984126984126,0.22659473183116471,0.2614213197969543,0.22676815731049793,0.29518072289156627,0.2954041204437401,0.2170468948035488,0.2955337345581248,0.2612412919569348,0.26147515036403923,0.2955696202531646,0.2170199304017716,0.26154332700822264,0.2171988618400253,0.26169405815423513,0.2619273301737757,0.2621604548325963,0.26239343227028733,0.22601010101010102,0.26254338908172925,0.26277602523659305,0.2630085146641438,0.21689785624211855,0.21714465805231642,0.2630749842470069,0.2173228346456693,0.26322418136020154,0.29430280138495435,0.26337319068596604,0.26360490720352314,0.22547169811320755,0.29424709210939953,0.22564424890006285,0.21709079484762803,0.21733668341708542,0.29419152276295135,0.2633396107972379,0.29432067775337306,0.2173776662484316,0.2944496707431797,0.22539184952978056,0.22563459730492008,0.22587719298245615,0.2630754776072659,0.2943018159048215,0.22597809076682315,0.2944305381727159,0.22614951517047233,0.2263914946841776,0.29446702094404503,0.2628125,0.22649172133708217,0.21673953778888194,0.29441148922884797,0.216916354556804,0.26271450858034323,0.2944479101684342,0.29466791393826003,0.22630922693266833,0.2947958865690246,0.22647975077881619,0.2949236997819994,0.262453300124533,0.2166199813258637,0.21686372121966396,0.2264385692068429,0.22667910447761194,0.29468448865402547,0.2622747047855811,0.26250388319353835,0.2267080745341615,0.22694815274759392,0.2271880819366853,0.26248836487744337,0.22735732009925558,0.2626356589147287,0.2628642281463112,0.22745584133870467,0.22769516728624536,0.21616599566429234,0.2938080495356037,0.29402661714639433,0.2626856435643564,0.22765233529229817,0.21614100185528756,0.29397217928902625,0.2941903584672435,0.22767995057151683,0.2943174799258802,0.22784810126582278,0.2280864197530864,0.29435359456957727,0.2945712523133868,0.2158495220474869,0.26202219482120837,0.21602465331278892,0.2945163277880468,0.2947336002463813,0.21613300492610837,0.2948599569098184,0.29507692307692307,0.2162411565672101,0.2616851168511685,0.2619120811558561,0.21634910878918254,0.29493087557603687,0.21652334152334152,0.2950568007368744,0.2952731737262124,0.22706351641607855,0.2273006134969325,0.2953081876724931,0.2955242182709994,0.2614158749616917,0.22732843137254902,0.29555895865237364,0.22749540722596448,0.22773186409550045,0.2613219094247246,0.2955032119914347,0.26146788990825687,0.2277590950779578,0.29553789731051344,0.21570424686831652,0.29566279780085525,0.26137404580152673,0.2615995115995116,0.26182483979249316,0.29560707748627213,0.22750838670326318,0.26189024390243903,0.26211520877781164,0.2154174283973187,0.21565641181845874,0.2953714981729598,0.2158295281582953,0.22732805842970177,0.26194097961667173,0.2159367396593674,0.2161751292186075,0.2620060790273556,0.29504709814646,0.29526123936816523,0.2620710598238688,0.2161505768063145,0.2952959028831563,0.2955097087378641,0.29572338489535943,0.2959369314736204,0.26189754471051835,0.22666666666666666,0.2620418055134808,0.26226529376135677,0.22676354828943385,0.262409200968523,0.2956127080181543,0.22686025408348456,0.22709404293921984,0.2623941958887545,0.2955575702629193,0.21540785498489426,0.2156448202959831,0.2955917874396135,0.29580440688198006,0.296016898008449,0.2621417797888386,0.22677925211097708,0.2270123605667772,0.22724532851115128,0.26212714673094306,0.2957831325301205,0.2622704004817826,0.2624924744130042,0.21516701775504063,0.26263537906137185,0.22706766917293233,0.2152736019242333,0.2954613766155696,0.2956730769230769,0.21537999399218985,0.2957957957957958,0.29600720504353045,0.226890756302521,0.2154215421542154,0.2960407918416317,0.2962518740629685,0.22691846522781775,0.29637398861252623,0.2618334331935291,0.22701407607067983,0.2964071856287425,0.22717749176893146,0.2151406343506882,0.29644032306311696,0.2616626794258373,0.22720478325859492,0.22743574417214585,0.261726919629519,0.22759856630824374,0.26186921469095253,0.22776119402985073,0.22799164428528798,0.2619331742243437,0.2281538920369818,0.29576624925462136,0.21460506706408347,0.2958879618593564,0.29609770628537385,0.2281119714115545,0.2962191128311998,0.29642857142857143,0.296637905385302,0.21445568114217728,0.2967588462682129,0.2969678953626635,0.2971768202080238,0.22786690433749257,0.21443421443421443,0.21466745843230403,0.21490056396556842,0.22789317507418397,0.22812221892613468,0.21500593119810202,0.2605988734064631,0.26081802015411976,0.22814814814814816,0.2609597156398104,0.22830915013325437,0.2285375962107756,0.21485646641018052,0.2150887573964497,0.29606625258799174,0.29627439384979304,0.22849541826780964,0.22872340425531915,0.22895125553914328,0.26048434731246306,0.2607026867434308,0.2960448642266824,0.2608439067571555,0.2610619469026549,0.2146859333529932,0.2959905660377358,0.21485411140583555,0.2961107837360047,0.2963181148748159,0.22850412249705537,0.26081836914924933,0.214832254267216,0.22859664607237423,0.2961764705882353,0.29638341664216405,0.22868900646678425,0.2289156626506024,0.2605757931844888,0.2607929515418502,0.26100998238402817,0.2289404167889639,0.22916666666666666,0.2959812261660311,0.21436950146627565,0.26092055115801815,0.261137162954279,0.26135364781716963,0.22905682483889866,0.2957540263543192,0.2614168618266979,0.22914837576821773,0.29578700994733764,0.2959929804036268,0.29619883040935674,0.21397252265419467,0.26125073056691994,0.2614665498101081,0.29614485981308414,0.2616058394160584,0.22883829538820782,0.21388969944557923,0.2960910151691949,0.21405657626130067,0.26151603498542275,0.21422325852521132,0.29603729603729606,0.2615787940576755,0.29615608619685496,0.22852983988355166,0.21420256111757857,0.26156531859179516,0.2961023851076207,0.22855481244547834,0.22877906976744186,0.2141819238593432,0.26147588611272515,0.26169038629102526,0.22880371660859466,0.2957910014513788,0.2289611143354614,0.2616768204235567,0.2140371229698376,0.2957378950420412,0.29594202898550726,0.2616632860040568,0.26187717265353416,0.21401679698812626,0.22872032426172553,0.2619392185238784,0.2957175925925926,0.2620769453283194,0.2958357432041643,0.26221451286498987,0.26242774566473986,0.2958682461716267,0.21374927787406123,0.26248917123881027,0.26270207852193994,0.26291486291486293,0.21379111367570686,0.2140178828958754,0.2629757785467128,0.2954742000576535,0.26311239193083574,0.22788821665226158,0.2955069124423963,0.26317304923697094,0.2956246401842257,0.21381294964028777,0.26323360184119676,0.2634454989933851,0.29557216791259344,0.2138545559068698,0.21408045977011494,0.2956047112898592,0.2633543940264216,0.22739018087855298,0.22761194029850745,0.2140602582496413,0.2633390705679862,0.2635503297963866,0.26376146788990823,0.295213528231585,0.29541547277936964,0.22744199369808077,0.21391752577319587,0.263670197537933,0.2953634802518603,0.26380543633762515,0.2954805491990847,0.26394052044609667,0.2138364779874214,0.2955130037153472,0.2957142857142857,0.29591545272779207,0.26384922901199315,0.2269483300028547,0.2271689497716895,0.29586305278174035,0.2136337706788363,0.22725976618192187,0.2636830102622577,0.22741521801082928,0.29572649572649573,0.29592708630019937,0.296127562642369,0.2963279248505551,0.22737620944792258,0.26344238975817924,0.22753128555176336,0.21324992891669037,0.21347356452529848,0.26342710997442453,0.2636363636363636,0.2135756887247941,0.21379897785349233,0.26369571388021573,0.26390465380249717,0.2956028368794326,0.29580260918888257,0.263963708534165,0.22704081632653061,0.2272598469821479,0.2957507082152975,0.21353724157462475,0.2137599093997735,0.26379847155392017,0.2956989247311828,0.26393210749646395,0.21380090497737556,0.29573084534916594,0.2959299039005088,0.22690025430912686,0.2271186440677966,0.29596159277040385,0.2961603613777527,0.22720858029918148,0.29627539503386,0.22736248236953455,0.22758037225042302,0.26332111643642514,0.21335963923337092,0.26345449422372497,0.296056338028169,0.2635877217685159,0.22747747747747749,0.2637207993245145,0.2639279684862127,0.22756680731364276,0.2958380202474691,0.22771998875456845,0.21304103428892637,0.29586962629952235,0.29606741573033707,0.21314237573715247,0.2133632790567097,0.26354195902329497,0.21352413019079686,0.21374474053295933,0.21396522714526078,0.295766750770956,0.2272982062780269,0.21406556458391707,0.26330532212885155,0.26351162139456735,0.2637178051511758,0.2272600055975371,0.29546726357022945,0.29566433566433564,0.2273489932885906,0.29577858540676544,0.2635550586920067,0.2958927074601844,0.2636871508379888,0.26389276738341244,0.22724734785036294,0.29584147362545354,0.22739955357142858,0.26387726638772663,0.2958728388176241,0.2640089211039866,0.21321070234113712,0.21342992477013095,0.21364902506963787,0.2957393483709273,0.2959354120267261,0.2137489563039243,0.2270450751252087,0.29596662030598053,0.26362625139043383,0.22713372254656658,0.26375764313507505,0.2639622117254793,0.26416666666666666,0.2957511802277145,0.21349250416435314,0.29586455731335,0.29605993340732517,0.29625520110957004,0.21353300055463117,0.2639312448017743,0.21369179600886917,0.26406206705458574,0.21385041551246536,0.2960398781500969,0.296234772978959,0.2964295599225021,0.2263420033204206,0.22655601659751037,0.21377212389380532,0.22670721592479956,0.21393034825870647,0.2636087316938381,0.2638121546961326,0.264015465341066,0.2959690778575373,0.26414573557825005,0.22654525386313465,0.22675862068965516,0.22697186982901268,0.21367521367521367,0.26405733186328556,0.21383301184899423,0.2955922865013774,0.2957862847700358,0.22687224669603523,0.2138728323699422,0.2958172812328013,0.29601100412654746,0.2268976897689769,0.2139125653010723,0.21412864211105004,0.21434460016488047,0.21456043956043955,0.2957978577313925,0.2959912136188907,0.22673620642327752,0.29610318331503843,0.22688614540466392,0.21448162369720242,0.2961338086098163,0.26288377192982454,0.22691148259797206,0.22712328767123288,0.2629416598192276,0.2960021905805038,0.2630714481248289,0.22714833059660647,0.2960328317373461,0.2962253829321663,0.26305715066994806,0.22717331875341717,0.2139928942333971,0.21420765027322405,0.26304288445779844,0.227198252321136,0.2143052143052143,0.2273471615720524,0.29577080491132335,0.22749590834697217,0.295882192527952,0.2628135223555071,0.2630144453529572,0.26321525885558583,0.2634159629528739,0.21405228758169934,0.2635447862782467,0.26374523679912903,0.29551020408163264,0.26387377584330796,0.214033179222192,0.2955410549211528,0.21418863821690676,0.2638586956521739,0.29557185547405596,0.2957631721890277,0.26391528645126255,0.2266558089033659,0.22686567164179106,0.21405317417254477,0.2639001898562517,0.26409978308026033,0.21415017619951207,0.2953929539295393,0.2955838526144676,0.29577464788732394,0.22664500406173843,0.26394152680021654,0.21407307171853857,0.22673160173160173,0.22694076278063294,0.26392644672796106,0.295485266288186,0.29567567567567565,0.2958659821669819,0.22690437601296595,0.213880637321091,0.21409287257019438,0.22699055330634277,0.29573664328116567,0.2635554356622606,0.21413160733549083,0.21434348881100027,0.26361185983827495,0.29560765292374025,0.21443965517241378,0.2636681928359817,0.21459343026386646,0.26379542395693134,0.29547900968783636,0.2639225181598063,0.26412049488972567,0.2643183651519226,0.2954301075268817,0.21445847890352057,0.2643739924771628,0.29546065001343,0.29564983888292157,0.29583892617449664,0.29602791196994094,0.21438154011269117,0.2642167381974249,0.29605792437650846,0.264343163538874,0.26454033771106944,0.22561629153269025,0.21430484864720065,0.2959292983395822,0.29611780455153947,0.2963062098501071,0.2964945143162965,0.22552166934189405,0.29660336988499597,0.2141711229946524,0.2641005078855921,0.2642971672902191,0.22548757681004541,0.2644230769230769,0.26461949265687584,0.26481580352375866,0.22551374432879637,0.2649413020277481,0.29607895438783677,0.2650666666666667,0.22553985603838977,0.21375266524520256,0.21396216360245138,0.2959509856153436,0.29613848202396803,0.2963258785942492,0.2648389672611126,0.2650345928685471,0.26523011439212557,0.29627659574468085,0.2653549587875565,0.22514619883040934,0.26547967047568427,0.26567481402763016,0.22523240371845948,0.29607010090281466,0.2657286965755243,0.22531847133757962,0.29609976120986997,0.26578249336870025,0.29620790241315303,0.2659066808059385,0.2661012456930824,0.2962374138844727,0.2662251655629139,0.2963453389830508,0.2663489541964522,0.26654314452091055,0.2667372320719767,0.22486772486772486,0.22507273208145992,0.22527763088313063,0.26671953476077187,0.2124735729386892,0.2668428005284016,0.29582673005810883,0.21256931608133087,0.26689545934530096,0.2958564264977567,0.29604221635883904,0.21260881034027962,0.29614978902953587,0.29633535460058,0.22482867685819716,0.26666666666666666,0.21259220231822973,0.2962865420068475,0.2964718272775145,0.21268754935509346,0.266578947368421,0.26677190213101815,0.22461862177801156,0.2668945569287405,0.22476340694006308,0.2961892247043364,0.29637414608512874,0.22484896243761493,0.2964810924369748,0.22499343659753215,0.26666666666666666,0.2668590921018105,0.2670514165792235,0.29635457644899027,0.22496067121132668,0.2671035386631717,0.29638364779874216,0.22504584752423368,0.2252488213724463,0.2964126734747316,0.2670157068062827,0.21172467940329756,0.29644165358451074,0.2670677478420089,0.22515690376569036,0.2964705882352941,0.2671197072660742,0.29657695322707084,0.2115987460815047,0.2966832071036824,0.22506527415143604,0.29678935003915424,0.296972860125261,0.29715627445864856,0.2668231611893584,0.26701434159061277,0.21141814389989572,0.22491529841021632,0.297029702970297,0.22505860901276373,0.29713541666666665,0.2668575891694871,0.22514315460697554,0.26697892271662765,0.21123829344432882,0.26710013003901173,0.296931877275091,0.2672212113335066,0.22505197505197505,0.2969602494154326,0.2672727272727273,0.2251363282264347,0.22533748701973,0.22553854139631457,0.22573949143746758,0.22594033722438392,0.2966804979253112,0.22608244749805548,0.2669777086573354,0.2671676600155481,0.2261658031088083,0.29655529655529655,0.2967374417400311,0.2262490292518768,0.2670807453416149,0.2967658473479948,0.26720124159337816,0.2673907421773985,0.2675801447776629,0.21013181700697856,0.296640826873385,0.26763110307414106,0.21022727272727273,0.22592305706170926,0.22612287041817244,0.29651612903225805,0.2675438596491228,0.2677327830797008,0.26792160907684376,0.21010569734467646,0.2963917525773196,0.29657304818345787,0.29675425038639874,0.2678341488539789,0.21009268795056643,0.2967824967824968,0.29696345856922285,0.2256238744533059,0.2101337448559671,0.29699151452815636,0.29717223650385605,0.21022873297352865,0.26747173689619735,0.2103776008219882,0.2105803800719055,0.29704749679075737,0.2972279260780287,0.22530151398511675,0.29733196511031296,0.26724801231084894,0.22538461538461538,0.2255831837990259,0.21040492055356227,0.29720727645400974,0.21055327868852458,0.21075544174135724,0.2670250896057348,0.26721269516252877,0.21084953940634596,0.29700690713737526,0.2672634271099744,0.21094349271286117,0.29703476482617586,0.22514694607717864,0.2110373019928462,0.21123882503192848,0.2969867211440245,0.29716619862139393,0.29734558448187853,0.21127838734371013,0.29744897959183675,0.297628156082632,0.29780724120346763,0.22482793780270202,0.26656472986748214,0.2978343949044586,0.26668364747834944,0.2979373567608862,0.2668024439918534,0.26698905573937387,0.210941475826972,0.2978885779699822,0.2980671414038657,0.22451055174167303,0.2981698017285206,0.21092757306226176,0.29827235772357724,0.2667005334010668,0.2244794311833418,0.21096725057121096,0.266751269035533,0.26693732555189037,0.2980720446473871,0.29825006340349985,0.22439148073022314,0.29835234474017747,0.29853015712113534,0.22447428426653154,0.26671732522796354,0.2669030134211193,0.29848101265822785,0.22450012655024046,0.26695344129554655,0.29850746268656714,0.2986848760748609,0.26700379266750945,0.224469160768453,0.2987111448066717,0.29888832743810007,0.22455165445819653,0.22474747474747475,0.2989144155516284,0.2667844522968198,0.22482967448902347,0.2250252270433905,0.2098360655737705,0.2987897125567322,0.2989664734055962,0.2991431451612903,0.20987654320987653,0.21007556675062972,0.2102744900528834,0.2990936555891239,0.26629750818021647,0.21036738802214394,0.2991194968553459,0.2992957746478873,0.22454111139049535,0.2993966817496229,0.2103543603920583,0.2994974874371859,0.21049987440341622,0.21069814163736816,0.210896309314587,0.29944779116465864,0.2657465495608532,0.22428499749121927,0.22447955856533736,0.2246740220661986,0.2993231386312359,0.29949874686716793,0.21072412929090453,0.21092184368737474,0.2995241672927623,0.29969954932398596,0.26533166458072593,0.22447447447447447,0.22466850137603203,0.2248624312156078,0.2108027006751688,0.2995,0.2651837040739815,0.2108945527236382,0.2995253559830127,0.21103896103896103,0.2247191011235955,0.29955067398901647,0.21113052158722237,0.21132734530938124,0.26490396607632827,0.2114713216957606,0.22463226128147595,0.2993519441674975,0.21156242212808374,0.299451918285999,0.21170610211706103,0.224601593625498,0.22479462285287527,0.22498755599800896,0.2993281910923115,0.22512437810945274,0.22531708530216363,0.26429636996519146,0.2992791449167288,0.29945328031809143,0.2996273291925466,0.26428216592151016,0.21132356592997267,0.211519364448858,0.22511789525936957,0.2642679900744417,0.29942942197965766,0.2251984126984127,0.29952888668485,0.26425384234010907,0.2114002478314746,0.29955401387512387,0.2997275204359673,0.29990094105993065,0.3000742758108443,0.225,0.22519178421182875,0.2639782285997031,0.3000247341083354,0.26409495548961426,0.300123609394314,0.21107266435986158,0.2112676056338028,0.2250494071146245,0.30007409236848603,0.26395061728395064,0.26413231300913353,0.2250740375123396,0.3000246730816679,0.26418352244696597,0.225154130702836,0.3000493096646943,0.2642346561498644,0.3001478560867422,0.22517861542251785,0.22536945812807882,0.3001723713371091,0.26415558838010833,0.21068176224464683,0.26427165354330706,0.2644526445264453,0.26463354648303,0.2999754118514876,0.21066863323500493,0.2646841975915458,0.21081081081081082,0.26479980348808646,0.299852652259332,0.21090105573287504,0.2648502700049092,0.2650306748466258,0.2998037291462218,0.26514594064262936,0.2246199117214321,0.2652610934052464,0.22475490196078432,0.21073266356285225,0.2996080352768251,0.2652461425422483,0.21082272282076395,0.2653610771113831,0.2109642682329907,0.2246146317592366,0.299412915851272,0.21105404744436293,0.2995110024449878,0.2652163285260328,0.22458455522971651,0.29953579281700465,0.265266243282853,0.2996336996336996,0.265380859375,0.26556016597510373,0.2996583699365544,0.26567455476945595,0.22439024390243903,0.21068032187271396,0.26572403705509506,0.2659029978064831,0.26608187134502925,0.26626065773447016,0.26643935703848026,0.22425127830533237,0.2665530671859786,0.2990995376003894,0.26666666666666666,0.22427633179275117,0.21035992217898833,0.2990517870167761,0.26665046183762764,0.22430133657351153,0.26676384839650147,0.2244352683993199,0.26687712481787274,0.22456907016266084,0.21019417475728155,0.29871390439213785,0.29888403687530324,0.22459374242056754,0.22478176527643065,0.26666666666666666,0.26684440135724674,0.21007996123091835,0.21027131782945738,0.2986195204650036,0.26682808716707024,0.22464294359719197,0.2669409486931268,0.29857246552141303,0.2247218190614417,0.29866989117291415,0.26692456479690524,0.21005559584239789,0.21024649589173514,0.26697269871949747,0.2985507246376812,0.2987201159140304,0.2245292129406084,0.2247163890900314,0.29874517374517373,0.29891435464414956,0.22479498311625662,0.26669881842295634,0.2668756027000964,0.20993010363943118,0.2987951807228916,0.21006986268369068,0.21026011560693642,0.26679508788827355,0.2669715936446798,0.298676293622142,0.2244947064485082,0.22468126052441664,0.22486772486772486,0.21014666987256553,0.21033653846153846,0.29848594087959623,0.26669870254685246,0.2248378573144367,0.2985110470701249,0.2986794717887155,0.22491598655784925,0.298776097912167,0.22504798464491363,0.2988726313264572,0.29904076738609114,0.2663629824982019,0.2099712368168744,0.29906542056074764,0.26641111643507426,0.22491017964071855,0.29909003831417624,0.22504189609767775,0.22522738152225946,0.2663316582914573,0.29904306220095694,0.2664434345850275,0.2666188426590148,0.26679416686588575,0.2989961759082218,0.22508960573476702,0.26684185379837555,0.2670169572486267,0.2671919770773639,0.2988780138457866,0.20930787589498806,0.2989739918873777,0.20944656488549618,0.2671118530884808,0.20958512160228898,0.2097735399284863,0.2671591992373689,0.29878484631879915,0.2989518818484993,0.22457728030483448,0.2671428571428571,0.26731730540347537,0.26749167063303186,0.22460147513680703,0.2247859181731684,0.22497027348394769,0.20946267237280075,0.26741145709531733,0.2675855513307985,0.2677595628415301,0.22494061757719716,0.22512467347423415,0.2678062678062678,0.29812485164965585,0.20930232558139536,0.20948991696322658,0.20967741935483872,0.20986483281953996,0.2980085348506401,0.29817492296752784,0.22488151658767772,0.22506515043828476,0.2252486972998579,0.29812929197253135,0.26728219696969696,0.20970414201183432,0.20989115002366304,0.298083747338538,0.21002838221381268,0.21021518089382832,0.26713947990543735,0.2673126920349799,0.2674858223062382,0.2248995983935743,0.2978271138403401,0.2675324675324675,0.26770538243626063,0.2978522539532688,0.29801793298725815,0.2677518282613824,0.2981132075471698,0.22471115302994576,0.2248939179632249,0.2981381098279519,0.26767200754005654,0.29823321554770316,0.2677814413565709,0.2679538497763127,0.20951035781544255,0.20969639915274182,0.29811764705882354,0.2982827569983533,0.2678739416745061,0.22454737832118504,0.20968500235072873,0.2098707403055229,0.22462406015037595,0.29809725158562367,0.2677313292625646,0.20990842920873445,0.22464788732394367,0.22482985214738324,0.22501173158141718,0.20994604738447104,0.2101313320825516,0.2250879249706917,0.2252695733708392,0.22545113662995078,0.26733833177132144,0.22557976106816585,0.2674473067915691,0.2973542495902599,0.2975187265917603,0.29768312660893986,0.29784744969583526,0.2673684210526316,0.2675397567820393,0.22539162964694878,0.2978027115474521,0.2675858845524655,0.29789719626168226,0.22541462275169352,0.22559551611396544,0.29792201727760914,0.2980859010270775,0.22567094515752625,0.29818012132524496,0.2257989269885701,0.26725746268656714,0.29820470972254604,0.20909090909090908,0.2982987648566768,0.2672413793103448,0.2091777311903098,0.29832324173265024,0.22561117578579745,0.22579143389199255,0.2259716080986735,0.298278268962308,0.20911839962782042,0.2669767441860465,0.26714717507556385,0.22594142259414227,0.2672554032070648,0.20910780669144982,0.2980255516840883,0.2259637714816535,0.2672393777571395,0.26740947075208915,0.26757948479925736,0.20904872389791182,0.26768731152864766,0.2258812615955473,0.22606074658010666,0.22624014835419565,0.20903823870220162,0.2974976830398517,0.22631457030345148,0.29759147753589626,0.26742301458670986,0.20902777777777778,0.20921083082619765,0.20939379916705228,0.26740689336109186,0.22617946345975948,0.22635838150289017,0.2674526121128063,0.22648486249133348,0.2675600739371534,0.20928620928620928,0.2969976905311778,0.2676056338028169,0.22645429362880887,0.22663281790906992,0.22681125980618366,0.20922722029988466,0.26752767527675275,0.26769656444546924,0.20931304748732135,0.2966121226088961,0.2967741935483871,0.2969361898180143,0.22662367572547212,0.297029702970297,0.2971915285451197,0.29735327963176067,0.2091578462954441,0.2974465148378192,0.29760809567617297,0.297769602207404,0.2979310344827586,0.20914732245460813,0.26700367647058826,0.2671720652423616,0.29788700045934774,0.2261768082663605,0.26721763085399447,0.2979114069313748,0.22625057365764112,0.20899288827712778,0.2672018348623853,0.2091263471680807,0.26730857404860153,0.26747650699060277,0.2676443629697525,0.20916380297823597,0.20934493815849747,0.29745820929700023,0.20947802197802198,0.26756694895857175,0.22585812356979404,0.20956302905513613,0.209743824336688,0.2972787560027441,0.2974394147233653,0.2976,0.22577696526508226,0.20973269362577107,0.20991320237551395,0.29755651975336833,0.29771689497716897,0.22574754622232368,0.26700136923779094,0.29774127310061604,0.20985401459854014,0.2978335233751425,0.2669858641130871,0.2671529519033508,0.22561531449407474,0.20984278879015722,0.21002277904328018,0.2256889091323161,0.21015482695810564,0.29751877987707714,0.22576240327719618,0.225938566552901,0.21019108280254778,0.2103707073004321,0.29740791268758526,0.2666515117072062,0.26681818181818184,0.22585775960009088,0.21035892776010903,0.2668635021576198,0.2972297910990009,0.2669693530079455,0.22582841579664095,0.21034717494894487,0.2971869328493648,0.21047856656838285,0.2972789115646258,0.29743822262525504,0.26677243880326384,0.2669385905279855,0.2974626189397372,0.21041902604756513,0.2669836956521739,0.2671496490830881,0.26731552738795833,0.2973523421588595,0.2253393665158371,0.29744401719068086,0.2672998643147897,0.22541261587158037,0.2974683544303797,0.2255367231638418,0.22571170356981474,0.21007454257962502,0.29742547425474253,0.2975841047640551,0.2977426636568849,0.21011058451816747,0.21028880866425992,0.21046695240243626,0.2668019846639603,0.21059751972942503,0.2975653742110009,0.225377507324769,0.22555205047318613,0.22572651498085156,0.29752252252252254,0.2105381670794866,0.2665466006303467,0.29754670267837047,0.26665166516651667,0.22564679415073116,0.22582096266306792,0.21047897458961098,0.266636690647482,0.2973701955495617,0.21056179775280898,0.29746124466412044,0.2976190476190476,0.2977767796990793,0.2665020206555905,0.26666666666666666,0.22553859964093356,0.2977339017276195,0.22566173171825932,0.21036106750392464,0.29775784753363227,0.29791526563550774,0.2980726131779471,0.22563298229890208,0.2663530465949821,0.2980963045912654,0.21025526197939992,0.21043205730915604,0.26633840644583706,0.29805325576191544,0.2664429530201342,0.21046745694475508,0.21064400715563505,0.26648781578359043,0.2979436745641484,0.2665921787709497,0.225201072386059,0.2666964485146303,0.22532380527020993,0.29783433802187986,0.21049107142857143,0.297924570408391,0.29808121374386437,0.26656256970778497,0.22524531668153436,0.2981047937569677,0.2253678109674543,0.2981947849342545,0.22549019607843138,0.26642904878592116,0.22561247216035635,0.21019817412602984,0.29808548530721285,0.2982417093256176,0.26635514018691586,0.21023359288097887,0.21040925266903915,0.22548365577051369,0.2105380168963984,0.29806623694154255,0.26622222222222225,0.2255054432348367,0.22567747667703242,0.21052631578947367,0.29795737122557725,0.22574916759156494,0.29804704837993784,0.2660306190370535,0.2981366459627329,0.2982923042803282,0.2660753880266075,0.21037463976945245,0.21054964539007093,0.21072457345446488,0.2255206025697829,0.26600221483942416,0.2661647475642161,0.22559220721717954,0.2979194333776007,0.2980747953086966,0.21061946902654868,0.29816412298164124,0.21074745687748783,0.29825337165598054,0.2984084880636605,0.21082872928176796,0.2110030932390632,0.2253147779986746,0.21113074204946997,0.2982998454404946,0.21125827814569537,0.2655043036857206,0.29832303618711387,0.2984778292521509,0.22518747243052492,0.21124586549062843,0.2985008818342152,0.21137315406656382,0.2985896870868224,0.26525666446353824,0.2986784140969163,0.2250605593481612,0.29876706296785555,0.21131410961919436,0.2988556338028169,0.26512651265126513,0.2652881654201496,0.21134814163184518,0.224934036939314,0.22510441855352825,0.2652747252747253,0.2986156888595913,0.26537785588752194,0.21128925982868438,0.29863855950812473,0.21141602634467618,0.26536435469710273,0.26552556506473557,0.2656867046950417,0.21144987935950865,0.2657894736842105,0.2247314185485639,0.29833406400701445,0.22485207100591717,0.2250219106047327,0.22519167579408544,0.2982917214191853,0.26560105101817383,0.2112521891418564,0.2983147297001532,0.21137855579868708,0.2115510829140232,0.2983377077865267,0.29849114366936363,0.21163095758635767,0.2985792349726776,0.2987325174825175,0.29888573301289056,0.29903888160768893,0.22472155492465604,0.22489082969432314,0.22506003056101287,0.29899607158446095,0.22518001309186123,0.29908376963350786,0.26477644492911667,0.29917139119058,0.2648790058862001,0.21120313862249346,0.22510350838962737,0.2991285403050109,0.29928120235242867,0.29943379790940766,0.2647507075985195,0.2649107531562908,0.2250272034820457,0.21105308964316796,0.26495540569936915,0.265115267507612,0.29919547727766904,0.26521739130434785,0.22495109758748097,0.2653194263363755,0.26547903541168805,0.29908774978279756,0.2992399565689468,0.26552323056882327,0.299327110918168,0.2107204861111111,0.2108917335647646,0.21106290672451192,0.2992843201040989,0.2994362532523851,0.29958812052893996,0.299739921976593,0.21105092091007585,0.2112218370883882,0.29976175005414774,0.29991338241663057,0.2649924226022949,0.26515151515151514,0.2999350789872322,0.22414539160536565,0.21111832143629677,0.21128892733564014,0.2242162162162162,0.2998270644185041,0.2649665009725524,0.2999135695764909,0.2650680492546986,0.21123110151187904,0.2651695098250918,0.2653281519861831,0.26548672566371684,0.2997410444540354,0.21121898597626754,0.21138912855910266,0.2997627776579685,0.2999137559292799,0.223755119637853,0.21142241379310345,0.21159232923938806,0.2998707453683757,0.21171656256730562,0.26507321274763135,0.29989235737351994,0.26517434352130864,0.2999784807402625,0.26527538726333905,0.22348892234889223,0.3,0.2236078262739196,0.3000859845227859,0.30023640661938533,0.3003867640739149,0.3005370569280344,0.211340206185567,0.21150955550783768,0.2649205667668527,0.2650783429920584,0.2652360515021459,0.3003647285990131,0.2232947232947233,0.2114518550289513,0.30038593481989706,0.30053590568060023,0.3006858122588941,0.21148489393614742,0.26499571550985435,0.26515313771685584,0.3006423982869379,0.22307856989937916,0.3007277397260274,0.30087738069762465,0.3010269576379974,0.2650267379679144,0.22305389221556887,0.30104768013683986,0.2231722958529286,0.21115622996366745,0.26495726495726496,0.3010040589617603,0.30115335326783427,0.3013025838137946,0.2649444918872758,0.3013874066168623,0.26504481434058896,0.30147215703008323,0.21096416382252559,0.2650885050117296,0.2652452025586354,0.22276700063952248,0.3013640238704177,0.265288727892606,0.2654452492543673,0.30138445154419596,0.2655451448040886,0.2107728337236534,0.22264793529161345,0.222813364545648,0.30127659574468085,0.3014252286747501,0.210761378136963,0.2653625345524134,0.2655187074829932,0.26567481402763016,0.222694432639184,0.30125345230507755,0.2657179269328802,0.2658738585686982,0.2227176220806794,0.3012099341965612,0.30135823429541597,0.30150647146191384,0.21043699618158676,0.30159066808059387,0.26569126378286684,0.26584693661225356,0.22255192878338279,0.21042593769866497,0.30148305084745763,0.21054861258208007,0.30156713257094453,0.21067118356976497,0.3016511430990686,0.2656084656084656,0.30173508252221753,0.22233975037021367,0.2225042301184433,0.2655952632691901,0.2105708245243129,0.3016275628831114,0.26563820794590026,0.26579336572998097,0.26594845796366706,0.301583949313622,0.2660472972972973,0.3016677221870382,0.26614605318699874,0.30175142435112895,0.21033755274261604,0.30183505589538073,0.26613243357233235,0.26628716002530045,0.26644182124789206,0.2219178082191781,0.30172777075431945,0.26648409521803246,0.21019376579612467,0.30174773636555063,0.26652631578947367,0.22184803199326458,0.2666245791245791,0.21018304228908058,0.26672275978123683,0.2103049421661409,0.26682085786375104,0.26697498423376076,0.2671290458175704,0.2103383063668838,0.30126050420168066,0.26717076244486454,0.26732465350692985,0.2674784799496116,0.2214525608732158,0.22161594963273873,0.26751993285774234,0.22173274596182085,0.2101510067114094,0.30090165653176765,0.3010482180293501,0.30119471808845105,0.2673931265716681,0.22166352398910538,0.21009635525764558,0.30115183246073296,0.2673785594639866,0.30123508478124345,0.2674759313520301,0.26762921113203597,0.26778242677824265,0.20999790838736665,0.2678795483061481,0.2680326155132762,0.3010033444816054,0.26812957157784745,0.26828249059757625,0.30102360559849595,0.2683792815371763,0.2685320526205888,0.20981210855949894,0.2686286787726988,0.2687813021702838,0.22094721468808678,0.268877763871506,0.2210636079249218,0.2097581317764804,0.20992286845945382,0.30054189245518964,0.3006876432590123,0.22104166666666666,0.2212039158508644,0.2099125364431487,0.26858213616489696,0.3005828476269775,0.20998959417273674,0.2211818560133167,0.3006032868733098,0.21006655574043262,0.26845498024537323,0.30062370062370064,0.3007690708792351,0.2684954280964256,0.22106794099314356,0.2685916078105526,0.22118380062305296,0.26868770764119604,0.2098816690886444,0.26878372768783726,0.2689354637891679,0.2099585062240664,0.30035262393694256,0.30049771878888426,0.2210242587601078,0.2688640132669983,0.3005181347150259,0.2689598010774969,0.3006007872384504,0.26905550952775475,0.26920687512942637,0.2693581780538302,0.20968743531359968,0.26945364238410596,0.30043451272501553,0.2695490277203144,0.30051706308169596,0.20967741935483872,0.2695885879677486,0.30053741215378255,0.30068195908245504,0.22045454545454546,0.2695724023961991,0.20962412226352747,0.22052446830476977,0.2696118909991742,0.30051599587203304,0.2205943045810978,0.30059830823189604,0.2695957095709571,0.2697463394514333,0.22061855670103092,0.300556586270872,0.30070074196207747,0.3008448382443849,0.22064276885043263,0.2208032955715757,0.22096375617792421,0.30080296479308216,0.30094689172498973,0.3010907594155176,0.2693415637860082,0.22094219296441062,0.22110242698477992,0.30104873534855026,0.22121710526315788,0.2692702980472765,0.30106863953966295,0.2693651119786316,0.2695152013147083,0.2086670774286301,0.22114989733059548,0.2213097926503798,0.20874384236453203,0.30084137081879747,0.3009848173984407,0.30112820512820515,0.22128794093519277,0.30120976009842115,0.2086920869208692,0.3012912482065997,0.3014344262295082,0.2212661339889367,0.22142564522736582,0.2086831865656359,0.2688370188370188,0.2689866939611054,0.20875972165370446,0.20892162881113158,0.3011456628477905,0.20904070362037228,0.2689161554192229,0.2091596810468207,0.3011038430089943,0.30124667892908236,0.20923579893747446,0.26884576098059243,0.2093545751633987,0.26894016744945887,0.30114332380563497,0.3012859767299449,0.20938775510204083,0.22077127116914916,0.22093023255813954,0.26881501121762186,0.30118270799347474,0.2689092762487258,0.20933550754178556,0.301202363969839,0.26894865525672373,0.26909757588103483,0.26924643584521385,0.22072897576868256,0.2693403908794788,0.20924078974150215,0.2207977207977208,0.2693794506612411,0.2695280716029292,0.3007931665649786,0.20923139487596584,0.26956698515958527,0.20934959349593496,0.2095102621418411,0.30069077610727346,0.2096282754418038,0.30077173030056864,0.30091370558375635,0.30105562322371093,0.2096610513497057,0.2692775974025974,0.20977885980929195,0.2693711967545639,0.2098965727033056,0.3008921330089213,0.3010338536387594,0.26935549250101337,0.22006079027355624,0.2202188006482982,0.2693943690500304,0.30093155123531795,0.26948775055679286,0.26963562753036435,0.3009512244484922,0.2096317280453258,0.20979162451952255,0.2099514563106796,0.26956521739130435,0.2697128993125758,0.21002627855265818,0.30072756669361356,0.21014346332592443,0.2696969696969697,0.2102605534235508,0.300686591276252,0.269735513830002,0.30076705692369804,0.2698284561049445,0.26997578692493945,0.270123058301392,0.3007260992335619,0.2702157693083283,0.3008064516129032,0.27030840556339447,0.2704554615074567,0.30082611323796093,0.20991136180499598,0.21007049345417925,0.3008457511075312,0.2703845379504731,0.27053140096618356,0.2706782048701952,0.21891348088531187,0.21907060953530477,0.21922767497988738,0.30062336617735774,0.219340570969039,0.3007035175879397,0.3008440514469453,0.3009845288326301,0.21936520691040579,0.3010644707772645,0.27028112449799196,0.21943384862477414,0.2095543958249699,0.30102347983142685,0.3011637239165329,0.3013039117352056,0.21941436020858404,0.21957088429917787,0.21972734562951082,0.20946081379033873,0.26993987975951905,0.20957723903025446,0.27003205128205127,0.20969357099939917,0.2196635963155787,0.3009009009009009,0.20976781425140112,0.3009805883530118,0.2699079631852741,0.20984196839367875,0.27,0.20995800839832032,0.2101159536185526,0.21946831900859484,0.2699840127897682,0.2701298701298701,0.27027566919696366,0.27042141002596365,0.2705670926517572,0.21940507087242964,0.21956087824351297,0.20993813610057874,0.21967278531524342,0.3002194294833433,0.27044276027124053,0.27058823529411763,0.30023923444976075,0.3003787123779151,0.27062574730968514,0.21956565052799362,0.2097609561752988,0.20991834295956982,0.30027877339705294,0.30041807684650607,0.3005573248407643,0.21950248756218904,0.21965777954635893,0.21981300974736423,0.2199681782020684,0.22012328494730563,0.3003976143141153,0.22023454581594115,0.3004769475357711,0.3006159348301212,0.3007548669050457,0.30089374379344586,0.2698570293884035,0.30097280127059756,0.2699483922191346,0.2700932724746974,0.3009920634920635,0.30113072803015273,0.2199523998413328,0.20920087249652985,0.20935765265662173,0.20951437066402379,0.30103051922314705,0.30116901129383794,0.30130744849445323,0.21984551396316102,0.2095049504950495,0.30132647000593943,0.301464766429137,0.3016030081139917,0.30174119509299563,0.21978239366963404,0.2199367088607595,0.3017599367213763,0.20937129300118623,0.2692231666337221,0.2199604743083004,0.20944477376012646,0.301659423152904,0.20955954967410625,0.21998420221169035,0.20967423494570583,0.30161863403079353,0.20978882968225773,0.20994475138121546,0.30163740382718485,0.21005917159763313,0.2102149477420627,0.30165615141955837,0.21032919377094422,0.2104848245959795,0.30167487684729066,0.30181245074862095,0.3019499704549931,0.2684127609294998,0.26855680252018116,0.2687007874015748,0.21039165518598701,0.3018496654860291,0.30198701554200275,0.3021243115656963,0.3022615535889872,0.3023987416437279,0.3025358757617456,0.2684748427672956,0.2686185891137748,0.268762278978389,0.21017481830681595,0.21897093479968577,0.3023758099352052,0.3025127601099333,0.3026496565260059,0.2686420722135008,0.21895232489699823,0.3026677128285602,0.3028044714649931,0.21901960784313726,0.26857478925700845,0.268718149745198,0.26886145404663925,0.26900470219435735,0.30264446620959845,0.3027810419114767,0.2690424906990405,0.269185591229444,0.21882951653944022,0.21898238747553816,0.26922324398356484,0.3026212832550861,0.26931351457070213,0.21900664841611264,0.2694037145650049,0.26954652071931196,0.2696892710572601,0.20926143024618993,0.30240281304942374,0.3025390625,0.30267525873852763,0.21885982038266302,0.26956861214132344,0.2189695550351288,0.2191219512195122,0.26960593055013654,0.3025160912814511,0.26969578783151327,0.20900760382140768,0.26978557504873296,0.30247515104268174,0.3026110678098207,0.26982271576076367,0.2699649396182314,0.2701071080817916,0.30257009345794394,0.20887677632859647,0.3026469443363176,0.3027826425374586,0.27003891050583656,0.27018089865784867,0.30280046674445743,0.3029360295547346,0.2702177293934681,0.2087463556851312,0.2089001165954139,0.27025451719448224,0.2703962703962704,0.2089726160419499,0.30271844660194175,0.302853814793244,0.2703804347826087,0.27052202600426933,0.21808304229724484,0.21823472356935014,0.2705585725368503,0.30269536552259063,0.2706475378053509,0.20876138786586548,0.27073643410852716,0.2708777368726991,0.2710189848895777,0.21809025760216927,0.3024786986831913,0.3026137463697967,0.302748741773132,0.2181149603251403,0.2708978328173375,0.2085509769781389,0.3027079303675048,0.3028427770257204,0.2708816705336427,0.20858302725691089,0.2709702357943564,0.27111111111111114,0.27125193199381764,0.30268495267529455,0.30281962147547314,0.3029542382699363,0.27123552123552125,0.27137618220420767,0.21767657275183327,0.21782751302334555,0.27141203703703703,0.30279652844744454,0.2715001928268415,0.20821283979178715,0.2715882806476484,0.3027558296396223,0.27167630057803466,0.2718166056636486,0.27195685670261943,0.20816483728095514,0.3026569118213323,0.30279114533205004,0.3029253271747498,0.30305945737925727,0.20815698345517505,0.20830929024812464,0.20846153846153845,0.27167852336089215,0.20857362552864284,0.2717662886796079,0.27190622598001535,0.21709894332372717,0.30272762197464465,0.3028615325523334,0.3029953917050691,0.21712420810136301,0.20844529750479845,0.2717328727691422,0.30295471987720646,0.30308843276424324,0.2171077867280399,0.3031639501438159,0.21721625766871167,0.21736630247268546,0.3031812955155232,0.217474611994635,0.3032567049808429,0.2714039456042904,0.27154346993489087,0.2716829408385985,0.27182235834609497,0.3031578947368421,0.303291236127057,0.20795867610484026,0.27180566182096405,0.20807037674507553,0.30325047801147226,0.30338367424966545,0.21712538226299694,0.21727498566787692,0.21742453190676347,0.30334288443170965,0.21753246753246752,0.27152950162306666,0.27166857579228715,0.27180759686963163,0.2719465648854962,0.3031864148063347,0.272033574971385,0.27217242037001715,0.2723112128146453,0.3031458531935176,0.2173084254670225,0.27234610253478175,0.20750762195121952,0.30310535340064776,0.30323809523809525,0.30337078651685395,0.21725057121096725,0.21739958119169997,0.3033878949371907,0.30352045670789723,0.3036529680365297,0.3037854289518737,0.21738303537466716,0.20726373835329912,0.3038022813688213,0.27181144269150354,0.27194982896237174,0.27208816264487934,0.21732522796352582,0.3037037037037037,0.3038359285985568,0.3039681032846022,0.2720197418375095,0.30404251281078004,0.21726755218216318,0.3041168658698539,0.21737481031866465,0.21752323155698844,0.21767159651118695,0.3040758293838863,0.21777862016679303,0.30415008527572485,0.30428192497158013,0.3044137147186967,0.2715909090909091,0.27172883923499336,0.2718667171525937,0.20651145182661368,0.30431491294473884,0.3044465468306528,0.3045781309118426,0.27179875165500283,0.2065052950075643,0.27188504443183964,0.2720226843100189,0.21735021735021734,0.304421768707483,0.3045531834498394,0.30468454854552324,0.30481586402266286,0.2719033232628399,0.21729280724938643,0.2063042657606644,0.2719381015285903,0.2720754716981132,0.20637615544236937,0.27216144850999624,0.2722986988497077,0.2171945701357466,0.2064090480678605,0.30437240859404446,0.30450348596193705,0.2722305953278071,0.20644189112827274,0.27231638418079096,0.2724533986066654,0.3044051204819277,0.2725390551477508,0.27267595031990965,0.20639698965192851,0.30436418359668926,0.2727101749106639,0.30443775855584804,0.2727956382778718,0.30451127819548873,0.20635218943807554,0.20650131529500187,0.2727785083599474,0.27291510142749814,0.27305164319248826,0.21648516710476906,0.3042988548901821,0.20645645645645647,0.27303434040157626,0.3043151969981238,0.27311948977677736,0.27325581395348836,0.2733920870054378,0.2163479565054368,0.2063730084348641,0.30416041979010494,0.30429080007494846,0.30442113150992883,0.30455141412249487,0.3046816479400749,0.30481183299007675,0.3049419692998877,0.21617069062324537,0.30501497005988026,0.20617399438727782,0.272914328469884,0.27305030858425283,0.2731862378459237,0.2161151617124696,0.30485981308411214,0.3049897215473743,0.30511958146487295,0.3052493928638147,0.21610011206574523,0.30532212885154064,0.2729648991784914,0.2731006160164271,0.2732362821948488,0.27337189774211607,0.20578358208955225,0.2059317291550084,0.3051100335695636,0.3052396046988626,0.3053691275167785,0.3054986020503262,0.3056280283265002,0.27315073597913175,0.3057004470938897,0.2732352393369343,0.2733705772811918,0.2735058648296407,0.2155621742367833,0.20565791922575843,0.3055452177149237,0.30567441860465117,0.30580357142857145,0.30593267621350195,0.30606173298624023,0.20561442647332218,0.30613382899628255,0.3062627764356068,0.3063916759568934,0.3065205275868475,0.30664933135215455,0.30677808727948,0.21518752320831785,0.27287915351772785,0.21529324424647364,0.21543885693078493,0.2729128014842301,0.2155444258950102,0.20530415430267063,0.30650843686259965,0.30663700407860583,0.30676552363299353,0.2727946627131208,0.21549008708541784,0.27287884401630236,0.2155954806445638,0.21574074074074073,0.2729124236252546,0.20510921880784894,0.20525633907088656,0.306439674315322,0.30656799259944495,0.3066962634110248,0.30682448677640095,0.2727440828402367,0.21556664817896098,0.27282809611829945,0.2729624838292367,0.30672579453067256,0.30685387031221134,0.3069818987809383,0.2729455216989843,0.3070531757754801,0.30718109654790476,0.3073089700996678,0.30743679645691085,0.21531365313653136,0.3075078398819406,0.30763555883437843,0.3077632306841232,0.30789085545722716,0.3080184331797235,0.2152598599336528,0.2045328911000553,0.30803242446573326,0.3081598821145699,0.2723756906077348,0.20456637819922666,0.20471281296023564,0.308117062396466,0.27235921972764077,0.27249310027598894,0.20474613686534215,0.3080743056832812,0.27252666421478483,0.308144879573451,0.27261029411764703,0.20474177540893218,0.2726938625505329,0.3081021495498806,0.2727773695811903,0.272910927456382,0.21465295629820053,0.30805948228382596,0.21475770925110133,0.3081299320976326,0.2728440366972477,0.2729774353329664,0.2731107850330154,0.20447460113698882,0.20462046204620463,0.307974335472044,0.30810117302052786,0.3082279640828294,0.27299377061194574,0.21450815167613116,0.21465201465201464,0.27302691814685953,0.2731600146466496,0.2732930624199158,0.3080161054172767,0.3081427264409881,0.20435418953530918,0.273276019754893,0.21452084857351866,0.20442494057414518,0.3080438756855576,0.3081703527691464,0.21454678362573099,0.27315914489311166,0.30818414322250637,0.308310502283105,0.20434623813002192,0.20449150995070295,0.27309236947791166,0.3082679321043986,0.2731751824817518,0.21437693851486955,0.20448741335279094,0.30822542403793546,0.20459518599562362,0.3082953509571559,0.27305869485964274,0.2731911791507199,0.20462827988338192,0.27327382036800874,0.3081967213114754,0.30832270988890914,0.308448652585579,0.273256872383033,0.21405169275573352,0.30846223839854414,0.30858806404657935,0.3087138439148627,0.308839578028374,0.204400800145481,0.2730909090909091,0.30885293582984913,0.2139222101054162,0.2731237506814465,0.27325581395348836,0.30881017257039056,0.20432255721031603,0.30887960777192663,0.2732389251997095,0.27337084770375747,0.273502722323049,0.20431863545636,0.27358490566037735,0.3087248322147651,0.20438882843670655,0.30879419764279237,0.20449601160261058,0.27351821642196844,0.27364987314244293,0.3087515854321435,0.273731884057971,0.27386343053794604,0.30876494023904383,0.273945319572696,0.27407675597393194,0.2742081447963801,0.21317408613825553,0.20426994753030578,0.2742402315484805,0.2743714957496835,0.27450271247739605,0.21316217682155125,0.20426608821402747,0.2745346105187059,0.27466570292735815,0.27479674796747966,0.21315028901734104,0.2748780928300524,0.21325388226796677,0.2749593789492688,0.27509025270758125,0.21331889550622632,0.21346084446048358,0.2040411329604907,0.3077200577200577,0.2750225428313796,0.20411107104219256,0.30773391022174146,0.30785868781542897,0.2750045053162732,0.20414414414414414,0.307872455413439,0.2042507204610951,0.2043940212497749,0.3078862081382787,0.30801080108010803,0.30813534917206625,0.308259852438366,0.30838431090320256,0.212987947472567,0.2131294964028777,0.21327099442546305,0.21341244156778139,0.30828689555994965,0.308411214953271,0.21347708894878706,0.3084800574919152,0.27429495239806,0.2744252873563218,0.21350332196085473,0.3084380610412926,0.308562197092084,0.30868628858578606,0.21352951731562891,0.21367061356297093,0.2138116591928251,0.3086441893830703,0.3087681549220011,0.30889207601290786,0.27406345223158274,0.3089605734767025,0.21376097473571046,0.21390182730204227,0.2140426294107111,0.2739971346704871,0.27412712623097585,0.3088077336197637,0.3089314480042957,0.2032927702219041,0.20343531937734835,0.2740608228980322,0.27419066356644606,0.27432045779685266,0.27445020561416056,0.20343224883804076,0.2035746201966041,0.20371694067190851,0.3085581561550831,0.27438370846730975,0.30862654045365245,0.30875,0.2744152829851812,0.27454480542663334,0.30876316259146885,0.3088865096359743,0.2745762711864407,0.2747056724937567,0.2748350276440164,0.27496433666191156,0.21322873952576216,0.21336898395721926,0.27499554446622704,0.2134711332858161,0.2136112595759843,0.2750267189169932,0.27515583259127335,0.21367521367521367,0.3083496528395941,0.27518689925240297,0.20306104289019397,0.21370106761565835,0.2752179327521793,0.20313055852009962,0.3081984705673128,0.308321479374111,0.2032,0.3083896196231781,0.20330549138084236,0.30845771144278605,0.3085805649316042,0.30870337477797516,0.20333866098383946,0.3087713068181818,0.20344399076868452,0.308839190628328,0.27471162377994673,0.21327182398864442,0.21341138903672166,0.3087974459028024,0.2034048590175563,0.274645390070922,0.30881049459315724,0.30893300248138955,0.20343788764841397,0.27462792345854004,0.30894596988485384,0.2132483173928445,0.2746591110324066,0.2747875354107649,0.2749159143211188,0.21327433628318584,0.274995576004247,0.20329087048832273,0.2750751813196533,0.308631057658295,0.21326259946949602,0.30869872701555867,0.30882092982146014,0.2032520325203252,0.27496024032514577,0.20335689045936395,0.30877936760289704,0.2749911691981632,0.2751191947730885,0.2752471751412429,0.3087378640776699,0.27532650900105893,0.27545438503617437,0.30875088214537755,0.203210442758864,0.3088183421516755,0.21283724210897548,0.21297602256699577,0.27533932663493743,0.21307719421924567,0.20317180616740088,0.3086680761099366,0.27532147260877227,0.30873547023599857,0.30885719316781124,0.2130281690140845,0.2131666960042246,0.2752551918338613,0.275382720394158,0.20302603800140745,0.3087071240105541,0.3088287020752726,0.20309477756286268,0.3088959212376934,0.20319915626647916,0.30896309314586995,0.30908451941662274,0.30920590302178497,0.20323203934656595,0.20337197049525815,0.30921861281826163,0.30933988764044945,0.27488151658767773,0.3094068094068094,0.30952798736620457,0.30964912280701756,0.3097702157516225,0.2748158540862855,0.30983692793266704,0.27489481065918653,0.2750219106047327,0.20311952330879776,0.3097949886104784,0.3099159074982481,0.21229637414608513,0.27495621716287216,0.275083172824374,0.30987394957983194,0.21232277262384036,0.21246062303115157,0.2125984251968504,0.30983205038488454,0.20290362078012944,0.3098985659321441,0.20300751879699247,0.30996503496503497,0.2747771368641846,0.2749038797623209,0.27503057836798883,0.2124388539482879,0.30986899563318776,0.30998952148096404,0.3101100052383447,0.2028631284916201,0.3101762960377029,0.21239092495637,0.31024254056883616,0.21249127704117238,0.20286063143206,0.31025462155563305,0.31037489102005233,0.31049511854951184,0.3106153041659404,0.21244336005576855,0.21258058895277923,0.3106271777003484,0.20275213377460372,0.274294670846395,0.27442103430262926,0.21256963788300837,0.31053089643167975,0.21266968325791855,0.27440403688881154,0.2127696590118302,0.27448251869890417,0.2128695652173913,0.2025734654842636,0.27451321279554936,0.21293238310446724,0.3102189781021898,0.3103388357949609,0.21299513551077137,0.3104047246829946,0.3105244876693296,0.27435318631706895,0.21302083333333333,0.21315743794480124,0.27438389448108297,0.21325698420961306,0.20229007633587787,0.31032090199479617,0.2023933402705515,0.20253164556962025,0.21324549237170595,0.21338186860807765,0.31022530329289427,0.2025645468722925,0.3102910602910603,0.3104105317858999,0.2739868375476273,0.31047619047619046,0.2740650969529086,0.20252726328544227,0.20266528210453444,0.21318567226163695,0.21332179930795847,0.27400103788271923,0.21342096160498097,0.2026629776932388,0.31016597510373445,0.20276577355229042,0.202903560318009,0.3101779851391049,0.21337249481686246,0.21350837795819658,0.27374784110535405,0.20290105335866,0.2738259668508287,0.21353357500431555,0.27390403866068347,0.3099223468507334,0.27398205659075225,0.3099879247886838,0.21352190410486374,0.21365752715985514,0.2739655172413793,0.30994656093776934,0.27404343329886244,0.20265379975874548,0.30995864920744315,0.31007751937984496,0.20272132276954874,0.20285861890821422,0.3100895316804408,0.21346186951282492,0.20292598967297762,0.2030631560832903,0.3100481761871989,0.20316531911233443,0.27364981080151357,0.20326741186586414,0.2737276478679505,0.20336943441636582,0.213303540735648,0.2134387351778656,0.21357388316151202,0.3097405943995877,0.30985915492957744,0.3099776747381075,0.31009615384615385,0.2032618025751073,0.2135255750085822,0.310108117384589,0.31022649279341113,0.21358723623262996,0.2137221269296741,0.20322414680157777,0.21382030178326475,0.2033259043373907,0.21391840932464862,0.20342759211653813,0.272960932145305,0.27308548912112385,0.20349434737923947,0.21390649083747218,0.2035958904109589,0.2730696798493409,0.3096542280041082,0.27314735581037136,0.30971937029431895,0.30983746792130024,0.2731782415326719,0.2733025483153754,0.20348837209302326,0.30979654641819115,0.20358974358974358,0.20372585882755084,0.30980861244019137,0.21356569280710747,0.30987359070720877,0.20375747224594365,0.2730532786885246,0.21359057537988732,0.27313076135199726,0.20378904249871993,0.20392491467576793,0.21361542398908037,0.21374957352439442,0.27306839501961455,0.21384720327421555,0.309462915601023,0.21394476645073304,0.20385205386057612,0.20398773006134968,0.30942238882262735,0.21396933560477002,0.20405382388008858,0.21406675749318801,0.21420057892048358,0.21433435478379298,0.20408510638297872,0.3092239618788291,0.3093415007656968,0.20415107179312691,0.21432216363327097,0.21445578231292517,0.2042169699030777,0.2723563413804828,0.30919598844127144,0.27243371855880355,0.2042480883602379,0.20438328236493375,0.3091557669441142,0.21433423913043478,0.20444897266089318,0.21443123938879458,0.2045493125106094,0.20468431771894094,0.30901069064992365,0.30912792670512385,0.20474978795589482,0.21438263229308005,0.2145158555197558,0.2719565954560868,0.20478047126631632,0.21457627118644068,0.3089306897136079,0.20484581497797358,0.2718956462815518,0.2720189701897019,0.20491109229466553,0.30883846935320014,0.3089554765532419,0.3090724441435342,0.30918937214418685,0.2143824027072758,0.2718660125190323,0.3092016238159675,0.2048029764924742,0.20493743659113967,0.2718512256973795,0.21433400946585532,0.20500253506844685,0.20513687056437985,0.30900489947626286,0.20523648648648649,0.3090694139503462,0.2716987504221547,0.21424953570825594,0.30908170155300474,0.3091983122362869,0.2051974350320621,0.3092626961363253,0.2142375168690958,0.2715466351829988,0.21433389544688028,0.20519305344798516,0.20532703978422118,0.21439406708242037,0.27148634984833164,0.21449031171019375,0.3089622641509434,0.20532255347818765,0.30902660828561807,0.21451422798450917,0.3090909090909091,0.3092072041743814,0.214574217435207,0.2712434797240451,0.20524899057873486,0.3091673675357443,0.21459804910864447,0.30923154531696656,0.21469401479488903,0.20524457892082704,0.2053781512605042,0.21475382288690975,0.2054771505376344,0.21484965563581387,0.30903594222371517,0.309151973131822,0.21490933512424445,0.27077387946953163,0.2054380664652568,0.30911226715891926,0.21493288590604026,0.30917631269921153,0.21502851392150285,0.20543350662418247,0.21512407780013415,0.20553227158424142,0.30908481394569226,0.20563097033685268,0.20576407506702413,0.21511140894622216,0.2152428810720268,0.3089934684307486,0.20579370395177496,0.27021597187343044,0.21526615333110144,0.2702928870292887,0.27041499330655955,0.205788857286264,0.2152893944463031,0.21542063890282656,0.27040133779264214,0.21551580003343923,0.20578401872283517,0.20591676416513455,0.21557486631016043,0.20601503759398496,0.308386234547277,0.3085017537998998,0.21559786239144957,0.3085657037902822,0.3086811352253756,0.2156568185611751,0.30874499332443256,0.2059068913732688,0.3088088088088088,0.30892410341951626,0.3090393595730487,0.21560780390195097,0.20590196732244082,0.2697116186031005,0.206,0.2061323112814531,0.3088970343218927,0.3090121605863735,0.2061958694203864,0.30907577019150706,0.3091908091908092,0.26951889462293993,0.20622503328894806,0.309202862373107,0.3093178036605657,0.2062884711362502,0.2694610778443114,0.26958257109595873,0.2063518456933821,0.21512884455527848,0.2064494680851064,0.2695695529333555,0.206547025589897,0.20667885030736002,0.21511627906976744,0.3089187842551071,0.3090335436731983,0.20670762078698324,0.20683930942895087,0.20697095435684648,0.26933289080650513,0.3089430894308943,0.3090577305905773,0.2069995024050423,0.21492537313432836,0.2150555463438899,0.2692307692307692,0.2693518978949113,0.2151143520053033,0.21524440762220381,0.21537442014579192,0.26933907569985094,0.2154686982444518,0.26941546613677764,0.20678807947019867,0.21552723059096177,0.2694472029129427,0.30845606486844285,0.2155857048312376,0.20678246484698098,0.21567978828977838,0.21580949231023647,0.20684523809523808,0.21590345511654818,0.20694214876033057,0.30821351842670636,0.20703899537343026,0.20716999834792665,0.2158903204492897,0.2690338563170933,0.3081241743725231,0.20719828297837214,0.30818752063387256,0.26902129064202013,0.20726072607260726,0.21580597261178022,0.2073573078192016,0.3080983011710374,0.26896437994722955,0.308161582852432,0.21579294427959117,0.26899620899950555,0.3081740276862228,0.20728291316526612,0.20741350906095551,0.2689836929665623,0.21574440052700922,0.26905977276469617,0.2074415541652947,0.20757201646090534,0.21576695194206716,0.21589600131643905,0.2690029615004936,0.21598947195262377,0.21611842105263157,0.20753165597763526,0.3076290693850707,0.20762781522275192,0.3076923076923077,0.2077239112571898,0.20785409135721328,0.21603417118449153,0.2161629434954008,0.3076038758416817,0.20788177339901479,0.2685930060745362,0.21618516086671044,0.26866896438536025,0.20790941910075483,0.20803937653814603,0.21620734908136482,0.26865671641791045,0.2163004263693014,0.26873257911132975,0.2080327868852459,0.30716276020324534,0.20812848246476565,0.3072259544486318,0.20822411533420707,0.20835380835380835,0.20848345889289224,0.3071884722449648,0.21611001964636542,0.2684563758389262,0.2685761047463175,0.26869579446899033,0.268815445026178,0.30705054801243253,0.2160614982008505,0.307113654946852,0.30722694571615433,0.21611901258786986,0.21624713958810068,0.26867135152802746,0.30718954248366015,0.30730272831236727,0.3074158771643254,0.208067940552017,0.2081972566949706,0.21616326530612245,0.30737838720208943,0.3074914313693488,0.26843994778067887,0.21618534834393865,0.20815660685154977,0.21627793182188876,0.3074037834311807,0.3075167128648296,0.2081838930551027,0.20831295843520783,0.30752933507170793,0.26820922274727066,0.21619420006516782,0.2682847369278384,0.30749185667752443,0.20827226836020193,0.21621621621621623,0.2682728308643985,0.21630859375,0.2082994304312449,0.20842824601366744,0.30730437611843175,0.21633051398828887,0.21645796064400716,0.3073170731707317,0.26808649000162577,0.20838751625487648,0.30732975784170324,0.21644458888527787,0.3073923639317628,0.307504873294347,0.20838070488874452,0.2679441377070477,0.20847540185094984,0.30746753246753245,0.208570037331602,0.2163258682246024,0.26788901509005353,0.3074302401038287,0.20859691808596917,0.3074927019137204,0.20869142208529268,0.30755512321660183,0.21624250283676447,0.20875202593192868,0.3075676551612381,0.20884640311082306,0.2676170419569091,0.26773566569484936,0.3075303643724696,0.20887305699481865,0.21612433220009714,0.26772418258336034,0.3074931218643793,0.2161812297734628,0.26775602653292346,0.26787447428016825,0.21623807213326865,0.21636481241914618,0.30735650767987066,0.20869705787261558,0.30741878131566186,0.26777634130575306,0.20875747293585392,0.3074313408723748,0.2678081085446616,0.20881782945736435,0.30744388826093977,0.20891185017759123,0.3075060532687651,0.20900581020012912,0.3075681781507181,0.30767989674088414,0.26762381029198257,0.21596774193548388,0.20899854862119013,0.2676555949693647,0.20909237465742384,0.21598968407479047,0.30749395648670425,0.30760554302288107,0.30771709360399546,0.26755798969072164,0.30777903043968435,0.307890499194847,0.3080019320560296,0.26754668383773345,0.3080637373249638,0.21580302542645638,0.2088495575221239,0.2158944658944659,0.21602058870838026,0.30797684142811194,0.30808811706062067,0.3081993569131833,0.21604243690724964,0.21616843458694954,0.26723445283625263,0.30816195372750643,0.20867469879518072,0.26726630260199163,0.26738397302071626,0.2675016056518947,0.3080751324450153,0.26757624398073837,0.2676937891189215,0.3080872913992298,0.208567303064335,0.308148861084376,0.267682437850842,0.20862732520846697,0.3081609748276415,0.30827188201346584,0.21573970187530053,0.30833333333333335,0.2675853228649255,0.21579621916052547,0.2676597789524267,0.2085201793721973,0.2677341873498799,0.21581812359910343,0.3081479109972787,0.2159090909090909,0.3082093134901584,0.20848,0.3082706766917293,0.26759436980166346,0.20853990084759316,0.20866645346977933,0.30823341326938447,0.20875959079283887,0.3082947099248841,0.21572387344199426,0.308355967406934,0.21581469648562301,0.2673694298035458,0.20871925902267646,0.2674437170684975,0.3082694763729246,0.2675179569034318,0.2676348547717842,0.30828147438966014,0.20867900446713467,0.30834263837932685,0.2676236044657097,0.30840376335512676,0.3085140306122449,0.30862426271321536,0.208638826904686,0.20876494023904382,0.2675270873167623,0.3085869045722479,0.21535520866518,0.26755852842809363,0.21544585987261147,0.26763254258875974,0.2677491244826488,0.2678656692662741,0.30840229153405474,0.3085123309466985,0.2085587018771874,0.308573246381422,0.2678117048346056,0.26792812847829545,0.30858505564387917,0.30869496105547606,0.20851875397329941,0.3087557603686636,0.2678741658722593,0.20857823669579031,0.3087674714104193,0.30887724313165,0.30898697999364877,0.2149547547229719,0.2677777777777778,0.21504523091572766,0.20850523643287844,0.21513564969062351,0.21526015228426396,0.30880253766851706,0.21535045987947987,0.2676391311241478,0.3088142041851617,0.2677127912505944,0.20839936608557844,0.21533829820947553,0.3087769328263625,0.3088864248376366,0.3089958821666139,0.2083927157561362,0.21532615579480685,0.26753205635586513,0.3089585311807534,0.21538218072479823,0.30901898734177213,0.3091283024837842,0.21543815248339132,0.3091886762612684,0.26739405439595193,0.30924901185770753,0.30935820423648436,0.21542595226805752,0.20812262958280658,0.20824774845947228,0.2672985781990521,0.3092718369925762,0.20830701200252685,0.3093320701089531,0.20839911588253868,0.30939226519337015,0.30950126262626265,0.21524380621745307,0.2084253707794257,0.3095125414103171,0.21529968454258674,0.208484466172528,0.26695048880479344,0.309475011824058,0.30958385876418665,0.20851063829787234,0.26693980460132366,0.21521978887663462,0.2153434152488973,0.3094975586706568,0.21543307086614175,0.21555660525901432,0.26684508816120905,0.26696049110656384,0.2670758577274158,0.2155782848151062,0.20830711139081184,0.20843165014944157,0.30921673482227113,0.2085233527284164,0.2669811320754717,0.30922810878792645,0.3093366865765483,0.30944523023730947,0.21543054682589566,0.2669285153181461,0.30945648759032357,0.30956494424375686,0.30967336683417085,0.20835295964829645,0.2668759811616955,0.3096845079265421,0.21531701192718142,0.3097442334850149,0.30985252588641354,0.20831372549019608,0.2667816813048933,0.20840520620981653,0.21527124490435873,0.26681298009092336,0.2084639498432602,0.2153267512929008,0.2668442494515826,0.3095723014256619,0.2669172932330827,0.26703210649960846,0.2084246789852803,0.20854861437294506,0.26706324358171574,0.2152136484582877,0.21533646322378716,0.3093412611484901,0.3094493116395494,0.20850930705459095,0.26696903346887707,0.20860046911649727,0.20872420262664165,0.26700015632327656,0.2088152547671147,0.21518987341772153,0.30921875,0.3093266677081706,0.21524523586379257,0.26690613774793065,0.20877576514678325,0.3092896174863388,0.2669372463315642,0.20883408771656,0.20895755305867666,0.3092526135122484,0.2669266770670827,0.2150990485103728,0.26699937616968183,0.2671136753469515,0.21515434985968196,0.2088854247856586,0.20900872817955113,0.30902290790088827,0.3091305702711125,0.20906683284000624,0.26697819314641746,0.26709235321601,0.20912488321395203,0.3090456173127822,0.20921544209215442,0.20933852140077822,0.26704014939309056,0.2094289715263731,0.20955196017423772,0.26707108414994557,0.3088646967340591,0.3089721660705956,0.21470771144278608,0.20954453598632053,0.30898352502331367,0.20963480963480963,0.26693598508390304,0.30899487338822434,0.3091022056539298,0.21462960086970026,0.3091614906832298,0.30926874708896135,0.20956224774914622,0.3093279528170107,0.21461824953445066,0.26671838634600464,0.21470679491157307,0.21482860245075228,0.2149503722084367,0.21507210420220188,0.30914728682170545,0.20942489536505968,0.3092064476131432,0.3093134975980164,0.2094824914781531,0.20960495739736637,0.2664188351920694,0.21496050797584018,0.21508206875193558,0.21520359188728905,0.2153250773993808,0.2663674353815199,0.21541318477251625,0.21553458146371654,0.2156559405940594,0.21577726218097448,0.2663161150634086,0.21586516158960878,0.21598639455782312,0.26634719431133097,0.26646058732612055,0.2665739452943904,0.21600741656365885,0.26664606828363974,0.30846462774173616,0.30857142857142855,0.3086781964175417,0.21599505944109929,0.20901512812596482,0.3086896125945362,0.3087962962962963,0.2160160469063416,0.21613699475470532,0.21625790529076044,0.2663479333744602,0.21634541249036238,0.3086648165279063,0.21643286573146292,0.26633785450061653,0.30867622129758054,0.21648690292758088,0.30873517177630566,0.20871842267406038,0.3087940859387032,0.2662457653218355,0.20877598152424942,0.3088054187192118,0.30891180544866864,0.20883348722683903,0.21634097553469764,0.26615384615384613,0.3088755576065221,0.2088588126730237,0.2661848377671844,0.20894833948339483,0.30883935434281323,0.21626191208115586,0.20900568618410942,0.3088506453595575,0.3089568290059917,0.30906298003072197,0.2660113653816618,0.21621621621621623,0.2660832181790266,0.20893460239484188,0.20905602455871067,0.20917740945365254,0.3088844560380543,0.26603252531451366,0.2661451142813315,0.26625766871165646,0.2160711547308695,0.21619135234590617,0.209106239460371,0.266247700797057,0.30865900383141764,0.30876494023904383,0.2161789489811552,0.21629901960784315,0.26619696737632104,0.21638591117917305,0.2165058949624866,0.3086344151867728,0.20893923159344865,0.26614631160085706,0.308645753634277,0.21649326805385558,0.2089643567385651,0.2165799938819211,0.21669980119284293,0.26605504587155965,0.30851551750496864,0.266126566799144,0.21672015894849458,0.26619804400978,0.21680672268907564,0.21692636724717385,0.3083855200855354,0.21701282834453267,0.26614750343563903,0.26625954198473284,0.308349870248817,0.30845543345543347,0.21699984739813827,0.2171193164479707,0.2662090007627765,0.2663209273947529,0.30837273143205735,0.3084781945715157,0.21710626619911572,0.2083841463414634,0.3084895595183661,0.21715940262115208,0.26618924272436384,0.26630103595368676,0.21721249047981722,0.20834602497715504,0.2663316582914573,0.2664433617539586,0.26655503120718527,0.26666666666666666,0.3081722721047025,0.21713329275715154,0.26669709417313253,0.2668086400973532,0.21718631178707223,0.21730535279805352,0.2668389843393644,0.2081179689875342,0.30794953640370876,0.3080547112462006,0.21729220483209238,0.26678821027043453,0.2668995898526508,0.26701093560145805,0.2671222475322703,0.30792590343152143,0.2671929558220738,0.26730418943533696,0.30793747154348156,0.26737481031866467,0.2674859657108178,0.3079490291262136,0.2675564993174579,0.30800727934485894,0.30811220621683094,0.21694966646452396,0.2675458541761407,0.3081236738405577,0.2170025761479012,0.30818181818181817,0.2170883199515225,0.20751287488639805,0.20763289413902772,0.3081465778316172,0.30825132475397427,0.3083560399636694,0.26729226577871956,0.26740314769975787,0.26751399606597065,0.267624810892587,0.3082740886401452,0.21687840290381125,0.26765461968849236,0.3082854550952525,0.30839002267573695,0.2676844014510278,0.30844793713163066,0.30855243275914174,0.20728206677745883,0.20740181268882174,0.20752152242863617,0.30851706433101783,0.21666918314963007,0.267512077294686,0.267622641509434,0.3084817386054935,0.2676927719933605,0.2678032589016294,0.3084929853673254,0.20739064856711917,0.2075101794601116,0.20762967430639326,0.30845771144278605,0.21646065722037985,0.30851544837980405,0.21654611211573238,0.21666415549193913,0.2075926483880687,0.3084801928001205,0.20768072289156628,0.2674296039753049,0.20776874435411022,0.20788800240855035,0.20800722456351595,0.2674191121143717,0.20809509479386096,0.20821423198435385,0.3082129963898917,0.3083170401564145,0.21639097744360902,0.30837468049917305,0.2164762477450391,0.21659401773635953,0.3083859332732191,0.30848985725018785,0.30859375,0.26708727655099895,0.3086512466206068,0.20798918756570056,0.20810810810810812,0.30866236300855726,0.21645151606124288,0.30871979588773824,0.21653661464585836,0.30877719429857464,0.2668766876687669,0.208039598020099,0.3087882423515297,0.21652421652421652,0.2166416791604198,0.308799280467696,0.2667865707434053,0.26689644837404464,0.3088103086604735,0.2669662921348315,0.3088675853804673,0.3089710948030553,0.2669961066187481,0.20781554124868992,0.3089820359281437,0.20790300853165694,0.2080215504340018,0.3089929672302858,0.26690604428485937,0.2670157068062827,0.21627280885432246,0.2670853895618364,0.267194976076555,0.30886530124084316,0.30896860986547087,0.26722463010013453,0.20786013150029886,0.3089795308531301,0.26725425754406934,0.20791635548917103,0.3089904420549582,0.2672838584440794,0.2079725291131681,0.30900134348410213,0.2673134328358209,0.3090583495000746,0.30916144434497167,0.3092645084290616,0.3093675417661098,0.21580909768829232,0.267223382045929,0.3093782615178172,0.3094812164579606,0.20778059323297063,0.20789865871833085,0.3094918790046193,0.26713349225268174,0.26724266348875314,0.21566875186178136,0.2673119880863738,0.2674210839785587,0.20783087687955934,0.2674903245013397,0.26759934514064593,0.20788690476190477,0.2676685017110549,0.30913418625409106,0.3092369477911647,0.2676977989292088,0.2078810408921933,0.21543264942016058,0.3092017243942322,0.3093043995243757,0.21548521325605588,0.30936106983655276,0.21556975189422076,0.21568627450980393,0.309371751076786,0.26744876744876744,0.20772086117297697,0.20783847980997625,0.207956063529761,0.3092905906797269,0.30939308502745216,0.2155786350148368,0.2156950007417297,0.20795016315633344,0.26724010084532107,0.2157473309608541,0.20800593031875464,0.26726949303290837,0.20809248554913296,0.3091286307053942,0.2672988590902356,0.3091851851851852,0.3092875129610428,0.20808649289099526,0.20820376129127796,0.21557595498963578,0.26720947446336046,0.21566015393724097,0.3091608702086725,0.21574430304823913,0.20816688859298713,0.3091715976331361,0.2671202484839521,0.21576456669624372,0.2158805263936123,0.26714961561206385,0.2672579453067258,0.21593260419745788,0.3089995566720851,0.26728723404255317,0.3090559905451322,0.2673559822747415,0.3091123910796042,0.20791494388659185,0.2080318913332349,0.3091231178033658,0.21579335793357934,0.2672668240850059,0.2673749446657813,0.2674830333431691,0.20799527953975513,0.26755162241887903,0.30895148208228873,0.30905337658507814,0.20802005012531327,0.30910966981132076,0.20810611643330876,0.26746242263483644,0.2081921320170915,0.26753093694755453,0.2154956547356017,0.20824742268041238,0.3089383006920925,0.21554770318021202,0.30899455321654645,0.21563143950544597,0.2157468727005151,0.2673631547969394,0.2674709430631161,0.21579876434245365,0.2081188410060303,0.3088235294117647,0.20820467578297308,0.3088797412525728,0.20829046009113628,0.2673427395649618,0.2674504041146216,0.30884513664413754,0.3089466725429705,0.20828437132784958,0.2084006462035541,0.20851688693098386,0.3089120540302452,0.20860246623605402,0.3089681491266696,0.30906956266510127,0.21540719002201028,0.20862676056338028,0.20874284876045182,0.30903490759753593,0.26704795424549055,0.2153958944281525,0.30904559448761176,0.267077103488713,0.2671845229371244,0.20867526377491208,0.2087912087912088,0.20890711983592147,0.30892046286802405,0.2671353251318102,0.26724264167520867,0.2089311859443631,0.2673107890499195,0.2151639344262295,0.20898580418557003,0.20910155106818848,0.20921726408193123,0.21518431831480397,0.21529910779581687,0.21541386370283708,0.2155285860505922,0.3084795321637427,0.2670662183891244,0.20914937152879276,0.2671342978225924,0.30844535359438924,0.21548575602629658,0.20917323984808647,0.20928873959398275,0.2670852803738318,0.20937363118703461,0.20948905109489052,0.2671142898846884,0.20957384705195564,0.30818619582664525,0.2671432740005836,0.2672501823486506,0.21528588098016335,0.30815225317194106,0.2672790901137358,0.20950575885697623,0.3081632653061224,0.20959043871155808,0.26726901777907314,0.3081742678129098,0.20964452214452214,0.20975965040058267,0.3081852607049228,0.30828600553371194,0.215055329062318,0.21516960256223613,0.26710334788937407,0.21525251055159367,0.3082072176949942,0.2096609922886658,0.20977596741344195,0.26705454545454543,0.308173356602676,0.21521012069216228,0.20979936027915091,0.3081843291176043,0.21526162790697675,0.21537567214067724,0.2154896832316187,0.26688943774516927,0.20976176641487507,0.266957153231663,0.20984606447865234,0.30797154058370846,0.20993031358885017,0.26694730730149513,0.3079825834542816,0.20998403714990568,0.21532211259431225,0.2669374727984912,0.30794894110821003,0.21537345902828137,0.2099767981438515,0.21009134406263594,0.26688895331980284,0.2669952166980722,0.26710144927536233,0.30778148094479063,0.21008403361344538,0.3078371722439519,0.3079374275782155,0.30803765387400434,0.21517520996235157,0.3080932387433039,0.2669368847712797,0.267042987407729,0.2671490593342981,0.20995514397337578,0.21006944444444445,0.21018371184724433,0.3079259473531964,0.21503976861894433,0.30798149219201854,0.21512216278733556,0.2152356172304134,0.2669460904755022,0.21011560693641618,0.30790348215575786,0.2669748627564288,0.30795897732197025,0.21519352975158867,0.21010830324909746,0.21022235056309557,0.21524469467301863,0.21030600461893764,0.21041997402222543,0.21053391053391055,0.215264752560958,0.266733987305251,0.26683975191114956,0.30761465243726566,0.2152847873107426,0.21539792387543252,0.2668300418048148,0.2669357163447679,0.26704136042657445,0.21037463976945245,0.26710848580896124,0.2104580812445981,0.21057179893417832,0.30731566820276496,0.21526277897768178,0.2670601785200115,0.26716568302864546,0.26727115716753025,0.21528277449992805,0.30719424460431655,0.2672996691123579,0.30724971231300346,0.30734934560621313,0.3074489502444636,0.21035226455787204,0.30750431282346175,0.2104355325571367,0.30755964357574017,0.2151171145279494,0.26709770114942527,0.30757075132883205,0.2104280379201379,0.3076260232658337,0.2670878805284319,0.21048097631012203,0.26715475165087565,0.21056408784268696,0.21067738231917335,0.21079064428181948,0.2109038737446198,0.30741643953521736,0.30751577739529545,0.3076150867632296,0.21479782047605392,0.21491039426523298,0.3076261467889908,0.3077253834026086,0.21496130696474636,0.2150737928069924,0.2151862464183381,0.2667239650479874,0.21526783156688628,0.3076041815838465,0.21062428407789233,0.26671438797423047,0.3076152304609218,0.307714326606555,0.3078133943903835,0.3079124338245815,0.2105865522174535,0.30796738663996565,0.3080663615560641,0.3081653081653082,0.30826422647983986,0.21057898498927805,0.21069182389937108,0.30827497498928114,0.3083738210917405,0.3084726389484212,0.2662857142857143,0.2106841879731467,0.30848329048843187,0.30858203627016995,0.30868075385494004,0.2147037830121342,0.30873536968312876,0.3088340231197374,0.2106164383561644,0.2107290626337566,0.2660485021398003,0.2108115818000285,0.26611523103251566,0.21460145444175102,0.21086398631308811,0.308624376336422,0.3087229190421893,0.2109163460168163,0.21102878312909662,0.3087334378116541,0.3088319088319088,0.21108104258652613,0.21119339219595556,0.2658408087711804,0.21127562642369022,0.21437722419928826,0.21448904070594932,0.21132773587590722,0.3086226522481503,0.2145397638355385,0.30867709815078237,0.21462096430095293,0.21131968145620023,0.30868761552680224,0.30878589707136767,0.2146410803127221,0.2654917566799318,0.3087963620861162,0.21128161409491333,0.265520670549794,0.21463068181818182,0.2655872745348672,0.2147117296222664,0.21127360499787023,0.2113855763770585,0.21149751596877217,0.2147317627022424,0.21484319568610757,0.30845629965947785,0.211519364448858,0.21163120567375887,0.21174301517515245,0.2118547929665343,0.30837941301573796,0.2652395803799263,0.2653437278525868,0.2147108843537415,0.3083463228000567,0.2118163785775007,0.2147612976342258,0.21487252124645892,0.21186800736439598,0.21197960917587086,0.21209117938553024,0.2651472253680634,0.308138711960368,0.21214265496744977,0.21480118862317815,0.2149122807017544,0.2121940868581129,0.214992927864215,0.3080186677980484,0.3081165158371041,0.21504312173052453,0.21218546791065876,0.21229681978798587,0.30808366308648955,0.3081814328105129,0.2123481209381181,0.26472665630738806,0.30819209039548023,0.21239937861883915,0.26475571872352444,0.21248058732175631,0.21259175607001693,0.2647847565278758,0.2126728760937059,0.26485113588260195,0.21472911963882618,0.21483989279164903,0.26488011283497886,0.2649837822592018,0.212633953750705,0.2127449598195404,0.2650126867775585,0.21282593375616632,0.2650789177001127,0.307594758348598,0.3076923076923077,0.26510776165657135,0.2652112676056338,0.3077031404027602,0.30780061954379045,0.2652400394199634,0.21269707207207209,0.30781140042223787,0.2144666479031804,0.21274799493457155,0.26519414743950476,0.30777887185258124,0.3078762306610408,0.21445647588243566,0.21456692913385828,0.21467735132855334,0.2126792240652235,0.21475755446240338,0.2650365373805509,0.21273008290009834,0.2128406855858387,0.2129512571990448,0.30758426966292135,0.2649908720685297,0.2650940746981185,0.21297206233328653,0.21308253790005616,0.30750877192982456,0.2131630648330059,0.21327346709695524,0.21338383838383837,0.2649740496563333,0.21346423562412342,0.3073902678446221,0.26500280426247896,0.2143558110192065,0.2144659377628259,0.265031534688157,0.2651345291479821,0.2145159030404932,0.21336508826001682,0.30718588037540273,0.2134453781512605,0.2650889231200112,0.21450574068888267,0.26515469690606186,0.2652575587905935,0.30706787963610915,0.2653232577665827,0.21337624177976774,0.21348628987129267,0.21359630717582878,0.2144055944055944,0.2145154523842819,0.21462527964205816,0.26520341115615825,0.2653061224489796,0.21467505241090146,0.26537171604248183,0.21349727539471847,0.30664990220732047,0.21357731526749546,0.26536312849162014,0.213657310431504,0.21376710416084893,0.213876867234399,0.26535455053042994,0.30648988136775995,0.3065866592241139,0.30668341007395006,0.2138671875,0.30673734133072955,0.21436541143654114,0.21447496862362292,0.26519799219185725,0.21385752126028162,0.21396710342904934,0.26522648083623696,0.2653288740245262,0.3065347638288979,0.213987183059348,0.2143752611784371,0.21448467966573817,0.306503272524718,0.21456418824839876,0.3065571488236113,0.2146436525612472,0.21475295755045234,0.2650988032284999,0.3065256713510505,0.21382860322760155,0.26512727778550566,0.21390820584144646,0.30649422889723266,0.21468298109010012,0.21479215904351454,0.3065054211843203,0.3066018068102849,0.306698165647582,0.21481172710851743,0.30675187552097805,0.21489095707737185,0.21375,0.21385918622413555,0.26478755901138573,0.21491045397750938,0.306635202665186,0.21498959056210964,0.21384956980294198,0.21395865131122518,0.2140677025527192,0.21417672354001943,0.21428571428571427,0.26459575648315076,0.30643372157515253,0.30652987661167336,0.30662600499029663,0.21483021483021483,0.2645509977827051,0.30663710683109324,0.30673316708229426,0.2645795816595096,0.21412742382271469,0.3067442182523196,0.2142065909720299,0.3067977294752873,0.3068936877076412,0.21467128027681662,0.21477996125103793,0.3069046630690466,0.21416712783619257,0.21427583344860976,0.2143845089903181,0.3068731848983543,0.26424225663716816,0.21443384487764414,0.2146806745922035,0.2147892190739461,0.21489773355444997,0.3067569434848694,0.2641613705443493,0.30681033291891147,0.3069060773480663,0.21433503659715508,0.30695940347970174,0.26411707855860833,0.21438431805632246,0.3069703243616287,0.26414573557825005,0.2144335587139506,0.21467991169977924,0.264174368878466,0.30689655172413793,0.26423941525306854,0.21442360728075013,0.3069074865572866,0.2642679900744417,0.306960716747071,0.30705622932745313,0.30715171558495247,0.30724717553044917,0.2144923543187767,0.30730027548209365,0.2641509433962264,0.21426604241255853,0.3073110285006196,0.21434471365638766,0.30736407432897456,0.2641067987888797,0.21439383514517682,0.3073747936158503,0.2641353693768056,0.21430536451169188,0.26420024755879523,0.2643014301430143,0.21435446170768596,0.3072587297222986,0.2643298969072165,0.2644310060472787,0.2142366359763639,0.3072272602363287,0.2644594037642533,0.26456043956043956,0.3072380167559401,0.30733315023345237,0.21419744610737335,0.264552443712246,0.2646533973919012,0.26475432335986826,0.30725950322492107,0.30735455543358947,0.21415832075730554,0.2139917695473251,0.30736524482238375,0.3074602303894679,0.2646373234608529,0.30751302440361944,0.21411925976696367,0.21395285087719298,0.307523639851994,0.2645930391888189,0.30757638032607204,0.30767123287671233,0.2140802629776743,0.2645850451930978,0.2646857455840066,0.30763964950711936,0.3077344284736482,0.2137968792773063,0.2139044751608047,0.3077449370552819,0.2646052811602134,0.21395348837209302,0.30775543701272057,0.26463347921225383,0.264734035279639,0.3077659283565764,0.30786056049213945,0.21377802077638053,0.2138854721880552,0.2139928942333971,0.30782893837956005,0.3079234972677596,0.30801803032372627,0.30811253755804424,0.3082070189812918,0.2136810486073184,0.21378839590443685,0.2644007644007644,0.30817524225467446,0.3082696506550218,0.30836403329240003,0.21377899045020463,0.30841631428181693,0.30851063829787234,0.21369153143324696,0.21379874556858466,0.21390593047034764,0.26417666303162485,0.3084366907455363,0.3085309348596348,0.21392560294318028,0.21403269754768392,0.2141397629750715,0.308499046581313,0.3085932180307776,0.30868736383442263,0.26398910823689586,0.3087394500408385,0.21342044371852456,0.3087915078933043,0.3088855626615866,0.3089795918367347,0.2134403482519385,0.21354733405875953,0.30898952808377533,0.21389719880337232,0.2637661454792658,0.21356715606307777,0.30895745548457254,0.30905137265561294,0.2637586628618019,0.21358695652173912,0.21369379160440158,0.26378701439826135,0.26388700258046993,0.30893536121673004,0.21371350984385606,0.21382025522671735,0.2638794624677616,0.26397937024972856,0.26407925091599943,0.2135685210312076,0.30877764211097547,0.30887140531741725,0.2640716126407161,0.30892324382967185,0.30901694915254235,0.3091106290672451,0.21363697980208757,0.26402819192193006,0.30912047702940776,0.3092140921409214,0.2640563609267037,0.2136277431590355,0.2133279154815116,0.21370530877573132,0.2138117806364252,0.21391822366639587,0.30905645052118585,0.21331889550622632,0.309108133712275,0.21393775372124493,0.2638343931808957,0.21401515151515152,0.30907615311781417,0.30916959697051666,0.2638269100743746,0.26392644672796106,0.3091793970528593,0.2639902676399027,0.30923097715907555,0.30932432432432433,0.30941764626401835,0.2138611186165901,0.26394704849385386,0.3094273365748244,0.3095205941931128,0.30961382662705916,0.21385176184690158,0.2639038876889849,0.30962343096234307,0.21390013495276652,0.21400620698961004,0.30963302752293576,0.21273438553891813,0.3096843809009981,0.2637896156439649,0.2139967637540453,0.3096939463394904,0.2638177406308978,0.3097452486858067,0.21401617250673854,0.21412208597224094,0.2638102937213689,0.21258251380843324,0.2638739224137931,0.21414141414141413,0.3095879342849448,0.21421839235222837,0.2143241787829833,0.30959752321981426,0.21251682368775235,0.30964876867178037,0.21259418729817006,0.263688954661644,0.26378800107613665,0.21425689307330195,0.21261430876815493,0.2127201828694366,0.2637805861790804,0.2638795537034548,0.21276881720430108,0.30936702056175247,0.21284600913732868,0.2638720945855166,0.30937667920472867,0.21410342511752856,0.21420897125973676,0.26386464348059624,0.26396348012889365,0.21425694724124045,0.2640268456375839,0.26412562072205076,0.21430488459473968,0.21266604052059573,0.2641534746444862,0.21274312541918175,0.3090128755364807,0.21429529301327613,0.309064092249933,0.2143718997184609,0.21447721179624665,0.21458249564401555,0.3090324309836505,0.26396891330564115,0.21262057877813506,0.2640321500334896,0.2641307259576748,0.212669077273336,0.21451526513122657,0.21462043111527648,0.21271753681392236,0.30879400348012315,0.3088865096359743,0.2127659574468085,0.30893765052180894,0.2128428093645485,0.3089887640449438,0.2129196201685168,0.26384059909066593,0.21299638989169675,0.3089572192513369,0.21440983825691753,0.2145148356054531,0.3089669918481892,0.3090593265633351,0.21295925183700734,0.21306438685546353,0.30906905302524373,0.21314102564102563,0.21444785685672318,0.3090787716955941,0.21452409558136432,0.21316070475173518,0.263445882823969,0.2145716573258607,0.2132088058705804,0.26347385272145146,0.21328531412565027,0.2145905574819952,0.263501800240032,0.2636,0.21463804826023197,0.26366302319381496,0.21324803411968546,0.263726012793177,0.3085942704863424,0.30868638422595257,0.21459970694018915,0.2637187000532765,0.30869623118923956,0.3087882822902796,0.3088803088803089,0.21458998935037274,0.21309729801677094,0.21466595688048976,0.30884896872920825,0.21474188398084088,0.21311693494745243,0.3088587390263368,0.2634658864210666,0.3089095744680851,0.21313655099055975,0.3089603828768944,0.2634587265718463,0.2635566188197767,0.21315614617940198,0.30892904597395693,0.30902085824365616,0.2635494155154091,0.30907158985257005,0.21314741035856574,0.30912229451600054,0.26354221986192244,0.2636399840700916,0.26373772232545795,0.21433311214333112,0.21443736730360935,0.30900888947857236,0.30910055717697,0.21448467966573817,0.21458885941644562,0.2636255138575786,0.30906921241050117,0.3091608113482699,0.3092523860021209,0.30934393638170976,0.30943546249668696,0.2635484298396714,0.21449390567037627,0.3094449595972977,0.3095364238410596,0.21268706131638193,0.3095868644067797,0.2634714682907454,0.21273497484776277,0.30959629384513565,0.21281101111699313,0.30964668519253674,0.26342947869806826,0.21285884376240244,0.30965608465608463,0.21293479698452586,0.3097064268711981,0.21301071003570013,0.3097567424643046,0.2633179114342366,0.2141157811260904,0.2633804678208008,0.3097251585623679,0.21297397278372307,0.309775429326288,0.3098665962224277,0.3099577390385631,0.26330384259870593,0.3100079218378664,0.2633663366336634,0.26346356916578667,0.21393691434604725,0.21404064396938507,0.21282491093811848,0.30989445910290236,0.21290067273446775,0.3099446056449486,0.21297639456679415,0.30999472573839665,0.3100856954515491,0.21302399156340626,0.26321339132727034,0.21309963099630996,0.31005402556331535,0.3101449275362319,0.21380582268475826,0.3101949420442571,0.3102857895430001,0.2138530418751646,0.2139565503620803,0.26303317535545023,0.31025404765038833,0.2129507765201369,0.3103039873667588,0.26302631578947366,0.26312327325351925,0.31031307550644566,0.263185584637643,0.26328248290373485,0.31032215647600264,0.3104128319747568,0.21375049296700407,0.2632754994742376,0.31042186883953216,0.21274638633377135,0.3104716857180397,0.21374146085128745,0.3105214764219099,0.21381665353296558,0.2139198949441891,0.31053046218487396,0.3106209793882106,0.2630611709110003,0.21393883711773198,0.3106299212598425,0.2140139089358352,0.21411702965101023,0.2630198084743539,0.2124868835257083,0.31055737704918035,0.31064778389719383,0.2141077750098335,0.26297850026219194,0.26307510813999213,0.3106159895150721,0.2124230114008649,0.3106656184486373,0.3107559282064719,0.31084621430442755,0.3109364767518009,0.3110267155578837,0.2629304700798743,0.21393034825870647,0.21403325042544835,0.31099476439790574,0.21227588012040308,0.2628892959958126,0.3110035326442496,0.3110936682365254,0.262916939175932,0.21226785247188074,0.21237086439126454,0.26294456066945604,0.3110210485030723,0.3111111111111111,0.2629721605018952,0.2630684788290643,0.21377237684568143,0.21387509798798013,0.2139777922926192,0.21408045977011494,0.3109572939793653,0.3110472708278924,0.26295861078469773,0.2630548302872063,0.21407127006918156,0.31101540067867395,0.2630823437296098,0.263178496868476,0.3110241356816699,0.211974954343856,0.26320594756749705,0.21205007824726135,0.26326770113443737,0.2121251629726206,0.2633294225003259,0.3108706986444213,0.31096051088231463,0.3110502997133177,0.2633224755700326,0.21378322042730588,0.26338413442751074,0.26348007293566034,0.2635759864565699,0.21380208333333334,0.21390443952610338,0.31085654777401717,0.3109462449563972,0.2118688183237897,0.3109954456733897,0.26346604215456676,0.31104462078834394,0.21383975026014568,0.21186110027311744,0.2634590377113134,0.21193602912495124,0.3109724388975559,0.31106200441960224,0.3111515466597349,0.3112410656270305,0.3113305613305613,0.2137196310250747,0.21382177188880228,0.2632809455773477,0.2633766233766234,0.31125827814569534,0.3113477018956115,0.2138128002077113,0.2633696780893043,0.31135626216742374,0.2138593303919024,0.2633969118982743,0.21393357550596784,0.31132442599558957,0.2634241245136187,0.2635196472571651,0.3113329875518672,0.3114222740827175,0.3115115374643505,0.311600777705768,0.2113789528252981,0.3116496047686925,0.31173879243327285,0.3118279569892473,0.2633419689119171,0.2137028882269136,0.31183631183631183,0.31192541758384046,0.3120145002589332,0.21372168284789644,0.21123479161273623,0.2632328199818817,0.3119824016563147,0.21374045801526717,0.31203104786545927,0.31212003621782436,0.2631919296430419,0.2632872106556317,0.3121282648047582,0.26334841628959277,0.31217683557394005,0.31226573607341346,0.21362109072111657,0.31231425248740147,0.2633074935400517,0.31236274383154633,0.31245156290364245,0.31254035903396615,0.2108729338842975,0.21355713363460296,0.3125484120836561,0.21092035626694206,0.26316468766133194,0.21099496709252807,0.2632258064516129,0.21106953941426912,0.3124355005159959,0.26325293434799435,0.26334794944544754,0.26344294003868474,0.3124033006704487,0.21335567874178163,0.31245166279969067,0.3125402758087382,0.31262886597938144,0.2633681226646051,0.26346302499355834,0.2635579028726008,0.2132921174652241,0.3125563425627817,0.2635848570692763,0.263679670400412,0.3125643666323378,0.26374050714377656,0.21068211068211068,0.2638013125723845,0.2107565620174987,0.26386208671040784,0.26395677900694625,0.31241157556270094,0.3125,0.21306416355921307,0.2639496014399589,0.31250803445172903,0.26401028277634964,0.26410487083922374,0.3125160627088152,0.26416548888603364,0.2105601233299075,0.21066152858060372,0.3124839455432828,0.26415821240529086,0.3125321006676939,0.31262036204904353,0.2641848523748395,0.2642792966243101,0.31262833675564683,0.21057359168484538,0.3126764177572492,0.2642719692110327,0.2643663417136993,0.2105938181351802,0.2106950500128238,0.26439287088088215,0.31256410256410255,0.3126522240738367,0.26441937964624457,0.2645136485966936,0.2106611993849308,0.2645739910313901,0.31258006661542403,0.2646343025489945,0.2647284836065574,0.26482264054296323,0.3125480153649168,0.26488285750864166,0.21223758320532515,0.2649430436452067,0.2105195802405938,0.3124760076775432,0.26496929375639716,0.2650633235256492,0.3124840112560757,0.3125719401457987,0.21214833759590793,0.21224907300856669,0.21043211454870878,0.21053304358941582,0.26495398773006135,0.3124600638977636,0.21224124712496806,0.31250798517950684,0.21231476750127748,0.21241537872014304,0.2648786717752235,0.2649725450134082,0.3124361593462717,0.31252393718881655,0.21240745468470767,0.21033822590938098,0.21043899948953548,0.31249202500956996,0.31257973972952285,0.31266743207041714,0.3127551020408163,0.31284274964927944,0.26472838561591433,0.3128904755833227,0.3129780724120347,0.31306564690885913,0.26472087687993884,0.2102714413151523,0.21037206931702346,0.31303350745317876,0.3131210191082803,0.21207489491784487,0.26464595007641367,0.31312874060868456,0.31321619556913677,0.26467218332272435,0.2120672097759674,0.21025836833396971,0.3131840162891321,0.26466471561267335,0.31323155216284987,0.3133189161684264,0.2102518443144238,0.31336639959303064,0.21032553407934892,0.2645899554990464,0.3133740147470125,0.3134612940129656,0.26461616675139804,0.21031897318591944,0.26467598475222365,0.2103925803582772,0.31338922764227645,0.2104661501333672,0.31343662687325374,0.31352380952380954,0.2116556627729812,0.3135711565316745,0.2645341457222645,0.26462749079832465,0.2116751269035533,0.3135388910036797,0.31362598325298147,0.2646200685018394,0.3136732623033993,0.26467977171845275,0.31372051737255896,0.2102193482946621,0.2647058823529412,0.2647990873367981,0.26489226869455007,0.31364846027119503,0.26495184997465787,0.2650449765615102,0.21015961489739043,0.21025965801139962,0.2650709219858156,0.3135367861213119,0.21131932134717651,0.21141916698316243,0.21151898734177216,0.2650297430704974,0.2651227537332321,0.2101733518916867,0.2651821862348178,0.21024667931688804,0.21034657222362763,0.2652080435057544,0.26530096105209916,0.26539385510178276,0.26548672566371684,0.3131083301731766,0.26554600606673406,0.2656388221913307,0.2657316148597422,0.31307643714466205,0.2657908034360788,0.2658835417456107,0.26597625663046226,0.21012754135623185,0.3130050505050505,0.2660017674536043,0.26609442060085836,0.31301274769657955,0.31309944472488643,0.31318611987381706,0.2660862982588948,0.31323325343761826,0.31331987891019175,0.3134064825324757,0.266078184110971,0.31345353675450766,0.31354009077155826,0.31362662296735155,0.26607007814469374,0.20982986767485823,0.3136340725806452,0.3137205493259418,0.20987654320987653,0.3137674770122182,0.26599496221662466,0.31381438106031984,0.2660538907076303,0.3138612614881027,0.20984390735146022,0.26607929515418505,0.26617165869619935,0.2662639989933308,0.31378963261197784,0.313875959240156,0.26628930817610064,0.2663815872217331,0.20975855130784707,0.26644033697975605,0.31380437515715365,0.2664990571967316,0.3138511814982403,0.2665577478949353,0.26664991203820054,0.20969971101897222,0.26670854271356786,0.3137796759201105,0.3138658628485305,0.20997111641341204,0.26670015067805125,0.21004394224733208,0.2667587245794627,0.31379440190786995,0.31388052208835343,0.3139666206550383,0.31405269761606025,0.20950947183540333,0.26668339187155043,0.26677536686316317,0.3140205668422373,0.3141065830721003,0.3141925777331996,0.2098533283189169,0.2667335171722236,0.2099260558967289,0.2667919799498747,0.31412103746397696,0.2093460285642696,0.3141676061630966,0.2099198396793587,0.31421415153412646,0.2667167543200601,0.2668085639163641,0.314221331997997,0.20928777068469145,0.31426783479349185,0.20986109373044676,0.26676676676676675,0.26685850118854,0.2099074305729297,0.21000625390869293,0.2668834417208604,0.20920345129423534,0.31407851962990746,0.2669083635454432,0.314125,0.26696662917135355,0.2670582354411397,0.26714981881794325,0.2672413793103448,0.31405371642723295,0.267299525355983,0.26739103284625954,0.2674825174825175,0.20976401548258208,0.3139825218476904,0.314068156285108,0.208936595107339,0.3141145638337701,0.20975792363364112,0.31416094822208357,0.20983033932135728,0.3142073094673818,0.3142928411075081,0.2672403042773413,0.31433915211970076,0.31442463533225284,0.26726502119172274,0.2673563504923345,0.26744765702891327,0.2097196261682243,0.20981809120358832,0.2674722810514514,0.2098903836571998,0.3142358948810562,0.31432129514321294,0.20856680363591085,0.3143675298804781,0.2673969874268642,0.26748817525516555,0.26757934038581205,0.26767048282727723,0.20977976857036207,0.2085095794973874,0.31421818634158477,0.3143034825870647,0.26762840442731006,0.26771947276796815,0.26781051846326,0.2097215315763302,0.31423244251087634,0.3143176733780761,0.2084006462035541,0.20849900596421472,0.3143247608398559,0.20857142857142857,0.26766861259470875,0.3143318430203676,0.31441698745809016,0.3145021107524212,0.2676598386095593,0.2677507447864945,0.2678416283976666,0.2094812608587739,0.20957935227695743,0.31439205955334987,0.20965140801389406,0.26779955346067974,0.267890363388317,0.20833333333333334,0.3143211407315561,0.2679147036945202,0.31436717491012767,0.26797223599405057,0.20956748048085264,0.3143742255266419,0.31445917482344193,0.31454410307234887,0.3146290102811842,0.31471389645776565,0.20953560371517027,0.31475978207033184,0.26779744954809953,0.31480564496162416,0.2678549325411561,0.20952970297029702,0.3148125232025739,0.3148973026478594,0.3149820611159223,0.2678129638792677,0.3150278293135436,0.31511254019292606,0.3151972301224187,0.2078387734915925,0.3152429224873285,0.315327564894932,0.20936843406253863,0.2676717745921898,0.26776226368466577,0.2678527304175933,0.2679431747992588,0.20936264822134387,0.31517846115845377,0.31526302790812544,0.20940856895913076,0.2679012345679012,0.26799160597457106,0.2680819550728215,0.20942860668888066,0.3151530108588351,0.31523750771128933,0.3153219837157661,0.26803996546194647,0.3153675382338431,0.26809717597730914,0.2093711467324291,0.31537418320798916,0.3154585798816568,0.31554295575003083,0.2680552132117328,0.2681454097350585,0.31554953178905865,0.2093137858814833,0.2094111850209411,0.20950856016750832,0.20714285714285716,0.26807043467553254,0.31543954690962817,0.3155238212483073,0.3156080748399803,0.26806153846153846,0.20711297071129708,0.2681186169558263,0.2093996062992126,0.26817566736375936,0.2094710947109471,0.31545935309310047,0.2681997048696508,0.2682896840034428,0.3154659454143103,0.3155500921942225,0.31563421828908556,0.26828069313014624,0.31567952813959205,0.3157636073227669,0.3158476658476658,0.3159317037219015,0.2092851879145173,0.26820582095050965,0.20677799607072692,0.31589932473910376,0.3159833046894181,0.31606726402356694,0.20925380461462936,0.2093508405939379,0.2094478527607362,0.2680652680652681,0.20669774288518156,0.2681221636207531,0.31591856757419673,0.3160024524831392,0.26814615007356546,0.2682358710310163,0.3160088256925717,0.31609265841402134,0.3161764705882353,0.3162602622227668,0.2065670178877726,0.31630527992159746,0.3163890249877511,0.3164727495407226,0.20658829292187117,0.20668544141055467,0.31647894221351613,0.20908311910882604,0.2091799265605875,0.20927671031697467,0.31644640234948607,0.20665606264529549,0.20675311964766332,0.26776758409785933,0.31641389432485323,0.26782438547144427,0.20921985815602837,0.2067489913192322,0.20929095354523228,0.2068206820682068,0.26778293815692983,0.3162654283270194,0.3163489736070381,0.3164324984728161,0.31651600293183485,0.20679125442775131,0.3165608207132389,0.20918305043350838,0.3166056166056166,0.20925405933341473,0.2093505859375,0.31661174173074574,0.20673663656333902,0.20939597315436242,0.20949243533430942,0.20678296937904111,0.20956330812393267,0.20965971459934138,0.2097560975609756,0.2672844775027436,0.267373811265545,0.20980129221016702,0.31630911750365676,0.26739792809262647,0.2674872044845235,0.2675764591202632,0.20662768031189083,0.2067243269582166,0.26760048721071866,0.3161612471075387,0.3162445202143205,0.3163277730427371,0.3164110056001948,0.20669506999391357,0.20679162609542356,0.3164171838870634,0.31650036505232415,0.20951453948168877,0.20961070559610706,0.2097068483152901,0.20980296764777426,0.2672990392800681,0.26738813229571984,0.2674772036474164,0.20666180403598347,0.26753373039990275,0.26762275157997084,0.31619880908980436,0.31628189550425273,0.20969505527882396,0.2066326530612245,0.316288108830317,0.31637114403692007,0.3164541590771099,0.3165371539582322,0.20662862692727935,0.31658169458606455,0.2096128170894526,0.2066747572815534,0.20677102293410993,0.31654938121815096,0.20684216911318695,0.2096069868995633,0.206913280776228,0.20967741935483872,0.3164787195343761,0.3165615906886518,0.2670626742635471,0.2096969696969697,0.20979275239364925,0.20988851187590887,0.2670544044589846,0.31645262902834986,0.26711084191399154,0.20675872093023256,0.20988252391909895,0.2099782029547106,0.21007385882068047,0.20677966101694914,0.26703788887543883,0.20685064149116436,0.20694662955343096,0.20704259438528558,0.26702964307320026,0.20711347689329784,0.3160759646788436,0.3161586840832124,0.207159269561011,0.2669891172914148,0.20988997702817072,0.26704545454545453,0.26713405052580685,0.20993473531544599,0.21003021148036255,0.31597390043499274,0.2671257702065966,0.2070548441652573,0.31598019084430484,0.210024154589372,0.3160246347059534,0.3161072204781454,0.3161897863093082,0.20702559150169,0.20712130356065178,0.20999275887038377,0.3161578375769277,0.2071669884169884,0.2100373989624804,0.21013268998793727,0.20721264021227837,0.26676314520019295,0.21017725792837333,0.3160115746322643,0.21024713682941532,0.3160559305689489,0.266722911895866,0.2668112798264642,0.3160621761658031,0.21024096385542168,0.31610649319359113,0.26680317995663694,0.2070336023124172,0.21026011560693642,0.20710415412402167,0.316036600048158,0.20717467196340436,0.31608088589311506,0.21025394150920687,0.21034897713598075,0.2071952833594032,0.2104186717998075,0.20726572837724047,0.21048833293240318,0.2073361395069152,0.21055796055796056,0.20740651677287483,0.2106275547006492,0.26637817045317946,0.21069711538461539,0.20742699194808317,0.2107666426339822,0.20749729664784333,0.2108361364728496,0.20756756756756756,0.31551765553687244,0.21088026900444337,0.21097502401536983,0.20758794573178052,0.21104441776710683,0.2076581442803985,0.21111377820451271,0.2112084483379335,0.20770338372930167,0.2659868026394721,0.21125239923224567,0.31522130262684417,0.2077236747421444,0.3152656193788224,0.31534772182254195,0.21124565399832154,0.2077439462958523,0.21131487474529545,0.21140939597315436,0.21150389454763333,0.20776419841840402,0.20785911105786511,0.26569238140872065,0.31512756018684873,0.21149700598802396,0.31517183570829843,0.21156609195402298,0.21166048126421644,0.20780464448168542,0.21172950329144224,0.26555768310196265,0.20784970683259543,0.31502751854510647,0.31510946285440844,0.20789473684210527,0.21169716541083602,0.31511600095670894,0.20793973454501974,0.3151602104256337,0.21171548117154812,0.31520439875687306,0.21178439106011712,0.21187858508604207,0.21197275660174453,0.2120669056152927,0.21216103213475093,0.31509794553272813,0.21222978621760422,0.21232385956532124,0.2124179104477612,0.20773638968481375,0.21248657037125462,0.20780615898782526,0.31495405179615704,0.20787589498806683,0.2648848586087579,0.31496062992125984,0.3150423476082548,0.2078959923664122,0.20799045915324985,0.21237777247793943,0.3150113270537737,0.21244635193133046,0.31505542972940753,0.21251489868891538,0.21260874746752473,0.21270257387988561,0.20791135470034552,0.20800571837026446,0.20810005955926147,0.3149118627918056,0.2644992259140169,0.2081447963800905,0.2126443624240981,0.2082142857142857,0.2083085346982502,0.3148059985717686,0.2126621444722123,0.314850071394574,0.21273051754907793,0.2128241732096122,0.3148566670631617,0.20825404376784015,0.2642406944939945,0.2643281807372176,0.21281654975627154,0.21291012838801712,0.2130036847735647,0.2643213691466603,0.2130718954248366,0.20817490494296578,0.26434596649637637,0.21311475409836064,0.314526665874807,0.20819477434679334,0.3145707160669754,0.21313227261933032,0.213225691558827,0.26424501424501423,0.21329376854599408,0.21338713505815332,0.21348047941141568,0.20811580446131941,0.2082097520465061,0.3143534994068802,0.2134978057169968,0.2135910815939279,0.2136843353492233,0.2082048849893289,0.21375222288085358,0.26398767188240874,0.20824937774090316,0.3141739748755629,0.2137694039578149,0.21386255924170616,0.21395569245350077,0.2082444918265814,0.3141063602984721,0.20831359545239223,0.21397276494967438,0.20838266635093536,0.3140760033147863,0.2637310606060606,0.21398982128062494,0.20840236686390531,0.21405750798722045,0.2084713677236157,0.21412516266414292,0.3139342323160634,0.3140153755174453,0.2141674550614948,0.20846635922904103,0.21423504374556632,0.2143279347440596,0.26347517730496456,0.3139108852381515,0.20846135665327345,0.20855488597424082,0.208648393194707,0.2142941523922032,0.20871722182849042,0.31380654304948624,0.21433632498819083,0.2633132601251624,0.20873671782762693,0.20883012631330422,0.21435316336166194,0.31370234863684643,0.21442058059948077,0.2088495575221239,0.20894289759320434,0.21446266367818803,0.2631516867185657,0.2632385894563038,0.2089622641509434,0.21447942459615613,0.31348738505069557,0.26323234704703524,0.20898161244695898,0.26328815556865054,0.21447089323591798,0.3134205255096029,0.3135014137606032,0.2632818942160443,0.20895170789163722,0.31350842068072077,0.21443711728685821,0.31355233721888615,0.20897103838003298,0.21447910535609183,0.21457156308851225,0.31352241967753325,0.21463873852671217,0.2147311448405695,0.2630588235294118,0.21479825902834962,0.31345565749235477,0.2630836175467482,0.20884289746001883,0.31346266901822456,0.21478956031036914,0.3135065240390267,0.2148566055477198,0.21494887765894935,0.20881316098707403,0.31347667724121725,0.2149906015037594,0.215082814518971,0.20883251115809257,0.20892542571931885,0.3134100516674495,0.3134906657273688,0.21507396102371448,0.21516609930743044,0.21525821596244132,0.20889566952235653,0.2153250410701713,0.20896397981931245,0.3133505396527452,0.215366568914956,0.21545859723199626,0.21555060396387943,0.20895872420262665,0.3132840895767382,0.20902696365767878,0.21556675653499002,0.2090951711204876,0.215633423180593,0.26224513709866415,0.21570005858230815,0.20911433926897843,0.2157666627620944,0.2622394003279457,0.21583323574189014,0.3129976580796253,0.31307809390001173,0.21587450245844064,0.20906004916305748,0.21594101123595505,0.2160327677004096,0.26211092908963257,0.312975312975313,0.20905474964904072,0.20914726868639608,0.20923976608187134,0.31294585428604843,0.20930776426566886,0.21594762071787676,0.2160392798690671,0.2619520748100526,0.20932678821879383,0.2094191889680963,0.21605515307314793,0.21614674611520038,0.21623831775700936,0.2094381497488611,0.20953048353188508,0.31262408034567324,0.2617935544138253,0.26187974314068885,0.20954938127480738,0.216178358818723,0.31255835667600373,0.26187419768934533,0.20956826137689616,0.2619297631548244,0.31252916472235187,0.3126093549515922,0.3126895264753907,0.2619241982507289,0.20953824626865672,0.2160429054447942,0.31266029377477267,0.3127404126355053,0.2618881118881119,0.21605873441323856,0.21615008156606852,0.3127111732494466,0.21621621621621623,0.21630751310425161,0.21639878872583276,0.21649004308838943,0.31264555193292964,0.26173011992082895,0.20931315483119906,0.3126527761610988,0.2164804469273743,0.31269638077504947,0.21654642774028393,0.21663757998836533,0.2616333178222429,0.31266720949168314,0.21667829727843685,0.2616583323642284,0.2091860465116279,0.20927799093128707,0.31260172053010926,0.3126816226897594,0.21664342166434217,0.2167344567112144,0.21682547060190566,0.20924828627861045,0.21689126394052044,0.20931583226855616,0.31254355400696865,0.2169318313784694,0.21702275894101253,0.21711366538952745,0.2093104248897144,0.2171793383633198,0.20937790157845868,0.3124057096437275,0.20944534694824785,0.2171945701357466,0.2611368909512761,0.2172601786335692,0.3123405242403155,0.21732575669720514,0.20941558441558442,0.21739130434782608,0.31231161604451657,0.3123913295467718,0.2610106629578118,0.2094101286359949,0.21738122827346465,0.21747190360329047,0.2610055607043559,0.3122900498088729,0.20940467917535324,0.2094962362478286,0.2095877721167207,0.2609702442977886,0.20965501273442927,0.21738627155920826,0.21747685185185187,0.26096516606874204,0.20967368664660957,0.2610204790003471,0.21749190189726977,0.2175824175824176,0.2176729123294009,0.20966809298022435,0.20975948196114708,0.21771303040813966,0.2609248554913295,0.2177782915269911,0.26098012020342115,0.21784352247775338,0.3116477929281257,0.2610051993067591,0.209681146025878,0.31165530784336376,0.21783321783321782,0.2179235477537822,0.31166281755196307,0.26093984528345454,0.2096513507273147,0.21793835853630383,0.2180286241920591,0.31159838430467396,0.20966997461343181,0.21806853582554517,0.218158744808491,0.31156996193332565,0.2182237600922722,0.21831391996309538,0.2184040590405904,0.21849417733194973,0.3115056490661748,0.2606340057636888,0.2095435684647303,0.31151319580500175,0.21848352154874395,0.3115566309482659,0.20956221198156683,0.20965326575279344,0.21849804192582353,0.21858804560635725,0.21867802855826807,0.21876799078871617,0.2188579323048584,0.31138482790376426,0.31146408839779005,0.3115433306479457,0.2095512082853855,0.3115866988839029,0.3116658996778647,0.3117450822500863,0.20956981826547044,0.21874640598044853,0.218836246550138,0.20961251006094056,0.26005978385835826,0.2188757328428555,0.2096551724137931,0.2189403516837145,0.3115375775683751,0.21900494082500288,0.20967371323529413,0.21906950028719127,0.2191592005513439,0.2097163202021362,0.2192237023426734,0.2097829831209094,0.20987370838117106,0.2192630008035817,0.2099403122130395,0.25972684494433607,0.2100068854716548,0.21009753298909925,0.25975217989903626,0.21016404726396695,0.2598072952512044,0.25989218947126963,0.21020642201834863,0.2191262469900241,0.3109378582893832,0.21919064542015362,0.2192801467216873,0.2102005730659026,0.2193444877377951,0.21943394064397845,0.25973877176901927,0.21949822430977203,0.31076746849942727,0.2195624785247967,0.21965185524507558,0.2597045688766747,0.21009846576597208,0.21969089868345734,0.21016483516483517,0.2102552363511503,0.31059739070725567,0.21970477171301064,0.31064073226544625,0.21976890515959271,0.25955159002516587,0.2596362804529338,0.219807868252516,0.3105774728416238,0.21987194145895267,0.21996112953012462,0.21010516689529035,0.2595725225740085,0.22,0.22008913267055194,0.2101234003656307,0.3104078601622301,0.21018962759881196,0.22010279840091376,0.22019186843307445,0.22028091812264475,0.2102078100022836,0.2593903413631693,0.3102739726027397,0.22029448693071568,0.2203834740926729,0.2204724409448819,0.2593564582382474,0.22053622361665715,0.22062514259639515,0.2101060796167446,0.2593521897810219,0.21017219751396968,0.21026225769669327,0.220613385018812,0.22070223438212494,0.22079106349025418,0.22087987235012538,0.25925925925925924,0.210232452142206,0.22091830921727243,0.2102984734563682,0.2103884269278961,0.2592255125284738,0.22093155677029952,0.3096105670690048,0.2209951041785267,0.25922131147540983,0.2593056346044394,0.2210334623264284,0.22112211221122113,0.2212107419208011,0.21026282853566958,0.3094425483503982,0.22124900466386077,0.30948589626933576,0.22131240759695212,0.3095292244712304,0.2213757816941444,0.2214643019554343,0.22155280209162215,0.3095021595817231,0.2216160927378111,0.30954545454545457,0.22167935461879332,0.22176778004998865,0.22185618539134386,0.21001817355747388,0.3094832481544577,0.21008403361344538,0.21017372544566823,0.3094913714804723,0.2102395277557044,0.22179341657207718,0.30949948927477017,0.21028143440762598,0.3095427209803699,0.309621057408668,0.3096993760635281,0.2102994555353902,0.25847794034252014,0.21036516216829212,0.3096722984465359,0.30975056689342406,0.2584740959074935,0.22160507821355702,0.2216933015980959,0.21033544877606528,0.22175637393767705,0.22184455019261273,0.22193270646878893,0.22202084277299503,0.309548080190282,0.30962627406568516,0.22205865700373684,0.309669384057971,0.30974753764292995,0.22209644555127914,0.2101867572156197,0.21027614305115436,0.3097204933801064,0.2580900656257072,0.22208394614775426,0.3097285067873303,0.3098065829657279,0.25808640579054515,0.21022277507633155,0.21031207598371776,0.30977953646127754,0.2103775717838571,0.22199615688934102,0.2220840867992767,0.22217199683580066,0.2103954802259887,0.30968252174895494,0.22220967013104384,0.3097255167739749,0.22227241924553873,0.309768492377188,0.3098464317976513,0.22231003725866547,0.22239783246782568,0.2224856078564172,0.3098194130925508,0.22254824511906104,0.30986233355901605,0.30994020083493173,0.2575586642599278,0.22256063169768753,0.22264831942251298,0.21010488327506485,0.2227108705457826,0.2227985116698613,0.25749718151071027,0.22286100777815354,0.3097385031559964,0.2229234757128367,0.309781383817895,0.30985915492957744,0.2229607931500676,0.22304832713754646,0.2573777877900428,0.20993355107557157,0.2574324324324324,0.2099988740006756,0.22303535239810854,0.21006416751097604,0.22309770373705537,0.21012943162633652,0.22316002700877785,0.2232474400810172,0.22333483348334834,0.21014737315783552,0.21023622047244095,0.223371949162074,0.22345928924876293,0.3093444282019566,0.22352147515178772,0.2571107363687465,0.30935251798561153,0.30943014499269417,0.2101595864239155,0.25710754017305315,0.21022471910112359,0.2103134479271992,0.22343293641878229,0.2235201617432326,0.25707547169811323,0.22358225715889948,0.3092297327644285,0.22364432468844728,0.21026044005388414,0.21034908519474688,0.30920314253647585,0.2569857479519695,0.25706912028725315,0.21036687983843824,0.21045546331613194,0.3091418956814358,0.3092193808882907,0.2104968038577997,0.21058533303431262,0.309227491871286,0.21065022421524662,0.22340544781975116,0.2234924904729881,0.2235795136164967,0.2236665172568355,0.3091316526610644,0.2237284337889312,0.22381539150890556,0.22390232974910393,0.22398924851607122,0.3090705487122061,0.21050274325383495,0.25660546350201524,0.2566886824135229,0.3090441011864786,0.3091214325685506,0.22392569382273947,0.22401253216963188,0.2104497650481092,0.22407428123951226,0.2105145413870246,0.2241360026842635,0.21057928874972043,0.25651347422565135,0.3089221824686941,0.30899944102850757,0.22412251285490722,0.22420923214485303,0.21054984354045597,0.210638060118449,0.25642458100558657,0.22422075745726736,0.22430741733690795,0.22439405785770133,0.2106321197230288,0.256393076493579,0.308731576596695,0.22440549291057274,0.21064969859343605,0.2563902221230048,0.2564732142857143,0.2106907711192947,0.3086364650747601,0.2243668414593328,0.2107318161535029,0.3086447295036252,0.22440330136069597,0.25638452102152337,0.22446476360392506,0.22455123202140706,0.21070234113712374,0.308549771485899,0.22458760588497548,0.2246740220661986,0.2247604189881881,0.2248467966573816,0.25623885918003564,0.2249080984738777,0.30842058364891956,0.21060251698407395,0.30846325167037864,0.2106669635898007,0.30850590069026945,0.22486919737281533,0.22495547640249333,0.22504173622704507,0.30847985755619856,0.21063758762657173,0.2107254116599911,0.2559795305373234,0.30845383759733036,0.210766321877433,0.2560053380782918,0.21083064605804513,0.21091839003780297,0.22490272373540857,0.30835927078701647,0.22496387684783817,0.2250500111135808,0.30836759639959993,0.30844444444444447,0.21086545939340073,0.2558320373250389,0.30845273797623013,0.2250111061750333,0.3084952803997779,0.21085942704863425,0.21094704119018542,0.2250222024866785,0.22510822510822512,0.22519422863485017,0.21096437687271113,0.255659121171771,0.3083324087429269,0.3084091413357,0.30848585690515806,0.25565661047027505,0.21093490074304092,0.2251053448658239,0.2251912628894556,0.21097560975609755,0.2110630750471123,0.22522722234537795,0.22531308877313533,0.21110372340425532,0.21119113573407203,0.30822069576778194,0.2112551235183339,0.21134249003101463,0.2252741167349651,0.21140642303433002,0.22533495736906212,0.21147032772364924,0.22539577106166278,0.30805844587115344,0.22545655783065854,0.21148738379814078,0.3080668363394932,0.21155122814782032,0.2254674189622746,0.22555309734513274,0.21159163809313128,0.22561380225613803,0.22569943602786685,0.3079389650597081,0.21160862354892207,0.21169577713906698,0.22571018017022218,0.21175950486295314,0.2118466128854017,0.22574585635359115,0.21191028615622584,0.22580645161290322,0.22589196951286866,0.2546940578749724,0.21192711209276643,0.22592756183745583,0.30760737551065476,0.2259880768381541,0.21194392317032784,0.3076158940397351,0.21200750469043153,0.2120944603840212,0.2259737393798963,0.22605913503971756,0.21213458356315498,0.22611956761526583,0.3074886952685563,0.30756506396118216,0.22615503363105083,0.22624035281146637,0.25432697607760996,0.22630070546737213,0.30750578639920645,0.3075821027110425,0.30765840220385676,0.25429704715733803,0.2543792001762697,0.22626129103326725,0.22634651393325256,0.2118942731277533,0.21198105935469663,0.22638185421713278,0.307497522844875,0.3075737560546015,0.2119977985690699,0.3076161127008585,0.21206118631011334,0.3076584507042254,0.22631752668060293,0.2264026402640264,0.22648773512264878,0.21205455345358556,0.30759925217200046,0.21211787992082692,0.30764156129741616,0.30771767810026385,0.2539298669891173,0.3077599472411519,0.22639850533025607,0.3078021978021978,0.22645863091967916,0.22654361678751922,0.30781061188619135,0.30788664323374343,0.30796265788028554,0.25378871074017134,0.2538706489513561,0.22650417215634608,0.22658908771544625,0.22667398463227223,0.21183185160794643,0.30783582089552236,0.211895094919346,0.22668422207592714,0.2267690619857378,0.2268538832821413,0.2269386859712625,0.30774292608028075,0.21186533611141573,0.22697368421052633,0.22705843657493696,0.22714317035737777,0.25353502137454786,0.22720298114861903,0.2535890410958904,0.21181240412009641,0.2536430371425441,0.21187554776511833,0.3074816518786285,0.21193866374589265,0.21202496988281677,0.2536136662286465,0.21208803240994198,0.22706371797679,0.22714833059660647,0.22723292469352013,0.22731750027361278,0.21208141825344715,0.30725462304409673,0.2273522975929978,0.3072967946614156,0.22741194486983154,0.21207481133107295,0.2533902012248469,0.2121377802077638,0.2274218237480866,0.22750628621405924,0.2275907302142545,0.2276751557547273,0.307103825136612,0.2277346738061414,0.22781905594405594,0.21206161914126515,0.25322263491369895,0.2533042053522665,0.22782874617737003,0.22791307196680136,0.30694474776152,0.2279724860792663,0.21200873362445416,0.22803187424953608,0.22811613184894128,0.2531921859652952,0.2120253164556962,0.25324604473540646,0.25332751472834386,0.21206501581760664,0.2280759162303665,0.22816010470062165,0.21210468920392583,0.22821938719877877,0.30658525948539034,0.22827864384607,0.21212121212121213,0.2531880108991826,0.2283129904097646,0.2283970796556609,0.30649378949662237,0.2531866216363438,0.2284313725490196,0.2285154122644592,0.21204530603354388,0.21213111183709027,0.30640243902439024,0.2285247686445291,0.2286087524493795,0.30641123326439534,0.3064867218110579,0.21210142561758624,0.22861806311207836,0.21216407355021216,0.22867711053089643,0.22876101381485914,0.22884489884707418,0.2121805328983143,0.22890387124836886,0.2122431227574209,0.22896281800391388,0.22904663550385912,0.25271739130434784,0.25279860884686445,0.2122364703325364,0.25285233076170816,0.21229900043459365,0.21238457360130364,0.22898109928307625,0.22906484196806778,0.21242397914856648,0.3058964056900858,0.2290988056460369,0.21246335902725003,0.22915762049500651,0.22924128948225334,0.21250271326242673,0.25263157894736843,0.2292751736111111,0.22935879353368774,0.2125189845953569,0.22941750732183533,0.22950108459869847,0.21255829085782454,0.22955974842767296,0.2525208717337092,0.22961838681699914,0.2297018970189702,0.22978538911771082,0.21252844911672267,0.30537494581707847,0.22981904865099145,0.30541711809317446,0.2298775863936735,0.21252166377816292,0.2299360987761291,0.21258392895819797,0.2523010286951814,0.3053269813772196,0.2299447872685937,0.3053691275167785,0.23000324710466502,0.3054112554112554,0.23006168163618657,0.2301449902618481,0.23022828086119226,0.21246213760276936,0.2302866414277988,0.30532121998702144,0.30539634476046285,0.23032006920415224,0.2124554005838469,0.252,0.23035347529996758,0.3053393860786857,0.2304117583486437,0.21244867084504,0.23047001620745544,0.30531547104580814,0.3053905152857297,0.3054655433138907,0.2518630521654606,0.2304535637149028,0.30547457078069323,0.2305117685165191,0.23059483968476735,0.2518350604490501,0.23065299514301132,0.30541765594647097,0.23071112549908276,0.23079413034095814,0.2308771172726292,0.23096008629989212,0.2517527774781577,0.23101811906816222,0.2518063194219778,0.23107612680612466,0.25185983827493263,0.23113410952996982,0.21202975099708957,0.2311920672558741,0.23127492186658044,0.23135775862068966,0.2314405775239737,0.21202327084680025,0.3049660670042012,0.21208530805687204,0.2516962843295638,0.23142364850312297,0.2315064068052116,0.21210163652024117,0.23156421573904618,0.23164693218514532,0.23172963082553008,0.2318123116659492,0.2120951253631766,0.25156014633096624,0.21215707369553524,0.25161359724612736,0.30461439173927074,0.304689180468918,0.23174534896225402,0.30473118279569894,0.3048059348457155,0.2317781122339282,0.23186069009996776,0.23194325021496132,0.3047823750671682,0.23200085966043413,0.3048243257762974,0.25139664804469275,0.23203351595230423,0.23211600429645543,0.2321984749221351,0.21187714776632302,0.2322559862557715,0.2119390165342495,0.23231347289318305,0.2512881064834693,0.23237093485027369,0.23245331616226658,0.2119326107951497,0.21201716738197424,0.23248578478704002,0.30444110705857114,0.23254317279845543,0.30448305448305446,0.30455764075067027,0.3046322110229466,0.25109896000857723,0.211942538593482,0.304641440668882,0.232475884244373,0.23255813953488372,0.21195885126446634,0.2326154505518054,0.3045853867580887,0.2119978575254419,0.2326478149100257,0.2509371318410624,0.23270507603341187,0.21201413427561838,0.23276231263383299,0.21207579488277487,0.23281952472703918,0.3043990153055764,0.2328767123287671,0.2508293204922418,0.23293387545474,0.21204664598266823,0.23299101412066753,0.21210824687132313,0.30427807486631014,0.21216982140947493,0.2329982891360137,0.21223136961402758,0.23305537737866153,0.21229289150187067,0.21237708422402737,0.30415731537886076,0.2330626202179953,0.2505609573672401,0.2123931623931624,0.21247729943382118,0.30410168767357404,0.21253871622343265,0.23302007689021786,0.23310197544046984,0.21257740764467223,0.2331589623145084,0.3040136635354398,0.23321592485857615,0.21259338313767343,0.233272863088251,0.21265471617584294,0.2333297770190974,0.23341156390014936,0.30389333333333335,0.2334684300341297,0.23355017596246133,0.23363190445724036,0.23371361552404307,0.2337953091684435,0.2125572966634687,0.23385205713067575,0.23393370990088458,0.3037084398976982,0.30378263185935,0.2125506072874494,0.24992010226909556,0.23391563698338305,0.3037597188198956,0.21256656017039405,0.30380151208603984,0.23392248722316866,0.23400404556584692,0.2498403236108154,0.30377860564129855,0.23403575989782888,0.23411727146961797,0.2341987656948287,0.21246941163953612,0.2125531914893617,0.21263695351558345,0.3036587960008509,0.2126980750824205,0.23415567843470864,0.23423710792131844,0.21273655113757176,0.23429361114063996,0.21279761904761904,0.30353916462960995,0.23432518597236981,0.3035809159494209,0.23438164045898852,0.30362264952724954,0.23443807095814745,0.30366436537440256,0.2344944774851317,0.2345757672294786,0.30367381609683586,0.2346321265527126,0.30371549893842886,0.30378940664472986,0.3038632986627043,0.23463865011142948,0.23471986417657045,0.23480106100795756,0.23488224061107574,0.21247480640712846,0.23493848112006788,0.24901898398557643,0.2349946977730647,0.21249072208673522,0.23505089058524173,0.23513198346231315,0.23521305914776341,0.23529411764705882,0.21248410343365834,0.3034862774186712,0.303560076287349,0.2125225129780697,0.23527542372881355,0.23535642410761573,0.2125608981148062,0.24875569204701894,0.21262177043625582,0.23536262572789837,0.23544357399957655,0.21266010373663596,0.2354995766299746,0.30331251984336965,0.2126984126984127,0.2486509364088456,0.23550571307659754,0.23558658626890935,0.2127141950497144,0.23564251718667373,0.2357233502538071,0.3031616791794438,0.21272996405159653,0.21281319378369806,0.2357293868921776,0.2358101680583448,0.23589093214965123,0.21282891260699566,0.2129120879120879,0.24838880084521922,0.23589689414747517,0.30294707932819265,0.23595268272074355,0.3029886999683177,0.23600844772967264,0.30303030303030304,0.2360641891891892,0.3030718885252824,0.2361199071142073,0.3031134564643799,0.23617560151962855,0.2362561992191622,0.2363367799113737,0.3030910433590041,0.23639240506329115,0.2126357979116127,0.23644800674963087,0.24802277760202468,0.2365035849852383,0.21265155508697944,0.23655913978494625,0.23663961210076948,0.23672006745362564,0.23680050584887766,0.3028451001053741,0.30291855441997684,0.23683101559207753,0.3029600758453597,0.30303349483884556,0.3031068983675619,0.3031802864363943,0.21248815415394334,0.24773636555064224,0.3031898094536267,0.23673684210526316,0.21250394695295233,0.23679225426226058,0.2125644533305272,0.2126473063973064,0.23682272488164124,0.30307174416158217,0.21268538971284318,0.2127681952040387,0.23682826795667264,0.23690851735015772,0.21280622437178004,0.24747687132043733,0.23693892568064753,0.2370191297035947,0.21282186022070415,0.21290458175704077,0.23704949038562573,0.2129649085942425,0.30276289526210737,0.2130252100840336,0.24734796765045688,0.2370300357067843,0.23711015436312086,0.2371902561948761,0.21301837270341206,0.3026453915599412,0.2372205311220741,0.213056255247691,0.23727568475181027,0.30262329485834205,0.23733081523449795,0.21307175828787242,0.23738592258470576,0.302601216698133,0.23744100681699004,0.2375209731543624,0.23760092272202998,0.3025791570559866,0.23765593877764965,0.23773584905660378,0.23781574258463473,0.30255711590861456,0.23787069055852458,0.23795054484492875,0.23803038239916186,0.21286402681751518,0.23808526238608987,0.21292417260159197,0.23814011938422872,0.21298429319371728,0.2381949534080201,0.30234505862646566,0.23824976447189364,0.23832949549926732,0.23840920983778127,0.3023231477605693,0.23846395312336507,0.3023645114040594,0.30243749346165916,0.24644351464435146,0.2465223303001778,0.23844384020079482,0.2127993307539475,0.21288163948138855,0.3023523261892316,0.21294166840894835,0.2464722483537159,0.23839882943143811,0.30233044205246107,0.212957157784744,0.3023717479887159,0.2384036773923945,0.2384832340958947,0.21297263421767287,0.2385378590078329,0.2386173767752715,0.2386968779367234,0.23877636249738984,0.24626787764902391,0.24634655532359082,0.2129214069512577,0.2387810477979545,0.2129813210894292,0.21306343906510852,0.24632237871674492,0.30200292092635095,0.2463752998852613,0.23873591989987483,0.30201272291166964,0.23879040667361837,0.23886977374622043,0.21298999165971644,0.23892421557385593,0.23900354388159267,0.21302761855132882,0.23905794080867027,0.21308742315306867,0.23911231506563868,0.23919158245650587,0.23927083333333332,0.21310280179148006,0.23932514059570922,0.21316255336873893,0.3016451478550604,0.21322228006246746,0.2393295856756194,0.23940876444259393,0.21325978351373856,0.213341658861484,0.24588969823100937,0.2394131724066174,0.2394923012900541,0.21335691251430355,0.24589140836280424,0.23952158086323452,0.23960066555740434,0.2396797338047208,0.2133499688084841,0.2458675537997713,0.24594594594594596,0.30121608980355474,0.21336520473913947,0.24597318923412656,0.23960931005818786,0.2396883116883117,0.23976729690421775,0.2133582632180326,0.24594931449937682,0.2397964482293073,0.2398753894080997,0.24597653410860762,0.24605481727574752,0.24613308418976435,0.2398795931077434,0.23995848469122988,0.2400373599003736,0.2132406350524022,0.24610915127619837,0.24006639692914203,0.21327800829875518,0.24613629291567266,0.24621447832399918,0.2462926475163331,0.21329323931978433,0.2463452566096423,0.21335268505079827,0.21343422825748937,0.24637230514096187,0.24645040936884652,0.24652849740932642,0.24660656926743343,0.21342726895980108,0.24665906971925827,0.24673710379117464,0.24681512169860176,0.24689312344656172,0.24697110904007455,0.2133982190929799,0.24702350139766022,0.24710144927536232,0.24717938101645792,0.23959842682674395,0.3000103487529753,0.30008278145695366,0.2471805483704087,0.24725843161597352,0.24733629874831903,0.2474141497724452,0.21325886854897094,0.24746639089968978,0.29996897942301726,0.30004135649296937,0.24749302181329474,0.24757080835228448,0.21322997416020673,0.21331128565522944,0.2475973958871551,0.2476751394916305,0.24775286703171814,0.2478305785123967,0.21330441070137382,0.2133856641189837,0.29980377982030365,0.24783147459727387,0.24790913784202376,0.24798678505058847,0.2133787550325178,0.2480388109000826,0.24811642068324904,0.24819401444788441,0.24827159219894748,0.24834915394139495,0.21334984009078717,0.24840107282855375,0.2995358432181537,0.2484529702970297,0.2995771888212849,0.23881212621159,0.23889060727910094,0.24845360824742269,0.24853107927017834,0.24860853432282004,0.24868597341028548,0.2487633965375103,0.24884080370942813,0.2131671131259015,0.29937158751416504,0.2994437577255871,0.2995159130703471,0.24881565396498456,0.21316033364226136,0.21324135090609556,0.2994955214660764,0.29956763434218653,0.29963973237261965,0.24876492383696994,0.2488422352577956,0.21321259518419428,0.299619302397366,0.2996913580246914,0.29976339882728115,0.21322773091956387,0.24879152524940862,0.2997737556561086,0.2383547557840617,0.23843306600863665,0.2487920222062301,0.24886924342105263,0.24894644876143487,0.2131551901336074,0.29966087760764565,0.2997328401150843,0.2998047878351998,0.24892130675981097,0.2489984591679507,0.213126540673788,0.299784327821711,0.29985623331279526,0.2999281240373755,0.24897330595482547,0.29996920234062213,0.3000410593307329,0.3001129015703582,0.24897372742200327,0.2490507952796306,0.21301046583213626,0.30009233610341646,0.3001641362330735,0.300235921632988,0.21302564102564103,0.24900010255358423,0.24907711238720262,0.23787552547933968,0.2491285626409678,0.23792926704254228,0.21299712997129971,0.3000922414676642,0.3001639680262349,0.21303412234860128,0.30020491803278687,0.21309292080729433,0.24902683876254866,0.24910375909044352,0.2131298648095043,0.3001536098310292,0.30022527134958016,0.3002969181939183,0.23771498771498772,0.300337803255195,0.30040941658137155,0.24900214921707092,0.3004502660663119,0.2490535147856339,0.2491303458154287,0.24920716112531968,0.24928396072013093,0.3003988953666769,0.30047044385354876,0.30054197770733204,0.21288343558282208,0.24925876699723953,0.2129421386219587,0.3005213124808341,0.2374284546197874,0.21297904956566172,0.300531371346822,0.24920813323796873,0.23743359215365753,0.30054142404740014,0.24923391215526047,0.23746297620263507,0.21292892156862744,0.30052078014908606,0.30059219930569736,0.21296579887697806,0.30063291139240506,0.2491579054812698,0.23739538681363542,0.2492091029696908,0.2129591836734694,0.30058157330884605,0.249234850030606,0.2373763133734571,0.3005915952672379,0.21295257521672617,0.24923516214562513,0.21301111451004384,0.30057096247960846,0.24926088286267714,0.30061162079510706,0.3006829069411885,0.23726049735018345,0.23733822480383165,0.24923578561239046,0.24931227712684667,0.24938875305623473,0.2494652134053173,0.23731920961499287,0.2373968835930339,0.21283095723014256,0.3004785663374402,0.30054978619425776,0.30062099155044286,0.30069218241042345,0.300763358778626,0.24933848972114797,0.30080390760150605,0.3008750508750509,0.300946179672398,0.24933875890132248,0.30098667480419083,0.30105777054515864,0.24936438523339774,0.2494407158836689,0.301067615658363,0.30113867425782836,0.2125648063433974,0.212644846513519,0.24941559101534708,0.21270325203252033,0.2127832537343766,0.3010566957935379,0.21284161332926954,0.2493904916700528,0.301066531234129,0.23684745074141783,0.24941606580684472,0.2494922826969943,0.24956848411006194,0.30101522842639594,0.3010861841437418,0.23680470970361348,0.2127270881964884,0.24954333265678913,0.3010654490106545,0.24959415584415584,0.2496702850765953,0.2497463988638669,0.21269905669946243,0.2497971602434077,0.300983673055471,0.30105455282904076,0.21271418432525602,0.21279399837794,0.30106436898124683,0.30113521183863773,0.30120604033647513,0.30127685447912445,0.23649812544330734,0.30131712259371835,0.30138790396109816,0.3014586709886548,0.3015294236807455,0.30160016204172574,0.3016708860759494,0.23643175374645606,0.3017110458641288,0.23648511844502937,0.3017511893916388,0.30182186234817815,0.3018925209998988,0.3019631653511435,0.30203379540625314,0.23644273573452043,0.3020738492665655,0.3021444466922921,0.24921614240922424,0.21237864077669902,0.24926686217008798,0.3021233569261881,0.23637650389242745,0.302163364334816,0.23642979884767007,0.3022033555690317,0.23648307225871654,0.3022433306386419,0.23653632413862788,0.30228328955344513,0.2365895545004546,0.3023232323232323,0.3023936976063024,0.302464148656837,0.23659497122084217,0.21213651050080776,0.212216052498738,0.24894003634161113,0.3024124356515595,0.2365765038352846,0.3024523160762943,0.23662966700302723,0.24891534658460296,0.23668280871670702,0.30243115101382023,0.23673592898930804,0.30247100353000506,0.30254134731746674,0.3026116769184229,0.30268199233716475,0.23671741102933763,0.23679435483870967,0.3026912609615966,0.3027615400120943,0.23682354126776176,0.302801289802499,0.2368765743073048,0.24863993552286923,0.3028105167724388,0.30288074133763093,0.2118038070299124,0.302920443101712,0.21186184674252342,0.30296012887635926,0.24856538810027182,0.23676263338031003,0.3029693004529441,0.24859098228663445,0.24866659957733722,0.24874220165023145,0.24881778850991046,0.23672032193158954,0.2367971029071522,0.23687386843693423,0.24881826410540078,0.23692679002413516,0.30276520864756157,0.24884375628393324,0.30280486578868,0.30287494973864093,0.24886923308875264,0.24894472361809045,0.30288413224801525,0.23683681672025725,0.3029237415854516,0.3029937713482017,0.30306378704168757,0.23684210526315788,0.3031033443808376,0.3031733279775055,0.3032432975198313,0.3033132530120482,0.24877020379479972,0.2488456133306565,0.2489210077285958,0.30329185066238457,0.24897139989964878,0.30333132651013445,0.2111969499347848,0.2112760834670947,0.2113552011234828,0.21143430290872617,0.21151338882760004,0.30324909747292417,0.3033189611952271,0.30338881090836173,0.30345864661654137,0.24879711307137128,0.21148641876315527,0.3034676287833233,0.23639643250826736,0.23647294589178355,0.23654944394349264,0.24874774594269686,0.23660222378042672,0.24879807692307693,0.24887330996494741,0.30332465451632284,0.2113747872233904,0.30336403684421304,0.23656021623786164,0.3034034034034034,0.2113902512261035,0.2114691753402722,0.24877414189932953,0.3033820292175305,0.24882441220610305,0.211484593837535,0.21156346904071222,0.21164232846569314,0.21172117211721173,0.2118,0.24877512248775122,0.23635272945410918,0.3032090372888134,0.30327868852459017,0.30334832583708143,0.23635818508894663,0.24872589187568703,0.21173061550759392,0.2363872514736737,0.21178821178821178,0.2118669463590051,0.2487015581302437,0.3032058324178568,0.23636908328340323,0.3032451323015477,0.2364217252396166,0.23649795347908556,0.23657416650029947,0.23665036430781516,0.23672654690618763,0.23680271429997007,0.23687886649371384,0.23695500349196846,0.24850359138068634,0.2370074812967581,0.30301216836225814,0.3030816794654433,0.24850418827283605,0.3031209492471832,0.2369890329012961,0.23706509819559365,0.23714114832535885,0.21150204325725108,0.23719354195734502,0.30303936223218736,0.30310880829015546,0.2483809903357577,0.21149631400677427,0.24843111863731449,0.3030876494023904,0.30315705607011256,0.30322644891455885,0.3032958279398586,0.24840700915969732,0.24848183175709307,0.24855663945849094,0.3032746093361202,0.24860668789808918,0.30331376256343917,0.30338308457711444,0.30345239279673664,0.21130123358535616,0.21137968765542625,0.24855778794509648,0.30343112879164597,0.3035003977724741,0.23675052202446056,0.21137403062239013,0.30350929515856445,0.2114314115308151,0.30354835503429084,0.30361757105943155,0.21146775315512273,0.2484101748807631,0.30362642821659214,0.211504073117425,0.3036654415416708,0.3037346046881208,0.23656768298738703,0.211519364448858,0.2115976566378711,0.23659650516282765,0.2366722922664549,0.2367480643240024,0.24823821339950372,0.2483128225486304,0.30356256822467004,0.23675332407223657,0.21152892151999206,0.23680555555555555,0.24828886023211982,0.3035112080936322,0.30358028364574036,0.2368107893692979,0.3036192364898364,0.3036882807852469,0.3037573113908992,0.24821570182394925,0.303796213698087,0.24826560951437066,0.30383510058467944,0.3039040824415378,0.3039730506291489,0.21131365167426194,0.23665180782565626,0.30398177496038037,0.23670397147667624,0.248167954050307,0.2113080503020101,0.21138613861386138,0.23670923670923671,0.30390021777865767,0.23676135801247156,0.30393903404592243,0.2368134586838199,0.30397783494953495,0.23686553873552982,0.30401662049861494,0.23691759817983973,0.23699307616221563,0.23706853921471666,0.21123417721518986,0.23712053792148718,0.21129127941467274,0.30390509144834404,0.3039739027283511,0.3040427004052585,0.30411148448309944,0.2112857001680008,0.3041501976284585,0.3042189506965715,0.30428769017980634,0.21130099772794625,0.21137890161991307,0.23693827160493827,0.247580485877938,0.2369902241532537,0.30420616113744076,0.23704215618521077,0.21135241855873643,0.30421478629947685,0.3042834583497829,0.3043521168459489,0.24748371817643577,0.3043907252096695,0.30445935280189423,0.30452796685409883,0.23693036101795226,0.3045665252983529,0.23698224852071006,0.21122177300069025,0.23703411555906134,0.30454500640836046,0.2370859621451104,0.30458353868900934,0.21121624285432683,0.3046220557800335,0.21127315727236895,0.2370676913981673,0.3046305418719212,0.24716776672249038,0.23709613869188337,0.3046390229488821,0.24719322434508567,0.24726735598227473,0.24734147302087436,0.2370778773259821,0.2473912187438472,0.24746530170292352,0.24753937007874016,0.24761342387560278,0.3044676244833694,0.2110597264587228,0.21113734750098387,0.2369896704377767,0.30444619319299626,0.23704140847841054,0.23711644374508262,0.24751696331989378,0.24759095378564405,0.2110903549306853,0.23712151002752654,0.2371965005406468,0.24759190092392372,0.24766584766584768,0.21108490566037735,0.24771543676918542,0.24778934957752013,0.23715492681009923,0.21110019646365422,0.3040958648462823,0.3041642113533687,0.3042325444368064,0.21111547525530244,0.21119293078055965,0.2476929118397801,0.24776676155884952,0.21122889674126424,0.2478162724506821,0.2112855740922473,0.2113629673241095,0.2114403453689168,0.24781712940253114,0.23690406121247792,0.24786660127513488,0.2479403687720675,0.2369324311071884,0.30388311433614434,0.2369840180409844,0.30392156862745096,0.2479168708950103,0.23701235051950598,0.23708713123591102,0.2479419835358683,0.21126898579127878,0.303840877914952,0.21132556088958557,0.30387931034482757,0.3039474973062984,0.30401567091087167,0.23699931446479286,0.30405405405405406,0.2112993243904827,0.21137654200117487,0.23700440528634362,0.2370790916209867,0.2371537633356171,0.2477001370131141,0.21137097563362364,0.2477495107632094,0.21142745328245768,0.24779886519272157,0.2478724444879194,0.24794600938967137,0.21144254278728605,0.303735575982789,0.30380365698640854,0.21147829487680875,0.21155538175774757,0.21163245356793745,0.24787410810282476,0.24794761532447224,0.24802110817941952,0.21164744967754542,0.21172447484123108,0.21180148495506057,0.2480218814105695,0.21185778472357883,0.24807110069342708,0.2119140625,0.24812030075187969,0.21197031829720758,0.30342673045006346,0.3034947286216322,0.30356271351878966,0.21198516494241657,0.23655704108519568,0.23663153786104607,0.24802419748268123,0.212,0.3034825870646766,0.21205618415918845,0.21213303423388277,0.2480007801833431,0.30346172598732324,0.23654446177847113,0.30350004874719705,0.21212712029635405,0.21220391851057607,0.23654970760233918,0.30347919306110516,0.2366010524264276,0.24788073662671734,0.2366523772408418,0.30345835362883583,0.23670368205727646,0.24788156228693872,0.24795481106349826,0.24802804557405783,0.21207400194741968,0.2480771103105832,0.21213006230529596,0.24812615594276258,0.30328985789371227,0.2121654501216545,0.24815103152977813,0.21222146540819306,0.30326911850554583,0.3033369004767001,0.24815175097276265,0.21223616379729598,0.30334565259677104,0.3034134007585335,0.30348113574484636,classic
