8_75947985_75951982,1.0,1.0,1.0,0.25,0.8,0.16666666666666666,0.2857142857142857,0.25,0.1111111111111111,0.2,0.2727272727272727,0.3333333333333333,0.23076923076923078,0.21428571428571427,0.3333333333333333,0.25,0.23529411764705882,0.2777777777777778,0.3157894736842105,0.25,0.2857142857142857,0.3181818181818182,0.34782608695652173,0.25,0.36,0.2692307692307692,0.18518518518518517,0.25,0.3448275862068966,0.36666666666666664,0.3870967741935484,0.25,0.18181818181818182,0.2647058823529412,0.37142857142857144,0.3888888888888889,0.2702702702702703,0.2894736842105263,0.20512820512820512,0.175,0.36585365853658536,0.38095238095238093,0.3953488372093023,0.20454545454545456,0.2222222222222222,0.2391304347826087,0.3829787234042553,0.25,0.2653061224489796,0.38,0.39215686274509803,0.40384615384615385,0.41509433962264153,0.42592592592592593,0.2545454545454545,0.26785714285714285,0.42105263157894735,0.43103448275862066,0.2711864406779661,0.43333333333333335,0.4426229508196721,0.27419354838709675,0.2857142857142857,0.4375,0.4461538461538462,0.45454545454545453,0.4626865671641791,0.27941176470588236,0.463768115942029,0.17142857142857143,0.18309859154929578,0.4583333333333333,0.4657534246575342,0.1891891891891892,0.10666666666666667,0.4605263157894737,0.4675324675324675,0.11538461538461539,0.46835443037974683,0.475,0.24691358024691357,0.47560975609756095,0.25301204819277107,0.11904761904761904,0.47058823529411764,0.47674418604651164,0.4827586206896552,0.25,0.48314606741573035,0.25555555555555554,0.4835164835164835,0.16304347826086957,0.11827956989247312,0.1702127659574468,0.47368421052631576,0.4791666666666667,0.17525773195876287,0.12244897959183673,0.18181818181818182,0.19,0.2376237623762376,0.12745098039215685,0.4563106796116505,0.19230769230769232,0.23809523809523808,0.4528301886792453,0.24299065420560748,0.12962962962962962,0.24770642201834864,0.13636363636363635,0.44144144144144143,0.44642857142857145,0.24778761061946902,0.4473684210526316,0.1826086956521739,0.13793103448275862,0.18803418803418803,0.4406779661016949,0.19327731092436976,0.2,0.2396694214876033,0.13934426229508196,0.14634146341463414,0.1532258064516129,0.424,0.42857142857142855,0.23622047244094488,0.4296875,0.1937984496124031,0.23846153846153847,0.42748091603053434,0.15151515151515152,0.42857142857142855,0.43283582089552236,0.1925925925925926,0.23529411764705882,0.4306569343065693,0.43478260869565216,0.43884892086330934,0.44285714285714284,0.44680851063829785,0.19014084507042253,0.44755244755244755,0.14583333333333334,0.19310344827586207,0.19863013698630136,0.14965986394557823,0.1554054054054054,0.436241610738255,0.44,0.1986754966887417,0.15789473684210525,0.43790849673202614,0.2012987012987013,0.16129032258064516,0.4358974358974359,0.4394904458598726,0.4430379746835443,0.20125786163522014,0.44375,0.20496894409937888,0.4444444444444444,0.20245398773006135,0.15853658536585366,0.20606060606060606,0.4397590361445783,0.4431137724550898,0.20833333333333334,0.20118343195266272,0.1588235294117647,0.43859649122807015,0.4418604651162791,0.2023121387283237,0.4425287356321839,0.2057142857142857,0.21022727272727273,0.4406779661016949,0.20224719101123595,0.1564245810055866,0.4388888888888889,0.20441988950276244,0.15934065934065933,0.16393442622950818,0.43478260869565216,0.20540540540540542,0.16666666666666666,0.43315508021390375,0.2074468085106383,0.21164021164021163,0.43157894736842106,0.16753926701570682,0.4322916666666667,0.19689119170984457,0.17010309278350516,0.4307692307692308,0.20918367346938777,0.43147208121827413,0.43434343434343436,0.4371859296482412,0.195,0.43781094527363185,0.4405940594059406,0.19704433497536947,0.20098039215686275,0.43902439024390244,0.20388349514563106,0.20772946859903382,0.4375,0.44019138755980863,0.44285714285714284,0.44549763033175355,0.19811320754716982,0.4460093896713615,0.20093457943925233,0.20465116279069767,0.20833333333333334,0.15668202764976957,0.44036697247706424,0.2100456621004566,0.1590909090909091,0.21266968325791855,0.16216216216216217,0.16591928251121077,0.4330357142857143,0.21333333333333335,0.19469026548672566,0.16740088105726872,0.4298245614035088,0.1703056768558952,0.17391304347826086,0.42857142857142855,0.43103448275862066,0.4334763948497854,0.19230769230769232,0.19574468085106383,0.4322033898305085,0.19831223628691982,0.20168067226890757,0.4309623430962343,0.43333333333333335,0.43568464730290457,0.4380165289256198,0.20164609053497942,0.4385245901639344,0.44081632653061226,0.2032520325203252,0.19838056680161945,0.43951612903225806,0.20080321285140562,0.204,0.43824701195219123,0.44047619047619047,0.4426877470355731,0.20078740157480315,0.44313725490196076,0.4453125,0.4474708171206226,0.20155038759689922,0.44787644787644787,0.20384615384615384,0.20689655172413793,0.44656488549618323,0.44866920152091255,0.45075757575757575,0.20754716981132076,0.21052631578947367,0.1947565543071161,0.15298507462686567,0.44609665427509293,0.44814814814814813,0.21033210332103322,0.15441176470588236,0.4468864468864469,0.4489051094890511,0.2109090909090909,0.213768115942029,0.44765342960288806,0.1906474820143885,0.44802867383512546,0.45,0.45195729537366547,0.45390070921985815,0.19081272084805653,0.45422535211267606,0.45614035087719296,0.19230769230769232,0.4564459930313589,0.20833333333333334,0.14878892733564014,0.2103448275862069,0.21305841924398625,0.1506849315068493,0.45051194539249145,0.21428571428571427,0.21694915254237288,0.44932432432432434,0.15151515151515152,0.2181208053691275,0.18729096989966554,0.19,0.21926910299003322,0.22185430463576158,0.22442244224422442,0.1513157894736842,0.43934426229508194,0.22549019607843138,0.18892508143322476,0.22727272727272727,0.19093851132686085,0.22903225806451613,0.4340836012861736,0.23076923076923078,0.19169329073482427,0.43312101910828027,0.19365079365079366,0.43354430379746833,0.19558359621451105,0.19811320754716982,0.2006269592476489,0.43125,0.22741433021806853,0.20186335403726707,0.2043343653250774,0.22839506172839505,0.4276923076923077,0.4294478527607362,0.22935779816513763,0.23170731707317074,0.20364741641337386,0.20606060606060606,0.4259818731117825,0.42771084337349397,0.4294294294294294,0.4311377245508982,0.20597014925373133,0.43154761904761907,0.20771513353115728,0.4319526627218935,0.22713864306784662,0.2088235294117647,0.4310850439882698,0.4327485380116959,0.43440233236151604,0.436046511627907,0.43768115942028984,0.4393063583815029,0.22478386167146974,0.4396551724137931,0.22636103151862463,0.13428571428571429,0.20512820512820512,0.4375,0.43909348441926344,0.22598870056497175,0.22816901408450704,0.2050561797752809,0.20728291316526612,0.43575418994413406,0.4373259052924791,0.13333333333333333,0.22714681440443213,0.2292817679558011,0.43526170798898073,0.4368131868131868,0.23013698630136986,0.13387978142076504,0.20435967302452315,0.43478260869565216,0.20596205962059622,0.43513513513513513,0.4366576819407008,0.13440860215053763,0.43699731903485256,0.4385026737967914,0.20533333333333334,0.2074468085106383,0.4376657824933687,0.20899470899470898,0.21108179419525067,0.4368421052631579,0.43832020997375326,0.22251308900523561,0.13315926892950392,0.13541666666666666,0.43636363636363634,0.4378238341968912,0.4392764857881137,0.22164948453608246,0.43958868894601544,0.2230769230769231,0.22506393861892582,0.2066326530612245,0.13486005089058525,0.4365482233502538,0.4379746835443038,0.20707070707070707,0.43828715365239296,0.20854271356783918,0.43859649122807015,0.44,0.20947630922693267,0.21144278606965175,0.4392059553349876,0.4405940594059406,0.4419753086419753,0.21182266009852216,0.44226044226044225,0.2181372549019608,0.2200488997555012,0.44146341463414634,0.2116788321167883,0.441747572815534,0.22033898305084745,0.13043478260869565,0.2216867469879518,0.22355769230769232,0.22541966426858512,0.13157894736842105,0.43675417661097854,0.2261904761904762,0.43705463182897863,0.22748815165876776,0.4373522458628842,0.22877358490566038,0.13176470588235295,0.43661971830985913,0.4379391100702576,0.4392523364485981,0.4405594405594406,0.20465116279069767,0.20649651972157773,0.4398148148148148,0.20785219399538107,0.20967741935483872,0.43908045977011495,0.44036697247706424,0.13043478260869565,0.4406392694063927,0.22323462414578588,0.1318181818181818,0.4399092970521542,0.2239819004524887,0.13318284424379231,0.4391891891891892,0.2247191011235955,0.43946188340807174,0.22595078299776286,0.43973214285714285,0.133630289532294,0.44,0.44124168514412415,0.4424778761061947,0.44370860927152317,0.44493392070484583,0.2021978021978022,0.20394736842105263,0.4442013129102845,0.2052401746724891,0.20697167755991286,0.4434782608695652,0.20824295010845986,0.22077922077922077,0.20950323974082075,0.4418103448275862,0.443010752688172,0.44420600858369097,0.20985010706638116,0.4444444444444444,0.44562899786780386,0.21914893617021278,0.12951167728237792,0.4449152542372881,0.13107822410147993,0.4451476793248945,0.4463157894736842,0.2184873949579832,0.44654088050314467,0.4476987447698745,0.21920668058455114,0.13125,0.446985446985447,0.44813278008298757,0.20496894409937888,0.2066115702479339,0.20824742268041238,0.13168724279835392,0.13347022587268995,0.444672131147541,0.13496932515337423,0.13673469387755102,0.4439918533604888,0.2073170731707317,0.44421906693711966,0.44534412955465585,0.44646464646464645,0.4475806451612903,0.13682092555331993,0.44779116465863456,0.44889779559118237,0.45,0.2055888223552894,0.450199203187251,0.13717693836978131,0.4503968253968254,0.2099009900990099,0.20553359683794467,0.20710059171597633,0.20866141732283464,0.21021611001964635,0.13725490196078433,0.21135029354207435,0.212890625,0.20857699805068225,0.21011673151750973,0.21359223300970873,0.21511627906976744,0.4410058027079304,0.13706563706563707,0.441233140655106,0.20961538461538462,0.21497120921305182,0.2164750957854406,0.4397705544933078,0.21755725190839695,0.21904761904761905,0.4391634980988593,0.22011385199240988,0.4393939393939394,0.22117202268431002,0.439622641509434,0.4406779661016949,0.4417293233082707,0.20637898686679174,0.1348314606741573,0.4411214953271028,0.20708955223880596,0.13594040968342644,0.21933085501858737,0.137291280148423,0.1388888888888889,0.14048059149722736,0.21955719557195572,0.141804788213628,0.22058823529411764,0.43486238532110094,0.4358974358974359,0.22120658135283364,0.22262773722627738,0.14207650273224043,0.43454545454545457,0.22323049001814882,0.43478260869565216,0.4358047016274864,0.14259927797833935,0.22342342342342342,0.4352517985611511,0.4362657091561939,0.43727598566308246,0.14311270125223613,0.14464285714285716,0.22281639928698752,0.4359430604982206,0.4369449378330373,0.4379432624113475,0.14513274336283186,0.14664310954063603,0.19753086419753085,0.14788732394366197,0.19859402460456943,0.14912280701754385,0.22066549912434325,0.43356643356643354,0.15008726003490402,0.4337979094076655,0.43478260869565216,0.4357638888888889,0.1975736568457539,0.19896193771626297,0.15025906735751296,0.2189655172413793,0.43373493975903615,0.15120274914089346,0.4339622641509434,0.4349315068493151,0.4358974358974359,0.19795221843003413,0.151618398637138,0.21768707482993196,0.43463497453310695,0.43559322033898307,0.19796954314720813,0.15202702702702703,0.4350758853288364,0.43602693602693604,0.21680672268907564,0.15268456375838926,0.1541038525963149,0.15551839464882944,0.4340567612687813,0.435,0.19633943427620631,0.19767441860465115,0.19900497512437812,0.2152317880794702,0.21652892561983472,0.21782178217821782,0.19934102141680396,0.21875,0.20032840722495895,0.42950819672131146,0.15384615384615385,0.21895424836601307,0.200652528548124,0.15472312703583063,0.2016260162601626,0.42694805194805197,0.42787682333873583,0.42880258899676377,0.20193861066235863,0.2032258064516129,0.428341384863124,0.20418006430868169,0.42857142857142855,0.20512820512820512,0.1536,0.21565495207667731,0.21690590111642744,0.15445859872611464,0.15580286168521462,0.15714285714285714,0.21711568938193343,0.15822784810126583,0.15955766192733017,0.1608832807570978,0.16220472440944883,0.2028301886792453,0.20408163265306123,0.20532915360501566,0.215962441314554,0.2171875,0.21840873634945399,0.16199376947040497,0.2192846034214619,0.2204968944099379,0.22170542635658916,0.22291021671826625,0.2241112828438949,0.16203703703703703,0.41294298921417566,0.16307692307692306,0.16436251920122888,0.20245398773006135,0.20367534456355282,0.20489296636085627,0.41068702290076337,0.20579268292682926,0.410958904109589,0.41185410334346506,0.22154779969650987,0.22272727272727272,0.16338880484114976,0.1646525679758308,0.16591251885369532,0.40963855421686746,0.16691729323308271,0.2042042042042042,0.1679160419790105,0.4086826347305389,0.16890881913303438,0.2208955223880597,0.20417287630402384,0.22172619047619047,0.2050520059435364,0.22255192878338279,0.4059259259259259,0.22337278106508876,0.22451994091580502,0.20501474926253688,0.22533136966126657,0.40441176470588236,0.2261380323054332,0.4046920821114369,0.20497803806734993,0.40497076023391815,0.22627737226277372,0.22740524781341107,0.22852983988355166,0.16569767441860464,0.22931785195936139,0.4028985507246377,0.2301013024602026,0.16618497109826588,0.1673881673881674,0.1685878962536023,0.20287769784172663,0.40086206896551724,0.4017216642754663,0.2034383954154728,0.402002861230329,0.22857142857142856,0.2296718972895863,0.2037037037037037,0.4011379800853485,0.40198863636363635,0.2297872340425532,0.20396600566572237,0.4016973125884017,0.23022598870056496,0.16643159379407615,0.1676056338028169,0.4008438818565401,0.2303370786516854,0.4011220196353436,0.2030812324929972,0.23076923076923078,0.23184357541899442,0.16736401673640167,0.16852367688022285,0.23226703755215578,0.23333333333333334,0.23439667128987518,0.16897506925207756,0.17012448132780084,0.39640883977900554,0.3972413793103448,0.20110192837465565,0.20220082530949107,0.39697802197802196,0.39780521262002744,0.39863013698630134,0.23255813953488372,0.3989071038251366,0.16916780354706684,0.17029972752043596,0.17142857142857143,0.39809782608695654,0.23202170963364993,0.17208672086720866,0.17320703653585928,0.17432432432432432,0.3967611336032389,0.23180592991913745,0.23283983849259757,0.17473118279569894,0.17583892617449665,0.19839142091152814,0.3949129852744311,0.19919786096256684,0.17623497997329773,0.2,0.3941411451398136,0.3949468085106383,0.23107569721115537,0.23209549071618038,0.23311258278145697,0.17592592592592593,0.23381770145310435,0.23482849604221637,0.17654808959156784,0.17763157894736842,0.19842312746386334,0.1994750656167979,0.20052424639580602,0.17801047120418848,0.23398692810457516,0.2010443864229765,0.38852672750977835,0.20182291666666666,0.38881664499349805,0.17792207792207793,0.38910505836575876,0.23316062176165803,0.17852522639068563,0.17958656330749354,0.20129032258064516,0.38788659793814434,0.23294723294723294,0.23393316195372751,0.23491655969191272,0.2358974358974359,0.1792573623559539,0.23657289002557544,0.23754789272030652,0.2385204081632653,0.17961783439490445,0.19974554707379136,0.38373570520965694,0.1802030456852792,0.2002534854245881,0.20126582278481012,0.18078381795195955,0.38257575757575757,0.23707440100882723,0.38287153652392947,0.23773584905660378,0.18090452261306533,0.18193224592220827,0.18295739348370926,0.38172715894868586,0.2375,0.18352059925093633,0.19950124688279303,0.38107098381070986,0.3818407960199005,0.2,0.18362282878411912,0.18463444857496902,0.18564356435643564,0.380716934487021,0.3814814814814815,0.23551171393341552,0.18596059113300492,0.18696186961869618,0.18796068796068796,0.18895705521472392,0.18995098039215685,0.2350061199510404,0.37897310513447435,0.19047619047619047,0.1975609756097561,0.37880633373934225,0.3795620437956204,0.2345078979343864,0.37985436893203883,0.23515151515151514,0.2360774818401937,0.37968561064087064,0.3804347826086957,0.19662243667068757,0.38072289156626504,0.2358604091456077,0.23677884615384615,0.18847539015606243,0.19664268585131894,0.237125748502994,0.18899521531100477,0.37873357228195936,0.3794749403341289,0.18951132300357568,0.2369047619047619,0.23781212841854935,0.19002375296912113,0.19098457888493475,0.19194312796208532,0.2378698224852071,0.23877068557919623,0.2396694214876033,0.19221698113207547,0.19316843345111898,0.19411764705882353,0.37485311398354876,0.19483568075117372,0.19577960140679954,0.3747072599531616,0.19649122807017544,0.1927570093457944,0.37456242707117854,0.23776223776223776,0.19674039580908032,0.23837209302325582,0.19279907084785133,0.37354988399071926,0.3742757821552723,0.375,0.37572254335260113,0.19630484988452657,0.1972318339100346,0.19815668202764977,0.19907940161104717,0.37471264367816093,0.2365097588978186,0.375,0.19931271477663232,0.20022883295194507,0.19085714285714286,0.3744292237442922,0.3751425313568985,0.20045558086560364,0.20136518771331058,0.19090909090909092,0.3745743473325766,0.37528344671201813,0.23442808607021517,0.19117647058823528,0.23502824858757063,0.20090293453724606,0.3742953776775648,0.23536036036036037,0.374578177727784,0.23595505617977527,0.20089786756453423,0.2365470852017937,0.20156774916013437,0.20246085011185683,0.20335195530726258,0.23660714285714285,0.37235228539576365,0.18930957683741648,0.19021134593993325,0.37222222222222223,0.23640399556048836,0.37250554323725055,0.2026578073089701,0.1902654867256637,0.3723756906077348,0.3730684326710817,0.23594266813671444,0.2026431718061674,0.23652365236523654,0.23736263736263735,0.23819978046103182,0.23903508771929824,0.23986856516976998,0.2024070021881838,0.20327868852459016,0.3700873362445415,0.23991275899672845,0.2037037037037037,0.2045701849836779,0.20543478260869566,0.3691639522258415,0.23969631236442515,0.20585048754062837,0.36904761904761907,0.24,0.18682505399568033,0.36893203883495146,0.24030172413793102,0.18729817007534985,0.24086021505376345,0.20515574650912996,0.24141630901287553,0.2057877813504823,0.20663811563169165,0.36684491978609624,0.24145299145299146,0.3671291355389541,0.1865671641791045,0.36741214057507987,0.20638297872340425,0.20722635494155153,0.18683651804670912,0.18769883351007424,0.3665254237288136,0.2074074074074074,0.20824524312896406,0.20908130939809927,0.36603375527426163,0.23919915700737618,0.3663157894736842,0.23974763406940064,0.36659663865546216,0.2088142707240294,0.240041928721174,0.18638743455497384,0.36610878661087864,0.3667711598746082,0.24008350730688935,0.20855057351407716,0.209375,0.186264308012487,0.24012474012474014,0.3655244029075805,0.24066390041493776,0.20932642487046632,0.2412008281573499,0.2419855222337125,0.2427685950413223,0.2435500515995872,0.20927835051546392,0.24407826982492276,0.3631687242798354,0.20966084275436794,0.18480492813141683,0.2441025641025641,0.36270491803278687,0.24462640736949848,0.18507157464212678,0.24514811031664965,0.20918367346938777,0.36187563710499493,0.3625254582484725,0.2451678535096643,0.20934959349593496,0.1847715736040609,0.24543610547667344,0.24620060790273557,0.18522267206477733,0.3609706774519717,0.20909090909090908,0.20988900100908173,0.18548387096774194,0.3605236656596173,0.2454728370221328,0.3608040201005025,0.3614457831325301,0.24573721163490472,0.24649298597194388,0.2092092092092092,0.21,0.24675324675324675,0.24750499001996007,0.24825523429710866,0.24900398406374502,0.2099502487562189,0.18389662027833,0.3584905660377358,0.35912698412698413,0.3597621407333994,0.18415841584158416,0.20969337289812068,0.18478260869565216,0.24777887462981243,0.358974358974359,0.2482758620689655,0.18503937007874016,0.18584070796460178,0.24852652259332023,0.2492639842983317,0.25,0.20861900097943192,0.25048923679060664,0.2512218963831867,0.185546875,0.25170731707317073,0.3557504873294347,0.18597857838364168,0.20817120622568094,0.3556851311953353,0.2087378640776699,0.18622696411251213,0.3556201550387597,0.25072604065827686,0.35589941972920697,0.25120772946859904,0.3561776061776062,0.20829315332690454,0.20905587668593448,0.20981713185755535,0.3557692307692308,0.2507204610951009,0.21017274472168906,0.2109300095877277,0.21168582375478928,0.2507177033492823,0.251434034416826,0.21203438395415472,0.35400763358778625,0.25166825548141086,0.35428571428571426,0.18363463368220742,0.21197718631178708,0.2127255460588794,0.1840607210626186,0.25118483412322273,0.35321969696969696,0.25165562913907286,0.21266540642722118,0.35316336166194523,0.2518867924528302,0.353440150801131,0.2523540489642185,0.21260583254938853,0.21334586466165414,0.2140845070422535,0.2523452157598499,0.21462043111527648,0.25280898876404495,0.25350795135640786,0.21495327102803738,0.21568627450980393,0.18190298507462688,0.3504193849021435,0.2532588454376164,0.35069767441860467,0.2537174721189591,0.25441039925719594,0.21521335807050093,0.35032437442076,0.25462962962962965,0.21554116558741906,0.18114602587800369,0.21606648199445982,0.21678966789667897,0.1815668202764977,0.34898710865561694,0.25390984360625574,0.3492647058823529,0.21671258034894397,0.181651376146789,0.21723189734188816,0.3489010989010989,0.18206770356816102,0.253199268738574,0.217351598173516,0.21806569343065693,0.18231540565177756,0.34790528233151186,0.2183803457688808,0.2190909090909091,0.18256130790190736,0.18330308529945555,0.3472348141432457,0.25181159420289856,0.34751131221719456,0.2522603978300181,0.2529358626919603,0.2184115523465704,0.21911632100991885,0.2531531531531532,0.18271827182718273,0.25359712230215825,0.25426774483378256,0.34560143626570916,0.21883408071748878,0.21953405017921146,0.22023276633840644,0.22093023255813954,0.2537980339588919,0.2544642857142857,0.18198037466547726,0.2549019607843137,0.182546749777382,0.34341637010676157,0.1831111111111111,0.2202486678507993,0.1836734693877551,0.22074468085106383,0.254207263064659,0.25486725663716814,0.25552608311229,0.25618374558303886,0.22065313327449249,0.22134038800705466,0.3409691629955947,0.3415492957746479,0.22163588390501318,0.22231985940246046,0.3415276558384548,0.22280701754385965,0.22348816827344434,0.22416812609457093,0.18197725284339458,0.22465034965034966,0.18253275109170305,0.3403141361256545,0.18308631211857018,0.3405923344947735,0.25326370757180156,0.22434782608695653,0.1833188531711555,0.3402777777777778,0.2532523850823938,0.2538994800693241,0.22424242424242424,0.25432525951557095,0.2549697493517718,0.18307426597582038,0.22433132010353754,0.18362068965517242,0.2248062015503876,0.33820998278829606,0.2545141874462597,0.2551546391752577,0.22489270386266094,0.225557461406518,0.18337617823479005,0.3373287671232877,0.3378956372968349,0.22564102564102564,0.3381725021349274,0.25426621160409557,0.2549019607843137,0.18313458262350937,0.225531914893617,0.2261904761904762,0.18351741716227699,0.18421052631578946,0.2544529262086514,0.25508474576271184,0.336155800169348,0.25549915397631134,0.3364327979712595,0.25591216216216217,0.25654008438818565,0.2571669477234401,0.33614153327716934,0.1835016835016835,0.184188393608074,0.22436974789915967,0.33585222502099077,0.25671140939597314,0.22464375523889354,0.25711892797319935,0.25774058577405856,0.2583612040133779,0.18379281537176273,0.2587646076794658,0.33444537114261885,0.25916666666666666,0.3347210657785179,0.259567387687188,0.22360764754779716,0.2599667774086379,0.33443983402489624,0.33499170812603646,0.18309859154929578,0.2599337748344371,0.18362282878411912,0.3347107438016529,0.26011560693641617,0.22277227722772278,0.1838417147568013,0.3344316309719934,0.26008230452674896,0.3347039473684211,0.26047658175842237,0.26108374384236455,0.2616899097621001,0.22213114754098362,0.2620802620802621,0.33387888707037644,0.2624693376941946,0.2630718954248366,0.2636734693877551,0.22185970636215335,0.22249388753056235,0.22312703583061888,0.22375915378356387,0.22439024390243903,0.26320064987814784,0.18181818181818182,0.2635847526358475,0.33144246353322526,0.2639676113360324,0.2645631067961165,0.18189167340339532,0.2649434571890145,0.22356739305891848,0.18225806451612903,0.18291700241740533,0.33011272141706927,0.26468222043443285,0.33038585209003213,0.26506024096385544,0.2231139646869984,0.22373696872493987,0.265224358974359,0.32986389111289033,0.3304,0.2653876898481215,0.22364217252396165,0.22426177174780526,0.26555023923444976,0.2661354581673307,0.22452229299363058,0.18138424821002386,0.22496025437201908,0.181890389197776,0.18253968253968253,0.183187946074544,0.32805071315372425,0.26524148851939827,0.18354430379746836,0.2656126482213439,0.22432859399684044,0.265982636148382,0.2665615141955836,0.18360914105594955,0.2669291338582677,0.1841070023603462,0.2672955974842767,0.2678711704634721,0.2684458398744113,0.2690196078431373,0.1841692789968652,0.26938136256851997,0.32472613458528954,0.26974198592650506,0.184375,0.27010148321623734,0.18486739469578783,0.18550272798129383,0.2219626168224299,0.3237354085603113,0.32426127527216175,0.3247863247863248,0.3253105590062112,0.22187742435996896,0.32558139534883723,0.22230828814872192,0.184984520123839,0.26836813611755606,0.18547140649149924,0.26872586872586873,0.18595679012345678,0.2220508866615266,0.26887519260400616,0.26943802925327176,0.22230769230769232,0.2229054573405073,0.22350230414746544,0.18572524942440521,0.32285276073619634,0.22375478927203066,0.1860643185298622,0.2685539403213466,0.22400611620795108,0.186401833460657,0.18702290076335878,0.18764302059496568,0.18826219512195122,0.18888042650418888,0.2237442922374429,0.22433460076045628,0.189209726443769,0.3204252088078967,0.22458270106221548,0.3206974981046247,0.225,0.3209689629068887,0.321482602118003,0.3219954648526077,0.32250755287009064,0.3230188679245283,0.1885369532428356,0.18914845516201959,0.1897590361445783,0.3227990970654628,0.3233082706766917,0.2644628099173554,0.3235735735735736,0.26481620405101275,0.22338830584707647,0.2651685393258427,0.32335329341317365,0.18922961854899029,0.2234678624813154,0.1896938013442868,0.26492537313432835,0.32289336316181955,0.19001490312965721,0.265078183172003,0.3229166666666667,0.32342007434944237,0.22288261515601784,0.22345953971789162,0.18991097922848665,0.22386953298739806,0.32296296296296295,0.26424870466321243,0.22411242603550297,0.3229859571322986,0.32348596750369274,0.26420664206642064,0.26474926253687314,0.3235077376565954,0.2650957290132548,0.3237674760853569,0.26544117647058824,0.2659808963997061,0.3237885462555066,0.2663242846661775,0.22287390029325513,0.26666666666666666,0.18814055636896046,0.2670080468178493,0.3230994152046784,0.2673484295105917,0.22262773722627738,0.26768781911013856,0.2230320699708455,0.26802621995630005,0.22343522561863174,0.224,0.26816860465116277,0.18736383442265794,0.22423802612481858,0.2683103698332125,0.2246376811594203,0.22519913106444606,0.26845151953690305,0.18727404193781635,0.26878612716763006,0.26931407942238267,0.2698412698412698,0.18745493871665464,0.18804034582132564,0.31893448524118073,0.22446043165467625,0.3191948238677211,0.26939655172413796,0.2699210337401292,0.18794835007173602,0.27025089605734764,0.2707736389684814,0.3185397279885469,0.22389127324749641,0.22444603288062903,0.18785714285714286,0.31834403997144894,0.2703281027104137,0.27084818246614395,0.27136752136752135,0.22419928825622776,0.18776671408250356,0.27149964463397297,0.27201704545454547,0.27253371185237757,0.2730496453900709,0.2735648476257973,0.31657223796033995,0.22363765038924274,0.22418670438472418,0.2734982332155477,0.18714689265536724,0.273817925194072,0.2743300423131171,0.22410147991543342,0.3154929577464789,0.2744546094299789,0.2749648382559775,0.3155305692199578,0.2752808988764045,0.3157894736842105,0.18653576437587657,0.18710581639803783,0.27521008403361347,0.27571728481455565,0.2762237762237762,0.27672955974842767,0.2772346368715084,0.1870202372644801,0.18758716875871687,0.27735191637630663,0.18802228412256267,0.2219902574808629,0.27746870653685674,0.27797081306462823,0.2222222222222222,0.2227619708535739,0.2780859916782247,0.2785862785862786,0.22299168975069253,0.27889273356401384,0.18741355463347165,0.18797512093987562,0.22306629834254144,0.27881297446514836,0.22344827586206897,0.22398345968297725,0.22451790633608815,0.3103922918100482,0.18775790921595598,0.18831615120274914,0.18887362637362637,0.2244337680164722,0.22496570644718794,0.18917066483893077,0.3095890410958904,0.31006160164271046,0.31053351573187415,0.18933697881066303,0.22472677595628415,0.18976109215017065,0.22510231923601637,0.3101567825494206,0.19005449591280654,0.31041524846834584,0.19047619047619047,0.22501699524133242,0.22554347826086957,0.22606924643584522,0.2265943012211669,0.19050847457627118,0.2269647696476965,0.1909275558564658,0.2740189445196211,0.27450980392156865,0.1912162162162162,0.27481431465226197,0.3083670715249663,0.2265677680377613,0.19137466307277629,0.22693602693602694,0.1917900403768506,0.2273032952252858,0.3077956989247312,0.19207521826729348,0.22751677852348992,0.27364185110663986,0.1923592493297587,0.2277294038847957,0.2282463186077644,0.22876254180602007,0.22927807486631016,0.19238476953907815,0.22963951935914553,0.27284856571047367,0.306,0.19253830779480346,0.2729693741677763,0.22954091816367264,0.19281914893617022,0.27308970099667773,0.2297476759628154,0.30524220305242206,0.3057029177718833,0.2730284956925116,0.22980132450331126,0.3057577763070814,0.23015873015873015,0.19233311302048908,0.23051519154557465,0.23102310231023102,0.23153034300791556,0.23203691496374423,0.23254281949934125,0.23304805793285055,0.3046052631578947,0.19197896120973043,0.23324572930354795,0.23374917925147734,0.234251968503937,0.23475409836065575,0.23525557011795545,0.2357563850687623,0.3036649214659686,0.2701111837802485,0.27058823529411763,0.2357935989549314,0.27088772845953,0.2713633398564905,0.23598435462842243,0.19087947882736156,0.236328125,0.19128171763175017,0.23667100130039012,0.23716699155295645,0.30194805194805197,0.30240103828682674,0.3028534370946822,0.237200259235256,0.19106217616580312,0.26990291262135924,0.23738680465717982,0.23787976729153198,0.23837209302325582,0.19109102646868947,0.23870967741935484,0.19148936170212766,0.3015463917525773,0.3019961365099807,0.19176319176319176,0.19228295819935692,0.2686375321336761,0.1926782273603083,0.193196405648267,0.2687620269403464,0.2378205128205128,0.23830877642536835,0.30089628681177977,0.23864363403710812,0.19309462915601022,0.19361022364217254,0.194125159642401,0.26802807913209953,0.30038265306122447,0.26832377310388783,0.23821656050955414,0.30044557606619987,0.2385496183206107,0.19389701207883026,0.3005082592121982,0.30095238095238097,0.23857868020304568,0.30120481927710846,0.2674271229404309,0.26789107029765674,0.2683544303797468,0.23845667299177736,0.23893805309734514,0.23941882501579279,0.2398989898989899,0.24037854889589905,0.2408575031525851,0.19281663516068054,0.1933249370277078,0.2674638137193203,0.19371069182389938,0.19421747328724073,0.2989949748743719,0.2674199623352166,0.1944792973651192,0.19498432601880877,0.2675438596491228,0.2986850344395742,0.29912390488110135,0.1951219512195122,0.239375,0.23985009369144286,0.2990012484394507,0.1952588895820337,0.24002493765586036,0.24049844236760123,0.19551681195516812,0.29869321717485997,0.29912935323383083,0.19577377252952144,0.19627329192546583,0.29919304779639977,0.2655086848635236,0.26596404215747055,0.2992565055762082,0.2996904024767802,0.3001237623762376,0.23933209647495363,0.19592088998763907,0.23965410747374924,0.24012345679012345,0.2405922270203578,0.24106041923551172,0.2649414664202095,0.2413793103448276,0.2652307692307692,0.24169741697416974,0.1954517516902274,0.24201474201474202,0.24248004910988336,0.19570552147239265,0.2979767014101778,0.29840686274509803,0.2645437844458053,0.29865361077111385,0.29908256880733947,0.26466992665036676,0.241905925473427,0.26495726495726496,0.2654057352043929,0.29878048780487804,0.2992078001218769,0.19488428745432398,0.26536822884966527,0.29927007299270075,0.2413373860182371,0.24179829890643986,0.24225865209471767,0.19478155339805825,0.29896907216494845,0.2993939393939394,0.2646880678376741,0.24213075060532688,0.2425892316999395,0.2992744860943168,0.24290030211480362,0.2995169082125604,0.1943270971635486,0.1948130277442702,0.2640144665461121,0.2644578313253012,0.26490066225165565,0.2990373044524669,0.2651834034876729,0.2421875,0.24264264264264265,0.24309723889555823,0.1943611277744451,0.26498800959232616,0.19472738166566805,0.2652694610778443,0.24296828246558946,0.29784688995215314,0.19485953377166768,0.24313022700119474,0.19522388059701493,0.2649164677804296,0.19558735837805605,0.26519666269368297,0.29720071471113757,0.19583333333333333,0.19631171921475313,0.24256837098692033,0.24301841948900774,0.24346793349168647,0.19643916913946588,0.19691577698695137,0.24362774155305275,0.19727488151658767,0.24393132030787448,0.19763313609467456,0.1981076286221171,0.2635933806146572,0.2640283520378027,0.2644628099173554,0.26489675516224187,0.24351415094339623,0.26517383618149676,0.2944640753828033,0.24367274867569158,0.26529411764705885,0.2945326278659612,0.19741480611045828,0.26541397533763944,0.2658450704225352,0.2434017595307918,0.19753810082063306,0.19800820152314,0.19847775175644028,0.1989467524868344,0.19941520467836257,0.24313267095265925,0.2932242990654206,0.29363689433741974,0.19953325554259044,0.26472303206997083,0.1998834498834499,0.20034944670937682,0.24272409778812573,0.2931937172774869,0.26453488372093026,0.26496223126089485,0.2653890824622532,0.2658154381892049,0.29292343387471,0.29333333333333333,0.19988412514484358,0.29357266936884774,0.20023148148148148,0.26547137073452864,0.24161849710982658,0.2657423454650491,0.24191685912240185,0.293133294864397,0.2422145328719723,0.2,0.24251152073732718,0.2003454231433506,0.2428078250863061,0.29269695227142034,0.20057471264367815,0.2929350947731189,0.29334098737083814,0.20080321285140562,0.24254587155963303,0.2641833810888252,0.24284077892325315,0.24327418431597023,0.20080091533180777,0.2641509433962264,0.26457142857142857,0.2924043403769275,0.2648401826484018,0.2430119794637764,0.2434435575826682,0.2438746438746439,0.20045558086560364,0.20091064314171883,0.2440273037542662,0.20125071063104036,0.26420454545454547,0.26462237365133445,0.26503972758229283,0.2909812819058423,0.29138321995464855,0.20113314447592068,0.2015855039637599,0.24335031126202603,0.20192307692307693,0.2645562464669305,0.2909604519774011,0.20214568040654998,0.24322799097065462,0.2436548223350254,0.2023675310033822,0.29070422535211266,0.24380630630630631,0.29093978615644345,0.2637795275590551,0.20236087689713322,0.24382022471910111,0.29084783829309374,0.26374859708193044,0.24397083567021874,0.2023542600896861,0.20280112044817927,0.2637178051511758,0.24398433128147734,0.24440715883668904,0.2029066517607602,0.2636871508379888,0.26409826912339474,0.24441964285714285,0.2030117122141662,0.28929765886287623,0.28969359331476324,0.2900890868596882,0.20311630495269895,0.203559510567297,0.24402445803224013,0.24444444444444444,0.20377568017767908,0.28967813540510545,0.29007210205213535,0.29046563192904656,0.29085872576177285,0.2441860465116279,0.2446043165467626,0.26216814159292035,0.20342730790491984,0.20386740331491712,0.24461623412479294,0.2041942604856512,0.24489795918367346,0.24531422271223816,0.2898071625344353,0.24559471365638766,0.2900385250412768,0.26127612761276126,0.2616822429906542,0.29010989010989013,0.24546952224052718,0.24588364434687157,0.2462973121228744,0.24671052631578946,0.20328767123287672,0.2469879518072289,0.24740010946907498,0.20350109409190373,0.2892290869327501,0.20382513661202187,0.24740578918623704,0.24781659388646288,0.28914348063284234,0.2600872410032715,0.2893732970027248,0.26034858387799564,0.2607512248230811,0.24755168661588683,0.28928765633496467,0.20326086956521738,0.289516567083107,0.20358306188925082,0.20401519262072706,0.2603036876355748,0.26070460704607046,0.20422535211267606,0.2891174878180834,0.20454545454545456,0.2466197944835046,0.2891891891891892,0.2895732036736899,0.20464362850971923,0.2898003237992445,0.2599784250269687,0.26037735849056604,0.28987068965517243,0.20463112547119008,0.24596340150699678,0.28994082840236685,0.2903225806451613,0.2600752283718431,0.24597207303974222,0.2463768115942029,0.24678111587982832,0.24718498659517427,0.25991425509110394,0.24745581146223888,0.24785867237687367,0.24826110219368647,0.24866310160427807,0.20363442009620525,0.24893162393162394,0.24933262146289376,0.25933831376734257,0.2885333333333333,0.20362473347547974,0.28875865743207246,0.20394036208732694,0.2591804151144226,0.24893617021276596,0.24933545986177566,0.20403825717321997,0.2496016994158258,0.25902335456475584,0.24986737400530504,0.25927889713679747,0.287758346581876,0.2595338983050847,0.24986765484383272,0.25026455026455025,0.2506610259122158,0.28752642706131076,0.2509244585314316,0.20327349524815205,0.2591029023746702,0.2510548523206751,0.25935687928307855,0.25974710221285563,0.20326487625065823,0.26,0.203577064702788,0.20399579390115669,0.2506568575932738,0.2510504201680672,0.25144356955380576,0.2518363064008394,0.20398531725222863,0.2520964360587002,0.25248821372446306,0.28534031413612565,0.2857142857142857,0.25889121338912136,0.25248301097752224,0.2857889237199582,0.20365535248041775,0.2588726513569937,0.2039645279081899,0.2857142857142857,0.2589890568004169,0.259375,0.2857886517438834,0.20395421436004163,0.2516900676027041,0.20426195426195426,0.2519480519480519,0.2523364485981308,0.20446289569278672,0.25881742738589214,0.2592016588906169,0.20466321243523317,0.28482651475919213,0.2520703933747412,0.25245732022762546,0.2528438469493278,0.20465116279069767,0.253099173553719,0.25348477026329375,0.25386996904024767,0.20474471376998452,0.25412371134020617,0.2581143740340031,0.2584963954685891,0.2588780236747298,0.25411522633744854,0.2832904884318766,0.2589928057553957,0.2542372881355932,0.2546201232032854,0.2550025654181632,0.28307692307692306,0.20399794976934904,0.20440573770491804,0.2048131080389145,0.2584442169907881,0.20511508951406648,0.254601226993865,0.2825753704649974,0.25842696629213485,0.25472179683512,0.20510204081632652,0.25854156042835286,0.2054026503567788,0.2547121752419766,0.25865580448065173,0.2590330788804071,0.28179043743641913,0.2547025927808846,0.2550813008130081,0.20518029456576942,0.25532994923857866,0.2054794520547945,0.2814401622718053,0.2554485554992397,0.2558257345491388,0.2562025316455696,0.2054655870445344,0.2812341932220536,0.256319514661274,0.20565942395149064,0.25656565656565655,0.20595658758202928,0.256811301715439,0.25718608169440244,0.2061491935483871,0.25692695214105793,0.25730110775427995,0.28032209360845495,0.25704225352112675,0.2574157868275515,0.25728643216080405,0.2802611752887996,0.20582329317269077,0.28048168590065226,0.25727181544633904,0.25764411027568923,0.2059118236472946,0.25788683024536807,0.25825825825825827,0.2061030515257629,0.2585,0.2588705647176412,0.25924075924075923,0.2561158262606091,0.27944111776447106,0.2059850374064838,0.259222333000997,0.2062780269058296,0.2594621513944223,0.27924340467894476,0.2796019900497512,0.20636499254102436,0.25944333996023855,0.25534028812717335,0.2795431976166832,0.2064516129032258,0.2594246031746032,0.27962320277640057,0.25966303270564917,0.2600297176820208,0.2603960396039604,0.20633349826818406,0.20672601384767555,0.2792881858625803,0.2544466403162055,0.2548148148148148,0.2793682132280355,0.25505673408978785,0.259861932938856,0.20650566781665844,0.20689655172413793,0.25997045790251105,0.20718503937007873,0.2547958681751107,0.2551622418879056,0.2599508599508599,0.26031434184675833,0.2606774668630339,0.2070657507360157,0.27807748896517903,0.2073529411764706,0.27829495345418914,0.20763956904995104,0.26040137053352913,0.2607632093933464,0.26112469437652813,0.261485826001955,0.27796775769418663,0.25390625,0.2781844802342606,0.2073170731707317,0.20770355923939543,0.26120857699805067,0.2079883097905504,0.25365141187926,0.27785888077858883,0.20817120622568094,0.2610597958191541,0.26141885325558795,0.277804759592035,0.25339805825242717,0.2780203784570597,0.2613967022308438,0.2617547261269995,0.2621124031007752,0.2624697336561743,0.25314617618586643,0.2776971456216739,0.25338491295938104,0.2537457709038183,0.2777777777777778,0.26219217769193626,0.25386100386100385,0.2778581765557164,0.2068466730954677,0.2621686746987952,0.26252408477842004,0.20702936928261917,0.2776708373435996,0.26262626262626265,0.20721153846153847,0.2628543969245555,0.2632084534101825,0.20739318290926548,0.20777351247600767,0.2633093525179856,0.2636625119846596,0.26401533301389557,0.2523946360153257,0.26424126376256585,0.2645933014354067,0.2649450023912004,0.2652963671128107,0.252269469660774,0.26552053486150906,0.2071599045346062,0.2075381679389313,0.25226514067715783,0.20781696854146806,0.2081943782753692,0.2523809523809524,0.2527367920038077,0.26498572787821123,0.27484545886828343,0.2652091254752852,0.2527315914489311,0.25308641975308643,0.2747982914095871,0.2077798861480076,0.2532005689900427,0.27488151658767773,0.2534343912837518,0.2537878787878788,0.2645527685754851,0.26490066225165565,0.2652482269503546,0.2655954631379962,0.2536608408124705,0.26581680830972615,0.20717319490325625,0.2660377358490566,0.2663837812352664,0.26672950047125354,0.2670748940178992,0.2674199623352166,0.20705882352941177,0.20743179680150517,0.2529384109073813,0.2532894736842105,0.25364020666979803,0.2727699530516432,0.20741435945565462,0.2668855534709193,0.2672292545710267,0.20759137769447047,0.27259953161592504,0.26732209737827717,0.2676649508656996,0.2076707202993452,0.2080411407199626,0.2677570093457944,0.26809901914992995,0.2525676937441643,0.27204853009799346,0.2080223880597015,0.2680652680652681,0.2684063373718546,0.25244527247321846,0.2527932960893855,0.2684969753373662,0.25302325581395346,0.2533705253370525,0.20771375464684014,0.20808174640037158,0.2683379758588672,0.20835266821345708,0.26855287569573283,0.2707464070468243,0.26876737720111216,0.26910606762389994,0.20833333333333334,0.27070800555298474,0.26919518963922295,0.2524271844660194,0.2707948243992606,0.27113163972286375,0.2691597414589104,0.26949700046146746,0.27121771217712176,0.2697095435684647,0.27004608294930876,0.27130354675264856,0.251841620626151,0.25218591808559593,0.25252989880404786,0.271264367816092,0.20726102941176472,0.25264124942581534,0.2529843893480257,0.2693896282698486,0.25321100917431194,0.2696011004126547,0.26993583868011,0.27072835547411817,0.27014652014652013,0.25308924485125855,0.2708142726440988,0.20667581161408322,0.27010968921389394,0.20694380995888534,0.27031963470319637,0.2072113190324053,0.270529197080292,0.270405836753306,0.20738377392889698,0.2706150341685649,0.2709471766848816,0.20755575785161584,0.25204731574158323,0.27012278308321963,0.20772727272727273,0.2521581099500227,0.2706630336058129,0.27099409895596915,0.20780399274047187,0.27120181405895694,0.271532184950136,0.27186225645672857,0.27219202898550726,0.2693526482571299,0.2076923076923077,0.2695612844866576,0.20795660036166366,0.272028920018075,0.2082204155374887,0.27223476297968396,0.20848375451263537,0.2507893549842129,0.2511271415689811,0.25146462370437134,0.2689189189189189,0.20846465556055832,0.2515751575157516,0.27170490328385066,0.2720323741007194,0.2687640449438202,0.20844564240790656,0.27211495285136955,0.2513464991023339,0.25168236877523553,0.268609865470852,0.27207530255490814,0.2517921146953405,0.2722794446932378,0.27260519247985676,0.2519015659955257,0.2522361359570662,0.25257040679481446,0.20777479892761394,0.20812862885216615,0.20848214285714287,0.27219991075412764,0.25245316681534347,0.2724030316540348,0.25267379679144386,0.27260579064587975,0.26714158504007124,0.25278148642634624,0.2531138790035587,0.2534459759893286,0.25377777777777777,0.26699244780097736,0.2539964476021314,0.25432756324900135,0.271960958296362,0.2722838137472284,0.25443262411347517,0.2667257421355782,0.27236492471213464,0.2545374059318282,0.27256637168141595,0.2547545333923043,0.2550839964633068,0.2664604507291206,0.2667844522968198,0.25518763796909494,0.2669902912621359,0.25540361711513015,0.25573192239858905,0.2560599382988101,0.2563876651982379,0.2668428005284016,0.2566021126760563,0.25692916849978004,0.27132805628847845,0.2571428571428571,0.25746924428822493,0.27140974967061926,0.271729587357331,0.2053532250987275,0.2574561403508772,0.25778167470407715,0.2581069237510955,0.25843188786684185,0.2587565674255692,0.2713347921225383,0.27165354330708663,0.2588543944031482,0.2718531468531469,0.25906509392747923,0.2593886462882096,0.25971191619380185,0.2718150087260035,0.2721325774095072,0.20444638186573671,0.2047930283224401,0.20513937282229966,0.2594688724423161,0.2597911227154047,0.2601130926489778,0.2717391304347826,0.26032159930465015,0.2719374456993918,0.26052974381241856,0.2048611111111111,0.26073752711496745,0.2610581092801388,0.2717815344603381,0.2720970537261698,0.27241229969683844,0.2727272727272727,0.2046733016010385,0.26081314878892736,0.27280587980977083,0.2610198789974071,0.20475161987041038,0.20509499136442141,0.27276650841605526,0.2730802415875755,0.2733937041828374,0.2607758620689655,0.26152520465316675,0.26098191214470284,0.2049074472664658,0.27323580034423406,0.2610752688172043,0.27343078245915736,0.2737430167597765,0.2611683848797251,0.2739373121511378,0.2613733905579399,0.27413127413127414,0.2607204116638079,0.20445777968281184,0.2609254498714653,0.26124197002141325,0.2611301369863014,0.26144629867351304,0.20444824636441403,0.2736212056434374,0.2611111111111111,0.27381460914139255,0.20452604611443212,0.2740076824583867,0.26109215017064846,0.2046908315565032,0.2608695652173913,0.2611844908393694,0.2610732538330494,0.2613878246062154,0.27361702127659576,0.20459378987664822,0.26105442176870747,0.27369315767105823,0.20475785896346643,0.2050955414012739,0.2737691001697793,0.27407721680101826,0.27438507209499574,0.2607036880033913,0.2745762711864407,0.2049978822532825,0.26037256562235395,0.2746508675412611,0.26057529610829105,0.26046511627906976,0.20498732037193576,0.26066751161808194,0.20523648648648649,0.2604474461798227,0.2607594936708861,0.2606495149725854,0.26096121416526136,0.2612726506531816,0.2051390058972199,0.2054736842105263,0.26052188552188554,0.2612536811106437,0.2056349873843566,0.273224043715847,0.2735294117647059,0.20579588408231836,0.26028547439126787,0.2605958875367184,0.2609060402684564,0.20587002096436058,0.2732606873428332,0.2735651445328865,0.20603015075376885,0.26077856843867725,0.2610878661087866,0.26139690506064406,0.2600334448160535,0.260342666109486,0.2059314954051796,0.20626304801670145,0.20659432387312188,0.2069253233208177,0.2602168473728107,0.27261358899541477,0.2604166666666667,0.20699708454810495,0.2726894254787677,0.27299209321681234,0.20715474209650583,0.2731808731808732,0.2601828761429759,0.26007478188616534,0.20722591362126247,0.20755500207555003,0.26016597510373446,0.2729158025715471,0.20771144278606965,0.2731040198922503,0.207953603976802,0.2082815734989648,0.20860927152317882,0.25941249482829953,0.2597187758478081,0.20876395204630013,0.2599173553719008,0.2593969434118133,0.26011560693641617,0.20883202641353693,0.26031353135313534,0.25938144329896906,0.2605111294311624,0.2719406674907293,0.26070840197693573,0.26101276245368465,0.2720164609053498,0.2723159193747429,0.20847039473684212,0.2725030826140567,0.27280197206244866,0.2731006160164271,0.25862068965517243,0.2732868280672959,0.27358490566037735,0.25871258712587125,0.27377049180327867,0.20811142974190905,0.273955773955774,0.258698321735571,0.2590016366612111,0.2593047034764826,0.2596075224856909,0.2595014303228443,0.25980392156862747,0.2078399346672111,0.2595918367346939,0.2598939208486332,0.2732463295269168,0.2596820220138606,0.2734311328443358,0.259877800407332,0.26017915309446255,0.25966625966625967,0.26037428803905616,0.2606750711671411,0.2597560975609756,0.2730597318163348,0.20714865962632006,0.26065773447015833,0.27313311688311687,0.20730223123732253,0.2733171127331711,0.27361167409809484,0.20745542949756887,0.25921425678412313,0.2736842105263158,0.20760825576689598,0.2738673139158576,0.2591993530125354,0.2740501212611156,0.2593939393939394,0.20759289176090467,0.20791279773920066,0.2594834543987086,0.27390076643807987,0.27419354838709675,0.2591696896412737,0.2594681708299758,0.2597664115988723,0.2741545893719807,0.2599597585513079,0.2075623491552695,0.2742259750703659,0.260048231511254,0.2603455202892728,0.25863453815261045,0.25893215576073864,0.20746388443017658,0.20778178900922584,0.20809943865276664,0.20841683366733466,0.20873397435897437,0.2735282338806568,0.27381905524419536,0.20888355342136855,0.2584,0.25869652139144345,0.259392486011191,0.27367159408709546,0.2595846645367412,0.2087824351297405,0.2737430167597765,0.274032708416434,0.20893141945773525,0.2594659226783579,0.25816733067729086,0.27399442453205897,0.27428343949044587,0.20891364902506965,0.2744630071599045,0.2091451292246521,0.25794912559618444,0.25824394119984106,0.2585385226370135,0.2092100039698293,0.25873015873015875,0.27409758032526776,0.2589214908802538,0.25842251288149026,0.27416798732171155,0.2586138613861386,0.2589073634204275,0.2742382271468144,0.2745253164556962,0.25899565045472517,0.258498023715415,0.20861319636507308,0.2744865718799368,0.2747729964469009,0.20876085240726125,0.25877712031558187,0.2590694006309148,0.25936145053212456,0.25965327029156815,0.2599448601811737,0.2744094488188976,0.2085792994883904,0.2745869394177813,0.2088084939048368,0.27476415094339623,0.275049115913556,0.208955223880597,0.2752257557911268,0.20918367346938777,0.2094939191839937,0.2592156862745098,0.25676205409643277,0.25940438871473354,0.27497062279670975,0.259592795614722,0.2598825831702544,0.2093114241001565,0.20962064919827925,0.2748240813135262,0.2751074638530676,0.275390625,0.2756735650136665,0.27595628415300544,0.2095200936402653,0.20982839313572543,0.2101364522417154,0.25565081839438814,0.25905726529022205,0.25934579439252337,0.25574153367068897,0.21011673151750973,0.2594321275768184,0.27527216174183516,0.25573260785075785,0.2754467754467754,0.21009708737864077,0.25582298136645965,0.2755141637563058,0.2591155934833204,0.21015897634742148,0.2593023255813954,0.2595893064703603,0.27536793183578623,0.2597754548974061,0.2755417956656347,0.25996131528046423,0.26024748646558393,0.2756088132972555,0.2098145285935085,0.26033217458478175,0.2606177606177606,0.2547279042840602,0.27546296296296297,0.26070188970304664,0.20971472629144178,0.27552986512524086,0.275808936825886,0.2098575279168271,0.26058506543494997,0.25432858791843016,0.26076923076923075,0.26105344098423683,0.2544196771714066,0.2612370341913177,0.27534562211981567,0.254510556621881,0.20951650038372985,0.27541235136171843,0.27569018404907975,0.209658873131468,0.25440613026819925,0.2546916890080429,0.2549770290964778,0.25526215078453884,0.25554705432287683,0.2095602294455067,0.2603211009174312,0.25563622468475355,0.20970206264323912,0.26040473463153874,0.25572519083969464,0.2747043113315528,0.2559115179252479,0.20968356843309188,0.20998475609756098,0.2601904761904762,0.2559025133282559,0.274457556147697,0.2747336377473364,0.27500950931913276,0.20988593155893537,0.2751805397187381,0.2754559270516717,0.21002658564375237,0.25968109339407747,0.2554079696394687,0.2101669195751138,0.21046643913538113,0.2596664139499621,0.259946949602122,0.26022727272727275,0.26050738356683073,0.2747918243754731,0.27506621263715475,0.2753403933434191,0.254820415879017,0.2755102040816326,0.2757839063090291,0.20996978851963746,0.2759531898829747,0.25471698113207547,0.2101093926820068,0.27601809954751133,0.259705993215228,0.2761868877166541,0.27645951035781546,0.2767319277108434,0.21001129092961987,0.2768999247554552,0.2542309138773975,0.27706766917293235,0.2773393461104848,0.277610818933133,0.27788208787082236,0.27815315315315314,0.27842401500938085,0.20967741935483872,0.25871766029246346,0.2537481259370315,0.2098164106406894,0.27827715355805244,0.27854736053912393,0.2099550898203593,0.21025065469509913,0.25841436050860134,0.2586915887850467,0.2533632286995516,0.2536421367202092,0.2587752053771471,0.2780888391190743,0.2783582089552239,0.27862737784408803,0.2099179716629381,0.2586656727543794,0.21013412816691504,0.21042830540037244,0.27848101265822783,0.27874953479717157,0.25297619047619047,0.25325399776868723,0.2104089219330855,0.25343738387216647,0.2537147102526003,0.2539918306721129,0.21046770601336304,0.2782931354359926,0.21068249258160238,0.27845754542083795,0.253891771682728,0.25750277880696554,0.2577777777777778,0.2539800074046649,0.2542561065877128,0.2105068442471328,0.21079881656804733,0.21109057301293901,0.25757575757575757,0.2541558921315109,0.21122599704579026,0.27759320782576596,0.277859778597786,0.21136112135743268,0.25737463126843657,0.2539624032436417,0.2778187177597642,0.27808471454880296,0.27835051546391754,0.21126242178873758,0.2571743929359823,0.2537697682971681,0.25735294117647056,0.27820654171260567,0.2784717119764879,0.25376423062798387,0.2786343612334802,0.27889908256880735,0.2538517975055026,0.21085441877521086,0.2789589442815249,0.2792231586661781,0.2794871794871795,0.2537532039545954,0.256588579795022,0.2539334065129894,0.25420629114850035,0.2106032906764168,0.27923976608187134,0.2795031055900621,0.21073776479181885,0.25410733844468786,0.25437956204379564,0.2108719445457862,0.25455871626549964,0.2559241706161137,0.21100583090379008,0.25610200364298724,0.2563729060451566,0.2566436112122315,0.25436681222707425,0.25463805020007274,0.2109090909090909,0.27844420210832427,0.27870639534883723,0.21104249909189973,0.25635439360929557,0.2544464609800363,0.27866473149492016,0.2546245919477693,0.2788252356780276,0.2548024646611091,0.2108695652173913,0.2560666425208258,0.2110789283128168,0.27868259138617446,0.2789435600578871,0.2112115732368897,0.2559652928416486,0.2544271774485002,0.2561416184971098,0.2564102564102564,0.2545126353790614,0.27859978347167086,0.27886002886002886,0.27912008654886405,0.279379956741168,0.2562162162162162,0.2564841498559078,0.2106589845156644,0.25665946724262056,0.25692695214105793,0.27913669064748203,0.27939590075512405,0.2796549245147376,0.27991376212720087,0.21048850574712644,0.2800718132854578,0.2803302225412778,0.28058844635809116,0.2532281205164993,0.2534958766583005,0.25627240143369173,0.2536725188104622,0.2804441260744986,0.2807017543859649,0.2537580529706514,0.2808586762075134,0.25393419170243203,0.2098677154093672,0.2809149392423159,0.2811718470882458,0.25392857142857145,0.2556229917886469,0.2558886509635974,0.2540135569033179,0.25606276747503565,0.2809269162210339,0.2811831789023521,0.2814392589953687,0.25605413105413105,0.2563189747241011,0.2814946619217082,0.28175026680896476,0.25355618776671407,0.2819054390330608,0.208955223880597,0.28206039076376554,0.20916193181818182,0.20944266950656726,0.2558552164655784,0.2561191912025541,0.25638297872340426,0.2566465792272244,0.20942593905031892,0.25681898689337584,0.2815155807365439,0.2095575221238938,0.2816702052370842,0.25680933852140075,0.2524752475247525,0.2096147048427006,0.2568904593639576,0.20981985164252914,0.2570621468926554,0.2813272149664666,0.28158080451658435,0.2571428571428571,0.25740479548660083,0.20972858653507226,0.21000704721634955,0.25748502994011974,0.2813380281690141,0.21013727560718057,0.21041520056298382,0.28139289482940555,0.28164556962025317,0.2818980667838313,0.2821503865073788,0.28240252897787144,0.25702247191011235,0.28255528255528256,0.2828070175438597,0.2830585759382673,0.28330995792426367,0.25692253767963547,0.25052557813594956,0.25078809106830124,0.2510504201680672,0.2513125656282814,0.28306508047585727,0.20951381601958727,0.25664335664335663,0.20971688220901782,0.2830188679245283,0.2567237163814181,0.2098463687150838,0.28307155322862126,0.25087229588276344,0.25113358911754446,0.25662482566248257,0.20982920878354827,0.21010452961672474,0.21037965865552072,0.2827298050139276,0.28297946397493906,0.28322894919972164,0.28347826086956524,0.2506954102920723,0.2509558567952729,0.21021542738012508,0.28343174713442165,0.28368055555555555,0.2839291912530371,0.28417765440666204,0.2844259451959764,0.25069348127600555,0.2845753899480069,0.28482328482328484,0.2507793557325944,0.2098337950138504,0.2848736587054344,0.28512110726643597,0.20996195088204772,0.2548409405255878,0.2506049083995852,0.28507256392536284,0.2853195164075993,0.28556629834254144,0.28581290990680014,0.2860593512767426,0.2504311831666092,0.2096551724137931,0.20992761116856257,0.25430737422467264,0.25456424388563553,0.2548209366391185,0.2502581755593804,0.2505161734342739,0.2549019607843137,0.2097661623108666,0.2853214162942592,0.28556701030927834,0.25489522500858813,0.2551510989010989,0.2554067971163749,0.255662319835278,0.20960548885077188,0.28532235939643347,0.28556736372985947,0.20973269362577107,0.2857142857142857,0.24965753424657533,0.25539198904484767,0.2857631759069131,0.24974341430037633,0.2859097127222982,0.20957264957264957,0.28605604921394395,0.2862999658353263,0.28654371584699456,0.25503584841242743,0.28668941979522183,0.2869327874445582,0.28717598908594816,0.2093419706784862,0.28732106339468305,0.2875638841567291,0.20946866485013624,0.2546816479400749,0.24880871341048333,0.20959510037427698,0.2098639455782313,0.2101326079564774,0.28721957851801494,0.21032959565069656,0.24864130434782608,0.24889643463497454,0.28716904276985744,0.28741092636579574,0.21031207598371776,0.28755510342488977,0.28779661016949154,0.21043713995255844,0.287940379403794,0.25364036572976634,0.2880839539607312,0.2883248730964467,0.2885656292286874,0.28880622252282717,0.28904665314401623,0.2892869212571815,0.21013513513513513,0.21040189125295508,0.24780553679945982,0.2892338845764428,0.21052631578947367,0.25295109612141653,0.28927848954821306,0.2895180316818335,0.24764150943396226,0.24789491411249578,0.21043771043771045,0.25277684281386736,0.21063257065948857,0.2892700975445678,0.2895090786819099,0.2107563025210084,0.2476478494623656,0.24790057104467586,0.21087978509066488,0.21114467942262505,0.2523489932885906,0.24790338812479035,0.2112676056338028,0.25243043915521285,0.21146112600536193,0.2887772194304858,0.28901540522438046,0.2115835286240375,0.25234270414993304,0.25259284041485447,0.28896321070234116,0.25275827482447344,0.2891042780748663,0.28934179752756434,0.2895791583166333,0.24707846410684475,0.2473297730307076,0.21121121121121122,0.252501667778519,0.2474158052684228,0.24766666666666667,0.24791736087970676,0.24816788807461693,0.2524142524142524,0.24833555259653795,0.2888519134775374,0.28908848968729206,0.2484203525108081,0.24867021276595744,0.21070122964440013,0.28903654485049834,0.2108933909000332,0.28917662682602924,0.28941254563557917,0.2896483078964831,0.2517412935323383,0.248342175066313,0.2108054358634405,0.2895957587806494,0.2898310698906923,0.21092715231788078,0.24826216484607747,0.24851091992058238,0.2897783658617268,0.24867724867724866,0.24892561983471073,0.2108393919365499,0.21110009910802774,0.24900924702774108,0.2509078903928689,0.2511551155115512,0.24909270867700428,0.25131926121372034,0.24925816023738873,0.24950560316413975,0.2889621087314662,0.21080368906455862,0.28910108659861705,0.2109940750493746,0.251069430733794,0.21118421052631578,0.21144360407760604,0.24917817225509534,0.25106802497535324,0.21156373193166886,0.2512315270935961,0.25147734734077476,0.2517230062356416,0.21161417322834647,0.2882912430305018,0.21180327868852458,0.25172074729596855,0.24868938401048493,0.24893547330494595,0.21185330713817943,0.25171849427168574,0.21204188481675393,0.2878639188747138,0.2517985611510791,0.2880026152337365,0.24869281045751634,0.24893825547206797,0.21195297191378185,0.21221025138752855,0.24902088772845954,0.24926590538336052,0.2876712328767123,0.2879034887512227,0.2121903520208605,0.2512218963831867,0.2514657980456026,0.2878541191794204,0.2516276041666667,0.2879921900423039,0.2517891997397528,0.25203252032520324,0.21196358907672302,0.24861878453038674,0.2521117608836907,0.2487820721013316,0.24902597402597404,0.21194417396949042,0.21219987021414666,0.24910801167693805,0.2493514915693904,0.2871961102106969,0.24951393389500973,0.28733398121153225,0.2496761658031088,0.28747167368080284,0.24983818770226537,0.25137495956001293,0.25,0.25153572583252504,0.2517776341305753,0.21163166397415187,0.21188630490956073,0.28705198579270264,0.28728211749515814,0.28751210067763794,0.25161290322580643,0.21186713963237666,0.21212121212121213,0.21237512085078955,0.28737113402061853,0.28760064412238323,0.28783000643915,0.2880592211136144,0.2882882882882883,0.21228690897394661,0.2884244372990354,0.21247187399549983,0.288560411311054,0.2887889495663347,0.21258831085420682,0.24847512038523276,0.24871630295250322,0.21270452358036573,0.24887748556767159,0.2128887463930747,0.21314102564102563,0.24895866709388018,0.24919923126201154,0.2132564841498559,0.2880921895006402,0.21344,0.2492002559181062,0.21362328110009593,0.28804347826086957,0.24960051134547778,0.24920127795527156,0.21366975407218142,0.24968071519795657,0.24928183849345675,0.21378430121250797,0.24944178628389155,0.24968112244897958,0.21389862926362768,0.2874442319949012,0.24976107040458745,0.24936305732484076,0.24960203756765362,0.2498408656906429,0.21380846325167038,0.2496819338422392,0.24992050874403815,0.2870311506675143,0.2872577057515094,0.2874841168996188,0.2137186408383614,0.21396825396825397,0.2875277689622342,0.287753807106599,0.28797970187123373,0.24952441344324666,0.21394611727416799,0.24904942965779467,0.24960405448210327,0.24920835972134261,0.249446027223805,0.24968354430379747,0.24960455552040495,0.2874762808349146,0.24976288333860258,0.28761061946902655,0.24992101105845183,0.2877447883765003,0.28796968740132617,0.21338383838383837,0.28810350268223417,0.2883280757097792,0.28855250709555347,0.21343001261034047,0.28868578632209263,0.21361058601134217,0.2888188976377953,0.2890428211586902,0.28926660371419577,0.289490245437382,0.2491349480968858,0.24842767295597484,0.21345488839987425,0.21370207416719045,0.21394910461828465,0.21419597989949749,0.24897959183673468,0.2890772128060264,0.24913711954816442,0.28920953575909664,0.2894324239573534,0.24921630094043887,0.24945158257599498,0.24780701754385964,0.2893830253679925,0.24796493425172197,0.24820031298904538,0.21370463078848562,0.24929621520175163,0.24953095684803,0.289152860268834,0.248125,0.24960949703217744,0.2891942535915053,0.21354979706525132,0.24968789013732834,0.2499219968798752,0.25015595757953835,0.2503897723729342,0.2889650872817955,0.24774072919912746,0.21339563862928349,0.24789785113671753,0.21357409713574096,0.24805477746654217,0.24828873677660238,0.24852255054432348,0.21361940298507462,0.21386384830587504,0.21410814170292106,0.24852438645542094,0.24875776397515528,0.2881092828314188,0.2883302296710118,0.2494570276140242,0.2140198511166253,0.24868217054263567,0.2882827030378177,0.21413077161450264,0.24876084262701362,0.24899349643852586,0.24922600619195046,0.28814608480346643,0.24938118811881188,0.2140426848128673,0.2881880024737168,0.2142194744976816,0.24876390605686033,0.24930491195551435,0.2881408276714021,0.2883606051250386,0.24876543209876542,0.24930576982412836,0.24892041949413943,0.28831329016342894,0.21393341553637485,0.2884437596302003,0.21410967344423906,0.2885740683708038,0.28879310344827586,0.21421975992613113,0.28892307692307695,0.2891418025223008,0.21432964329643298,0.28927144174608055,0.2894898586355255,0.28970814132104455,0.21437346437346438,0.24808105618667486,0.24831184775936158,0.2144829702362688,0.2147239263803681,0.2894817540631708,0.2148988350705089,0.2151394422310757,0.24816176470588236,0.24777947932618682,0.24800979791794245,0.2482399755127028,0.2484700122399021,0.21505047415111656,0.21529051987767583,0.24854784469581168,0.21546454767726161,0.2887259395050413,0.24862553451435554,0.24763358778625955,0.28876678876678874,0.24778761061946902,0.2480170835875534,0.28880756328148827,0.24847560975609756,0.2151782992989942,0.24801950030469225,0.2485531526043253,0.28867235079171744,0.2480974124809741,0.28880097382836273,0.21508974749011256,0.2889294403892944,0.2891456369717239,0.21519756838905776,0.24825281069583713,0.24848116646415552,0.21530519283328273,0.21554341226472373,0.2889226100151745,0.28913834951456313,0.2893539581437671,0.24833232261976956,0.24734768111548955,0.2475757575757576,0.2893062708270221,0.24772864930345245,0.28943384801695426,0.2478813559322034,0.2151285930408472,0.2894736842105263,0.21530087692772906,0.21553808948004838,0.247809005741916,0.24803625377643504,0.24765931742675928,0.21557971014492755,0.2481134923030486,0.2483403741701871,0.2889894419306184,0.28920386007237636,0.21555622550497439,0.24834237492465341,0.2892437481169027,0.21566265060240963,0.24841915085817526,0.21583383503913306,0.2891965091784532,0.28941034897713597,0.24842105263157896,0.28953698135898975,0.2467688608355876,0.24699519230769232,0.2156803844998498,0.2159159159159159,0.2894025818072651,0.21608643457382953,0.24812481248124812,0.2483503299340132,0.2893553223388306,0.24670263788968824,0.21606233143542103,0.2893948472139005,0.28960766696615753,0.2898203592814371,0.29003292427416943,0.21603830041891084,0.2479808555189949,0.24641148325358853,0.21614349775784752,0.2163777644949193,0.24798326859874514,0.246415770609319,0.28963869811884146,0.21641791044776118,0.2464935840047747,0.2896778042959427,0.21652251714882195,0.24776386404293382,0.28971684053651264,0.216626936829559,0.28984212094131667,0.24627754615842765,0.24650193509973206,0.21666666666666667,0.2897947039571556,0.21683521713265913,0.24650609574784418,0.2473246135552913,0.21693907875185736,0.24658348187759951,0.24740124740124741,0.24762470308788598,0.21697833184921342,0.2893175074183976,0.2895283298724414,0.24762752075919336,0.28965312777942487,0.2169531713100178,0.2897777777777778,0.21712085308056872,0.21735267989339652,0.24600355239786856,0.2897306895531222,0.24733727810650888,0.2898550724637681,0.29006505026611473,0.2902749039314218,0.2458628841607565,0.24726735598227473,0.2474896633195511,0.29022733982875704,0.24586776859504134,0.29035113602832696,0.24601769911504426,0.29047478619876144,0.24734669811320756,0.2905982905982906,0.2908073070123748,0.29101620029455083,0.2912249705535925,0.24727700912569914,0.2457327839905827,0.21624007060900266,0.2164705882352941,0.29109085563069687,0.24573780129335684,0.24713488098736408,0.21650998824911868,0.2910425844346549,0.24721080446271285,0.2456706780158497,0.29107981220657275,0.21648577295394544,0.21671554252199413,0.24714160070360597,0.21688159437280188,0.217111046000586,0.29086115992970124,0.2910688140556369,0.21721311475409835,0.24524436640327774,0.2911059098888239,0.21731500438724774,0.24678362573099416,0.24524992692195263,0.24547048509643482,0.2909728308501315,0.29117990654205606,0.21722627737226277,0.2174547577349679,0.2912168077035308,0.29142357059509916,0.2452610090405366,0.24635568513119532,0.21742932089769745,0.24533799533799533,0.24555782114768424,0.29120559114735,0.2914119359534207,0.29161816065192087,0.2173407041024149,0.21756835369400815,0.2916545507414946,0.29186046511627906,0.2176692821854112,0.24520627542126672,0.24542550101655533,0.21777003484320556,0.2455732946298984,0.291642484039466,0.29184798375398896,0.2920533642691415,0.21774427370252247,0.21797101449275363,0.21819762387713706,0.24536500579374276,0.24500434404865334,0.2918355529820498,0.29204052098408106,0.24537037037037038,0.29216083309227653,0.21804511278195488,0.29228100607111884,0.24479768786127168,0.21814504478474428,0.24523396880415946,0.24545192030031765,0.24480369515011546,0.2920634920634921,0.24495095210617426,0.2451687337755985,0.2179930795847751,0.21821850677428653,0.2452449567723343,0.29184673004897727,0.24539170506912442,0.21825511085516844,0.2918825561312608,0.21841726618705035,0.2920023014959724,0.2447512223180903,0.2452558941920644,0.2454728370221328,0.24482758620689654,0.24504452743464522,0.2182653647329121,0.2454780361757106,0.24569460390355913,0.29153515064562413,0.24497991967871485,0.2916547175222254,0.24512614678899083,0.2181140728002293,0.29169054441260744,0.21827556574047552,0.21849942726231386,0.2917263097623819,0.24499141385231826,0.21859799713876968,0.24513729977116705,0.2916785816414069,0.2918810748999428,0.24521291797656472,0.24542857142857144,0.2456441016852328,0.2918332381496288,0.21838424207821866,0.21860730593607305,0.218830242510699,0.2917855105533371,0.2919874536641004,0.2442987457240593,0.2921060131091479,0.2188034188034188,0.219025918541726,0.219248291571754,0.24508966695132364,0.24530449630051224,0.2918918918918919,0.24544937428896474,0.24566391811202729,0.2458783399658897,0.24609263995453254,0.24375,0.24623686452712298,0.24389551391254968,0.21884757309111552,0.246311010215664,0.21900709219858155,0.24645490640952922,0.21916643039410263,0.2193877551020408,0.2436950977614055,0.21954674220963172,0.24384027187765506,0.21970554926387317,0.21992640815171244,0.24391624221844935,0.24611032531824611,0.24632352941176472,0.24399208368674016,0.24420576596947427,0.21983611189601582,0.2901129943502825,0.21999435187800057,0.29023150762281197,0.2201524132091448,0.2903498871331828,0.24400564174894218,0.24421883812746756,0.22018607273752466,0.24577226606538896,0.2902225979149056,0.2904225352112676,0.2202196564348071,0.2905405405405405,0.29074021953278917,0.22031513787281937,0.2438818565400844,0.2440944881889764,0.2204104582513354,0.2906127037661608,0.24529362180387748,0.2205056179775281,0.2906486941870261,0.29084783829309374,0.220600617457199,0.2452300785634119,0.2908835904628331,0.22069545709478408,0.2910008410428932,0.2452354260089686,0.2911179602129448,0.2913165266106443,0.29151498179781576,0.2206047032474804,0.22082283795130142,0.2451035254616676,0.22097902097902097,0.22119686800894856,0.2913055633212189,0.29150363331470097,0.2917015926236379,0.24273743016759777,0.24294889695615748,0.22110552763819097,0.22132291375941948,0.2915736607142857,0.22147838214783822,0.22169548243167875,0.24282129913576805,0.24303232998885171,0.24435775982167734,0.24317548746518106,0.24338624338624337,0.22160356347438753,0.2218202059560256,0.2434613244296049,0.24422809457579972,0.24443826473859845,0.24353628023352794,0.22178988326848248,0.24367879966657405,0.29055555555555557,0.2907525687309081,0.24375347029428096,0.22175964474049403,0.22197558268590456,0.24410540915395285,0.2437603993344426,0.2442472969226504,0.29046563192904656,0.24438902743142144,0.24376731301939059,0.2439767377457768,0.2441860465116279,0.22169941876556878,0.24432761483121196,0.2218533886583679,0.2441924778761062,0.29001935305501797,0.2443338861249309,0.244542691351202,0.2900552486187845,0.24413145539906103,0.24461623412479294,0.29009108473640627,0.24475717439293598,0.22151724137931034,0.22173193601765032,0.290046870692032,0.2902425578831312,0.22182419399283548,0.24462809917355371,0.2448361332966125,0.29019823788546256,0.24497660335810625,0.2903137039075399,0.2217331499312242,0.29042904290429045,0.2906241407753643,0.2218251786695987,0.2220390217092608,0.2906593406593407,0.2430650920076902,0.24464579901153213,0.24320614877847926,0.2906147091108672,0.2908093278463649,0.29100383982446515,0.29119824513298603,0.29139254385964913,0.2444505343929844,0.24465753424657535,0.2448644207066557,0.2913472070098576,0.22146181220914318,0.24493705528188287,0.2913816689466484,0.29157549234135666,0.22149302707136997,0.29168944778567524,0.2918830281497677,0.22158469945355191,0.2447418738049713,0.2217367558711087,0.24488124488124488,0.29175764192139736,0.24502046384720327,0.24522640480087288,0.24543223343332424,0.24563794983642312,0.22158626328699918,0.2217983651226158,0.24570961590847182,0.29139433551198257,0.2915872583719031,0.22182906913445835,0.2220408163265306,0.24129488574537541,0.2915420179494153,0.222131593257205,0.24544713237292742,0.29157608695652176,0.2222222222222222,0.2224334600760456,0.24545207711105077,0.24104234527687296,0.29145183175033923,0.2916440586001085,0.24111743965283428,0.2917570498915401,0.22228246137164542,0.24119241192411925,0.2413979951232728,0.24160346695557963,0.2223124830760899,0.22252301028695182,0.2449255751014885,0.2913961038961039,0.22261292940221802,0.29150892374256354,0.29170045958367125,0.2918918918918919,0.29208322075114834,0.2922744462452728,0.2225222792330543,0.24109071274298055,0.24453441295546557,0.244738262277388,0.24494200161855947,0.24110032362459546,0.24130493394445943,0.2919137466307278,0.2921045540285637,0.2413793103448276,0.24158362510099649,0.2921378567582122,0.2446837146702557,0.22201291711517762,0.24159268227064837,0.24179666487358795,0.24200053777897285,0.24220430107526883,0.22198333781241603,0.24449220849005912,0.24227773301101263,0.22207303974221268,0.2915436241610738,0.2917337627482555,0.2422860209283606,0.24436695278969958,0.22204344328238135,0.22225201072386058,0.2224604663629054,0.24437299035369775,0.24216447897133672,0.24450990894483127,0.22248995983935743,0.22269807280513917,0.24217286593524218,0.24237560192616373,0.24257822947312116,0.24438502673796791,0.22266773589949213,0.22287546766435062,0.22308308843173924,0.24252136752136752,0.24432576769025366,0.2445274959957288,0.24259407526020815,0.22305229455709713,0.29021072285942917,0.24266666666666667,0.2903225806451613,0.24440298507462688,0.24273914201971755,0.2229621736814065,0.244474034620506,0.24281150159744408,0.22305030609528878,0.22325705162320383,0.2444799148709763,0.24468085106382978,0.24488168040414784,0.24508240297713982,0.2896625033218177,0.28985122210414455,0.24249667994687915,0.2899628252788104,0.29015131404300504,0.24256900212314225,0.29026266914300874,0.2427055702917772,0.24476266242376027,0.29029692470837754,0.24489795918367346,0.22257551669316375,0.29033112582781456,0.24258474576271186,0.22266348954196452,0.2903652726310217,0.2228102672664726,0.2904761904761905,0.290663845543507,0.29085140137493387,0.2445149352365847,0.2227801268498943,0.22298546895640686,0.2231907025884839,0.22339582783205703,0.24445617740232312,0.24201636315650568,0.24221635883905013,0.2424162490108151,0.2903481012658228,0.2905351964144477,0.2907221929362151,0.2909090909090909,0.2910958904109589,0.29128259151962077,0.22301211163770404,0.29139247170307975,0.2231578947368421,0.24388318863456984,0.2914255654918464,0.2440178806205627,0.22318611987381703,0.24415243101182654,0.2443510246978455,0.2913054898870502,0.24448529411764705,0.24153321081648726,0.2230971128608924,0.2912621359223301,0.22324239244491081,0.24442696039863623,0.2912952281069743,0.24141546526867627,0.22327044025157233,0.2913282682735132,0.22341540073336827,0.24430479183032208,0.2913612565445026,0.24129808950536508,0.2914704343275772,0.24431075071933037,0.2915794979079498,0.24130718954248365,0.2916884474647151,0.2918735301802979,0.2413793103448276,0.2230347349177331,0.24412532637075718,0.24145131819368312,0.24425887265135698,0.24445603965562224,0.24465310380803337,0.22294654498044328,0.2914494264859228,0.29163408913213446,0.2918186555497655,0.29200312581401405,0.2921875,0.2410830512887269,0.22280062467464862,0.24434035909445745,0.2921436004162331,0.29232769830949284,0.2925117004680187,0.2409669872628022,0.24116424116424118,0.29254351779683035,0.2927272727272727,0.2225396001038691,0.29283489096573206,0.24396574098105372,0.24416190970420343,0.2443579766536965,0.2225103734439834,0.22271195229452942,0.2926386728875065,0.2928219746048199,0.2406735751295337,0.24087024087024086,0.2226825479026411,0.292777633963241,0.22282608695652173,0.22302716688227683,0.2928091050181066,0.22317041634341866,0.2437952430196484,0.2233135177048333,0.2405684754521964,0.24076466029449756,0.2233987603305785,0.2235992770462174,0.22379969024264326,0.24361290322580645,0.22394220846233232,0.24374516378643282,0.22408457968024756,0.24387728796081465,0.2440721649484536,0.24426694150992012,0.2444616177228233,0.24465619366469224,0.29170957775489187,0.24015444015444015,0.22388059701492538,0.22408026755852842,0.2242798353909465,0.24453587040370275,0.2915167095115681,0.2243639167309175,0.22456320657759507,0.291548933984074,0.22470467385721624,0.24441591784338895,0.2915811088295688,0.2396715422119579,0.24448435094920473,0.2916132341626058,0.2917948717948718,0.239682132786465,0.22450025627883136,0.29182679989751475,0.29200819672131145,0.22458386683738796,0.23963133640552994,0.23982595341694396,0.24002047082906858,0.24405218726016883,0.240153452685422,0.2917412426489389,0.244120654396728,0.24431382570917454,0.2401635155850792,0.291698595146871,0.291879468845761,0.24023487362777635,0.2442572741194487,0.29191120183720337,0.2403061224489796,0.2443254271869421,0.24451810300866905,0.24037726229926076,0.24057084607543322,0.2917197452229299,0.2445236882322975,0.24064171122994651,0.24465376782077394,0.29167727157037415,0.2918575063613232,0.2920376494530654,0.22329603255340794,0.24459699974574117,0.24478901881037113,0.24498094027954256,0.2919207317073171,0.24511049022098044,0.2920264093448451,0.22315308453922314,0.2921319796954315,0.29231159604161383,0.22323693556570268,0.24499112351001776,0.23985801217038538,0.2922686945500634,0.24505828687278255,0.29237395490245754,0.2925531914893617,0.2927323373005824,0.2230379746835443,0.22323462414578588,0.24493927125506074,0.22337465216291424,0.2395042994436014,0.2450063211125158,0.22345803842264914,0.24513520343694717,0.24532592218292068,0.24551654458196515,0.22348484848484848,0.22368088866447866,0.29202423018677437,0.2392127176381529,0.2237638748738648,0.29205548549810845,0.22390317700453857,0.24527350642803125,0.24546370967741934,0.23910304862685816,0.23929471032745592,0.23948627549735582,0.24546827794561935,0.24565819280140952,0.24584801207851031,0.29157232704402514,0.22359154929577466,0.23937641438270052,0.22373051784816492,0.24579039959788893,0.23944723618090452,0.2913840743531776,0.22375690607734808,0.22395179512929952,0.24573293172690763,0.23939774153074028,0.22403411941796286,0.291196388261851,0.2913741223671013,0.2915517673602407,0.29172932330827067,0.24555249310949637,0.24574148296593187,0.23916854495366893,0.24586880320480722,0.2460575719649562,0.23923923923923923,0.22366775081310983,0.29139569784892444,classic
