9_48641514_48645325,1.0,0.5,0.6666666666666666,0.75,0.2,0.6666666666666666,0.2857142857142857,0.125,0.2222222222222222,0.5,0.2727272727272727,0.25,0.3076923076923077,0.2857142857142857,0.4,0.4375,0.29411764705882354,0.2777777777777778,0.42105263157894735,0.45,0.09523809523809523,0.45454545454545453,0.4782608695652174,0.5,0.52,0.5384615384615384,0.1111111111111111,0.5357142857142857,0.5517241379310345,0.5666666666666667,0.1935483870967742,0.1875,0.12121212121212122,0.20588235294117646,0.22857142857142856,0.19444444444444445,0.4864864864864865,0.21052631578947367,0.48717948717948717,0.225,0.21951219512195122,0.23809523809523808,0.23255813953488372,0.11363636363636363,0.24444444444444444,0.43478260869565216,0.1276595744680851,0.14583333333333334,0.22448979591836735,0.16,0.4117647058823529,0.23076923076923078,0.41509433962264153,0.16666666666666666,0.18181818181818182,0.4107142857142857,0.42105263157894735,0.43103448275862066,0.2033898305084746,0.21666666666666667,0.4262295081967213,0.22580645161290322,0.23809523809523808,0.25,0.16923076923076924,0.4090909090909091,0.2537313432835821,0.19117647058823528,0.2028985507246377,0.2571428571428571,0.2112676056338028,0.3888888888888889,0.2602739726027397,0.2702702702702703,0.38666666666666666,0.21052631578947367,0.2727272727272727,0.21794871794871795,0.379746835443038,0.3875,0.14814814814814814,0.2682926829268293,0.3855421686746988,0.15476190476190477,0.16470588235294117,0.26744186046511625,0.27586206896551724,0.20454545454545456,0.3707865168539326,0.37777777777777777,0.16483516483516483,0.2717391304347826,0.3763440860215054,0.20212765957446807,0.21052631578947367,0.21875,0.3711340206185567,0.37755102040816324,0.16161616161616163,0.38,0.16831683168316833,0.21568627450980393,0.17475728155339806,0.25,0.21904761904761905,0.22641509433962265,0.3644859813084112,0.25,0.22935779816513763,0.23636363636363636,0.24324324324324326,0.35714285714285715,0.36283185840707965,0.3684210526315789,0.24347826086956523,0.3706896551724138,0.1623931623931624,0.1694915254237288,0.24369747899159663,0.175,0.18181818181818182,0.22950819672131148,0.35772357723577236,0.3629032258064516,0.184,0.19047619047619047,0.36220472440944884,0.234375,0.3643410852713178,0.19230769230769232,0.1984732824427481,0.36363636363636365,0.23308270676691728,0.3656716417910448,0.37037037037037035,0.375,0.2116788321167883,0.37681159420289856,0.381294964028777,0.19285714285714287,0.3829787234042553,0.3873239436619718,0.3916083916083916,0.2222222222222222,0.20689655172413793,0.3904109589041096,0.3945578231292517,0.20945945945945946,0.18791946308724833,0.19333333333333333,0.2185430463576159,0.3881578947368421,0.2222222222222222,0.38961038961038963,0.22580645161290322,0.19230769230769232,0.20382165605095542,0.1962025316455696,0.20125786163522014,0.20625,0.37888198757763975,0.38271604938271603,0.22085889570552147,0.22560975609756098,0.2,0.20481927710843373,0.2275449101796407,0.23214285714285715,0.23668639053254437,0.2,0.3684210526315789,0.37209302325581395,0.23699421965317918,0.20114942528735633,0.37142857142857144,0.375,0.2033898305084746,0.23595505617977527,0.20670391061452514,0.2111111111111111,0.23756906077348067,0.36813186813186816,0.24043715846994534,0.3695652173913043,0.21081081081081082,0.24193548387096775,0.24598930481283424,0.3670212765957447,0.21164021164021163,0.24736842105263157,0.18324607329842932,0.21354166666666666,0.3626943005181347,0.36597938144329895,0.2153846153846154,0.3673469387755102,0.37055837563451777,0.24242424242424243,0.37185929648241206,0.245,0.373134328358209,0.1782178217821782,0.21182266009852216,0.24509803921568626,0.37073170731707317,0.24757281553398058,0.178743961352657,0.25,0.3684210526315789,0.18095238095238095,0.25118483412322273,0.18396226415094338,0.36619718309859156,0.3691588785046729,0.25116279069767444,0.37037037037037035,0.37327188940092165,0.3761467889908257,0.2511415525114155,0.2545454545454545,0.3755656108597285,0.3783783783783784,0.3811659192825112,0.17857142857142858,0.25333333333333335,0.3805309734513274,0.2555066079295154,0.25877192982456143,0.17903930131004367,0.19130434782608696,0.18181818181818182,0.375,0.3776824034334764,0.2564102564102564,0.37872340425531914,0.2584745762711864,0.379746835443038,0.18067226890756302,0.18410041841004185,0.37916666666666665,0.3817427385892116,0.1859504132231405,0.2551440329218107,0.2581967213114754,0.3795918367346939,0.18699186991869918,0.3805668016194332,0.25806451612903225,0.18875502008032127,0.26,0.17928286852589642,0.19047619047619047,0.19367588932806323,0.1968503937007874,0.1803921568627451,0.18359375,0.25680933852140075,0.18604651162790697,0.1969111969111969,0.18846153846153846,0.19157088122605365,0.25572519083969464,0.2585551330798479,0.26136363636363635,0.19245283018867926,0.2631578947368421,0.1947565543071161,0.19402985074626866,0.35315985130111527,0.35555555555555557,0.26199261992619927,0.1948529411764706,0.3553113553113553,0.35766423357664234,0.19272727272727272,0.2608695652173913,0.19494584837545126,0.19784172661870503,0.2007168458781362,0.20357142857142857,0.2597864768683274,0.20567375886524822,0.20848056537102475,0.2605633802816901,0.21052631578947367,0.34615384615384615,0.2613240418118467,0.1875,0.3460207612456747,0.2103448275862069,0.21305841924398625,0.3458904109589041,0.2150170648464164,0.3469387755102041,0.1864406779661017,0.25675675675675674,0.18855218855218855,0.1912751677852349,0.25752508361204013,0.21333333333333335,0.34219269102990035,0.2152317880794702,0.19141914191419143,0.2565789473684211,0.25901639344262295,0.19281045751633988,0.33876221498371334,0.21428571428571427,0.1941747572815534,0.25806451612903225,0.2604501607717042,0.26282051282051283,0.21405750798722045,0.21656050955414013,0.21904761904761905,0.2626582278481013,0.26498422712933756,0.1918238993710692,0.329153605015674,0.19375,0.19626168224299065,0.19875776397515527,0.2631578947368421,0.2006172839506173,0.26461538461538464,0.2668711656441718,0.2018348623853211,0.20426829268292682,0.3221884498480243,0.26666666666666666,0.21148036253776434,0.32228915662650603,0.2132132132132132,0.32335329341317365,0.3253731343283582,0.2648809523809524,0.26706231454005935,0.20118343195266272,0.26843657817109146,0.3235294117647059,0.21114369501466276,0.2134502923976608,0.20116618075801748,0.3226744186046512,0.2144927536231884,0.2023121387283237,0.26512968299711814,0.20402298850574713,0.20630372492836677,0.26571428571428574,0.20797720797720798,0.21306818181818182,0.31728045325779036,0.20903954802259886,0.3183098591549296,0.3202247191011236,0.26330532212885155,0.20949720670391062,0.2116991643454039,0.21388888888888888,0.21606648199445982,0.31767955801104975,0.21763085399449036,0.260989010989011,0.3178082191780822,0.20765027322404372,0.2615803814713896,0.3179347826086957,0.26287262872628725,0.2648648648648649,0.2668463611859838,0.21505376344086022,0.3163538873994638,0.26737967914438504,0.216,0.21808510638297873,0.26790450928381965,0.2037037037037037,0.21899736147757257,0.20526315789473684,0.3123359580052493,0.2670157068062827,0.2193211488250653,0.22135416666666666,0.2675324675324675,0.20466321243523317,0.268733850129199,0.30927835051546393,0.2699228791773779,0.20512820512820512,0.309462915601023,0.27040816326530615,0.20610687022900764,0.2715736040609137,0.30886075949367087,0.2727272727272727,0.20654911838790932,0.20854271356783918,0.3082706766917293,0.2725,0.20947630922693267,0.21393034825870647,0.3076923076923077,0.2103960396039604,0.2716049382716049,0.3078817733990148,0.2727272727272727,0.2107843137254902,0.3080684596577017,0.2121951219512195,0.2116788321167883,0.308252427184466,0.2711864406779661,0.30917874396135264,0.21204819277108433,0.31009615384615385,0.2709832134292566,0.31100478468899523,0.3126491646778043,0.2714285714285714,0.20902612826603326,0.2109004739336493,0.2718676122931442,0.27358490566037735,0.21176470588235294,0.30985915492957744,0.27400468384074944,0.20794392523364486,0.21212121212121213,0.30930232558139537,0.3109048723897912,0.20833333333333334,0.3117782909930716,0.20967741935483872,0.31264367816091954,0.2706422018348624,0.21052631578947367,0.271689497716895,0.3120728929384966,0.2727272727272727,0.20861678004535147,0.31221719457013575,0.27313769751693,0.20945945945945946,0.20898876404494382,0.21076233183856502,0.27293064876957496,0.31026785714285715,0.2739420935412027,0.3111111111111111,0.20842572062084258,0.21017699115044247,0.2737306843267108,0.21145374449339208,0.2087912087912088,0.3092105263157895,0.2735229759299781,0.21179039301310043,0.27450980392156865,0.30869565217391304,0.2754880694143167,0.21212121212121213,0.27645788336933047,0.3081896551724138,0.27741935483870966,0.3090128755364807,0.20556745182012848,0.30982905982905984,0.2771855010660981,0.31063829787234043,0.2781316348195329,0.3114406779661017,0.27906976744186046,0.2805907172995781,0.28210526315789475,0.31092436974789917,0.31236897274633124,0.3138075313807531,0.2818371607515658,0.20208333333333334,0.20582120582120583,0.3132780082987552,0.2815734989648033,0.2024793388429752,0.20412371134020618,0.31275720164609055,0.2813141683778234,0.2827868852459016,0.3128834355828221,0.20408163265306123,0.3136456211812627,0.28252032520325204,0.3144016227180527,0.2834008097165992,0.20202020202020202,0.20362903225806453,0.2052313883299799,0.28313253012048195,0.2845691382765531,0.286,0.20159680638722555,0.2868525896414343,0.3101391650099404,0.20238095238095238,0.3108910891089109,0.31225296442687744,0.20315581854043394,0.31299212598425197,0.28487229862475444,0.3137254901960784,0.2035225048923679,0.28515625,0.20077972709551656,0.28599221789883267,0.312621359223301,0.20155038759689922,0.31334622823984526,0.2857142857142857,0.2023121387283237,0.20192307692307693,0.28598848368522073,0.20306513409961685,0.2045889101338432,0.3110687022900763,0.31238095238095237,0.20152091254752852,0.31309297912713474,0.3143939393939394,0.20415879017013233,0.3150943396226415,0.2824858757062147,0.20112781954887218,0.28330206378986866,0.3146067415730337,0.20186915887850468,0.2835820895522388,0.20297951582867785,0.2843866171003718,0.20222634508348794,0.2037037037037037,0.20517560073937152,0.28413284132841327,0.285451197053407,0.2867647058823529,0.28807339449541286,0.20512820512820512,0.28884826325411334,0.29014598540145986,0.20036429872495445,0.2018181818181818,0.29038112522686027,0.2916666666666667,0.20253164556962025,0.20397111913357402,0.2918918918918919,0.20323741007194246,0.20466786355475763,0.2921146953405018,0.3023255813953488,0.30357142857142855,0.20499108734402852,0.2918149466192171,0.3037300177619893,0.2925531914893617,0.2938053097345133,0.303886925795053,0.2945326278659612,0.29577464788732394,0.29701230228471004,0.30350877192982456,0.30472854640980734,0.2972027972027972,0.19895287958115182,0.3048780487804878,0.3060869565217391,0.296875,0.20103986135181975,0.20242214532871972,0.30569948186528495,0.20344827586206896,0.306368330464716,0.20446735395189003,0.307032590051458,0.3082191780821918,0.20512820512820512,0.2935153583617747,0.29471890971039183,0.3078231292517007,0.3089983022071307,0.29491525423728815,0.3096446700507614,0.2956081081081081,0.3102866779089376,0.3114478114478115,0.19327731092436976,0.2953020134228188,0.2964824120603015,0.3110367892976589,0.29716193656093487,0.19333333333333333,0.2978369384359401,0.29900332225913623,0.3101160862354892,0.2996688741721854,0.31074380165289256,0.3118811881188119,0.29983525535420097,0.3125,0.1986863711001642,0.31311475409836065,0.2995090016366612,0.3006535947712418,0.30179445350734097,0.1986970684039088,0.1902439024390244,0.3116883116883117,0.31280388978930307,0.30097087378640774,0.30210016155088854,0.31290322580645163,0.19806763285024154,0.19935691318327975,0.3017656500802568,0.30288461538461536,0.312,0.19968051118210864,0.31259968102073366,0.20063694267515925,0.20190779014308427,0.30158730158730157,0.312202852614897,0.3022151898734177,0.3127962085308057,0.1861198738170347,0.18740157480314962,0.3018867924528302,0.18838304552590268,0.30250783699059564,0.3114241001564945,0.1890625,0.31201248049922,0.19937694704049844,0.31259720062208396,0.3136645962732919,0.3147286821705426,0.1996904024767802,0.29984544049459044,0.3148148148148148,0.31587057010785824,0.18769230769230769,0.19969278033794163,0.3159509202453988,0.3169984686064318,0.2981651376146789,0.31755725190839695,0.29878048780487804,0.2998477929984779,0.19908814589665655,0.30045523520485584,0.3015151515151515,0.19969742813918306,0.3157099697885196,0.30165912518853694,0.30271084337349397,0.3037593984962406,0.3153153153153153,0.31634182908545727,0.19910179640718562,0.20029895366218237,0.3164179104477612,0.20119225037257824,0.20238095238095238,0.3016344725111441,0.3026706231454006,0.3037037037037037,0.3047337278106509,0.20236336779911374,0.3053097345132743,0.30633284241531666,0.3073529411764706,0.30837004405286345,0.312316715542522,0.1800878477306003,0.3128654970760234,0.181021897810219,0.18221574344023322,0.3071324599708879,0.3081395348837209,0.31204644412191584,0.1826086956521739,0.30824891461649784,0.3092485549132948,0.3116883116883117,0.30979827089337175,0.3107913669064748,0.3117816091954023,0.19799139167862267,0.3123209169054441,0.3133047210300429,0.3142857142857143,0.181169757489301,0.3148148148148148,0.30867709815078237,0.3096590909090909,0.31063829787234043,0.311614730878187,0.18104667609618105,0.18220338983050846,0.18335684062059238,0.3126760563380282,0.3136427566807314,0.3146067415730337,0.3155680224403927,0.18347338935574228,0.31608391608391606,0.3170391061452514,0.19386331938633194,0.30779944289693595,0.3087621696801113,0.30972222222222223,0.1941747572815534,0.3157894736842105,0.1950207468879668,0.31629834254143646,0.30896551724137933,0.19559228650137742,0.19669876203576342,0.3159340659340659,0.30864197530864196,0.19726027397260273,0.19835841313269495,0.3155737704918033,0.19918144611186903,0.3079019073569482,0.308843537414966,0.19972826086956522,0.3093622795115332,0.17886178861788618,0.31393775372124494,0.30945945945945946,0.31039136302294196,0.1792452830188679,0.3135935397039031,0.31048387096774194,0.17986577181208055,0.19839142091152814,0.3132530120481928,0.19919786096256684,0.20026702269692923,0.31333333333333335,0.30892143808255657,0.3098404255319149,0.3107569721115538,0.3129973474801061,0.31390728476821195,0.31084656084656087,0.3143989431968296,0.3153034300791557,0.31620553359683795,0.1986842105263158,0.31011826544021026,0.17716535433070865,0.3106159895150721,0.19895287958115182,0.3150326797385621,0.31070496083550914,0.3116036505867014,0.19921875,0.31469440832249673,0.2,0.311284046692607,0.20077720207253885,0.314359637774903,0.31136950904392763,0.31483870967741934,0.31572164948453607,0.17503217503217502,0.3110539845758355,0.3119383825417201,0.2,0.31498079385403327,0.31202046035805625,0.17496807151979565,0.3125,0.31337579617834393,0.3142493638676845,0.19949174078780177,0.3147208121827411,0.2002534854245881,0.31518987341772153,0.20101137800252844,0.20202020202020202,0.31525851197982346,0.3110831234256927,0.3119496855345912,0.31532663316582915,0.3161856963613551,0.31203007518796994,0.3166458072590738,0.20125,0.317103620474407,0.3117206982543641,0.1718555417185554,0.31218905472636815,0.20124223602484473,0.3163771712158809,0.31722428748451054,0.3180693069306931,0.3189122373300371,0.17160493827160495,0.17262638717632553,0.31896551724137934,0.30996309963099633,0.3194103194103194,0.3104294478527607,0.19975490196078433,0.200734394124847,0.3105134474327628,0.31868131868131866,0.3195121951219512,0.32034104750304504,0.3102189781021898,0.17132442284325639,0.32038834951456313,0.3212121212121212,0.17191283292978207,0.17291414752116083,0.30917874396135264,0.19903498190591074,0.3204819277108434,0.3212996389891697,0.3088942307692308,0.3217286914765906,0.30935251798561153,0.19880239520958085,0.32177033492822965,0.17204301075268819,0.30906921241050117,0.1728247914183552,0.30952380952380953,0.1985731272294887,0.32066508313539194,0.3096085409252669,0.1990521327014218,0.2,0.30969267139479906,0.31995277449822906,0.32075471698113206,0.3215547703180212,0.32235294117647056,0.309048178613396,0.3227699530516432,0.3235638921453693,0.3091334894613583,0.19883040935672514,0.3235981308411215,0.32438739789964993,0.1993006993006993,0.3084982537834691,0.30930232558139537,0.31010452961672474,0.3109048723897912,0.32329084588644263,0.32407407407407407,0.3248554913294798,0.325635103926097,0.3264129181084198,0.3271889400921659,0.3095512082853855,0.19770114942528735,0.3099885189437428,0.31077981651376146,0.3115693012600229,0.3123569794050343,0.31314285714285717,0.3139269406392694,0.314709236031927,0.3246013667425968,0.3253697383390216,0.1965909090909091,0.3257661748013621,0.31405895691609975,0.16534541336353342,0.19683257918552036,0.31412429378531076,0.16591422121896163,0.314543404735062,0.32432432432432434,0.31496062992125984,0.1662921348314607,0.32435465768799104,0.3150224215246637,0.3247480403135498,0.32550335570469796,0.32625698324022345,0.32700892857142855,0.3277591973244147,0.16592427616926503,0.3281423804226919,0.31333333333333335,0.19422863485016648,0.1951219512195122,0.3133997785160576,0.3274336283185841,0.3138121546961326,0.19536423841059603,0.3274531422271224,0.32819383259911894,0.32893289328932895,0.3131868131868132,0.19538968166849616,0.1962719298245614,0.3132530120481928,0.19693654266958424,0.31366120218579235,0.314410480349345,0.31515812431842966,0.3159041394335512,0.31664853101196955,0.32608695652173914,0.3268186753528773,0.3275488069414317,0.19609967497291442,0.31601731601731603,0.31675675675675674,0.32721382289416845,0.16181229773462782,0.1627155172413793,0.32723358449946177,0.3279569892473118,0.32867883995703545,0.3293991416309013,0.16291532690246516,0.16381156316916487,0.3144385026737968,0.19444444444444445,0.19530416221985059,0.31449893390191896,0.3152289669861555,0.3276595744680851,0.1636556854410202,0.19532908704883228,0.32767762460233296,0.3283898305084746,0.3291005291005291,0.3298097251585624,0.16367476240760295,0.31329113924050633,0.19494204425711276,0.3294736842105263,0.1640378548895899,0.1953781512605042,0.3126967471143757,0.1960167714884696,0.31308900523560207,0.3138075313807531,0.31452455590386624,0.31524008350730687,0.3159541188738269,0.32708333333333334,0.31633714880332986,0.31704781704781704,0.32710280373831774,0.31742738589211617,0.31813471502590673,0.16252587991718426,0.3185108583247156,0.31921487603305787,0.31991744066047473,0.32577319587628867,0.32028836251287335,0.16255144032921812,0.32579650565262075,0.16324435318275154,0.3261538461538461,0.319672131147541,0.16376663254861823,0.32004089979550104,0.32073544433094997,0.32142857142857145,0.3221202854230377,0.32484725050916496,0.3224821973550356,0.3231707317073171,0.3248730964467005,0.3255578093306288,0.3262411347517731,0.3228744939271255,0.3235591506572295,0.3242424242424242,0.18970736629667004,0.32560483870967744,0.324269889224572,0.19014084507042253,0.3256281407035176,0.32630522088353414,0.32698094282848544,0.1903807615230461,0.19119119119119118,0.323,0.32667332667332666,0.3273453093812375,0.3230309072781655,0.19123505976095617,0.32736318407960197,0.3230616302186879,0.1916583912611718,0.32341269841269843,0.19226957383548068,0.19306930693069307,0.32344213649851633,0.1590909090909091,0.32576505429417574,0.1932938856015779,0.32315270935960594,0.32381889763779526,0.32448377581120946,0.19351669941060903,0.32482826300294404,0.1588235294117647,0.32419196865817823,0.19373776908023482,0.32453567937438904,0.3251953125,0.32390243902439025,0.15886939571150097,0.1937682570593963,0.19455252918287938,0.32458697764820216,0.3233009708737864,0.32492725509214354,0.3236434108527132,0.324298160696999,0.32495164410058025,0.32560386473429953,0.19401544401544402,0.19479267116682739,0.1955684007707129,0.3253128007699711,0.3230769230769231,0.3256484149855908,0.32341650671785027,0.1955896452540748,0.19636015325670497,0.19712918660287082,0.32504780114722753,0.3228271251193887,0.19751908396946566,0.32507149666348906,0.32571428571428573,0.1560418648905804,0.15684410646387834,0.19753086419753085,0.198292220113852,0.3251184834123223,0.3210227272727273,0.3216650898770104,0.19848771266540643,0.32200188857412654,0.32264150943396225,0.1988689915174364,0.3229755178907721,0.3236124176857949,0.15601503759398497,0.323943661971831,0.19887429643527205,0.32239925023430177,0.32397003745318353,0.32273152478952294,0.3233644859813084,0.3239962651727358,0.3246268656716418,0.19850885368126747,0.3230912476722533,0.32372093023255816,0.3243494423791822,0.32404828226555243,0.19851576994434136,0.3243744207599629,0.19907407407407407,0.32469935245143383,0.15434380776340112,0.3250230840258541,0.32287822878228783,0.32534562211981566,0.32320441988950277,0.32382704691812325,0.3244485294117647,0.325068870523416,0.15412844036697249,0.3244729605866178,0.1978021978021978,0.32479414455626715,0.32449725776965266,0.32511415525114157,0.3248175182481752,0.325432999088423,0.32604735883424407,0.3248407643312102,0.19727272727272727,0.32515894641235243,0.3257713248638838,0.3263825929283772,0.3269927536231884,0.32760180995475113,0.19710669077757687,0.1978319783197832,0.3240072202166065,0.327321911632101,0.15225225225225225,0.15301530153015303,0.3273381294964029,0.3279424977538185,0.32854578096947934,0.3291479820627803,0.1971326164874552,0.3294538943598926,0.3220035778175313,0.322609472743521,0.32321428571428573,0.15254237288135594,0.3235294117647059,0.3241317898486198,0.32473309608540923,0.328,0.19626998223801065,0.32475598935226263,0.1524822695035461,0.1966341895482728,0.19734513274336282,0.3271441202475685,0.32773851590106007,0.3283318623124448,0.3289241622574956,0.1973568281938326,0.32922535211267606,0.1521547933157432,0.3295254833040422,0.3301141352063213,0.3307017543859649,0.3312883435582822,0.3318739054290718,0.321084864391951,0.32167832167832167,0.3318777292576419,0.3324607329842932,0.3330427201394943,0.32142857142857145,0.3333333333333333,0.3339130434782609,0.3214596003475239,0.3342013888888889,0.19514310494362533,0.19584055459272098,0.3212121212121212,0.3217993079584775,0.32238547968885045,0.3229706390328152,0.3330457290767903,0.3336206896551724,0.3341946597760551,0.19535283993115318,0.3344797936371453,0.32216494845360827,0.33476394849785407,0.32246998284734135,0.1953727506426735,0.3227739726027397,0.33447390932420873,0.14871794871794872,0.322801024765158,0.33447098976109213,0.3350383631713555,0.14906303236797275,0.19489361702127658,0.33503401360544216,0.14953271028037382,0.1502546689303905,0.33502968617472434,0.33559322033898303,0.1947502116850127,0.3206429780033841,0.32121724429416737,0.3217905405405405,0.33502109704641353,0.33558178752107926,0.3218197135636057,0.3223905723905724,0.19428090832632464,0.3352941176470588,0.19479429051217464,0.19546979865771813,0.32187761944677284,0.1490787269681742,0.32217573221757323,0.1496655518394649,0.15037593984962405,0.333889816360601,0.15095913261050875,0.15166666666666667,0.33388842631140714,0.15224625623960067,0.15295095594347466,0.32059800664451826,0.33360995850622405,0.15339966832504145,0.32062966031483014,0.19370860927152317,0.32092638544251445,0.19421487603305784,0.3212221304706854,0.3325082508250825,0.3215169002473207,0.32207578253706753,0.3325102880658436,0.33305921052631576,0.33360723089564503,0.15270935960591134,0.19360131255127153,0.3336065573770492,0.1941031941031941,0.32078559738134205,0.1946034341782502,0.32107843137254904,0.3216326530612245,0.32218597063621535,0.32273838630806845,0.32328990228013027,0.15215622457282343,0.15284552845528454,0.3314378554021121,0.3319805194805195,0.19383617193836172,0.3225283630470016,0.15303643724696356,0.32281553398058255,0.32336297493936944,0.1938610662358643,0.32364810330912025,0.3241935483870968,0.330378726833199,0.3244766505636071,0.33065164923572005,0.3311897106109325,0.3244979919678715,0.15248796147672553,0.3247794707297514,0.1530448717948718,0.15372297838270615,0.3304,0.33093525179856115,0.3314696485623003,0.15403032721468476,0.1547049441786284,0.3314741035856574,0.3320063694267516,0.3229912490055688,0.3235294117647059,0.33200953137410644,0.3325396825396825,0.32355273592386996,0.3328050713153724,0.3333333333333333,0.3338607594936709,0.33438735177865614,0.19036334913112166,0.3346487766377269,0.3225552050473186,0.32308904649330183,0.3346456692913386,0.3351691581431943,0.3356918238993711,0.19010212097407697,0.3359497645211931,0.32235294117647056,0.322884012539185,0.15270164447924825,0.15336463223787167,0.3229085222830336,0.3234375,0.33489461358313816,0.18954758190327614,0.323460639127046,0.15342679127725856,0.3237354085603113,0.32426127527216175,0.3247863247863248,0.18944099378881987,0.3335919317300233,0.33410852713178296,0.3245546088303641,0.32507739938080493,0.18948182521268367,0.1901081916537867,0.3335907335907336,0.3341049382716049,0.3346183500385505,0.33513097072419107,0.32409545804464973,0.32461538461538464,0.33512682551883166,0.18970814132104455,0.1903300076745971,0.3243865030674847,0.3348659003831418,0.19065849923430322,0.324407039020658,0.3348623853211009,0.19098548510313215,0.3244274809160305,0.3348588863463005,0.3246951219512195,0.32520944402132523,0.3257229832572298,0.33460076045627374,0.3351063829787234,0.32574031890660593,0.3262518968133536,0.33510235026535257,0.19015151515151515,0.32626797880393643,0.3267776096822995,0.19047619047619047,0.3270392749244713,0.14943396226415095,0.3273001508295626,0.3278070836473248,0.1905120481927711,0.32806621519939805,0.3330827067669173,0.32832456799398946,0.1493993993993994,0.33308327081770445,0.1904047976011994,0.19101123595505617,0.19161676646706588,0.3275991024682124,0.328101644245142,0.3286034353995519,0.332089552238806,0.3325876211782252,0.3286140089418778,0.33283693224125094,0.3333333333333333,0.3338289962825279,0.32838038632986627,0.33407572383073497,0.19065281899109793,0.3283914010378058,0.19111111111111112,0.3286454478164323,0.14792899408284024,0.14855875831485588,0.3330871491875923,0.3284132841328413,0.14896755162241887,0.14959469417833457,0.19072164948453607,0.19131714495952906,0.32794117647058824,0.33210874357090375,0.14977973568281938,0.32795304475421866,0.19134897360703812,0.33186813186813185,0.3279648609077599,0.3284564740307242,0.14985380116959066,0.15047479912344777,0.1510948905109489,0.3282275711159737,0.32871720116618075,0.3306627822286963,0.19068413391557495,0.33090909090909093,0.32848837209302323,0.3289760348583878,0.3309143686502177,0.3292240754169688,0.32971014492753625,0.33019551049963797,0.3306801736613603,0.33116413593637023,0.3302023121387283,0.3306859205776173,0.15007215007215008,0.1506849315068493,0.15129682997118155,0.18934485241180707,0.3302158273381295,0.33069734004313445,0.1896551724137931,0.33094041636755206,0.32926829268292684,0.3311827956989247,0.3316618911174785,0.33214030064423766,0.33261802575107297,0.3330950679056469,0.18928571428571428,0.3333333333333333,0.15049928673323823,0.1511047754811119,0.18945868945868946,0.1900355871886121,0.3328591749644381,0.19047619047619047,0.32670454545454547,0.15117104329311568,0.32695035460992905,0.332388377037562,0.3328611898016997,0.3333333333333333,0.32673267326732675,0.3335689045936396,0.3340395480225989,0.33450952717007765,0.32651622002820874,0.3347427766032417,0.3352112676056338,0.3356790992258973,0.3361462728551336,0.32607167955024596,0.336376404494382,0.3368421052631579,0.32608695652173914,0.1885073580939033,0.18907563025210083,0.3365990202939118,0.3258741258741259,0.336827393431167,0.3261173184357542,0.14933705512909978,0.3263598326359833,0.14982578397212543,0.3266016713091922,0.32707028531663185,0.327538247566064,0.1883252258512856,0.33541666666666664,0.18875780707841777,0.3273231622746186,0.1496881496881497,0.33518005540166207,0.3356401384083045,0.3360995850622407,0.33655839668279197,0.3370165745856354,0.32643202208419597,0.3372413793103448,0.326671261199173,0.18801652892561985,0.3372333103922918,0.33768913342503437,0.32646048109965636,0.3269230769230769,0.3273850377487989,0.3374485596707819,0.3379026730637423,0.18767123287671234,0.3271731690622861,0.3276333789329685,0.32809295967190705,0.1878415300546448,0.3372013651877133,0.1480218281036835,0.3374233128834356,0.14850136239782016,0.3274336283185841,0.32789115646258504,0.1876274643099932,0.328125,0.32858112695179903,0.32903663500678426,0.32949152542372884,0.32994579945799457,0.18754231550440081,0.3301759133964817,0.33536173089925625,0.3358108108108108,0.18771100607697502,0.3299595141700405,0.33041132838840187,0.3308625336927224,0.18787878787878787,0.18842530282637954,0.3308675184936113,0.3346774193548387,0.1470785762256548,0.3308724832214765,0.18846411804158283,0.33109919571045576,0.3342263898191561,0.14725568942436412,0.18862876254180602,0.33088235294117646,0.33132932531730125,0.18891855807743657,0.3315543695797198,0.3333333333333333,0.33377748167888077,0.33422103861517977,0.334664005322688,0.33111702127659576,0.3315614617940199,0.33200531208499334,0.18845388188453882,0.1889920424403183,0.1464546056991385,0.3337748344370861,0.3315684976836532,0.14682539682539683,0.3317911434236616,0.333553500660502,0.18877887788778877,0.3337730870712401,0.14700065919578115,0.3313570487483531,0.1889400921658986,0.18947368421052632,0.3333333333333333,0.3311432325886991,0.14707813525935653,0.33136482939632544,0.14754098360655737,0.14809960681520315,0.33136869679109365,0.14856020942408377,0.3322432962720733,0.18888888888888888,0.18941868060091444,0.3322454308093995,0.33072407045009783,0.1897001303780965,0.3309446254071661,0.3313802083333333,0.3318152244632401,0.33224967490247076,0.3313840155945419,0.33181818181818185,0.33225178455548343,0.3320363164721141,0.3324692158133506,0.3329015544041451,0.3333333333333333,0.1888745148771022,0.33160956690368454,0.1892764857881137,0.18979987088444158,0.33161290322580644,0.33268858800773693,0.3331185567010309,0.33354797166773986,0.333976833976834,0.33440514469453375,0.33483290488431877,0.1464354527938343,0.3305519897304236,0.1468890314304041,0.3346153846153846,0.3350416399743754,0.18886043533930857,0.33013435700575816,0.3305626598465473,0.33099041533546325,0.3314176245210728,0.3318442884492661,0.18877551020408162,0.33397068196303376,0.189171974522293,0.1464035646085296,0.33142493638676845,0.14685314685314685,0.3335451080050826,0.33396825396825397,0.33121827411167515,0.18896639188332276,0.3314321926489227,0.3318556048131729,0.3322784810126582,0.3333333333333333,0.33375474083438683,0.33417561591914086,0.18876262626262627,0.1892744479495268,0.3316519546027743,0.3320730938878387,0.14609571788413098,0.14663310258023915,0.3333333333333333,0.33375235700817096,0.18907035175879397,0.3339610797237916,0.18946047678795483,0.3341692789968652,0.14661654135338345,0.1897307451471509,0.14705882352941177,0.3339587242026266,0.334375,0.33479075577763895,0.3352059925093633,0.32938240798502805,0.32980049875311723,0.3302180685358255,0.18929016189290163,0.33478531425015556,0.14676616915422885,0.3300186451211933,0.33043478260869563,0.3308504034761018,0.33126550868486354,0.33168009919404834,0.14684014869888476,0.14736842105263157,0.3316831683168317,0.3320964749536178,0.33250927070457353,0.3329215565163681,0.33271604938271604,0.33312769895126465,0.14734895191122072,0.3333333333333333,0.33374384236453203,0.33415384615384613,0.33456334563345635,0.1874615857406269,0.18796068796068796,0.334561080417434,0.18834355828220858,0.33108522378908645,0.3314950980392157,0.33190447030006126,0.14687882496940025,0.18837920489296636,0.33374083129584353,0.33170433720219916,0.14713064713064714,0.33190970103721784,0.3323170731707317,0.3333333333333333,0.14738124238733252,0.18807060255629945,0.18856447688564476,0.1890577507598784,0.18955042527339003,0.331511839708561,0.18992718446601942,0.14736203759854458,0.1478787878787879,0.3319200484554815,0.3311138014527845,0.3315184513006655,0.18984280532043532,0.1903323262839879,0.33152173913043476,0.331925165962583,0.19059107358262967,0.3309222423146474,0.33192771084337347,0.33112582781456956,0.190734055354994,0.19122068550811785,0.14723557692307693,0.1915915915915916,0.33133253301320525,0.14757048590281943,0.3315347721822542,0.3301378070701019,0.33053892215568864,0.1478156792339916,0.3307416267942584,0.3311416616855947,0.3309438470728793,0.191044776119403,0.191527446300716,0.33094812164579607,0.19189511323003575,0.33114949374627756,0.14761904761904762,0.14812611540749554,0.14863258026159334,0.32976827094474154,0.1490498812351544,0.1916913946587537,0.32977461447212336,0.19205690574985182,0.14928909952606634,0.32978093546477205,0.329585798816568,0.192193968066233,0.32978723404255317,0.19255759007678677,0.3293978748524203,0.3297935103244838,0.3295990566037736,0.32999410724808487,0.19257950530035337,0.329605650382578,0.19294117647058823,0.1934156378600823,0.14864864864864866,0.32941867293012334,0.14906103286384975,0.32903225806451614,0.19343493552168817,0.3292325717633275,0.32903981264637,0.32943241661790523,0.14912280701754385,0.32904734073641145,0.3294392523364486,0.329246935201401,0.14935822637106183,0.3294460641399417,0.3298368298368298,0.3302271403610949,0.3288707799767171,0.19255381035485747,0.32906976744186045,0.1493317838466008,0.32926829268292684,0.3296575739988392,0.330046403712297,0.33043478260869563,0.3308227114716107,0.1922408801389693,0.19270833333333334,0.19317524580682474,0.3283236994219653,0.19352975158867705,0.3302540415704388,0.1488747836122331,0.14936562860438293,0.3279538904899135,0.3283410138248848,0.32872769142199193,0.3291139240506329,0.14951121334100057,0.15,0.19299253302699598,0.32893226176808266,0.3293172690763052,0.32855504587155965,0.32951289398280803,0.32989690721649484,0.19290211791642817,0.14988558352402745,0.19325328759291024,0.328,0.19360365505425473,0.15011415525114155,0.1939532230462065,0.15051311288483465,0.32763532763532766,0.15091116173120728,0.32783153101878204,0.3282138794084187,0.1938601478112564,0.1943181818181818,0.3276547416240772,0.3280363223609535,0.19455473624503686,0.3282312925170068,0.3286118980169972,0.19479048697621745,0.3288058856819468,0.32918552036199095,0.1950254381006218,0.19548022598870057,0.32919254658385094,0.19582392776523702,0.3260011280315849,0.32638105975197296,0.3267605633802817,0.32713963963963966,0.19583567810917277,0.32733408323959506,0.14952220348510398,0.32752808988764043,0.14991577765300393,0.3277216610549944,0.15030846887268648,0.327914798206278,0.1507002801120448,0.1511758118701008,0.15165081141578063,0.3277404921700224,0.1520402459474567,0.32793296089385476,0.152428810720268,0.328125,0.32849972113775794,0.1527313266443701,0.3286908077994429,0.15311804008908686,0.19421257651641624,0.15350389321468297,0.19455252918287938,0.15388888888888888,0.1948917268184342,0.15427302996670367,0.15474209650582363,0.1951219512195122,0.3235457063711911,0.1954595791805094,0.1549529607083564,0.1554203539823009,0.32338308457711445,0.3237569060773481,0.3263390392048592,0.19536423841059603,0.19580805295091008,0.15545755237045203,0.15592286501377411,0.1960352422907489,0.3230599889928453,0.3234323432343234,0.32545354590434306,0.19615384615384615,0.19659527732015375,0.15587266739846323,0.15633571036752605,0.15679824561403508,0.15726027397260273,0.32256297918948523,0.15763546798029557,0.15809628008752735,0.32422088572990704,0.15846994535519127,0.3244128891316221,0.3220524017467249,0.15875613747954173,0.15921483097055616,0.19564032697547684,0.32189542483660133,0.32389765922700053,0.15941240478781285,0.1598694942903752,0.1956521739130435,0.3237370994024986,0.3241042345276873,0.16006511123168746,0.16052060737527116,0.1956639566395664,0.1608884073672806,0.1613427179209529,0.1958874458874459,0.32341806381828014,0.1616216216216216,0.3236088600756348,0.19600431965442763,0.32379924446842956,0.16181229773462782,0.16226415094339622,0.31896551724137934,0.1626278944534195,0.19590958019375673,0.1629908552985476,0.16344086021505377,0.3186458893068243,0.19602577873254565,0.16371443907675792,0.32242489270386265,0.19624664879356568,0.1639871382636656,0.32244242099625064,0.3228051391862955,0.164258962011771,0.16470588235294117,0.3174772848743987,0.16506410256410256,0.3224773091297384,0.32283884738527213,0.19573333333333334,0.31716417910447764,0.19605753862546618,0.1650692225772098,0.3225119744544971,0.19627659574468084,0.16533758639021798,0.32252922422954305,0.31651619755708976,0.16560509554140126,0.1962864721485411,0.316542948038176,0.1966083730789613,0.3167372881355932,0.196929592376919,0.16560846560846562,0.16604970914859862,0.16649048625792812,0.31642894875858424,0.1969376979936642,0.16675461741424802,0.16719409282700423,0.19715340010542962,0.16754478398314016,0.16798314902580305,0.3157894736842105,0.3161493950552341,0.31650893796004204,0.16815554387808723,0.3167016806722689,0.16850393700787403,0.1689401888772298,0.3188253801782905,0.3165618448637317,0.16919853326348874,0.16963350785340314,0.31868131868131866,0.16997907949790794,0.17041296393099845,0.19592476489028213,0.19634464751958225,0.1967640918580376,0.31559728742827337,0.19708029197080293,0.17040125065138093,0.17083333333333334,0.31546069755335765,0.19719042663891778,0.3156526261050442,0.31704781704781704,0.31584415584415587,0.31723779854620976,0.3160352880124546,0.17064315352697096,0.19699326075686885,0.3170984455958549,0.19730709476954947,0.19772256728778467,0.17071908949818934,0.17114788004136505,0.3152454780361757,0.17148760330578514,0.17191533298915848,0.17234262125902994,0.3151108818978855,0.31597938144329896,0.19732096857290057,0.19773429454170957,0.1724137931034483,0.31584362139917693,0.17275064267352186,0.17317574511819117,0.31587057010785824,0.3162217659137577,0.19753719856336582,0.17333333333333334,0.31624807790876475,0.19774590163934427,0.17357910906298002,0.3162743091095189,0.3130434782608696,0.1738241308793456,0.31323454266734796,0.1976506639427988,0.1740684022460439,0.31581632653061226,0.19785823559408466,0.1743119266055046,0.17473255221599593,0.31262729124236255,0.17506361323155217,0.17548321464903358,0.3126588713777326,0.1758130081300813,0.19756221432199086,0.31269035532994927,0.197869101978691,0.17596348884381338,0.31424227065382665,0.1762917933130699,0.17670886075949366,0.1978744939271255,0.19828022255943348,0.31193124368048536,0.3122789287518949,0.1984848484848485,0.31246845027763753,0.1987891019172553,0.19919314170448815,0.3130040322580645,0.3133501259445844,0.17623363544813697,0.1992954202315048,0.3118712273641851,0.19959778783308196,0.1763819095477387,0.3129080863887494,0.3132530120481928,0.1996989463120923,0.3114343029087262,0.3117794486215539,0.31312625250501,0.31196795192789184,0.3123123123123123,0.31315657828914456,0.176,0.31334332833583206,0.31368631368631367,0.3140289565651523,0.31187624750499005,0.17605985037406482,0.3140578265204387,0.3143996013951171,0.19870517928286852,0.31458437033349923,0.31144278606965176,0.3147687717553456,0.31510934393638174,0.17585692995529062,0.31529294935451835,0.31116625310173696,0.17609126984126985,0.3113534952900347,0.19821605550049554,0.3150074294205052,0.19851485148514852,0.3151904997525977,0.31107814045499504,0.31141868512110726,0.3117588932806324,0.31506172839506175,0.31539980256663375,0.3117908238776517,0.1755424063116371,0.3154263183834401,0.31576354679802954,0.19793205317577547,0.31151574803149606,0.3118544023610428,0.31219272369714846,0.17542997542997543,0.3153241650294695,0.3122238586156112,0.19774288518155053,0.31535066208925944,0.1980392156862745,0.315531602155806,0.19833496571988246,0.19872736172295644,0.3155577299412916,0.3158924205378973,0.31622678396871945,0.3165608207132389,0.31689453125,0.19863347974621767,0.19902439024390245,0.17454900048756705,0.31676413255360625,0.3170969313200195,0.317429406037001,0.3099756690997567,0.31760700389105057,0.17452600875060767,0.1749271137026239,0.30985915492957744,0.19854368932038835,0.3173216885007278,0.3176527643064985,0.3179835191468735,0.3183139534883721,0.19854721549636803,0.1989351403678606,0.19932268988872762,0.3089941972920696,0.3180280328661189,0.3183574879227053,0.31868662481892807,0.319015444015444,0.3193439459720212,0.17405978784956605,0.31951807228915663,0.1989402697495183,0.19932595089070776,0.19971126082771895,0.2000962000962001,0.3192307692307692,0.2003844305622297,0.17387127761767532,0.31925108017282766,0.31957773512476007,0.3199040767386091,0.3202301054650048,0.20028749401054144,0.2006704980842912,0.20105313547151749,0.3062200956937799,0.3199426111908178,0.3202676864244742,0.32059245102723366,0.3061127029608405,0.3064439140811456,0.17318702290076335,0.32045779685264664,0.3207816968541468,0.3211052882324917,0.20047619047619047,0.2008567348881485,0.20123691722169362,0.30575368521160246,0.3208174904942966,0.17292161520190025,0.17331433998100665,0.17370669197911723,0.17409867172675522,0.17449027975343764,0.17488151658767773,0.2008526764566556,0.30492424242424243,0.31992427827733083,0.3051087984862819,0.17494089834515367,0.3052930056710775,0.1752479924421351,0.30547686496695,0.31949032562529495,0.31981132075471697,0.3201320132013201,0.3053722902921772,0.30569948186528495,0.3060263653483992,0.17505882352941177,0.30620884289746003,0.31969910672308416,0.19971804511278196,0.31986848285580083,0.2,0.3059596433599249,0.3062851782363977,0.3066104078762307,0.3069353327085286,0.17470725995316158,0.1750936329588015,0.3191389798783341,0.3194574368568756,0.19962599345488546,0.31962616822429907,0.31994395142456794,0.3202614379084967,0.17498833411105927,0.30597014925373134,0.17529137529137528,0.19944082013047532,0.319981369352585,0.3202979515828678,0.32061423918101445,0.3209302325581395,0.32124593212459324,0.3215613382899628,0.19925685090571296,0.19962859795728877,0.32157772621809744,0.32189239332096475,0.17477978674084377,0.17516218721038,0.30430754979157015,0.32175925925925924,0.3044886626561777,0.30481036077705825,0.30513176144244103,0.17513863216266173,0.17551963048498845,0.17590027700831026,0.19889247808029534,0.3210332103321033,0.1991701244813278,0.19953917050691244,0.30446798710271766,0.1998158379373849,0.32075471698113206,0.32106715731370744,0.3213793103448276,0.30422794117647056,0.1998162609095085,0.3213957759412305,0.30426801284993116,0.32155963302752294,0.3044475011462632,0.17506874427131072,0.17544663307375172,0.30448717948717946,0.30480549199084667,0.19945105215004574,0.32098765432098764,0.19972577696526508,0.32115121059844676,0.2,0.3213144682793245,0.30428832116788324,0.30460556315549475,0.304922515952598,0.17494305239179955,0.32103825136612024,0.17523896222121074,0.17561419472247497,0.3210550250113688,0.30454545454545456,0.3048614266242617,0.30517711171662126,0.17566954153427145,0.19918330308529947,0.32063492063492066,0.3209428830462375,0.32125056637970095,0.30480072463768115,0.19918515165233136,0.3212669683257919,0.32157394843962006,0.321880650994575,0.19927699954812472,0.1996386630532972,0.3218961625282167,0.30415162454873645,0.17501127649977447,0.3219116321009919,0.17530419107706174,0.32207207207207206,0.3039171544349392,0.30423042304230424,0.3045434098065677,0.17535971223021582,0.17573033707865168,0.1761006289308176,0.19892231701841043,0.30430879712746856,0.30462090623598026,0.32107623318385653,0.3047960555804572,0.30510752688172044,0.3054187192118227,0.17591763652641002,0.19865771812080538,0.3206618962432916,0.3209655789003129,0.32126899016979443,0.321572130415364,0.321875,0.17581436858545293,0.19848349687778769,0.19884083816317433,0.32174688057041,0.19910913140311803,0.3040961709706144,0.19937694704049844,0.304270462633452,0.32147621164962203,0.30444444444444446,0.3216348289649045,0.1993783303730018,0.19973368841544606,0.30434782608695654,0.2,0.3045212765957447,0.20026583961010191,0.32108060230292296,0.3045595396193006,0.32123893805309733,0.30473241928350286,0.17462422634836428,0.2001767565178966,0.20053003533568906,0.304635761589404,0.3208296557811121,0.3211292456991619,0.1746031746031746,0.30453944468929045,0.20044052863436124,0.20079260237780713,0.320862676056338,0.32116146062472506,0.32145998240985046,0.32175824175824175,0.2007908611599297,0.3039086517347387,0.3217734855136084,0.17419921017990347,0.30394736842105263,0.32178868917141606,0.3220858895705521,0.32238282961016207,0.20052539404553416,0.3225382932166302,0.17410323709536307,0.17446436379536512,0.17482517482517482,0.20052424639580602,0.30305676855895197,0.17503273679615888,0.3219895287958115,0.2006105538595726,0.3029642545771578,0.3032679738562091,0.30357142857142855,0.17501088376142795,0.1753698868581375,0.32144410613310137,0.17565217391304347,0.20034767492394612,0.3032145960034752,0.2006079027355623,0.3033854166666667,0.175704989154013,0.30355594102341715,0.3207628955353273,0.3037261698440208,0.30402771762667824,0.30432900432900434,0.2003461704889658,0.3044982698961938,0.3203631647211414,0.320656871218669,0.3209503239740821,0.32124352331606215,0.32153646957272336,0.30414150129421913,0.3216903837861147,0.30431034482758623,0.3218440327445067,0.32213608957795004,0.17477399913904434,0.1751290877796902,0.3221505376344086,0.32244196044711954,0.3038246669531586,0.30412371134020616,0.3044224989265779,0.17510729613733905,0.19905619905619906,0.19939965694682676,0.3219031290184312,0.3221936589545844,0.17516059957173447,0.175513698630137,0.17586649550706032,0.30367835757057315,0.19923044035912782,0.3217948717948718,0.3220845792396412,0.19940222032450897,0.32223644899701237,0.19965870307167236,0.32238805970149254,0.3030690537084399,0.1998295696634001,0.32240204429301533,0.3226905065985526,0.3229787234042553,0.1999149298170991,0.30272108843537415,0.3030174245643859,0.1750212404418012,0.30318471337579617,0.3225806451612903,0.175222740772168,0.32273112807463955,0.175498092412039,0.19957627118644067,0.30283778060144007,0.32260795935647757,0.3228946254760897,0.30287648054145516,0.17547568710359407,0.30304311073541845,0.32277144064216307,0.17567567567567569,0.17602363866610385,0.3227848101265823,0.17629692113032475,0.30269814502529513,0.32279814580699534,0.1988205560235889,0.32294736842105265,0.32323232323232326,0.19899032393773664,0.30235492010092513,0.3026481715006305,0.3029411764705882,0.1759764804703906,0.19899244332493704,0.3029794376835921,0.30327181208053694,0.32243186582809225,0.32271584241408213,0.17595307917888564,0.30318257956448913,0.3227291753871913,0.32301255230125525,0.30322040987034715,0.30351170568561875,0.32302549101546174,0.3233082706766917,0.1757828810020877,0.19824707846410686,0.32332081768877763,0.3031693077564637,0.3034597749062109,0.17583333333333334,0.3036234902124115,0.3039134054954205,0.1760299625468165,0.3227953410981697,0.19792099792099793,0.3229426433915212,0.30369754881595346,0.3230897009966777,0.1980074719800747,0.3232365145228216,0.32351721277478224,0.3237976782752902,0.3240779113137174,0.3243579121789561,0.17556935817805383,0.3029801324503311,0.17583781547372776,0.1761786600496278,0.32410086812732536,0.17644628099173554,0.3242461792647666,0.3026424442609414,0.3243912505158894,0.32466996699669964,0.302680412371134,0.30296784830997525,0.32468067573135556,0.17627677100494235,0.19678880197612186,0.19711934156378602,0.1974496092143151,0.3026315789473684,0.3242909987669544,0.3245686113393591,0.3248459958932238,0.17610837438423646,0.3024210094378334,0.19729286300246104,0.3025830258302583,0.1762295081967213,0.17656698074559607,0.19737919737919737,0.30249693000409333,0.176759410801964,0.30265848670756645,0.1974652493867539,0.3236616264814058,0.17687908496732027,0.32380563495304204,0.19755102040816327,0.19787841697266423,0.32381729200652526,0.198124745209947,0.19845150774246129,0.19877800407331975,0.30171009771986973,0.3235653235653236,0.32384052074857606,0.17649450996339974,0.32398373983739837,0.19869971556277935,0.3013809910641755,0.17661388550548113,0.32386363636363635,0.32413793103448274,0.19870235198702352,0.3242805026347791,0.19894651539708266,0.30093155123531795,0.17651821862348177,0.3241602590044516,0.19902912621359223,0.30084917104731096,0.17663702506063056,0.324040404040404,0.1991114701130856,0.32418247880500606,0.17675544794188863,0.30052440500201694,0.17701612903225805,0.32406287787182586,0.3005640612409347,0.3008457511075312,0.30112721417069244,0.19879275653923542,0.3012872083668544,0.1769199839163651,0.32355305466237944,0.17717959019686622,0.17751004016064256,0.3235648334002409,0.3238362760834671,0.19855595667870035,0.30072173215717724,0.301002004008016,0.30128205128205127,0.17741289547456948,0.177742193755004,0.17807122849139656,0.1984,0.3010795681727309,0.19864108713029577,0.1781861765880943,0.3226837060702875,0.300998003992016,0.30127693535514766,0.19864379736737137,0.3014354066985646,0.30171383021123954,0.17808764940239044,0.3018717642373556,0.3021496815286624,0.1985674492638281,0.32179793158313447,0.3220675944333996,0.178060413354531,0.17838696861342868,0.3220810166799047,0.17864231838030964,0.32222222222222224,0.3014676715589052,0.3223632038065028,0.3226317875544986,0.17868462757527734,0.19801980198019803,0.32264449722882027,0.3229125445191927,0.32318037974683544,0.30090945037564254,0.17865612648221343,0.17898064006321612,0.179304897314376,0.19778918278720883,0.3228097868981847,0.3230769230769231,0.17941640378548895,0.3232163973196689,0.30023640661938533,0.19771563607719575,0.1980314960629921,0.19834710743801653,0.3001573564122738,0.3228470310656705,0.300314465408805,0.3229862475442043,0.1791044776119403,0.1982724774244209,0.32299843014128726,0.32326402510788543,0.3235294117647059,0.32379459035672287,0.29976489028213166,0.300039169604387,0.17893500391542677,0.3001956947162427,0.32355242566510173,0.1791161517403207,0.19781078967943705,0.30011723329425555,0.179296875,0.17961733697774307,0.3001561280249805,0.32305891533359343,0.3003120124804992,0.3231968810916179,0.3004676539360873,0.32333463186599143,0.1795171339563863,0.3234721681588167,0.17976653696498054,0.1971995332555426,0.3001555209953344,0.3233579479207151,0.19735819735819735,0.32349514563106796,0.32375776397515527,0.1796662786185487,0.29984484096198605,0.30011632415664985,0.3003875968992248,0.1797752808988764,0.3005422153369481,0.3008130081300813,0.3231424148606811,0.19690522243713732,0.32327919566898683,0.17974487823734056,0.3234157650695518,0.3005021243723445,0.1799227799227799,0.323427248166731,0.3236882716049383,0.30042421905129196,0.3006939090208173,0.3236994219653179,0.17989214175654852,0.19638043896804006,0.32371054657428794,0.32397075798383995,0.18,0.30026912725874666,0.3005380476556495,0.19631194775259317,0.30069124423963134,0.19654510556621882,0.3234842670759785,0.19677790563866512,0.3236196319018405,0.19701034879264087,0.1796934865900383,0.3236307927996936,0.3238897396630934,0.3241484883275928,0.324407039020658,0.29980879541108985,0.19686544342507645,0.19717233473442874,0.3242933537051184,0.3245513554791905,0.17938931297709923,0.32468523464326593,0.2993897787948131,0.19710255432710636,0.2995426829268293,0.17942857142857144,0.17974105102817975,0.18005329272934906,0.19710806697108066,0.32407759604412323,0.1973384030418251,0.2991258076776891,0.18009118541033434,0.1974933535890619,0.32384206529992404,0.3240986717267552,0.29893778452200304,0.2992036405005688,0.1974981046247157,0.2993558165971959,0.17992424242424243,0.2995077622112836,0.1975775927327782,0.2996594778660613,0.1800302571860817,0.2998109640831758,0.19765684051398338,0.3230071779372875,0.32326283987915405,0.18006795016987542,0.19773584905660377,0.18030931723877783,0.19796380090497737,0.2992838296268375,0.19819140919366993,0.2994350282485876,0.3226656626506024,0.3229205871283402,0.3231753197893153,0.19819481007897705,0.3233082706766917,0.2991356632844795,0.17993989481592787,0.2992865189635749,0.29954954954954954,0.299812382739212,0.1980495123780945,0.19835020622422198,0.19865067466266867,0.32259273136005995,0.299625468164794,0.17970797454137027,0.18001497005988024,0.2996632996632997,0.3223635003739716,0.19850467289719625,0.32249626307922274,0.18005229734777736,0.2994772218073189,0.322508398656215,0.1802238805970149,0.19843342036553524,0.2994034302759135,0.32240029817368615,0.3226527570789866,0.3229050279329609,0.3231571109456441,0.32340900632675845,0.3236607142857143,0.17999256229081442,0.3237918215613383,0.2987736900780379,0.19799405646359583,0.19829186780542146,0.29881217520415737,0.17996289424860853,0.18026706231454007,0.18057100482017055,0.2987398072646405,0.2989996294924046,0.19814814814814816,0.322843391336542,0.18060695780903036,0.32297447280799113,0.2988165680473373,0.19815157116451015,0.1984478935698448,0.19874399704469892,0.19903988183161003,0.2986341823551126,0.2988929889298893,0.18037624492807083,0.19911504424778761,0.19941024695908588,0.18054532056005895,0.1996316758747698,0.19992636229749633,0.18071402281928597,0.18101545253863136,0.2982714233173961,0.18125,0.32120543917677324,0.29831006612784716,0.19977965479250825,0.29845814977973567,0.2,0.32098312545854735,0.2984965163182985,0.1810850439882698,0.20007328691828508,0.20036630036630038,0.1812522885389967,0.29831625183016103,0.18148554701792902,0.32040965618141914,0.2983546617915905,0.20029239766081872,0.20058458165875045,0.29839298758217675,0.20080321285140562,0.1813868613138686,0.2984312294782926,0.20094821298322393,0.18155304411228582,0.29846938775510207,0.2010928961748634,0.18171886380189367,0.29850746268656714,0.2987627365356623,0.18188432157148055,0.2010909090909091,0.1821155943293348,0.31867732558139533,0.2985833636033418,0.29883805374001454,0.20108892921960073,0.18214804063860668,0.2988755894087777,0.18237853517041333,0.20115984052192823,0.29891304347826086,0.20137631293009778,0.2990586531498914,0.18241042345276873,0.2992040520984081,0.18264014466546113,0.1829356471438901,0.1832309360318034,0.18352601156069365,0.2990249187432286,0.18375451263537906,0.20101046553590762,0.31673881673881676,0.18391633609808872,0.31687094448449893,0.29873873873873874,0.3170028818443804,0.3172488296723082,0.20086393088552915,0.2986685858222382,0.20107913669064748,0.2988133764832794,0.29906542056074764,0.31692418253683075,0.3171695402298851,0.18348294434470377,0.18377602297200288,0.18406889128094725,0.29878048780487804,0.3169594836859089,0.3172043010752688,0.1841633823002508,0.3173352435530086,0.3175796634443251,0.3178239083750895,0.29838998211091233,0.31795422031473536,0.2985341437254201,0.20014295925661185,0.18399428367274026,0.20035714285714284,0.31774366297750806,0.2983583154889365,0.20049946485907955,0.1840228245363766,0.2983957219251337,0.184248039914469,0.18453865336658354,0.3173076923076923,0.2983268066927732,0.18469750889679715,0.31732479544646036,0.31756756756756754,0.20014219694276572,0.29815209665955933,0.20035523978685613,0.3174715909090909,0.1845935392261271,0.18488289567068844,0.20042568286626464,0.20070921985815604,0.3172633817795108,0.20092133238837703,0.2975557917109458,0.1848441926345609,0.2976991150442478,0.29794762915782025,0.20091970286522814,0.2012022630834512,0.18487097914457407,0.20141342756183744,0.2016955139526669,0.2019774011299435,0.20225908930462408,0.31616090331686664,0.18483245149911817,0.20239774330042312,0.20267888614733873,0.1849894291754757,0.20288834096512856,0.20316901408450705,0.18514607532558958,0.29662209711470794,0.18536756946887092,0.2967651195499297,0.29701230228471004,0.20309205903021785,0.2971548998946259,0.2033005617977528,0.2972972972972973,0.29754385964912283,0.18519817607856892,0.31451612903225806,0.20329477742726954,0.29747722494744216,0.20350262697022767,0.18522408963585435,0.20371018550927547,0.185444366689993,0.31409583770549143,0.20384615384615384,0.20412443201677735,0.3141160027952481,0.31435557107928747,0.29678770949720673,0.29703315881326353,0.2041172365666434,0.31426578304848274,0.18514644351464435,0.3143952596723597,0.29686411149825787,0.1853012887495646,0.31441504178272983,0.20396797772363384,0.29679888656924147,0.20417391304347826,0.3143254520166898,0.20437956204379562,0.20465601111883253,0.1851337269885377,0.18541666666666667,0.3141270392224922,0.1856349757113116,0.29621921609434615,0.2964632454923717,0.31403812824956673,0.18572418572418573,0.20436439210252857,0.2046398891966759,0.18587746625129803,0.20484429065743945,0.2051193358699412,0.2959889349930844,0.31351538195644657,0.29612992398064963,0.20518134715025907,0.20545580110497239,0.3134276838108388,0.2056590752242926,0.20593308037254227,0.31344827586206897,0.2957600827300931,0.18538938662991042,0.20599379951774027,0.1856060606060606,0.2061962134251291,0.20646937370956642,0.3130374957000344,0.20667125171939477,0.18563080096253007,0.2951890034364261,0.3129508759876331,0.20673076923076922,0.29522828698935805,0.29547014413177763,0.1855917667238422,0.1858710562414266,0.18615015426808365,0.295407813570939,0.18636519355943817,0.2065068493150685,0.2954467648065731,0.20670773442847365,0.2955867259664728,0.3119015047879617,0.20683760683760682,0.20710868079289133,0.3119234711308507,0.2073087431693989,0.18607033117104813,0.295221843003413,0.20743773456158307,0.18622100954979537,0.20763723150357996,0.3115201090661213,0.18637137989778535,0.2949591280653951,0.3115423901940756,0.3117767188563649,0.20755358965634568,0.29489795918367345,0.18633117987079226,0.18660774983004758,0.2949371389738362,0.20754076086956522,0.29507640067911717,0.2953156822810591,0.31116389548693585,0.1865671641791045,0.186842997626314,0.2952542372881356,0.1870552355133853,0.2953929539295393,0.31087030138841854,0.2955314827352742,0.2957698815566836,0.2070365358592693,0.1870138654041258,0.29580797836375927,0.2960459614734708,0.18716216216216217,0.20702465383316448,0.20729237002025658,0.3101586230172123,0.2074898785425101,0.2957841483979764,0.1871207012811868,0.18739467475564545,0.29582210242587603,0.18760525429437522,0.30976430976430974,0.20733759676876473,0.2076043068640646,0.2956609485368315,0.29589778076664425,0.18756302521008403,0.20766129032258066,0.207927443735304,0.30926796507723303,0.20812353138637127,0.18758389261744968,0.18785642401878563,0.295439302481556,0.18806570566543748,0.3089812332439678,0.30921273031825797,0.18821165438714,0.18848342818881822,0.20783132530120482,0.20809635329541654,0.30903010033444817,0.20829154129053828,0.20855614973262032,0.30905446040761775,0.3092852371409486,0.29449081803005006,0.20861148197596796,0.20887554220887555,0.29452968645763844,0.29476492164054685,0.295,0.1879373542152616,0.2088607594936709,0.18814518814518816,0.20905459387483355,0.2093178036605657,0.3083832335329341,0.18822746923844363,0.2945478723404255,0.18843469591226322,0.20930232558139536,0.308203254732647,0.20949535192563082,0.20975771656156655,0.21001990710019908,0.21028192371475954,0.21054376657824933,0.2940006629101757,0.294234592445328,0.21066578337197747,0.2943708609271523,0.21085733200926846,0.2945069490403706,0.2947403241812769,0.210978835978836,0.18776859504132232,0.18803701255783212,0.21110009910802774,0.21136063408190225,0.1881809177946517,0.21155115511551156,0.2118112834048169,0.3063984168865435,0.21200131882624465,0.2122610415293342,0.18813838550247117,0.2124505928853755,0.18834376028975963,0.21263989466754443,0.21289897992760776,0.3059210526315789,0.29332456428806314,0.21301775147928995,0.2934604009201446,0.21320630749014455,0.2134646962233169,0.3056467498358503,0.3058746307843781,0.2933070866141732,0.29353886520170547,0.21344262295081967,0.3058013765978368,0.21363040629095675,0.30592859482476253,0.18762278978389,0.1878887070376432,0.2136780104712042,0.2139352306182532,0.3057553956834532,0.21412226217718208,0.2928104575163399,0.18784710878797778,0.21423905943827565,0.21449559255631734,0.21475195822454307,0.21500815660685155,0.21526418786692758,0.18780567329638082,0.18807040417209908,0.30498533724340177,0.2921824104234528,0.21523933572126344,0.21549479166666666,0.2922225837943378,0.30481457384515287,0.2923577235772358,0.3049414824447334,0.3051673708157296,0.30539311241065625,0.2923026956804157,0.29253246753246753,0.18760142810775723,0.30532121998702144,0.18780408692831657,0.2924773022049287,0.1880064829821718,0.29261179520414776,0.18820861678004536,0.21470207253886012,0.21495629653609583,0.1883495145631068,0.29246198641216437,0.21507115135834412,0.18849013902360168,0.3044602456367162,0.21518578352180937,0.292312661498708,0.21536971262512108,0.2156229825693996,0.18844788641497257,0.21580645161290324,0.2921638181231861,0.3039974210186976,0.1885272317112472,0.18878865979381443,0.29210950080515297,0.3039278815196394,0.3041519150305761,0.29214929214929214,0.29237697008684466,0.30418006430868166,0.2153648344583735,0.18862467866323906,0.21554770318021202,0.18882466281310212,0.29213483146067415,0.21566110397946084,0.21591273660571061,0.3037203335471456,0.30394357165758257,0.21602564102564104,0.3040692085869913,0.21620755925688662,0.3041946845981428,0.21638924455825864,0.21664,0.30422264875239924,0.1883594499520307,0.21675191815856779,0.3042505592841163,0.2169329073482428,0.29096135419993613,0.29118773946360155,0.1883179061602298,0.2169751116783663,0.21722488038277513,0.2911352040816326,0.21740516416958877,0.21765455704270237,0.30359987257088245,0.3038216560509554,0.2909901305316778,0.29121578612348825,0.1880369074132994,0.2913486005089059,0.21748807631160572,0.21773680864589956,0.3034636161423578,0.2179161372299873,0.21816449666560814,0.3034920634920635,0.1878768644874643,0.30361675126903553,0.18807484934982557,0.21813570069752694,0.21838351822503962,0.188212927756654,0.21856192587899906,0.2188093730208993,0.21905666350110795,0.3031645569620253,0.30338500474533375,0.2900063251106894,0.2902307935504268,0.18805309734513273,0.218957345971564,0.21920404295641188,0.21945058414903695,0.2900883838383838,0.2903124013884506,0.29053627760252365,0.2907600126143173,0.21941992433795712,0.21966593129530412,0.21991178323881538,0.22015748031496063,0.22040302267002518,0.3021718602455146,0.30239144115796096,0.3026108839257628,0.290251572327044,0.22037095253065073,0.18730358265241986,0.1875589066918002,0.29020100502512564,0.22040816326530613,0.29033270558694285,0.3021650454973329,0.30238393977415307,0.3026026967701474,0.22037617554858935,0.3027264180507678,0.22055137844611528,0.2207954901346696,0.3027551659361302,0.28982785602503913,0.22090112640801002,0.18705035971223022,0.2210756722951845,0.1872460143794936,0.2896875,0.18744142455482662,0.3023110555902561,0.1876365906962223,0.2209737827715356,0.30234009360374414,0.22114784778540236,0.22139070782662926,0.2892768079800499,0.22156435026488003,0.18753894080996886,0.2893179694799128,0.22166874221668742,0.1876750700280112,0.2893590541381456,0.18786936236391913,0.1881218905472637,0.22163506372396644,0.2218769422001243,0.3013358185771979,0.18819875776397516,0.221980751319466,0.18839230291744258,0.288861309339125,0.18858560794044665,0.222015503875969,0.2889026658400496,0.30089866749302757,0.22211895910780668,0.30102198823165066,0.2888544891640867,0.18848653667595172,0.28898514851485146,0.22208475100525826,0.22232529375386517,0.18856259659969088,0.30067985166872685,0.2888476984862527,0.22235948116121063,0.300710095708552,0.28888888888888886,0.18852206109225547,0.2890191239975324,0.2223250077089115,0.22256473489519113,0.289060092449923,0.22273567467652494,0.28919002155836154,0.3001847290640394,0.22283779624499847,0.28923076923076924,0.22300830513688097,0.28936039360393606,0.22317860436520134,0.2894898586355255,0.28970814132104455,0.18796068796068796,0.28983727356463,0.2900552486187845,0.2902730899048788,0.22300613496932514,0.2992946948788715,0.18792152053954628,0.290223720502605,0.29932598039215685,0.2229709035222052,0.2232088181261482,0.22344658708295073,0.29008567931456547,0.2903028449066993,0.29908256880733947,0.29043106083766435,0.1876528117359413,0.29055912007332724,0.18784361637141112,0.22320610687022902,0.22344322344322345,0.2236801953005798,0.2239170225747407,0.2903324184202501,0.1878048780487805,0.2983846388296251,0.2903717245581962,0.18793786171184892,0.2238124238733252,0.29041095890410956,0.290626902008521,0.22391238211134773,0.29075425790754256,0.22408026755852842,0.1878419452887538,0.2977818292312367,0.22417982989064397,0.22441542666261768,0.2246508803885853,0.18786039453717754,0.2976334951456311,0.22474977252047315,0.29017586416009705,0.18793573810245529,0.29757575757575755,0.2902150863374735,0.29043004239854636,0.2976082349379352,0.29782082324455206,0.18789712556732224,0.22444041137326073,0.2902933172059268,0.29776299879081014,0.18797219703838017,0.29788519637462235,0.29809725158562367,0.22433574879227053,0.22456987624509508,0.2248038624019312,0.2980392156862745,0.2898069963811821,0.2900211034066928,0.1877637130801688,0.18800843627598673,0.29789156626506025,0.2899728997289973,0.22456351595424442,0.18808305747818235,0.22472924187725632,0.2899248120300752,0.18821407095610343,0.1884580703336339,0.18870192307692307,0.29738660258335836,0.2975975975975976,0.22455719003302313,0.297719087635054,0.22472247224722472,0.28944211157768446,0.2896551724137931,0.22482014388489208,0.18849265807611626,0.2896944278010785,0.18867924528301888,0.2898203592814371,0.29003292427416943,0.2971274685816876,0.2901585402333234,0.22458133971291866,0.22481315396113602,0.1885833831440526,0.290110546758291,0.2903225806451613,0.18871304867124514,0.2967164179104478,0.29036108624291257,0.22464200477326968,0.18878616164628692,0.29039952295766247,0.18897168405365128,0.29052443384982124,0.1891569854036342,0.1893984514592019,0.29056266746055376,0.2244047619047619,0.29604284439155015,0.22456870910172516,0.2247992863514719,0.18935790725326992,0.29034175334323925,0.1895424836601307,0.2958122958122958,0.18972684085510688,0.2246957554170377,0.2958456973293769,0.18985464253930584,0.2959667852906287,0.19003854135784168,0.2960877296976882,0.1902222222222222,0.19046208530805686,0.2896061593129997,0.2898164594434577,0.19058893163657886,0.1908284023668639,0.19106773144040226,0.29568302779420463,0.19125036949453147,0.22399527186761228,0.2895125553914328,0.22415829887773184,0.1913197519929141,0.29545454545454547,0.2956624372971378,0.22418879056047197,0.224417575936302,0.19133254716981132,0.2891246684350133,0.1915144372421921,0.2244477172312224,0.2953474676089517,0.29555490138357376,0.28899352560329605,0.28920270667843484,0.19147058823529411,0.29550132314025285,0.2892416225749559,0.2242139288862768,0.29553466509988247,0.29574155653450807,0.19142689371697005,0.19166422072204287,0.19190140845070422,0.19213845702552068,0.29560117302052785,0.2958076810319554,0.29601406799531066,0.22384998535013184,0.2961335676625659,0.2884333821376281,0.2886416861826698,0.28884986830553117,0.19192510239906377,0.2889733840304182,0.2891812865497076,0.2958199356913183,0.19199298655756866,0.29593923458954136,0.2891355140186916,0.19211678832116788,0.28925861062463515,0.28946600525240734,0.19224037339556593,0.29571303587051617,0.29591836734693877,0.28941999417079567,0.2896270396270396,0.2959510632100204,0.19219569015725102,0.19243085880640465,0.28958090803259606,0.29589758510328773,0.28970331588132636,0.22244838615876708,0.29593023255813955,0.1923859343214182,0.22254503195816386,0.2227708393842579,0.295876887340302,0.2960812772133527,0.19239698200812536,0.28923701769654775,0.2894431554524362,0.2960278341548275,0.19246376811594204,0.2961460446247465,0.19264194669756662,0.22241529105125976,0.2961783439490446,0.22257597684515196,0.22280092592592593,0.1926525889499566,0.29612492770387505,0.2888117953165655,0.22283236994219655,0.2961571800057787,0.28885037550548814,0.28905573202425644,0.19255196304849884,0.2227994227994228,0.2960184650894403,0.28901067205076436,0.19261822376009227,0.2891323147881234,0.22276657060518731,0.289253817343705,0.2894585253456221,0.19262885113734524,0.19286125503742085,0.2227338129496403,0.22295742232451093,0.19298245614035087,0.1932144910868315,0.2891635527450417,0.29511494252873566,0.22292444699798908,0.2952326249282022,0.1932242319839219,0.19345579793340986,0.28895265423242467,0.2891566265060241,0.2228276455405793,0.19352064220183487,0.2229865290914302,0.22320916905444127,0.19364079060441133,0.1938717067583047,0.29458917835671344,0.19404693760732686,0.22317596566523606,0.28861556064073224,0.22333428653131254,0.19411092052601486,0.19434124035438696,0.2885714285714286,0.22336475292773494,0.288692175899486,0.19440479588923779,0.22345890410958905,0.22368045649072754,0.19452367370222476,0.22383803820929568,0.22405929304446978,0.19464234824736393,0.2883190883190883,0.1948162916547992,0.22408883826879272,0.2883575291773413,0.29311326124075127,0.22418207681365576,0.19482366325369738,0.2883139038953654,0.2885162023877203,0.19494174481386758,0.28863636363636364,0.19511502414086906,0.19534355479841,0.2926483110984956,0.2238933030646992,0.22411347517730495,0.28842881452070335,0.19535015593989227,0.2925170068027211,0.22414281666194388,0.1954674220963173,0.28830359671481165,0.2885050962627407,0.19558448910274553,0.28862478777589134,0.19575671852899576,0.2921380090497738,0.29233813966638394,0.19587337478801584,0.2924554959027974,0.29265536723163843,0.2928551256707145,0.28825522303783174,0.29297205757832345,0.19582392776523702,0.2930888575458392,0.29328821206993794,0.2934874541866366,0.28804960541149943,0.2231614539306847,0.22338028169014085,0.2934384680371726,0.29363738738738737,0.19560934421615536,0.19583567810917277,0.1960618846694796,0.19628796400449944,0.196513916221535,0.2875210792580101,0.28772127001966846,0.28792134831460675,0.2881213142375737,0.1965188096574958,0.2882402469828796,0.29292929292929293,0.19663394109396914,0.2226584408300617,0.28819736473226804,0.19674887892376683,0.2883160549173438,0.22268907563025211,0.29263511621394567,0.19680851063829788,0.28827315980968377,0.1969781757134863,0.2925874125874126,0.29278523489932884,0.2929829466032989,0.2931805477920626,0.1969823973176865,0.2223463687150838,0.2932141859815694,0.1970965940815187,0.1973206809935808,0.29324776785714285,0.2934449093444909,0.2875069715560513,0.2935600780596599,0.19732441471571907,0.2875452772359989,0.19749303621169917,0.22194374825953772,0.22216035634743875,0.2933481770108544,0.2223149693934335,0.19749652294853964,0.29338153503893216,0.22240756185710314,0.2226236798221234,0.22283967768824672,0.22305555555555556,0.2868647597889475,0.2870627429205997,0.28726061615320564,0.2874583795782464,0.22302357836338418,0.2928452579034942,0.29304130856667593,0.1970620842572062,0.28733721252424493,0.28753462603878116,0.2929936305732484,0.28765227021040973,0.2878494326044838,0.2880464858882125,0.2929460580912863,0.29314159292035397,0.29333701962952724,0.28800442233278056,0.28820116054158607,0.19668508287292819,0.22231427782380558,0.22252898950855882,0.29312724261661605,0.29332229580573954,0.1966896551724138,0.1969111969111969,0.2878411910669975,0.22243660418963615,0.2879581151832461,0.2881542699724518,0.2225282291379785,0.28827092511013214,0.1968070465180292,0.22261970280682444,0.1969738651994498,0.22277227722772278,0.2925488039593071,0.2927432655305113,0.29293762022533665,0.29313186813186815,0.28783301290854163,0.28802855573860514,0.19681581114466098,0.29308452250274425,0.22249657064471878,0.2931980252331322,0.2933918289004661,0.2225877192982456,0.1967662373252946,0.22273972602739725,0.2933442892358258,0.29353778751369114,0.19682452778538187,0.2227695675971538,0.19699042407660738,0.22292122538293216,0.19715613891167624,0.19737561509021323,0.19759497130363488,0.22295081967213115,0.2930893198579623,0.2231021299836155,0.19765219765219766,0.2232532751091703,0.19781718963165076,0.22340425531914893,0.19798200163621488,0.2862595419847328,0.19814663396020715,0.28637602179836513,0.28657041678016887,0.2233115468409586,0.28668663218077867,0.22346216657593904,0.28680272108843535,0.2236126224156692,0.2869186837095458,0.28711256117455136,0.22370209296004348,0.2872282608695652,0.197772344471611,0.22379141770776753,0.29161010046158026,0.1978827361563518,0.19810040705563092,0.22381985892566467,0.22403037700027123,0.19821041214750543,0.2914068853347791,0.22411924119241192,0.2866431861284205,0.28683640303358615,0.19821283509341997,0.19842988630211153,0.1986468200270636,0.22402597402597402,0.2867189613199892,0.1987560843699297,0.29088942957556096,0.2910810810810811,0.291272629019184,0.28660183684494867,0.19875776397515527,0.2867170626349892,0.1989203778677463,0.2236913113869401,0.22390072835176691,0.22411003236245955,0.29091399299002424,0.29110512129380056,0.28644570196712477,0.2912176724137931,0.2240775653110692,0.28648357565966615,0.19865410497981156,0.28659849300322926,0.2867904223836427,0.1987627756858526,0.2909384243076096,0.1989247311827957,0.22386455253963988,0.22407307898979043,0.28659683051302715,0.28678839957035446,0.28697986577181206,0.2241009125067096,0.2870941776227529,0.22424892703862662,0.28720836685438456,0.2873994638069705,0.2875904583221656,0.2877813504823151,0.2879721403696759,0.22415640064274236,0.28808567603748325,0.2882762312633833,0.2884666845062885,0.2886570358480471,0.28884728537041987,0.22406417112299465,0.2889601710772521,0.1980224478888295,0.22415174993320866,0.19818376068376067,0.28918558077436585,0.19834490122797652,0.19855884707766214,0.2892209178228389,0.2886102960789544,0.2888,0.2892561983471074,0.19856076759061833,0.28936850519584334,0.2895578050079915,0.2897470039946738,0.28993610223642174,0.28852808091562415,0.2887174028738691,0.28890662410215484,0.22340425531914893,0.2890188779579899,0.2897395002658161,0.1982460802551156,0.28985122210414455,0.2900398406374502,0.2902283590015932,0.29041677727634724,0.28874734607218683,0.2889360573096312,0.19814323607427056,0.2890479978785468,0.29029692470837754,0.19825072886297376,0.29040805511393747,0.2905960264900662,0.2907838983050847,0.29097167063807255,0.2911593435680254,0.2887007144747288,0.19814814814814816,0.2224279291192806,0.28873611845584346,0.29103885804916735,0.2912262156448203,0.29141347424042274,0.29160063391442154,0.2917876947451809,0.2885427666314678,0.29189759831089995,0.22216358839050132,0.2920073859140069,0.2921940928270042,0.19773266543633009,0.29230363732208753,0.22213438735177865,0.22233930453108536,0.29233605478008956,0.2925223802001053,0.28797051855751515,0.2881578947368421,0.2883451723230729,0.2885323513940032,0.19747567709702865,0.2886435331230284,0.2888304862023653,0.29217025748817654,0.19753086419753085,0.2922794117647059,0.22184300341296928,0.2887139107611549,0.22198897927053265,0.22219307450157397,classic
