nameseq,A,C,G,T,label
Seq_1,0.2741476235672045,0.21639775133240854,0.21296634299481637,0.29648828210557054,DNA
Seq_2,0.31875,0.2125,0.25,0.21875,DNA
Seq_3,0.31875,0.2125,0.25,0.21875,DNA
Seq_4,0.30773501110288676,0.21292869479397977,0.19430051813471502,0.28503577596841845,DNA
Seq_5,0.3316831683168317,0.17326732673267325,0.23267326732673269,0.2623762376237624,DNA
Seq_6,0.23076923076923078,0.26153846153846155,0.2,0.3076923076923077,DNA
Seq_7,0.2826705230175946,0.23200771270185586,0.22419860207278863,0.2611231622077609,DNA
Seq_8,0.24074714631615357,0.23739190591490833,0.27530266343825666,0.24655828433068142,DNA
Seq_9,0.3031423290203327,0.18422674060382008,0.203943314849045,0.30868761552680224,DNA
Seq_10,0.27332415059687787,0.22148760330578512,0.2460973370064279,0.2590909090909091,DNA
Seq_11,0.26621948537497253,0.24653617769958214,0.2563228502309215,0.23092148669452386,DNA
Seq_12,0.2698707735882457,0.2223402372101257,0.20870950610727562,0.299079483094353,DNA
Seq_13,0.3942307692307692,0.15384615384615385,0.15384615384615385,0.2980769230769231,DNA
Seq_14,0.33312538989394885,0.2114784778540237,0.2395508421709295,0.21584529008109793,DNA
Seq_15,0.22857142857142856,0.1961904761904762,0.2038095238095238,0.37142857142857144,DNA
Seq_16,0.28700397493768104,0.22057535538637743,0.21727413595634307,0.27514653371959846,DNA
Seq_17,0.3239405613648872,0.17413318657127133,0.2108970831040176,0.2910291689598239,DNA
Seq_18,0.2965091066782307,0.22040329575021683,0.2031656548135299,0.27992194275802257,DNA
Seq_19,0.28286852589641437,0.17330677290836655,0.2589641434262948,0.2848605577689243,DNA
Seq_20,0.2827586206896552,0.2620689655172414,0.16551724137931034,0.2896551724137931,DNA
Seq_21,0.08,0.29333333333333333,0.38666666666666666,0.24,DNA
Seq_22,0.2022907008453777,0.2775565857649305,0.2690482683392419,0.25110444505044993,DNA
Seq_23,0.27936946526849815,0.2357484202658936,0.228093221298666,0.2567888931669422,DNA
Seq_25,0.28353302162478083,0.23049386323787258,0.20368205727644653,0.2822910578609001,DNA
Seq_26,0.2586672669968483,0.23277802791535346,0.21927059882935615,0.28928410625844214,DNA
Seq_27,0.21176162638513218,0.33025041444900094,0.2892417764592967,0.1687461827065701,DNA
Seq_28,0.31395210294292863,0.2085070892410342,0.20374121291552486,0.2737995949005123,DNA
Seq_29,0.2653793288410607,0.23316235877837005,0.229977538636897,0.27148077374367224,DNA
Seq_30,0.247320692497939,0.20577081615828524,0.2402308326463314,0.30667765869744434,DNA
Seq_31,0.2770412654378618,0.22451919229640693,0.2179572674651231,0.28048227480060817,DNA
Seq_32,0.26625420022401197,0.23403914875460025,0.21633153768200972,0.2833751133393781,DNA
Seq_33,0.27078302863056225,0.19972404277337014,0.2507761296998965,0.27871679889617107,DNA
Seq_34,0.28337236533957844,0.19156908665105388,0.2505854800936768,0.27447306791569087,DNA
Seq_35,0.2581616868843116,0.215962441314554,0.24101061087139405,0.2848652609297403,DNA
Seq_36,0.22325249643366618,0.2161198288159772,0.2731811697574893,0.28744650499286734,DNA
Seq_37,0.2864760058167717,0.21703829374697042,0.22733882695104218,0.2691468734852157,DNA
Seq_38,0.3333333333333333,0.21428571428571427,0.11904761904761904,0.3333333333333333,DNA
Seq_39,0.30905263157894736,0.22273684210526315,0.20042105263157894,0.2677894736842105,DNA
Seq_40,0.25862153065704113,0.2564265157797181,0.23476903565679724,0.2501829179064436,DNA
Seq_41,0.28493537964458804,0.20335218093699514,0.2166801292407108,0.295032310177706,DNA
Seq_42,0.285140562248996,0.26506024096385544,0.1927710843373494,0.2570281124497992,DNA
Seq_43,0.31623563218390804,0.20402298850574713,0.2127873563218391,0.26695402298850573,DNA
Seq_44,0.24922914943220276,0.21410844551402572,0.24742423102955555,0.289238174024216,DNA
Seq_45,0.4461538461538462,0.23076923076923078,0.15384615384615385,0.16923076923076924,DNA
Seq_46,0.25619148293566896,0.23351454746803585,0.24159367764018927,0.2687002919561059,DNA
Seq_47,0.2857463524130191,0.2066591844369622,0.23479236812570145,0.27280209502431724,DNA
Seq_48,0.33152173913043476,0.22826086956521738,0.19021739130434784,0.25,DNA
Seq_49,0.17049116297236597,0.2820037105751391,0.3256517918172053,0.22185333463528953,DNA
Seq_50,0.2689640844521775,0.2377489807048069,0.24486457007816761,0.24842236476484794,DNA
Seq_51,0.2806330910498473,0.2183131908305019,0.22790417616446604,0.2731495419551847,DNA
Seq_52,0.2857142857142857,0.24489795918367346,0.1836734693877551,0.2857142857142857,DNA
Seq_53,0.3122719976652561,0.19553480227637532,0.2102728731942215,0.2819203268641471,DNA
Seq_54,0.2777459059142589,0.22822572233232502,0.20986752894544697,0.2841608428079691,DNA
Seq_55,0.3333333333333333,0.21428571428571427,0.17857142857142858,0.27380952380952384,DNA
Seq_56,0.33858267716535434,0.10236220472440945,0.25196850393700787,0.30708661417322836,DNA
Seq_57,0.30755064456721914,0.19705340699815838,0.2440147329650092,0.2513812154696133,DNA
Seq_58,0.29238706079196874,0.23182747722625024,0.2158393753485778,0.2599460866332032,DNA
Seq_59,0.25876470588235295,0.23323529411764707,0.217,0.291,DNA
Seq_60,0.2897631133671743,0.21277495769881558,0.22123519458544838,0.27622673434856176,DNA
Seq_61,0.2413793103448276,0.27586206896551724,0.18620689655172415,0.296551724137931,DNA
Seq_62,0.22361359570661896,0.33318425760286224,0.26475849731663686,0.17844364937388194,DNA
Seq_63,0.30887372013651876,0.2150170648464164,0.24658703071672355,0.2295221843003413,DNA
Seq_64,0.23327787021630617,0.23327787021630617,0.2682196339434276,0.26522462562396004,DNA
Seq_65,0.18181818181818182,0.28213166144200624,0.34294670846394987,0.19310344827586207,DNA
Seq_66,0.28058703139819297,0.1912344631358259,0.23216692457445215,0.29601158089152896,DNA
Seq_67,0.24242424242424243,0.16363636363636364,0.2,0.3939393939393939,DNA
Seq_68,0.17131474103585656,0.3545816733067729,0.29880478087649404,0.1752988047808765,DNA
Seq_69,0.2669683257918552,0.23076923076923078,0.23529411764705882,0.2669683257918552,DNA
Seq_70,0.2597463597933302,0.2273367778299671,0.22780648191639266,0.28511038046031,DNA
Seq_71,0.22727272727272727,0.18181818181818182,0.2727272727272727,0.3181818181818182,DNA
Seq_72,0.2653985507246377,0.22146739130434784,0.22957839262187088,0.2835556653491436,DNA
Seq_73,0.24818986323411102,0.23220946390696995,0.2534922840634828,0.26610838879543625,DNA
Seq_74,0.25772635502407204,0.2478645752446032,0.2113682248796397,0.28304084485168507,DNA
Seq_75,0.29530041641879834,0.21439619274241523,0.2262938726948245,0.26400951814396195,DNA
Seq_76,0.2502708559046587,0.23889490790899243,0.2596966413867822,0.25113759479956665,DNA
Seq_77,0.23395737666313435,0.3140233133168492,0.2507947721653126,0.20122453785470387,DNA
Seq_78,0.2478813559322034,0.2849576271186441,0.1663135593220339,0.3008474576271186,DNA
Seq_79,0.3042324140982156,0.21847810057513642,0.21633977289485326,0.2609497124317947,DNA
Seq_80,0.42857142857142855,0.07792207792207792,0.19480519480519481,0.2987012987012987,DNA
Seq_81,0.2599616209504459,0.22090529405124731,0.23377356360763066,0.28535952139067616,DNA
Seq_82,0.21718931475029035,0.25319396051103366,0.2607433217189315,0.2688734030197445,DNA
Seq_83,0.237017310252996,0.26564580559254325,0.22170439414114515,0.2756324900133156,DNA
Seq_84,0.19272727272727272,0.23,0.2963636363636364,0.2809090909090909,DNA
Seq_85,0.3121151113216485,0.20742539081004263,0.21672193273330176,0.2637375651350071,DNA
Seq_86,0.3494809688581315,0.1522491349480969,0.25951557093425603,0.23875432525951557,DNA
Seq_87,0.1524390243902439,0.2865853658536585,0.20121951219512196,0.3597560975609756,DNA
Seq_88,0.2465753424657534,0.2876712328767123,0.273972602739726,0.1917808219178082,DNA
Seq_89,0.2784464986366961,0.21287490855888808,0.23023209416771961,0.2784464986366961,DNA
Seq_90,0.2662733726627337,0.26477352264773524,0.23247675232476753,0.23647635236476353,DNA
Seq_91,0.2313092313092313,0.28536328536328537,0.2723762723762724,0.21095121095121094,DNA
Seq_92,0.23145712782745922,0.2466070489216202,0.2739610731194108,0.24797475013150974,DNA
Seq_93,0.2288167226577081,0.25905188503172827,0.2732362821948488,0.23889511011571482,DNA
Seq_94,0.17757009345794392,0.34579439252336447,0.3364485981308411,0.14018691588785046,DNA
Seq_95,0.3,0.36666666666666664,0.1,0.23333333333333334,DNA
Seq_96,0.43956043956043955,0.15384615384615385,0.17582417582417584,0.23076923076923078,DNA
Seq_97,0.288135593220339,0.211864406779661,0.21610169491525424,0.2838983050847458,DNA
Seq_98,0.15492957746478872,0.23943661971830985,0.30985915492957744,0.29577464788732394,DNA
Seq_99,0.14935064935064934,0.35714285714285715,0.38961038961038963,0.1038961038961039,DNA
Seq_100,0.2512932208004356,0.2507487067791996,0.2175333514838007,0.2804247209365641,DNA
Seq_101,0.2669160523709979,0.23319397073385412,0.22164154472439213,0.27824843217075584,DNA
Seq_102,0.2741718889883617,0.22090420769919428,0.22090420769919428,0.2840196956132498,DNA
Seq_103,0.2556710775047259,0.22232724217601343,0.2584541062801932,0.2635475740390674,DNA
Seq_104,0.2648401826484018,0.2191780821917808,0.2557077625570776,0.2602739726027397,DNA
Seq_105,0.19756838905775076,0.41033434650455924,0.2796352583586626,0.11246200607902736,DNA
Seq_106,0.2953543745883783,0.19894624854349258,0.22042656669537464,0.28527281017275447,DNA
Seq_107,0.27225130890052357,0.3036649214659686,0.20418848167539266,0.2198952879581152,DNA
Seq_108,0.28690807799442897,0.22284122562674094,0.2116991643454039,0.2785515320334262,DNA
Seq_109,0.32558139534883723,0.1686046511627907,0.14534883720930233,0.36046511627906974,DNA
Seq_110,0.3712574850299401,0.16167664670658682,0.2634730538922156,0.20359281437125748,DNA
Seq_111,0.43956043956043955,0.13186813186813187,0.23076923076923078,0.1978021978021978,DNA
Seq_112,0.26654740608228983,0.23792486583184258,0.20214669051878353,0.29338103756708406,DNA
Seq_113,0.253448275862069,0.2672413793103448,0.24051724137931035,0.23879310344827587,DNA
Seq_114,0.30642884640061596,0.21275503657128192,0.22045425381752856,0.2603618632105736,DNA
Seq_115,0.2406311637080868,0.23865877712031558,0.1932938856015779,0.32741617357001973,DNA
Seq_116,0.21363636363636362,0.22727272727272727,0.23636363636363636,0.32272727272727275,DNA
Seq_117,0.276469243082552,0.2159844500343014,0.2187285616281729,0.2888177452549737,DNA
Seq_118,0.2893474567802538,0.21230138902768061,0.2207454781652843,0.27760567602678127,DNA
Seq_119,0.2692546759337741,0.23054755043227665,0.21221110922755268,0.2879866644063966,DNA
Seq_120,0.26212040490143845,0.2624510866569912,0.24209578748185842,0.23333272095971194,DNA
Seq_121,0.2669404517453799,0.17864476386036962,0.1457905544147844,0.4086242299794661,DNA
Seq_122,0.2702702702702703,0.23494208494208493,0.21016731016731016,0.28462033462033465,DNA
Seq_123,0.2857142857142857,0.16666666666666666,0.19047619047619047,0.35714285714285715,DNA
Seq_124,0.31179775280898875,0.19101123595505617,0.19101123595505617,0.3061797752808989,DNA
Seq_125,0.2777777777777778,0.1984126984126984,0.29365079365079366,0.23015873015873015,DNA
Seq_126,0.24551268826077988,0.2746028471219311,0.22818238085413659,0.25170208376315245,DNA
Seq_127,0.2705575237740071,0.22109826589595374,0.2395580831624091,0.26878612716763006,DNA
Seq_128,0.21807515728617582,0.3128719605509267,0.28039449073286854,0.1886583914300289,DNA
Seq_129,0.25697924123120974,0.22476735862562633,0.2534001431639227,0.2648532569792412,DNA
Seq_130,0.3238095238095238,0.14285714285714285,0.20952380952380953,0.3238095238095238,DNA
Seq_131,0.29545454545454547,0.11363636363636363,0.3409090909090909,0.25,DNA
Seq_132,0.23091387739751787,0.2719067318540805,0.23655509590071455,0.2606242948476871,DNA
Seq_133,0.2655117220600697,0.2266735712268148,0.20920817248846624,0.2986065342246493,DNA
Seq_134,0.22972972972972974,0.33783783783783783,0.2702702702702703,0.16216216216216217,DNA
Seq_135,0.22549019607843138,0.3235294117647059,0.24509803921568626,0.20588235294117646,DNA
Seq_136,0.2558139534883721,0.4186046511627907,0.16279069767441862,0.16279069767441862,DNA
Seq_137,0.2529661218849764,0.25777862486301045,0.23142897984466573,0.25782627340734743,DNA
Seq_138,0.2355692850838482,0.24616063548102382,0.24585172109443953,0.27241835834068845,DNA
Seq_139,0.2251517779705117,0.2673026886383348,0.29627059843885517,0.21127493495229835,DNA
Seq_140,0.2810450819672131,0.24006147540983608,0.21434426229508197,0.26454918032786884,DNA
Seq_141,0.29682930226080495,0.21201429831484148,0.21322129891834177,0.2779351005060118,DNA
Seq_142,0.19662921348314608,0.2752808988764045,0.15168539325842698,0.37640449438202245,DNA
Seq_143,0.3089430894308943,0.2845528455284553,0.25203252032520324,0.15447154471544716,DNA
Seq_144,0.25410247823174814,0.26590756865371734,0.2295713328868051,0.2504186202277294,DNA
Seq_145,0.24714828897338403,0.19239543726235742,0.23650190114068442,0.3239543726235741,DNA
Seq_146,0.375,0.16,0.185,0.28,DNA
Seq_147,0.28814526095636467,0.2246411255822797,0.242513546915106,0.24470006654624965,DNA
Seq_148,0.3183098591549296,0.37464788732394366,0.17464788732394365,0.1323943661971831,DNA
Seq_149,0.3419354838709677,0.0967741935483871,0.07741935483870968,0.4838709677419355,DNA
Seq_150,0.32222222222222224,0.21631944444444445,0.21493055555555557,0.2465277777777778,DNA
Seq_151,0.28266867318786054,0.24262185436000333,0.18961625282167044,0.2850932196304657,DNA
Seq_152,0.19534883720930232,0.16279069767441862,0.2837209302325581,0.3581395348837209,DNA
Seq_153,0.2467834556952824,0.26342952678636333,0.24591117249400304,0.24387584502435125,DNA
Seq_154,0.2710881014014103,0.22556458091582612,0.22833169686691066,0.2750156208158529,DNA
Seq_155,0.2831747621432148,0.20881321982974463,0.21288182273410114,0.29513019529293943,DNA
Seq_156,0.31694289529494934,0.21215929620611107,0.20603251904799308,0.2648652894509465,DNA
Seq_157,0.21052631578947367,0.23684210526315788,0.3026315789473684,0.25,DNA
Seq_158,0.23062768350030668,0.29019287126013765,0.26361343965105977,0.21556600558849587,DNA
Seq_159,0.2643133538655927,0.21298270552001897,0.23667377398720682,0.28603016662718156,DNA
Seq_160,0.31690140845070425,0.11267605633802817,0.28169014084507044,0.2887323943661972,DNA
Seq_161,0.1904359263434799,0.28804960541149943,0.3080608793686584,0.21345358887636226,DNA
Seq_162,0.22622618722973237,0.24496474346487981,0.26046982741828667,0.2683392418871012,DNA
Seq_163,0.24386381631037213,0.3262074425969913,0.2527711797307997,0.17715756136183688,DNA
Seq_164,0.3210269865067466,0.1977136431784108,0.20520989505247375,0.27604947526236884,DNA
Seq_165,0.3352380952380952,0.18571428571428572,0.19333333333333333,0.2857142857142857,DNA
Seq_166,0.24517172485967081,0.23166206830939015,0.24659880125582723,0.2765674055751118,DNA
Seq_167,0.2394809280377507,0.26010398916415434,0.24935552933979988,0.2510595534582951,DNA
Seq_168,0.22907742998352554,0.2883031301482702,0.2695222405271829,0.21309719934102142,DNA
Seq_169,0.257479601087942,0.2583862194016319,0.21668177697189483,0.26745240253853125,DNA
Seq_170,0.2629757785467128,0.23875432525951557,0.16608996539792387,0.33217993079584773,DNA
Seq_171,0.28532758811181086,0.22566567230140316,0.21461716937354988,0.2743895702132361,DNA
Seq_172,0.26356677062659484,0.2485965409696626,0.22925999432945846,0.2585766940742841,DNA
Seq_173,0.29497098646034814,0.23500967117988394,0.22920696324951645,0.24081237911025144,DNA
Seq_174,0.3031927023945268,0.22679589509692133,0.18700114025085518,0.2830102622576967,DNA
Seq_175,0.1912667727996361,0.2608596770525358,0.308846941096202,0.23902660905162612,DNA
Seq_176,0.2678165608064798,0.22714294038808927,0.2236466406386574,0.2813938581667735,DNA
Seq_177,0.2960874765077738,0.21014864172219375,0.2009226037929267,0.29284127797710574,DNA
Seq_178,0.24211566228436812,0.22433315601489476,0.24591534311117866,0.2876358385895585,DNA
Seq_179,0.19778852798894264,0.2555632342778162,0.3181755355908777,0.2284727021423635,DNA
Seq_180,0.28430209568999604,0.199288256227758,0.21905891656781337,0.2973507315144326,DNA
Seq_181,0.21754385964912282,0.2807017543859649,0.29473684210526313,0.20701754385964913,DNA
Seq_182,0.2685636822034435,0.23320368423053045,0.22398043861093866,0.27425219495508735,DNA
Seq_183,0.2590775664481885,0.2583537737745788,0.21862559813422333,0.26394306164300935,DNA
Seq_184,0.302158273381295,0.17386091127098321,0.22721822541966427,0.29676258992805754,DNA
Seq_185,0.2847961593557629,0.21659762282705486,0.2135196871733323,0.2850865306438499,DNA
Seq_186,0.05555555555555555,0.3888888888888889,0.5,0.05555555555555555,DNA
Seq_187,0.24107142857142858,0.3482142857142857,0.20535714285714285,0.20535714285714285,DNA
Seq_188,0.24107142857142858,0.3482142857142857,0.20535714285714285,0.20535714285714285,DNA
Seq_189,0.2775885288758615,0.21254852253822387,0.20415115265784678,0.3057117959280678,DNA
Seq_190,0.25263713080168776,0.2478902953586498,0.23945147679324894,0.2600210970464135,DNA
Seq_191,0.20958429561200922,0.24295612009237874,0.2545034642032333,0.29295612009237876,DNA
Seq_192,0.27473441699731216,0.22443363624728016,0.24388839114296684,0.2569435556124408,DNA
Seq_193,0.20604182804027885,0.3570875290472502,0.3020914020139427,0.13477924089852827,DNA
Seq_194,0.28613748064364103,0.2259476200094257,0.2391436073520501,0.24877129199488318,DNA
Seq_195,0.12987012987012986,0.2662337662337662,0.24675324675324675,0.35714285714285715,DNA
Seq_196,0.250034120376689,0.273099495018425,0.24580319366725809,0.23106319093762795,DNA
Seq_197,0.2514281633818909,0.23550414167380748,0.2157240788346187,0.29734361610968296,DNA
Seq_198,0.2747214484679666,0.21970752089136492,0.2076949860724234,0.2978760445682451,DNA
Seq_199,0.2941963091735758,0.20847820272800213,0.2193099759293929,0.27801551216902914,DNA
Seq_200,0.2288464988339413,0.2617951324523112,0.2550379716558034,0.2543203970579441,DNA
Seq_201,0.3045774647887324,0.18485915492957747,0.25880281690140844,0.2517605633802817,DNA
Seq_202,0.3100663397750216,0.1972887222382463,0.21805595615806173,0.2745889818286703,DNA
Seq_203,0.24903562119895742,0.2388879235447437,0.23339704604691572,0.27867940920938317,DNA
Seq_204,0.26527861690756144,0.26648696379606823,0.24204117674396988,0.22619324255240042,DNA
Seq_205,0.2783841341674431,0.20417942233462,0.2499667243444696,0.26746971915346734,DNA
Seq_206,0.2898550724637681,0.2753623188405797,0.15942028985507245,0.2753623188405797,DNA
Seq_207,0.3032904148783977,0.2167381974248927,0.23390557939914164,0.24606580829756797,DNA
Seq_208,0.3032904148783977,0.2167381974248927,0.23390557939914164,0.24606580829756797,DNA
Seq_209,0.16556291390728478,0.3509933774834437,0.31125827814569534,0.17218543046357615,DNA
Seq_210,0.25204886346064637,0.2356579557754755,0.23905984227617133,0.2732333384877068,DNA
Seq_211,0.16901408450704225,0.31690140845070425,0.3732394366197183,0.14084507042253522,DNA
Seq_212,0.2692307692307692,0.2980769230769231,0.2403846153846154,0.19230769230769232,DNA
Seq_213,0.28193709991650434,0.22154188700250488,0.20066796548844976,0.29585304759254105,DNA
Seq_214,0.2711670480549199,0.20045766590389016,0.2494279176201373,0.2789473684210526,DNA
Seq_215,0.27342477054759207,0.21804681860369185,0.22147055790450654,0.28705785294420955,DNA
Seq_216,0.25668749793340606,0.23377310452005423,0.26151506133650765,0.2480243362100321,DNA
Seq_217,0.2761886898621401,0.26118353183906967,0.2458032448654225,0.21682453343336772,DNA
Seq_218,0.2856439435386804,0.18612539665171243,0.20872086661560346,0.31950979319400374,DNA
Seq_219,0.21790123456790123,0.31666666666666665,0.2833333333333333,0.18209876543209877,DNA
Seq_220,0.21790123456790123,0.31666666666666665,0.2833333333333333,0.18209876543209877,DNA
Seq_221,0.27906976744186046,0.12790697674418605,0.20930232558139536,0.38372093023255816,DNA
Seq_222,0.12195121951219512,0.4268292682926829,0.23170731707317074,0.21951219512195122,DNA
Seq_223,0.3062415806017063,0.22721149528513696,0.21329142343960486,0.25325550067355185,DNA
Seq_224,0.29357798165137616,0.30275229357798167,0.1834862385321101,0.22018348623853212,DNA
Seq_225,0.19318181818181818,0.38257575757575757,0.2840909090909091,0.14015151515151514,DNA
Seq_226,0.2750228171585032,0.2184362640705811,0.21661089139032552,0.2899300273805902,DNA
Seq_227,0.26728395061728394,0.23333333333333334,0.21049382716049383,0.28888888888888886,DNA
Seq_228,0.2979591836734694,0.19660499713904253,0.213236696547778,0.2921991226397101,DNA
Seq_229,0.26778286737218976,0.2360343284367925,0.2208708471542147,0.27531195703680306,DNA
Seq_230,0.22721798474508229,0.24937775993576877,0.2497792051384986,0.27362505018065036,DNA
Seq_231,0.26491039075506806,0.24796787777886592,0.23474684164136717,0.25237488982469886,DNA
Seq_232,0.25489354395604397,0.25721153846153844,0.24047046703296704,0.24742445054945056,DNA
Seq_233,0.24625623960066556,0.24405560624765177,0.2543610112178627,0.25532714293382,DNA
Seq_234,0.28888888888888886,0.2054942359578121,0.22030905077262694,0.28530782438067204,DNA
Seq_235,0.248,0.288,0.224,0.24,DNA
Seq_236,0.29124036440084095,0.22543798177995794,0.21618780658724598,0.26713384723195516,DNA
Seq_237,0.26276763370099177,0.24070812864955046,0.22161460747057188,0.2749096301788859,DNA
Seq_238,0.28,0.2167237163814181,0.24312958435207824,0.2601466992665037,DNA
Seq_239,0.3898305084745763,0.15254237288135594,0.11864406779661017,0.3389830508474576,DNA
Seq_240,0.285896180215475,0.2236696049624551,0.2285667646098596,0.26186745021221025,DNA
Seq_241,0.22720343289481112,0.24273050646490882,0.2543616961210547,0.27570436451922536,DNA
Seq_242,0.34210526315789475,0.18421052631578946,0.23684210526315788,0.23684210526315788,DNA
Seq_243,0.25195064765345737,0.2410347080754891,0.24591613176000307,0.2610985125110505,DNA
Seq_244,0.2832133826103871,0.193931141801206,0.22777669714063412,0.2950787784477728,DNA
Seq_245,0.2917901234567901,0.23506172839506173,0.20185185185185187,0.2712962962962963,DNA
Seq_246,0.2564519879097884,0.2708672401767031,0.22738897930713786,0.2452917926063706,DNA
Seq_247,0.1801470588235294,0.3713235294117647,0.25735294117647056,0.19117647058823528,DNA
Seq_248,0.16901408450704225,0.3323943661971831,0.30140845070422534,0.19718309859154928,DNA
Seq_249,0.11929824561403508,0.3017543859649123,0.3649122807017544,0.21403508771929824,DNA
Seq_250,0.2236024844720497,0.3167701863354037,0.18633540372670807,0.2732919254658385,DNA
Seq_251,0.2712966848510281,0.22856343544551685,0.20995943488599805,0.290180444817457,DNA
Seq_252,0.22043010752688172,0.1881720430107527,0.25806451612903225,0.3333333333333333,DNA
Seq_253,0.25293409569665964,0.23457718928678906,0.19515498043936202,0.3173337345771893,DNA
Seq_254,0.21798704534130542,0.2468236173393124,0.28986048829098154,0.2453288490284006,DNA
Seq_255,0.23237615677735438,0.2432634730538922,0.2574169842133914,0.266943385955362,DNA
Seq_256,0.21278867974903218,0.2722600453877987,0.2972233346682686,0.21772794019490055,DNA
Seq_257,0.25165562913907286,0.24834437086092714,0.1986754966887417,0.30132450331125826,DNA
Seq_258,0.2943360953920776,0.225874090541633,0.21059013742926436,0.26919967663702504,DNA
Seq_259,0.21415339014449797,0.27047054464616527,0.19933308632826974,0.3160429788810671,DNA
Seq_260,0.27209838585703305,0.2111196515500897,0.23994363310274147,0.2768383294901358,DNA
Seq_261,0.28323170731707314,0.21158536585365853,0.2530487804878049,0.2521341463414634,DNA
Seq_262,0.2786690433749257,0.22281639928698752,0.22935234699940582,0.26916221033868093,DNA
Seq_263,0.2715236451987746,0.2386351632099722,0.21595830839114052,0.27388288320011267,DNA
Seq_264,0.2578193510669395,0.24788073662671734,0.3346974568839521,0.15960245542239113,DNA
Seq_265,0.259280303030303,0.22196969696969698,0.19460227272727273,0.3241477272727273,DNA
Seq_266,0.3222698072805139,0.1934332619557459,0.19414703783012136,0.29014989293361887,DNA
Seq_267,0.2576809888169512,0.24791053560918186,0.21765744555620953,0.27675103001765744,DNA
Seq_268,0.3000264865580718,0.22586412395709177,0.19600052973116144,0.278108859753675,DNA
Seq_269,0.18503937007874016,0.3543307086614173,0.3425196850393701,0.11811023622047244,DNA
Seq_270,0.22303664921465968,0.17591623036649215,0.3403141361256545,0.2607329842931937,DNA
Seq_271,0.30776775205963125,0.19792075323656336,0.21282856021969399,0.28148293448411144,DNA
Seq_272,0.38016528925619836,0.2231404958677686,0.19834710743801653,0.19834710743801653,DNA
Seq_273,0.22649689918226223,0.23835135283464134,0.2502606882168926,0.2848910597662038,DNA
Seq_274,0.2395397489539749,0.21652719665271966,0.18514644351464435,0.3587866108786611,DNA
Seq_275,0.2405430494314226,0.23857043397540031,0.2717567881178928,0.24912972847528428,DNA
Seq_276,0.28468468468468466,0.2181038181038181,0.21235521235521235,0.28485628485628484,DNA
Seq_277,0.28067318132464714,0.1992399565689468,0.20304017372421282,0.31704668838219324,DNA
Seq_278,0.22880583409298086,0.25546946216955335,0.2527347310847767,0.26298997265268914,DNA
Seq_279,0.2743362831858407,0.21238938053097345,0.21238938053097345,0.3008849557522124,DNA
Seq_280,0.19899874843554444,0.30722613793557735,0.29826757130623804,0.19550754232264014,DNA
Seq_281,0.1794871794871795,0.25213675213675213,0.3247863247863248,0.24358974358974358,DNA
Seq_282,0.1794871794871795,0.25213675213675213,0.3247863247863248,0.24358974358974358,DNA
Seq_283,0.22700587084148727,0.22113502935420742,0.2622309197651663,0.2896281800391389,DNA
Seq_284,0.24430629077926874,0.24449095161886003,0.23765850055398252,0.2735442570478887,DNA
Seq_285,0.2608346709470305,0.23996789727126805,0.20403753549820966,0.29515989628349176,DNA
Seq_286,0.25759190197123066,0.24453915823122002,0.24205292132836087,0.25581601846918844,DNA
Seq_287,0.27630415561450045,0.19982316534040673,0.22458001768346597,0.29929266136162685,DNA
Seq_288,0.2810357271743053,0.23367015517863587,0.18783832551425478,0.29745579213280404,DNA
Seq_289,0.2764227642276423,0.17886178861788618,0.3170731707317073,0.22764227642276422,DNA
Seq_290,0.25557104767495903,0.27721924610454735,0.25432352437562683,0.2128861818448668,DNA
Seq_291,0.3123123123123123,0.21621621621621623,0.2072072072072072,0.26426426426426425,DNA
Seq_292,0.0,0.10526315789473684,0.42105263157894735,0.47368421052631576,DNA
Seq_293,0.4369747899159664,0.2184873949579832,0.24369747899159663,0.10084033613445378,DNA
Seq_294,0.24450031426775612,0.22836790278650743,0.23486276974649067,0.29226901319924575,DNA
Seq_295,0.24149084760714548,0.23867284177509862,0.2587419441789801,0.26109436643877576,DNA
Seq_296,0.2658127080619482,0.2632797799971052,0.2491677522072659,0.2217397597336807,DNA
Seq_297,0.29357798165137616,0.22629969418960244,0.18960244648318042,0.290519877675841,DNA
Seq_298,0.268201617921593,0.20970752955818295,0.21468574984443062,0.3074051026757934,DNA
Seq_299,0.2725169763450489,0.22528169539586598,0.2131184239982091,0.2890829042608761,DNA
Seq_300,0.12643678160919541,0.47126436781609193,0.3218390804597701,0.08045977011494253,DNA
Seq_301,0.2922282764554058,0.21422426154287352,0.21862154669725647,0.2749259153044642,DNA
Seq_302,0.22549636151289193,0.3094960021561405,0.2563112029467254,0.2086964333842422,DNA
Seq_303,0.2602739726027397,0.2054794520547945,0.2054794520547945,0.3287671232876712,DNA
Seq_304,0.34210526315789475,0.2236842105263158,0.19736842105263158,0.23684210526315788,DNA
Seq_305,0.20134228187919462,0.18791946308724833,0.2953020134228188,0.31543624161073824,DNA
Seq_306,0.2174745493602316,0.2717848136732978,0.2743065284393387,0.2364341085271318,DNA
Seq_307,0.2467741935483871,0.3161290322580645,0.2661290322580645,0.17096774193548386,DNA
Seq_308,0.2678818643285648,0.21665897554222427,0.20004614674665436,0.3154130133825565,DNA
Seq_309,0.2553191489361702,0.23404255319148937,0.23404255319148937,0.2765957446808511,DNA
Seq_310,0.28653444676409184,0.24228717234980282,0.23254465321271167,0.23863372767339364,DNA
Seq_311,0.2631578947368421,0.21929824561403508,0.2894736842105263,0.22807017543859648,DNA
Seq_312,0.29411764705882354,0.27450980392156865,0.17647058823529413,0.2549019607843137,DNA
Seq_313,0.29299610894941636,0.2041828793774319,0.24328793774319066,0.2595330739299611,DNA
Seq_314,0.23529411764705882,0.21568627450980393,0.21568627450980393,0.3333333333333333,DNA
Seq_315,0.21428571428571427,0.35714285714285715,0.14285714285714285,0.2857142857142857,DNA
Seq_316,0.25429153331393656,0.22994859858403646,0.22393560275434002,0.29182426534768696,DNA
Seq_317,0.2349462365591398,0.3056989247311828,0.24833333333333332,0.2110215053763441,DNA
Seq_318,0.2663316582914573,0.22110552763819097,0.23115577889447236,0.2814070351758794,DNA
Seq_319,0.3806818181818182,0.17045454545454544,0.1875,0.26136363636363635,DNA
Seq_320,0.27314814814814814,0.2013888888888889,0.24768518518518517,0.2777777777777778,DNA
Seq_321,0.2913380564095709,0.21080069509423874,0.23786926881432963,0.2599919796818607,DNA
Seq_322,0.282164149997214,0.21162311249791052,0.23469103471332256,0.2715217027915529,DNA
Seq_323,0.2701842299189388,0.21868828297715548,0.2210759027266028,0.2900515843773029,DNA
Seq_324,0.15920398009950248,0.4228855721393035,0.21890547263681592,0.19900497512437812,DNA
Seq_325,0.25369631541891574,0.2644919033090824,0.2201361182820934,0.26167566298990846,DNA
Seq_326,0.16140961496628237,0.29889058081357406,0.334130954970633,0.20556884924951055,DNA
Seq_327,0.290480065093572,0.235313262815297,0.20292921074043938,0.27127746135069164,DNA
Seq_328,0.2698291252231574,0.23743942871716398,0.22739097169089517,0.2653404743687835,DNA
Seq_329,0.24255303557688784,0.2494412486718206,0.2541677353167479,0.25383798043454364,DNA
Seq_330,0.27419354838709675,0.27419354838709675,0.22580645161290322,0.22580645161290322,DNA
Seq_331,0.2793539938891314,0.2016586643387167,0.21999127018769096,0.29899607158446095,DNA
Seq_332,0.2910745233968804,0.2050259965337955,0.22435008665511266,0.2795493934142114,DNA
Seq_333,0.3460104399701715,0.21327367636092467,0.17822520507084266,0.26249067859806113,DNA
Seq_334,0.3194160583941606,0.19664233576642337,0.2159124087591241,0.268029197080292,DNA
Seq_335,0.24018475750577367,0.2702078521939954,0.20554272517321015,0.2840646651270208,DNA
Seq_336,0.287760008362078,0.2168913975122818,0.21438277411936865,0.28096582000627157,DNA
Seq_337,0.25450081833060556,0.3355155482815057,0.20867430441898527,0.20130932896890344,DNA
Seq_338,0.27382502663667574,0.20208357996921983,0.20752930034331715,0.31656209305078725,DNA
Seq_339,0.22213074263131896,0.2309402272353038,0.25069981887041,0.29622921126296725,DNA
Seq_340,0.29076699967773123,0.20335159523042218,0.20504350628424106,0.30083789880760553,DNA
Seq_341,0.25908372827804105,0.20676874468343662,0.23125531656337345,0.30289221047514886,DNA
Seq_342,0.16974169741697417,0.33579335793357934,0.33948339483394835,0.15498154981549817,DNA
Seq_343,0.3175182481751825,0.2062043795620438,0.2208029197080292,0.25547445255474455,DNA
Seq_344,0.3175182481751825,0.2062043795620438,0.2208029197080292,0.25547445255474455,DNA
Seq_345,0.31309904153354634,0.1853035143769968,0.2268370607028754,0.2747603833865815,DNA
Seq_346,0.31309904153354634,0.1853035143769968,0.2268370607028754,0.2747603833865815,DNA
Seq_347,0.3066251415628539,0.19110985277463194,0.19365798414496035,0.3086070215175538,DNA
Seq_348,0.19402985074626866,0.21393034825870647,0.35323383084577115,0.23880597014925373,DNA
Seq_349,0.27820794170013663,0.23721585027535091,0.2170510537865927,0.2675251542379198,DNA
Seq_350,0.34146341463414637,0.17926829268292682,0.18292682926829268,0.29634146341463413,DNA
Seq_351,0.285863270851058,0.21338200181134562,0.23580426489557318,0.2649504624420232,DNA
Seq_352,0.4396551724137931,0.08620689655172414,0.09913793103448276,0.375,DNA
Seq_353,0.33967391304347827,0.17391304347826086,0.1983695652173913,0.28804347826086957,DNA
Seq_354,0.2710583869043674,0.22745046060043742,0.23440917224468155,0.2670819802505136,DNA
Seq_355,0.26185925282363165,0.22519548218940053,0.21650738488271068,0.29643788010425715,DNA
Seq_356,0.21662965704416481,0.2686898593634345,0.278213668887244,0.23646681470515668,DNA
Seq_357,0.23484848484848486,0.26515151515151514,0.19696969696969696,0.30303030303030304,DNA
Seq_358,0.28704256589610166,0.21487673803633883,0.19218630043504223,0.30589439563251725,DNA
Seq_359,0.2633441302158469,0.2526470508179319,0.24733933966629468,0.23666947929992652,DNA
Seq_360,0.295832267962158,0.20199437484019434,0.22948095116338532,0.2726924060342623,DNA
Seq_361,0.26500741106719367,0.21714426877470355,0.21121541501976285,0.3066329051383399,DNA
Seq_362,0.3007600434310532,0.2182410423452769,0.15526601520086863,0.3257328990228013,DNA
Seq_363,0.2676295666949873,0.23024638912489379,0.2259983007646559,0.27612574341546303,DNA
Seq_364,0.273739012336364,0.23605085449126645,0.21322669483532652,0.27698343833704303,DNA
Seq_365,0.20821917808219179,0.3013698630136986,0.27671232876712326,0.2136986301369863,DNA
Seq_366,0.2920280186791194,0.20169001556593286,0.23471203024238382,0.2715699355125639,DNA
Seq_367,0.2859776707979105,0.20608419543173204,0.231076513366793,0.2768616204035645,DNA
Seq_368,0.32,0.13333333333333333,0.26666666666666666,0.28,DNA
Seq_369,0.23955787012434904,0.30311403974917633,0.2558188968009353,0.20150919332553938,DNA
Seq_370,0.08661417322834646,0.33070866141732286,0.41732283464566927,0.16535433070866143,DNA
Seq_371,0.2894736842105263,0.2894736842105263,0.21052631578947367,0.21052631578947367,DNA
Seq_372,0.2876712328767123,0.1917808219178082,0.23972602739726026,0.2808219178082192,DNA
Seq_373,0.26372018147226695,0.2572808429679497,0.2265476364700717,0.2524513390897117,DNA
Seq_374,0.20394736842105263,0.28289473684210525,0.19078947368421054,0.3223684210526316,DNA
Seq_375,0.2555055867216839,0.2817005888080115,0.24998840929111224,0.21280541517919235,DNA
Seq_376,0.3592233009708738,0.11165048543689321,0.24757281553398058,0.2815533980582524,DNA
Seq_377,0.24057382252126444,0.28208708899327156,0.2561889044052304,0.2211501840802336,DNA
Seq_378,0.2781842168385704,0.2289517869992804,0.21575917486207724,0.27710482130007197,DNA
Seq_379,0.40298507462686567,0.13432835820895522,0.18181818181818182,0.2808683853459973,DNA
Seq_380,0.1968503937007874,0.30708661417322836,0.33858267716535434,0.15748031496062992,DNA
Seq_381,0.28365384615384615,0.21754807692307693,0.22956730769230768,0.2692307692307692,DNA
Seq_382,0.2647058823529412,0.35294117647058826,0.16666666666666666,0.21568627450980393,DNA
Seq_383,0.2647058823529412,0.35294117647058826,0.16666666666666666,0.21568627450980393,DNA
Seq_384,0.2920869518312746,0.22088570041534064,0.22530880845784562,0.2617185392955391,DNA
Seq_385,0.2626286646057682,0.2532527091755274,0.22366409620545571,0.26045453001324864,DNA
Seq_386,0.27498194076571153,0.1940765711533831,0.26342403082109317,0.2675174572598122,DNA
Seq_387,0.27857782116996177,0.2329346676429908,0.20868928484256774,0.2797982263444797,DNA
Seq_388,0.2680604696043744,0.23017047282084271,0.22785461563203602,0.2739144419427469,DNA
Seq_389,0.20430107526881722,0.3870967741935484,0.1827956989247312,0.22580645161290322,DNA
Seq_390,0.26791162843259125,0.22793535992767544,0.2308735450333371,0.2732794666063962,DNA
Seq_391,0.2533321641529288,0.22141353910908454,0.25,0.2752542967379867,DNA
Seq_392,0.24214329538482515,0.23150862362805918,0.24473379235121684,0.2816142886358988,DNA
Seq_393,0.2592564888922133,0.23303912035305557,0.2284015259181689,0.2793028648365622,DNA
Seq_394,0.2741242111039971,0.24357449922253727,0.24028171590597275,0.24201957376749292,DNA
Seq_395,0.23076923076923078,0.23076923076923078,0.38461538461538464,0.15384615384615385,DNA
Seq_396,0.25314957623883333,0.2746048713445827,0.24719401389631213,0.22505153852027182,DNA
Seq_397,0.22815533980582525,0.21359223300970873,0.21359223300970873,0.3446601941747573,DNA
Seq_398,0.25114125892110845,0.2522342956342828,0.2552562206648235,0.24136822477978526,DNA
Seq_399,0.425,0.13333333333333333,0.16666666666666666,0.275,DNA
Seq_400,0.27041619797525307,0.22412823397075365,0.2152980877390326,0.29015748031496064,DNA
Seq_401,0.29855868222374743,0.1997254632807138,0.22855181880576528,0.2731640356897735,DNA
Seq_402,0.26077759871071715,0.2508058017727639,0.2054794520547945,0.28293714746172444,DNA
Seq_403,0.2581635500976835,0.2140664247837008,0.22690482835612616,0.3008651967624895,DNA
Seq_404,0.22921438179372525,0.2633147925982477,0.2591340386083542,0.24833678699967282,DNA
Seq_405,0.2753911100074497,0.23267941395579836,0.19468587037496896,0.297243605661783,DNA
Seq_406,0.2648913805185704,0.21653819201121233,0.21653819201121233,0.3020322354590049,DNA
Seq_407,0.2820764557894091,0.21611339510339325,0.25170276738049946,0.25010738172669816,DNA
Seq_408,0.24280911468061261,0.23608516996638026,0.2480388494583489,0.2730668658946582,DNA
Seq_409,0.19294117647058823,0.2447058823529412,0.26823529411764707,0.29411764705882354,DNA
Seq_410,0.23785166240409208,0.24428008571231077,0.2679200940070505,0.24994815787654662,DNA
Seq_411,0.2939926654636475,0.21811514057861342,0.2156994004307585,0.2721927935269806,DNA
Seq_412,0.23938428874734607,0.2856068648266101,0.25137119603680114,0.22363765038924274,DNA
Seq_413,0.2534883720930233,0.2380813953488372,0.22616279069767442,0.2822674418604651,DNA
Seq_414,0.2735172413793103,0.22841379310344828,0.2266896551724138,0.2713793103448276,DNA
Seq_415,0.2647655411048801,0.23099868750745733,0.2268822336236726,0.27735353776398997,DNA
Seq_416,0.1836653386454183,0.2682602921646746,0.31168658698539176,0.23638778220451528,DNA
Seq_417,0.24359417086815388,0.2369293459493059,0.24873955383659094,0.2707369293459493,DNA
Seq_418,0.2740282215122471,0.22124600638977635,0.20906549520766773,0.2956602768903088,DNA
Seq_419,0.3,0.14545454545454545,0.2,0.35454545454545455,DNA
Seq_420,0.2820008430518477,0.23816214697203877,0.23380637909231416,0.24603063088379937,DNA
Seq_421,0.2,0.125,0.225,0.45,DNA
Seq_422,0.2996102208748376,0.22607189259419663,0.2100476396708532,0.2642702468601126,DNA
Seq_423,0.2542529680834661,0.2695687927224135,0.2368813280567405,0.23929691113737986,DNA
Seq_424,0.26262626262626265,0.1494949494949495,0.26666666666666666,0.3212121212121212,DNA
Seq_425,0.2763043855087537,0.21910209741723002,0.2387473276708846,0.2658461894031317,DNA
Seq_426,0.2588996763754045,0.2297734627831715,0.2168284789644013,0.29449838187702265,DNA
Seq_427,0.26020342474571906,0.21153598558001802,0.2291747135316081,0.2990858761426548,DNA
Seq_428,0.2572599323000178,0.2499554605380367,0.22145020488152503,0.27133440228042044,DNA
Seq_429,0.40816326530612246,0.1836734693877551,0.12244897959183673,0.2857142857142857,DNA
Seq_430,0.2930399283082744,0.21308373991835108,0.20481927710843373,0.28905705466494075,DNA
Seq_431,0.4304281345565749,0.1154434250764526,0.2714067278287462,0.1827217125382263,DNA
Seq_432,0.25050481740033465,0.24467778226504355,0.2209080943864305,0.2839093059481913,DNA
Seq_433,0.28174637618262305,0.19095564621126637,0.23687179932297545,0.29042617828313516,DNA
Seq_434,0.2542372881355932,0.22033898305084745,0.288135593220339,0.23728813559322035,DNA
Seq_435,0.2542372881355932,0.22033898305084745,0.288135593220339,0.23728813559322035,DNA
Seq_436,0.19607843137254902,0.19607843137254902,0.4215686274509804,0.18627450980392157,DNA
Seq_437,0.30469763820399687,0.20256942642097067,0.21587075006488451,0.27686218531014795,DNA
Seq_438,0.23162037724639833,0.24253675924550722,0.2521164414079905,0.27372642210010395,DNA
Seq_439,0.16666666666666666,0.3253968253968254,0.30952380952380953,0.1984126984126984,DNA
Seq_440,0.24952548330404217,0.2374340949033392,0.23086115992970124,0.2821792618629174,DNA
Seq_441,0.23478260869565218,0.25217391304347825,0.17391304347826086,0.3391304347826087,DNA
Seq_442,0.29457364341085274,0.19767441860465115,0.18604651162790697,0.32170542635658916,DNA
Seq_443,0.38596491228070173,0.14035087719298245,0.2631578947368421,0.21052631578947367,DNA
Seq_444,0.1875,0.16964285714285715,0.22321428571428573,0.41964285714285715,DNA
Seq_445,0.1875,0.16964285714285715,0.22321428571428573,0.41964285714285715,DNA
Seq_446,0.2916693805770859,0.2087539894483163,0.22536312121409496,0.2742135087605028,DNA
Seq_447,0.22039473684210525,0.3190789473684211,0.2598684210526316,0.20065789473684212,DNA
Seq_448,0.2647831800262812,0.21178274200613229,0.21747700394218134,0.3059570740254052,DNA
Seq_449,0.24101242090461683,0.23557534567611904,0.24335598781345208,0.28005624560581205,DNA
Seq_450,0.2702635504724018,0.23727830266865574,0.23280291728824798,0.25965522957069453,DNA
Seq_451,0.2565327822979896,0.23668689999569503,0.22428860476128976,0.2824917129450256,DNA
Seq_452,0.2682926829268293,0.17886178861788618,0.2845528455284553,0.2682926829268293,DNA
