nameseq,A,C,G,T,label
Seq_1,0.19107142857142856,0.34464285714285714,0.29464285714285715,0.16964285714285715,DNA
Seq_2,0.2222222222222222,0.20833333333333334,0.3888888888888889,0.18055555555555555,DNA
Seq_3,0.27237546315356115,0.23260601070399342,0.21819678880197613,0.27682173734046933,DNA
Seq_4,0.252671924522739,0.2920321368025356,0.2570944202845139,0.19820151839021155,DNA
Seq_5,0.3010752688172043,0.0967741935483871,0.26881720430107525,0.3333333333333333,DNA
Seq_6,0.2522093813732155,0.309993201903467,0.25696804894629505,0.18082936777702244,DNA
Seq_7,0.2619229788319306,0.19523080846722773,0.2566947207345065,0.2861514919663351,DNA
Seq_8,0.25449465500485907,0.26646015549076774,0.24702380952380953,0.23202137998056366,DNA
Seq_9,0.23711340206185566,0.16494845360824742,0.27835051546391754,0.31958762886597936,DNA
Seq_10,0.2873241625864615,0.2120929509598197,0.24947540219165307,0.25110748426206575,DNA
Seq_11,0.30524899057873484,0.21130551816958276,0.2034993270524899,0.27994616419919244,DNA
Seq_12,0.31267846944603084,0.23929183323814962,0.18874928612221586,0.2592804111936037,DNA
Seq_13,0.28377980571092143,0.23412815229123737,0.2286331076439996,0.25345893435384165,DNA
Seq_14,0.13333333333333333,0.3333333333333333,0.0,0.5333333333333333,DNA
Seq_15,0.27568724650743576,0.2138350608382154,0.22205948625506985,0.28841820639927895,DNA
Seq_16,0.2777507105156313,0.22752740560292326,0.21433211530653673,0.28038976857490866,DNA
Seq_17,0.39520958083832336,0.18562874251497005,0.17964071856287425,0.23952095808383234,DNA
Seq_18,0.2385615991160665,0.28346140324443775,0.2565416101652353,0.22143538747426045,DNA
Seq_19,0.30044770044770047,0.1908831908831909,0.19991859991859992,0.30875050875050875,DNA
Seq_20,0.1941747572815534,0.3300970873786408,0.27184466019417475,0.20388349514563106,DNA
Seq_21,0.23728813559322035,0.2711864406779661,0.3050847457627119,0.1864406779661017,DNA
Seq_22,0.46938775510204084,0.1836734693877551,0.14285714285714285,0.20408163265306123,DNA
Seq_23,0.4691358024691358,0.1728395061728395,0.06172839506172839,0.2962962962962963,DNA
Seq_24,0.272294725394236,0.23015225666122893,0.2355899945622621,0.26196302338227295,DNA
Seq_25,0.24654059040590406,0.29174354243542433,0.2481549815498155,0.21356088560885608,DNA
Seq_26,0.237339841366687,0.22086638194020744,0.25625381330079317,0.2855399633923124,DNA
Seq_27,0.237339841366687,0.22086638194020744,0.25625381330079317,0.2855399633923124,DNA
Seq_28,0.2940161104718067,0.19275028768699654,0.19850402761795166,0.3147295742232451,DNA
Seq_29,0.3239719157472417,0.20020060180541624,0.2148445336008024,0.2609829488465396,DNA
Seq_30,0.29979879275653926,0.1891348088531187,0.2193158953722334,0.2917505030181087,DNA
Seq_31,0.21927463795975907,0.2568242983467897,0.2775855440215302,0.24631551967192106,DNA
Seq_32,0.22123893805309736,0.19174041297935104,0.25663716814159293,0.3303834808259587,DNA
Seq_33,0.2663032961362317,0.23827646262013805,0.2301167515964652,0.26530348964716505,DNA
Seq_34,0.32670454545454547,0.16761363636363635,0.13920454545454544,0.3664772727272727,DNA
Seq_35,0.2686300758589915,0.2248995983935743,0.2353859883980366,0.2710843373493976,DNA
Seq_36,0.17647058823529413,0.31092436974789917,0.33613445378151263,0.17647058823529413,DNA
Seq_37,0.2834193918531268,0.22834193918531268,0.16580608146873207,0.32243258749282844,DNA
Seq_38,0.26146960089518834,0.2264419653453596,0.2275609507985487,0.2845274829609033,DNA
Seq_39,0.26435406698564595,0.2930622009569378,0.27093301435406697,0.17165071770334928,DNA
Seq_40,0.30978260869565216,0.23369565217391305,0.21739130434782608,0.2391304347826087,DNA
Seq_41,0.25649005617124637,0.2496584180962502,0.24305450129042053,0.2507970244420829,DNA
Seq_42,0.31520926756352763,0.19796337817638265,0.21207025411061287,0.27475710014947685,DNA
Seq_43,0.3007977475363679,0.20717972782731112,0.19192867198498356,0.3000938526513374,DNA
Seq_44,0.18421052631578946,0.2631578947368421,0.3157894736842105,0.23684210526315788,DNA
Seq_45,0.18421052631578946,0.2631578947368421,0.3157894736842105,0.23684210526315788,DNA
Seq_46,0.1860516442286471,0.31825204149194436,0.31670712866916795,0.17898918561024058,DNA
Seq_47,0.20948616600790515,0.2490118577075099,0.21541501976284586,0.32608695652173914,DNA
Seq_48,0.2569206131320064,0.2528025623427133,0.26035232212308396,0.2299245024021963,DNA
Seq_49,0.25057568189926377,0.24159180099244315,0.19284532805760063,0.31498718905069245,DNA
Seq_50,0.29372937293729373,0.2085208520852085,0.1929192919291929,0.30483048304830485,DNA
Seq_51,0.269130329163124,0.2357585327341188,0.24079922264059272,0.2543119154621645,DNA
Seq_52,0.26065714285714287,0.2244857142857143,0.23122857142857142,0.28362857142857145,DNA
Seq_53,0.28729424700061446,0.21896323125181905,0.2218413478640494,0.27190117388351714,DNA
Seq_54,0.24859529233105543,0.22353834472285497,0.28291571753986333,0.24495064540622627,DNA
Seq_55,0.26562404916935434,0.2349540558632021,0.20337126513722387,0.2960506298302197,DNA
Seq_56,0.2897890208930766,0.22849242113887752,0.2279803359278984,0.25373822204014745,DNA
Seq_57,0.20496894409937888,0.2732919254658385,0.3167701863354037,0.20496894409937888,DNA
Seq_58,0.20320855614973263,0.2192513368983957,0.20320855614973263,0.37433155080213903,DNA
Seq_59,0.282883794923711,0.2187432207679514,0.2191770916190614,0.27919589268927614,DNA
Seq_60,0.3697234352256186,0.15211062590975255,0.16375545851528384,0.314410480349345,DNA
Seq_61,0.21498593470292388,0.2573523143807007,0.28428948938709403,0.2433722615292814,DNA
Seq_62,0.2661906677393403,0.207864038616251,0.21339501206757844,0.31255028157683024,DNA
Seq_63,0.20833333333333334,0.125,0.20833333333333334,0.4583333333333333,DNA
Seq_64,0.10256410256410256,0.4271062271062271,0.24395604395604395,0.22637362637362637,DNA
Seq_65,0.2727272727272727,0.25252525252525254,0.16161616161616163,0.31313131313131315,DNA
Seq_66,0.20116618075801748,0.2594752186588921,0.3294460641399417,0.2099125364431487,DNA
Seq_67,0.24825108716203442,0.22631877481565513,0.2440915106825487,0.2813386273397618,DNA
Seq_68,0.30335893959933724,0.20997138123211326,0.2024401265250791,0.2842295526434704,DNA
Seq_69,0.21666666666666667,0.31666666666666665,0.2833333333333333,0.18333333333333332,DNA
Seq_70,0.2867636398782197,0.21625670516599815,0.20920117914270525,0.28777847581307686,DNA
Seq_71,0.2633495145631068,0.19174757281553398,0.2087378640776699,0.33616504854368934,DNA
Seq_72,0.37362637362637363,0.13736263736263737,0.09340659340659341,0.3956043956043956,DNA
Seq_73,0.26666666666666666,0.26666666666666666,0.26666666666666666,0.2,DNA
Seq_74,0.29325430426192495,0.21507197290431837,0.23511148744002258,0.25656223539373413,DNA
Seq_75,0.26666666666666666,0.4166666666666667,0.16666666666666666,0.15,DNA
Seq_76,0.2805482340537691,0.21707959936742224,0.21623616236162363,0.28613600421718505,DNA
Seq_77,0.2535612535612536,0.21859621859621858,0.2375032375032375,0.29033929033929035,DNA
Seq_78,0.28881087707567143,0.22495263568483229,0.22668004012036108,0.25955644711913517,DNA
Seq_79,0.25840643274853803,0.21783625730994152,0.20614035087719298,0.31761695906432746,DNA
Seq_80,0.4008810572687225,0.2026431718061674,0.21585903083700442,0.18061674008810572,DNA
Seq_81,0.28668427008675973,0.1987929083364768,0.2142587702753678,0.3002640513013957,DNA
Seq_82,0.24468085106382978,0.2872340425531915,0.2553191489361702,0.2127659574468085,DNA
Seq_83,0.3130434782608696,0.14782608695652175,0.26956521739130435,0.26956521739130435,DNA
Seq_84,0.2568930733019502,0.1768661735036987,0.2178883658372562,0.34835238735709484,DNA
Seq_85,0.2142992245129563,0.26056364668053716,0.29097787024777755,0.23415925855872896,DNA
Seq_86,0.27185760667903525,0.2338821892393321,0.21793831168831168,0.27632189239332094,DNA
Seq_87,0.28417294108515095,0.23270977256850112,0.22851820228207714,0.25459908406427073,DNA
Seq_88,0.2567739204064352,0.22798475867908552,0.2483065198983912,0.2669348010160881,DNA
Seq_89,0.20477879410117603,0.2549934664924398,0.2911144297181258,0.24911330968825834,DNA
Seq_90,0.3443708609271523,0.2119205298013245,0.2913907284768212,0.152317880794702,DNA
Seq_91,0.24746614428072566,0.24644408483093433,0.26134911847372455,0.24474065241461546,DNA
Seq_92,0.25607729067109913,0.22553500934967796,0.2027841263245377,0.3156035736546852,DNA
Seq_93,0.2621759743858137,0.2405640046795148,0.24555138230404533,0.2517086386306262,DNA
Seq_94,0.3422818791946309,0.1912751677852349,0.22483221476510068,0.24161073825503357,DNA
Seq_95,0.2731855586033064,0.22885313959522574,0.2290384757950923,0.26892282600637557,DNA
Seq_96,0.2773203592814371,0.19124251497005987,0.21407185628742514,0.31736526946107785,DNA
Seq_97,0.27824104234527686,0.20488599348534203,0.21355048859934853,0.30332247557003256,DNA
Seq_98,0.20149253731343283,0.3208955223880597,0.291044776119403,0.1865671641791045,DNA
Seq_99,0.29705215419501135,0.20408163265306123,0.20861678004535147,0.29024943310657597,DNA
Seq_100,0.22353596878856644,0.26458059636132014,0.2514431306978781,0.26044030415223535,DNA
Seq_101,0.25660332257678975,0.29377315644795027,0.24321740169714354,0.20640611927811642,DNA
Seq_102,0.28694714131607335,0.15857605177993528,0.20064724919093851,0.35382955771305286,DNA
Seq_103,0.2920353982300885,0.23008849557522124,0.17699115044247787,0.3008849557522124,DNA
Seq_104,0.3719298245614035,0.12280701754385964,0.18947368421052632,0.3157894736842105,DNA
Seq_105,0.19584103512014786,0.2634011090573013,0.30101663585951943,0.2397412199630314,DNA
Seq_106,0.31280388978930307,0.20745542949756887,0.22312263641274988,0.25661804430037816,DNA
Seq_107,0.30625,0.16875,0.18125,0.34375,DNA
Seq_108,0.26164687459219627,0.23358997781547697,0.22419417982513376,0.280568967767193,DNA
Seq_109,0.17724378722530293,0.27418361059765867,0.328198808790306,0.22037379338673238,DNA
Seq_110,0.3561643835616438,0.136986301369863,0.1643835616438356,0.3424657534246575,DNA
Seq_111,0.21428571428571427,0.2857142857142857,0.35714285714285715,0.14285714285714285,DNA
Seq_112,0.2676056338028169,0.2112676056338028,0.1267605633802817,0.39436619718309857,DNA
Seq_113,0.28326964612061806,0.23137841280389876,0.22811098189067952,0.25724095918480366,DNA
Seq_114,0.24957381520627345,0.23031026252983294,0.2286055233549267,0.2915103989089669,DNA
Seq_115,0.2551345245430273,0.2610392277675087,0.2655062641199425,0.21831998356952145,DNA
Seq_116,0.25078809106830124,0.2314068884997081,0.22953882078225335,0.2882661996497373,DNA
Seq_117,0.2821276347287908,0.21398960705319087,0.20756699947451393,0.2963157587435044,DNA
Seq_118,0.282830983091626,0.23708480919601685,0.23975806990576756,0.2403261378065896,DNA
Seq_119,0.25952,0.244,0.24472,0.25176,DNA
Seq_120,0.2425531914893617,0.2553191489361702,0.20851063829787234,0.2936170212765957,DNA
Seq_121,0.2745803357314149,0.22655209166000534,0.24473754329869438,0.25413002930988543,DNA
Seq_122,0.29591681845780204,0.21979356405585915,0.22320886460230724,0.2610807528840316,DNA
Seq_123,0.27666666666666667,0.25666666666666665,0.24,0.22666666666666666,DNA
Seq_124,0.38571428571428573,0.34285714285714286,0.1,0.17142857142857143,DNA
Seq_125,0.23232549458753265,0.2734602463605823,0.26442702500933185,0.2297872340425532,DNA
Seq_126,0.2661290322580645,0.20161290322580644,0.25806451612903225,0.27419354838709675,DNA
Seq_127,0.2412472647702407,0.24179431072210067,0.2549234135667396,0.262035010940919,DNA
Seq_128,0.2412472647702407,0.24179431072210067,0.2549234135667396,0.262035010940919,DNA
Seq_129,0.23832528180354268,0.2785829307568438,0.22705314009661837,0.2560386473429952,DNA
Seq_130,0.3247232472324723,0.23247232472324722,0.25092250922509224,0.1918819188191882,DNA
Seq_131,0.24637291778613649,0.2307898979043525,0.26571735626007525,0.2571198280494358,DNA
Seq_132,0.24721996202874966,0.2393544887442365,0.19500949281258476,0.31841605641442905,DNA
Seq_133,0.17714285714285713,0.3485714285714286,0.2571428571428571,0.21714285714285714,DNA
Seq_134,0.28631024966305113,0.21731596174828316,0.23567165137025864,0.260702137218407,DNA
Seq_135,0.2726411619218018,0.24885544387728253,0.23854128295532284,0.2399621112455928,DNA
Seq_136,0.2644691208756244,0.22663781857520124,0.2205288109707595,0.28836424957841483,DNA
Seq_137,0.23050812590002057,0.30970993622711374,0.26733182472742234,0.19245011314544333,DNA
Seq_138,0.2520347508001829,0.2530406950160037,0.22981252857796067,0.2651120256058528,DNA
Seq_139,0.2728752849234777,0.2189297731466406,0.23749050255074353,0.2707044393791382,DNA
Seq_140,0.2892561983471074,0.15702479338842976,0.2396694214876033,0.3140495867768595,DNA
Seq_141,0.16377171215880892,0.29280397022332505,0.3052109181141439,0.23821339950372208,DNA
Seq_142,0.23849864689963526,0.26650194140487116,0.23120367102012002,0.2637957406753736,DNA
Seq_143,0.15432098765432098,0.4012345679012346,0.3148148148148148,0.12962962962962962,DNA
Seq_144,0.3375796178343949,0.19532908704883228,0.16348195329087048,0.3036093418259023,DNA
Seq_145,0.2606060606060606,0.2727272727272727,0.21818181818181817,0.24848484848484848,DNA
Seq_146,0.2845953002610966,0.23237597911227154,0.195822454308094,0.28720626631853785,DNA
Seq_147,0.2515212981744422,0.23850574712643677,0.25050709939148075,0.2594658553076403,DNA
Seq_148,0.27504190278553753,0.2554074547050842,0.23840689600127704,0.2311437465081012,DNA
Seq_149,0.23516464546199992,0.264252729705235,0.2660653402960597,0.23451728453670537,DNA
Seq_150,0.29913309535951044,0.2196838347781744,0.22610912799592045,0.2550739418663947,DNA
Seq_151,0.2702871410736579,0.21098626716604243,0.2303370786516854,0.2883895131086142,DNA
Seq_152,0.2702871410736579,0.21098626716604243,0.2303370786516854,0.2883895131086142,DNA
Seq_153,0.21900747269591875,0.1946733090630389,0.21421728300440698,0.3721019352366354,DNA
Seq_154,0.3888888888888889,0.1388888888888889,0.2222222222222222,0.25,DNA
Seq_155,0.2816157040392601,0.22348055870139674,0.22341764187743804,0.2714860953819051,DNA
Seq_156,0.17857142857142858,0.39285714285714285,0.26785714285714285,0.16071428571428573,DNA
Seq_157,0.29874213836477986,0.20440251572327045,0.22955974842767296,0.2672955974842767,DNA
Seq_158,0.2958405857991717,0.20496968969449614,0.2180541384070584,0.28113558609927375,DNA
Seq_159,0.256140350877193,0.20551378446115287,0.23308270676691728,0.30526315789473685,DNA
Seq_160,0.2802547770700637,0.24203821656050956,0.21815286624203822,0.25955414012738853,DNA
Seq_161,0.30721649484536084,0.16907216494845362,0.24948453608247423,0.27422680412371137,DNA
Seq_162,0.2857142857142857,0.22142857142857142,0.24285714285714285,0.25,DNA
Seq_163,0.243404992519096,0.1931648161272541,0.24529490511063864,0.31813528624301124,DNA
Seq_164,0.2484529702970297,0.24200701320132012,0.2407178217821782,0.26882219471947194,DNA
Seq_165,0.2824329127421361,0.21023636040518925,0.21947751910431845,0.28785320774835615,DNA
Seq_166,0.2705338809034908,0.23128616763113682,0.22218592495799888,0.27599402650737354,DNA
Seq_167,0.1968503937007874,0.2755905511811024,0.3937007874015748,0.13385826771653545,DNA
Seq_168,0.25463311737230676,0.23828536989603738,0.21108934759680578,0.2959921651348501,DNA
Seq_169,0.3289423444062619,0.18671248568155785,0.21897670866743033,0.2653684612447499,DNA
Seq_170,0.3299595141700405,0.15991902834008098,0.2145748987854251,0.29554655870445345,DNA
Seq_171,0.26034229127049624,0.23985504646406658,0.24728212120124862,0.2525205410641886,DNA
Seq_172,0.27120600115406807,0.23658395845354876,0.18984420080784767,0.3023658395845355,DNA
Seq_173,0.27120600115406807,0.23658395845354876,0.18984420080784767,0.3023658395845355,DNA
Seq_174,0.25282406405539926,0.23607444276130707,0.2514390824496862,0.25966241073360746,DNA
Seq_175,0.14457831325301204,0.2289156626506024,0.25301204819277107,0.37349397590361444,DNA
Seq_176,0.27231663937665856,0.2117328214104229,0.2139348427530913,0.30201569645982723,DNA
Seq_177,0.27010393873085337,0.22863101750547046,0.23076791575492342,0.27049712800875275,DNA
Seq_178,0.2634059428702799,0.232829472958216,0.21121903557675728,0.29254554859474685,DNA
Seq_179,0.22708039492242596,0.24764927127409497,0.24083215796897037,0.2844381758345087,DNA
Seq_180,0.27150967741935483,0.23375483870967742,0.23994838709677418,0.25478709677419353,DNA
Seq_181,0.2616822429906542,0.24299065420560748,0.32710280373831774,0.16822429906542055,DNA
Seq_182,0.286196217232607,0.22431146997013604,0.2285698484680898,0.2609224643291671,DNA
Seq_183,0.31834836527621196,0.19701240135287487,0.197576099210823,0.2870631341600902,DNA
Seq_184,0.25495981918633853,0.2275238573581115,0.22463586137619287,0.2928804620793571,DNA
Seq_185,0.27065093262276363,0.1977540921202893,0.24704986676817664,0.28454510848877046,DNA
Seq_186,0.1962864721485411,0.28116710875331563,0.1962864721485411,0.32625994694960214,DNA
Seq_187,0.25989427061008713,0.21845977996856694,0.23917702528932705,0.28246892413201885,DNA
Seq_188,0.23752635277582573,0.2494729444834856,0.22628250175685172,0.286718200983837,DNA
Seq_189,0.2972972972972973,0.21873035826524198,0.20050282840980516,0.2834695160276556,DNA
Seq_190,0.2972972972972973,0.21873035826524198,0.20050282840980516,0.2834695160276556,DNA
Seq_191,0.28267045454545453,0.22776442307692307,0.2162368881118881,0.27332823426573427,DNA
Seq_192,0.1781305114638448,0.2821869488536155,0.3298059964726631,0.20987654320987653,DNA
Seq_193,0.27088974245954284,0.23921667401297148,0.19992443800768214,0.2899691455198035,DNA
Seq_194,0.20789504786668242,0.2597801678288618,0.2971279990544853,0.23519678524997045,DNA
Seq_195,0.2835685563352519,0.21315934715761256,0.22869194985413546,0.27458014665300007,DNA
Seq_196,0.46206896551724136,0.1724137931034483,0.23448275862068965,0.1310344827586207,DNA
Seq_197,0.2878978224455611,0.2106365159128978,0.22843383584589616,0.2730318257956449,DNA
Seq_198,0.1903114186851211,0.25951557093425603,0.3633217993079585,0.18685121107266436,DNA
Seq_199,0.30526315789473685,0.1631578947368421,0.14210526315789473,0.3894736842105263,DNA
Seq_200,0.2996488691521223,0.21718475679025095,0.21165960962511618,0.2715067644325106,DNA
Seq_201,0.24160870879951618,0.24735409736921682,0.2555185969156335,0.2555185969156335,DNA
Seq_202,0.1259259259259259,0.2962962962962963,0.34814814814814815,0.22962962962962963,DNA
Seq_203,0.15789473684210525,0.2706766917293233,0.2706766917293233,0.3007518796992481,DNA
Seq_204,0.35294117647058826,0.23529411764705882,0.13725490196078433,0.27450980392156865,DNA
Seq_205,0.2529610829103215,0.276461740928746,0.2367926301936454,0.2337845459672871,DNA
Seq_206,0.29770603228547154,0.20679694137638063,0.2009629000283206,0.2945341263098272,DNA
Seq_207,0.2844034161576518,0.21444957298029352,0.21254249467952793,0.28860451618252675,DNA
Seq_208,0.26304713804713803,0.20117845117845118,0.23863636363636365,0.29713804713804715,DNA
Seq_209,0.2910355374308185,0.2169749490241771,0.218977570637926,0.27301194290707836,DNA
Seq_210,0.32726610848198034,0.21842009464870768,0.24062613760465962,0.21368765926465236,DNA
Seq_211,0.29164124466137886,0.237339841366687,0.21598535692495424,0.2550335570469799,DNA
Seq_212,0.3125,0.21428571428571427,0.23214285714285715,0.24107142857142858,DNA
Seq_213,0.32061068702290074,0.17557251908396945,0.14122137404580154,0.36259541984732824,DNA
Seq_214,0.24870466321243523,0.3316062176165803,0.2849740932642487,0.13471502590673576,DNA
Seq_215,0.2969230769230769,0.20717948717948717,0.2323076923076923,0.2635897435897436,DNA
Seq_216,0.2969230769230769,0.20717948717948717,0.2323076923076923,0.2635897435897436,DNA
Seq_217,0.2625623960066556,0.24603438713255685,0.21530782029950082,0.27609539656128673,DNA
Seq_218,0.2612867236891038,0.2177761249535143,0.24685756786909632,0.2740795834882856,DNA
Seq_219,0.23642403235124207,0.2182264586943963,0.2563547082611207,0.2889948006932409,DNA
Seq_220,0.3107344632768362,0.2768361581920904,0.2655367231638418,0.14689265536723164,DNA
Seq_221,0.2736156351791531,0.21009771986970685,0.1742671009771987,0.34201954397394135,DNA
Seq_222,0.25,0.16666666666666666,0.4166666666666667,0.16666666666666666,DNA
Seq_223,0.3389830508474576,0.15254237288135594,0.1694915254237288,0.3389830508474576,DNA
Seq_224,0.2860152325392967,0.22233025441581591,0.21293145357316481,0.2787230594717226,DNA
Seq_225,0.2689075630252101,0.2184873949579832,0.31092436974789917,0.20168067226890757,DNA
Seq_226,0.13425925925925927,0.30092592592592593,0.2916666666666667,0.27314814814814814,DNA
Seq_227,0.2783080974325214,0.2205398288347597,0.20309414088215932,0.2980579328505596,DNA
Seq_228,0.284435261707989,0.24104683195592286,0.21212121212121213,0.26239669421487605,DNA
Seq_229,0.2284325637910085,0.24806056640807553,0.26815590242078696,0.25535096738012897,DNA
Seq_230,0.2987224157955865,0.24111498257839722,0.2183507549361208,0.24181184668989547,DNA
Seq_231,0.15834959576247562,0.3102871480345693,0.331195985503206,0.2001672706997491,DNA
Seq_232,0.2744096677959246,0.2298629721393538,0.21439045355716235,0.28133690650755927,DNA
Seq_233,0.2682211093745016,0.23071034416765016,0.21600586903129088,0.2850626774265574,DNA
Seq_234,0.25945723684210525,0.24979440789473684,0.21504934210526316,0.27569901315789475,DNA
Seq_235,0.19251824817518248,0.2680961070559611,0.30961070559610704,0.22977493917274938,DNA
Seq_236,0.2852461574471405,0.22111258484824842,0.211828040883202,0.2818132168214091,DNA
Seq_237,0.2723752151462995,0.20668387837062535,0.23121055651176134,0.2897303499713138,DNA
Seq_238,0.22094696697128877,0.2962509894221774,0.268331294523998,0.2144707490825358,DNA
Seq_239,0.26049213090182366,0.24119410442168374,0.2524981264051961,0.24581563827129652,DNA
Seq_240,0.37971014492753624,0.16521739130434782,0.2753623188405797,0.17971014492753623,DNA
Seq_241,0.28893469019708873,0.2275752501180815,0.19764695779123193,0.28584310189359785,DNA
Seq_242,0.27450980392156865,0.20645905420991925,0.19377162629757785,0.32525951557093424,DNA
Seq_243,0.27450980392156865,0.20645905420991925,0.19377162629757785,0.32525951557093424,DNA
Seq_244,0.24337200421864202,0.2706113394188457,0.2686111212132233,0.217405535149289,DNA
Seq_245,0.25,0.20833333333333334,0.28125,0.2604166666666667,DNA
Seq_246,0.31266846361185985,0.2398921832884097,0.2668463611859838,0.18059299191374664,DNA
Seq_247,0.1875,0.265625,0.1875,0.359375,DNA
Seq_248,0.28645251396648047,0.21319832402234637,0.2263268156424581,0.2740223463687151,DNA
Seq_249,0.26764365599691475,0.21288083301195526,0.239105283455457,0.280370227535673,DNA
Seq_250,0.2297553720703626,0.23406328529668188,0.22401148776860352,0.312169854864352,DNA
Seq_251,0.2709020077914294,0.24003596044351214,0.2298471681150734,0.25921486364998503,DNA
Seq_252,0.23369565217391305,0.22826086956521738,0.20652173913043478,0.33152173913043476,DNA
Seq_253,0.3055555555555556,0.23148148148148148,0.19444444444444445,0.26851851851851855,DNA
Seq_254,0.37575757575757573,0.28484848484848485,0.21212121212121213,0.12727272727272726,DNA
Seq_255,0.3582089552238806,0.13432835820895522,0.2835820895522388,0.22388059701492538,DNA
Seq_256,0.34782608695652173,0.18478260869565216,0.2826086956521739,0.18478260869565216,DNA
Seq_257,0.23943661971830985,0.1851106639839034,0.17706237424547283,0.3983903420523139,DNA
Seq_258,0.13709677419354838,0.25806451612903225,0.25,0.3548387096774194,DNA
Seq_259,0.2469080278839667,0.25747695075331684,0.22869350123678886,0.26692152012592757,DNA
Seq_260,0.3465346534653465,0.13861386138613863,0.16831683168316833,0.3465346534653465,DNA
Seq_261,0.29375,0.28125,0.16875,0.25625,DNA
Seq_262,0.19827227310574522,0.27742506244796006,0.30063488759367196,0.22366777685262282,DNA
Seq_263,0.2222222222222222,0.17094017094017094,0.1111111111111111,0.49572649572649574,DNA
Seq_264,0.2943722943722944,0.24458874458874458,0.19047619047619047,0.27056277056277056,DNA
Seq_265,0.2702702702702703,0.21621621621621623,0.21621621621621623,0.2972972972972973,DNA
Seq_266,0.2633785722167053,0.23110449078671522,0.22078781860311156,0.28472911839346793,DNA
Seq_268,0.26848409748038,0.20870950610727562,0.20156959933911606,0.3212367970732283,DNA
Seq_269,0.2857142857142857,0.2108843537414966,0.1870748299319728,0.3163265306122449,DNA
Seq_270,0.25853422978344043,0.2422644032539653,0.24787340737714053,0.25132795958545373,DNA
Seq_271,0.29393495458540875,0.1922062701435687,0.200234397890419,0.31362437738060356,DNA
Seq_272,0.23542600896860988,0.2934977578475336,0.2439088191330344,0.22716741405082214,DNA
Seq_273,0.2796610169491525,0.1906779661016949,0.23728813559322035,0.2923728813559322,DNA
Seq_274,0.2707459651798195,0.2167365611894777,0.21937349091371203,0.2931439827169907,DNA
Seq_275,0.3023366714353839,0.23152122079160706,0.19694802098235575,0.2691940867906533,DNA
Seq_276,0.25463162429987074,0.2506103690937814,0.20623294556943847,0.2885250610369094,DNA
Seq_277,0.2702702702702703,0.21621621621621623,0.35135135135135137,0.16216216216216217,DNA
Seq_278,0.2657414217645742,0.2346263311054971,0.21441591250679543,0.2852163346231332,DNA
Seq_279,0.3047619047619048,0.3142857142857143,0.11428571428571428,0.26666666666666666,DNA
Seq_280,0.1684334511189635,0.29463234056873633,0.3350159851926636,0.20191822311963656,DNA
Seq_281,0.2719546742209632,0.2521246458923513,0.19830028328611898,0.2776203966005666,DNA
Seq_282,0.4155844155844156,0.12987012987012986,0.2077922077922078,0.24675324675324675,DNA
Seq_283,0.30584192439862545,0.1718213058419244,0.15463917525773196,0.36769759450171824,DNA
Seq_284,0.22242152466367712,0.2723467862481315,0.2974588938714499,0.2077727952167414,DNA
Seq_285,0.2545278918135716,0.23665781212267567,0.2429364887708283,0.26587780729292443,DNA
Seq_286,0.1694915254237288,0.3983050847457627,0.2457627118644068,0.1864406779661017,DNA
Seq_287,0.2742616033755274,0.13924050632911392,0.18565400843881857,0.4008438818565401,DNA
Seq_288,0.15130023640661938,0.3049645390070922,0.33451536643026003,0.20921985815602837,DNA
Seq_289,0.21476373133110258,0.24063494654370357,0.26760793275116296,0.27699338937403084,DNA
Seq_290,0.25492447663633955,0.2335041074110061,0.2581485734475753,0.25342284250507907,DNA
Seq_291,0.26928916981531836,0.24520639853102158,0.2517744270631025,0.23373000459055757,DNA
Seq_292,0.2573715248525695,0.2273237854535243,0.21398483572030327,0.30131985397360295,DNA
Seq_293,0.28781625695316704,0.2235779651893056,0.21308092589269692,0.27552485196483045,DNA
Seq_294,0.2980985483541198,0.20374156614189326,0.22991208341852382,0.2682478020854631,DNA
Seq_295,0.3013179659569927,0.2050050690998346,0.1958806893975775,0.29779627554559523,DNA
Seq_296,0.13777777777777778,0.3511111111111111,0.3333333333333333,0.17777777777777778,DNA
Seq_297,0.16666666666666666,0.3333333333333333,0.30701754385964913,0.19298245614035087,DNA
Seq_298,0.2775760326827054,0.22310485701316388,0.2106218792555606,0.28869723104857015,DNA
Seq_299,0.2566142043210921,0.26659897331753823,0.2497320471596999,0.22705477520166978,DNA
Seq_300,0.24510412551498392,0.23759805858118405,0.24691009650657486,0.2703877193972572,DNA
Seq_301,0.3179916317991632,0.2175732217573222,0.19246861924686193,0.2719665271966527,DNA
Seq_302,0.2595419847328244,0.3511450381679389,0.20610687022900764,0.183206106870229,DNA
Seq_303,0.2457627118644068,0.2966101694915254,0.1440677966101695,0.3135593220338983,DNA
Seq_304,0.2762657813114324,0.21729063824210387,0.2226202437639247,0.283823336682539,DNA
Seq_305,0.33487565066512437,0.1359167148640833,0.291497975708502,0.23770965876229033,DNA
Seq_306,0.32710280373831774,0.205607476635514,0.24299065420560748,0.22429906542056074,DNA
Seq_307,0.3273809523809524,0.17857142857142858,0.24404761904761904,0.25,DNA
Seq_308,0.27795927795927794,0.23934923934923935,0.23581823581823583,0.24687324687324688,DNA
Seq_309,0.2283464566929134,0.3228346456692913,0.3228346456692913,0.12598425196850394,DNA
Seq_310,0.2949438202247191,0.18820224719101122,0.1601123595505618,0.35674157303370785,DNA
Seq_311,0.294811320754717,0.2641509433962264,0.2240566037735849,0.2169811320754717,DNA
Seq_312,0.2832764505119454,0.20298185737380994,0.2245374528471349,0.28920423926710975,DNA
Seq_313,0.251303441084463,0.22523461939520334,0.23392422662495654,0.2895377128953771,DNA
Seq_314,0.25871916393243405,0.2828411714667639,0.2589014461052376,0.19953821849556447,DNA
Seq_315,0.05042016806722689,0.5798319327731093,0.25210084033613445,0.11764705882352941,DNA
Seq_316,0.3,0.23714285714285716,0.24571428571428572,0.21714285714285714,DNA
Seq_317,0.2805839906024501,0.22335962409800303,0.2033898305084746,0.29266655479107234,DNA
Seq_318,0.21828358208955223,0.2490671641791045,0.20708955223880596,0.3255597014925373,DNA
Seq_319,0.29134615384615387,0.2125,0.21346153846153845,0.2826923076923077,DNA
Seq_320,0.24074074074074073,0.22839506172839505,0.24074074074074073,0.29012345679012347,DNA
Seq_321,0.36045845272206306,0.22234957020057305,0.1489971346704871,0.2681948424068768,DNA
Seq_322,0.2727043117445427,0.2419628360093812,0.23139094353238318,0.25394190871369293,DNA
Seq_323,0.3105002253267237,0.1910770617395223,0.21676430824695808,0.28165840468679587,DNA
Seq_324,0.2707641196013289,0.25830564784053156,0.2009966777408638,0.26993355481727577,DNA
Seq_325,0.25754985754985754,0.23228869895536564,0.2426400759734093,0.2675213675213675,DNA
Seq_326,0.29359965635738833,0.22938144329896906,0.20833333333333334,0.26868556701030927,DNA
Seq_327,0.23121963373614052,0.25189983804659277,0.27382583779743364,0.24305469041983307,DNA
Seq_328,0.34615384615384615,0.15384615384615385,0.28205128205128205,0.21794871794871795,DNA
Seq_329,0.3178294573643411,0.21705426356589147,0.11627906976744186,0.3488372093023256,DNA
Seq_330,0.2891566265060241,0.2289156626506024,0.25301204819277107,0.2289156626506024,DNA
Seq_331,0.2807017543859649,0.19298245614035087,0.12280701754385964,0.40350877192982454,DNA
Seq_332,0.3564356435643564,0.18811881188118812,0.2079207920792079,0.24752475247524752,DNA
Seq_333,0.2903225806451613,0.2903225806451613,0.22580645161290322,0.1935483870967742,DNA
Seq_334,0.4536082474226804,0.08247422680412371,0.18556701030927836,0.27835051546391754,DNA
Seq_335,0.4536082474226804,0.08247422680412371,0.18556701030927836,0.27835051546391754,DNA
Seq_336,0.3488372093023256,0.19767441860465115,0.20930232558139536,0.2441860465116279,DNA
Seq_337,0.2876335877862595,0.2,0.24229007633587787,0.2700763358778626,DNA
Seq_338,0.2857142857142857,0.17940199335548174,0.22259136212624583,0.3122923588039867,DNA
Seq_339,0.24111762676785098,0.22943872271226531,0.24530626324348298,0.28413738727640075,DNA
Seq_340,0.30303030303030304,0.2727272727272727,0.2196969696969697,0.20454545454545456,DNA
Seq_341,0.2661003014524527,0.21266100301452454,0.20553576322280076,0.31570293231022195,DNA
Seq_342,0.30393198724760895,0.20244420828905418,0.22316684378320936,0.27045696068012753,DNA
Seq_343,0.2776482927397739,0.23429670201608205,0.22631394942314415,0.2617410558209999,DNA
Seq_344,0.23819992241044874,0.25212293633346267,0.2726410621147463,0.2370360791413423,DNA
Seq_345,0.26405551634909435,0.22959303693248648,0.22077158315690426,0.28557986356151494,DNA
Seq_346,0.26666666666666666,0.24928571428571428,0.20714285714285716,0.27690476190476193,DNA
Seq_347,0.282934963868816,0.20344635908838243,0.2226236798221234,0.2909949972206782,DNA
Seq_348,0.26962341197822143,0.2073502722323049,0.2305467332123412,0.29247958257713247,DNA
Seq_349,0.25949367088607594,0.20253164556962025,0.18670886075949367,0.3512658227848101,DNA
Seq_350,0.2784354091610911,0.20483787956767885,0.3211528564076171,0.19557385486361298,DNA
Seq_351,0.2632338787295476,0.25601539942252166,0.24162656400384985,0.23912415784408084,DNA
Seq_352,0.28111073020226257,0.222292962436946,0.2280229198295705,0.2685733875312209,DNA
Seq_353,0.2426125314234217,0.23692074182991035,0.24711853151828486,0.27334819522838305,DNA
Seq_354,0.29002197802197804,0.22145054945054946,0.2058021978021978,0.2827252747252747,DNA
Seq_355,0.29122721453392675,0.21599707370602939,0.2130098152776931,0.2797658964823508,DNA
Seq_356,0.3212121212121212,0.2202020202020202,0.16767676767676767,0.2909090909090909,DNA
Seq_357,0.2775881683731513,0.25312855517633676,0.2366325369738339,0.23265073947667805,DNA
Seq_358,0.29388528993521884,0.2210459788276189,0.1853373360720493,0.299731395165113,DNA
Seq_359,0.26885691012761337,0.23133315232147705,0.23301656258484932,0.26679337496606026,DNA
Seq_360,0.3055555555555556,0.2175925925925926,0.25925925925925924,0.2175925925925926,DNA
Seq_361,0.2926829268292683,0.23780487804878048,0.24390243902439024,0.22560975609756098,DNA
Seq_362,0.3548387096774194,0.1774193548387097,0.24193548387096775,0.22580645161290322,DNA
Seq_363,0.23134328358208955,0.208955223880597,0.14925373134328357,0.41044776119402987,DNA
Seq_364,0.3624454148471616,0.19323144104803494,0.1462882096069869,0.2980349344978166,DNA
Seq_365,0.25217391304347825,0.20869565217391303,0.17391304347826086,0.3652173913043478,DNA
Seq_366,0.3627450980392157,0.19607843137254902,0.17647058823529413,0.2647058823529412,DNA
Seq_367,0.2845047923322684,0.22412140575079872,0.20559105431309904,0.2857827476038339,DNA
Seq_368,0.2566162570888469,0.2401543793320731,0.2438563327032136,0.25937303087586644,DNA
Seq_369,0.26113514889284806,0.2176126240773734,0.23441079155001274,0.2868414354797658,DNA
Seq_370,0.3620689655172414,0.2413793103448276,0.25862068965517243,0.13793103448275862,DNA
Seq_371,0.2860115950646648,0.2331648580347852,0.23413111342351717,0.24669243347703285,DNA
Seq_372,0.12778429073856976,0.28722157092614303,0.388042203985932,0.1969519343493552,DNA
Seq_373,0.3291139240506329,0.22784810126582278,0.34177215189873417,0.10126582278481013,DNA
Seq_374,0.35297515886770653,0.18255343731946852,0.17388792605430387,0.2905834777585211,DNA
Seq_375,0.35297515886770653,0.18255343731946852,0.17388792605430387,0.2905834777585211,DNA
Seq_376,0.2638888888888889,0.24305555555555555,0.24305555555555555,0.25,DNA
Seq_377,0.2697516930022573,0.23270024130147116,0.24266365688487584,0.2548844088113957,DNA
Seq_378,0.3839541547277937,0.13753581661891118,0.12034383954154727,0.35816618911174786,DNA
Seq_379,0.22142857142857142,0.22857142857142856,0.29285714285714287,0.2571428571428571,DNA
Seq_380,0.19696969696969696,0.2727272727272727,0.15151515151515152,0.3787878787878788,DNA
Seq_381,0.28271800679501696,0.21069082672706682,0.2211551528878822,0.28543601359003395,DNA
Seq_382,0.2524271844660194,0.17475728155339806,0.22330097087378642,0.34951456310679613,DNA
Seq_383,0.26654536002079543,0.22053548219391733,0.23176501169742655,0.28115414608786066,DNA
Seq_384,0.2668269230769231,0.28525641025641024,0.22115384615384615,0.2267628205128205,DNA
Seq_385,0.21374045801526717,0.21374045801526717,0.3053435114503817,0.26717557251908397,DNA
Seq_386,0.2717476489028213,0.2404649947753396,0.2332810867293626,0.25450626959247646,DNA
Seq_387,0.23692612572938457,0.27116591434548054,0.2277881757128702,0.2641197842122647,DNA
Seq_388,0.2904122278832793,0.20426123205187588,0.2152230971128609,0.2901034429519839,DNA
Seq_389,0.2698672783876782,0.20137637227592986,0.21661477961658201,0.31214156971980994,DNA
Seq_390,0.3783783783783784,0.12612612612612611,0.1981981981981982,0.2972972972972973,DNA
Seq_391,0.3421588594704684,0.19653767820773932,0.23217922606924643,0.22912423625254583,DNA
Seq_392,0.2462801164945724,0.23786073603388933,0.257135292560233,0.2587238549113053,DNA
Seq_393,0.2777075151434467,0.2296145909605272,0.23763562537442587,0.2550422685216002,DNA
Seq_394,0.2966507177033493,0.1722488038277512,0.1291866028708134,0.4019138755980861,DNA
Seq_395,0.2586271334246917,0.23856982683443378,0.2324654291765292,0.27033761056434535,DNA
Seq_396,0.2923898531375167,0.2114819759679573,0.2165554072096128,0.27957276368491324,DNA
Seq_397,0.20068196348653833,0.26845208496128437,0.2854301342615614,0.2454358172906159,DNA
Seq_398,0.2631654418354544,0.22616956443807135,0.22749596701917907,0.2831690267072952,DNA
Seq_399,0.26200811214687253,0.24090941435992314,0.25001778979577316,0.24706468369743115,DNA
Seq_400,0.26441881100266196,0.25510204081632654,0.2595385980479148,0.2209405501330967,DNA
Seq_401,0.29771388985105646,0.193193626602009,0.21137859369587808,0.29771388985105646,DNA
Seq_402,0.29075716234652116,0.21802523874488403,0.21188608458390176,0.27933151432469305,DNA
Seq_403,0.15561569688768606,0.3152909336941813,0.2963464140730717,0.2327469553450609,DNA
Seq_404,0.29931972789115646,0.1292517006802721,0.20408163265306123,0.3673469387755102,DNA
Seq_405,0.16551040634291378,0.29633300297324083,0.30327056491575816,0.2348860257680872,DNA
Seq_406,0.2735961768219833,0.21385902031063322,0.22580645161290322,0.2867383512544803,DNA
Seq_407,0.248289680835838,0.2206955775010734,0.22936882782310003,0.30164591383998857,DNA
Seq_408,0.25650557620817843,0.1970260223048327,0.21189591078066913,0.3345724907063197,DNA
Seq_409,0.2893772893772894,0.17582417582417584,0.19413919413919414,0.34065934065934067,DNA
Seq_410,0.27598729005901046,0.22787108488424876,0.22787108488424876,0.2682705401724921,DNA
Seq_411,0.2325677065478231,0.25416523825848475,0.2753171066163867,0.23794994857730545,DNA
Seq_412,0.20703238984534578,0.23898453457834842,0.3069740297636417,0.24700904581266414,DNA
Seq_413,0.2871632856667775,0.20884602593947457,0.21749251745926174,0.2864981709344862,DNA
Seq_414,0.2662355531095212,0.24236378646119977,0.2220693450742983,0.2693313153549807,DNA
Seq_415,0.2807017543859649,0.20987654320987653,0.19330734243014944,0.3161143599740091,DNA
Seq_416,0.2824129462880171,0.25936653863106857,0.24733958818714186,0.21088092689377244,DNA
Seq_417,0.2430466658908414,0.28819969742813917,0.2601536134062609,0.20860002327475852,DNA
Seq_418,0.22641509433962265,0.2861635220125786,0.2830188679245283,0.20440251572327045,DNA
Seq_419,0.2702863252940478,0.2462872757514554,0.208387786622312,0.27503861233218485,DNA
Seq_420,0.2671922566544376,0.2231675903520412,0.2205136211068613,0.2891265318866599,DNA
Seq_421,0.22935779816513763,0.22018348623853212,0.21100917431192662,0.3394495412844037,DNA
Seq_422,0.18061389337641356,0.2495961227786753,0.3210016155088853,0.24878836833602586,DNA
Seq_423,0.3305084745762712,0.16101694915254236,0.17796610169491525,0.3305084745762712,DNA
Seq_424,0.287117903930131,0.23814722395508423,0.21849656893325015,0.2562383031815346,DNA
Seq_425,0.24083885209713024,0.22582781456953643,0.2757174392935982,0.2576158940397351,DNA
Seq_426,0.23742138364779874,0.30974842767295596,0.279874213836478,0.17295597484276728,DNA
Seq_427,0.2890736489421108,0.2233666315071043,0.24284916547744617,0.24471055407333872,DNA
Seq_428,0.31841652323580033,0.17728055077452667,0.1738382099827883,0.3304647160068847,DNA
Seq_429,0.3287671232876712,0.1552511415525114,0.2511415525114155,0.2648401826484018,DNA
Seq_430,0.2571748878923767,0.21625560538116592,0.21681614349775785,0.30975336322869956,DNA
Seq_431,0.2798560421735604,0.2171279399837794,0.22265308191403083,0.2803629359286294,DNA
Seq_432,0.21455648218347234,0.24715693707354056,0.32297194844579225,0.21531463229719486,DNA
Seq_433,0.313224043715847,0.21092896174863388,0.23540983606557378,0.24043715846994534,DNA
Seq_434,0.26830765255031175,0.22330975223697386,0.21565397163807862,0.2927286235746358,DNA
Seq_435,0.2961672473867596,0.23344947735191637,0.18466898954703834,0.2857142857142857,DNA
Seq_436,0.21153846153846154,0.23076923076923078,0.21153846153846154,0.34615384615384615,DNA
Seq_437,0.21153846153846154,0.23076923076923078,0.21153846153846154,0.34615384615384615,DNA
Seq_438,0.25494794109370605,0.21667760998030203,0.23149798330363006,0.29687646562236186,DNA
Seq_439,0.36123348017621143,0.16740088105726872,0.23348017621145375,0.23788546255506607,DNA
Seq_440,0.24157173822810496,0.25448508047779367,0.26352442005257576,0.2404187612415256,DNA
Seq_441,0.3695652173913043,0.15217391304347827,0.32608695652173914,0.15217391304347827,DNA
Seq_442,0.22495606326889278,0.24135910954891623,0.23432923257176333,0.29935559461042766,DNA
Seq_443,0.14393939393939395,0.3484848484848485,0.3333333333333333,0.17424242424242425,DNA
Seq_444,0.30864197530864196,0.18518518518518517,0.32098765432098764,0.18518518518518517,DNA
Seq_445,0.17550546900894928,0.2515744116672191,0.32001988730527015,0.2529002320185615,DNA
Seq_446,0.1656288916562889,0.30510585305105853,0.35242839352428396,0.17683686176836863,DNA
Seq_447,0.3003412969283277,0.19795221843003413,0.18771331058020477,0.31399317406143346,DNA
Seq_448,0.30303030303030304,0.1414141414141414,0.24242424242424243,0.31313131313131315,DNA
Seq_449,0.2639689300927086,0.2453019293410173,0.2569531445752944,0.2337759959909797,DNA
Seq_450,0.24077328646748683,0.31985940246045697,0.2513181019332162,0.18804920913884007,DNA
