nameseq,A,C,G,T,label
Seq_1,0.31209944751381213,0.21939226519337016,0.186353591160221,0.2821546961325967,DNA
Seq_2,0.246432523734638,0.24850020385578658,0.26099365134836044,0.24407362106121497,DNA
Seq_3,0.1601300108342362,0.2905742145178765,0.3308775731310943,0.21841820151679306,DNA
Seq_4,0.2840909090909091,0.18181818181818182,0.22727272727272727,0.3068181818181818,DNA
Seq_5,0.21241050119331742,0.23627684964200477,0.21957040572792363,0.3317422434367542,DNA
Seq_6,0.2584080717488789,0.2367152466367713,0.2163677130044843,0.28850896860986547,DNA
Seq_7,0.2553191489361702,0.23049645390070922,0.1879432624113475,0.3262411347517731,DNA
Seq_8,0.2650346467047696,0.21445551565424106,0.23696322897172625,0.28354660866926307,DNA
Seq_9,0.2326747654662574,0.22052656608015217,0.279278889801565,0.2675197786520254,DNA
Seq_10,0.2708333333333333,0.2833333333333333,0.11666666666666667,0.32916666666666666,DNA
Seq_11,0.2953156822810591,0.19144602851323828,0.17922606924643583,0.3340122199592668,DNA
Seq_12,0.3047097480832421,0.18948521358159912,0.20898138006571743,0.2968236582694414,DNA
Seq_13,0.2777535916412712,0.21776229865041358,0.21001306051371355,0.29447104919460165,DNA
Seq_14,0.3141293852590924,0.2074348245896363,0.22014805278403604,0.25828773736723526,DNA
Seq_15,0.254594052789843,0.19979953224189775,0.26094219846308053,0.28466421650517876,DNA
Seq_16,0.23639274279615796,0.24037918262288907,0.2645175466130956,0.2587105279678574,DNA
Seq_17,0.2541550227974702,0.2726136196499485,0.2418738049713193,0.23135755258126195,DNA
Seq_18,0.25977719838824365,0.22244607726949514,0.26902109504621946,0.24875562929604172,DNA
Seq_19,0.3076923076923077,0.21678321678321677,0.16083916083916083,0.3146853146853147,DNA
Seq_20,0.29008932369204593,0.2133438658321687,0.21796196147536004,0.27860484900042537,DNA
Seq_21,0.2849156806111991,0.23013137053945776,0.2226777229106494,0.26227522593869373,DNA
Seq_22,0.24191522468645132,0.244839804278135,0.25710054179711667,0.256144429238297,DNA
Seq_23,0.24373601179103663,0.22916098040286043,0.2643157377586113,0.2627872700474917,DNA
Seq_24,0.3288590604026846,0.17114093959731544,0.15771812080536912,0.3422818791946309,DNA
Seq_25,0.21132075471698114,0.2641509433962264,0.2188679245283019,0.30566037735849055,DNA
Seq_26,0.27269135802469135,0.2357530864197531,0.21145679012345678,0.2800987654320988,DNA
Seq_27,0.12931034482758622,0.3706896551724138,0.27586206896551724,0.22413793103448276,DNA
Seq_28,0.18085106382978725,0.35106382978723405,0.30851063829787234,0.1595744680851064,DNA
Seq_29,0.2652405231655952,0.28053646641542895,0.23863888273110176,0.21558412768787408,DNA
Seq_30,0.2887323943661972,0.2112676056338028,0.18309859154929578,0.31690140845070425,DNA
Seq_31,0.15056378509838603,0.29095732920627904,0.3506522219765642,0.20782666371877073,DNA
Seq_32,0.2420115709835336,0.23969737427681354,0.24076546506453048,0.27752558967512236,DNA
Seq_33,0.2670888433600298,0.22005960141553363,0.23076923076923078,0.2820823244552058,DNA
Seq_34,0.17833274709813576,0.28543791769257826,0.3188533239535702,0.2173760112557158,DNA
Seq_35,0.296639322572109,0.21235776660492195,0.21354855781952897,0.27745435300344007,DNA
Seq_36,0.26319018404907973,0.2134969325153374,0.22024539877300614,0.3030674846625767,DNA
Seq_37,0.33980582524271846,0.22330097087378642,0.22330097087378642,0.21359223300970873,DNA
Seq_38,0.2580751846543931,0.21706537316723626,0.2518281703597545,0.2730312718186161,DNA
Seq_39,0.14753822886909762,0.31204839522769284,0.34011090573012936,0.20030247017308014,DNA
Seq_40,0.2661290322580645,0.1935483870967742,0.18548387096774194,0.3548387096774194,DNA
Seq_41,0.18991097922848665,0.22551928783382788,0.3560830860534125,0.228486646884273,DNA
Seq_42,0.26445921600298194,0.2292352612288004,0.2342051313909424,0.27210039137727526,DNA
Seq_43,0.2042376160990712,0.33417182662538697,0.2959558823529412,0.16563467492260062,DNA
Seq_44,0.3110029460740361,0.19892404252593826,0.21506340463686435,0.2750096067631613,DNA
Seq_45,0.2498077662437524,0.28633217993079585,0.2581699346405229,0.20569011918492888,DNA
Seq_46,0.26092498179169704,0.23993080844865258,0.23415877640203933,0.26498543335761104,DNA
Seq_47,0.35714285714285715,0.2857142857142857,0.10714285714285714,0.25,DNA
Seq_48,0.36475409836065575,0.22540983606557377,0.11885245901639344,0.29098360655737704,DNA
Seq_49,0.25827250608272506,0.24744525547445256,0.24306569343065693,0.25121654501216545,DNA
Seq_50,0.2808867721267789,0.22600215456143335,0.20094120315246358,0.29216987015932416,DNA
Seq_51,0.17687074829931973,0.24489795918367346,0.2653061224489796,0.3129251700680272,DNA
Seq_52,0.29037669666005794,0.21374104010980632,0.2160286716486198,0.27985359158151596,DNA
Seq_53,0.21603371242891958,0.2550771730300569,0.2875710804224208,0.24131803411860275,DNA
Seq_54,0.21705426356589147,0.18604651162790697,0.14728682170542637,0.4496124031007752,DNA
Seq_55,0.2770828761612172,0.22039353375758905,0.2117621242045205,0.29076146587667323,DNA
Seq_56,0.3035530909837749,0.21005339905524748,0.2293592113370302,0.25703429862394744,DNA
Seq_57,0.30113636363636365,0.26988636363636365,0.2215909090909091,0.20738636363636365,DNA
Seq_58,0.20202020202020202,0.30303030303030304,0.3333333333333333,0.16161616161616163,DNA
Seq_59,0.2795907795907796,0.21099887766554434,0.22248122248122248,0.2869291202624536,DNA
Seq_60,0.2650151372114978,0.21706435756372278,0.22438881474006314,0.2935316904847163,DNA
Seq_61,0.24046352426904202,0.26133036413872734,0.2821972040084127,0.21600890758381788,DNA
Seq_62,0.12048192771084337,0.4457831325301205,0.2289156626506024,0.20481927710843373,DNA
Seq_63,0.31456953642384106,0.19205298013245034,0.19536423841059603,0.2980132450331126,DNA
Seq_64,0.2682425488180884,0.25833878351863965,0.2264318415397552,0.24698682612351677,DNA
Seq_65,0.29904761904761906,0.23714285714285716,0.2733333333333333,0.19047619047619047,DNA
Seq_66,0.258493353028065,0.23836779911373707,0.22341211225997046,0.27972673559822747,DNA
Seq_67,0.2535574902431702,0.22452716901831282,0.2311918342839988,0.29072350645451817,DNA
Seq_68,0.16393442622950818,0.366120218579235,0.24043715846994534,0.22950819672131148,DNA
Seq_69,0.2306373249499857,0.22792226350385825,0.2499285510145756,0.29151186053158046,DNA
Seq_70,0.25405935050391937,0.2544792833146697,0.26880365808137363,0.22265770810003732,DNA
Seq_71,0.09375,0.3958333333333333,0.3645833333333333,0.14583333333333334,DNA
Seq_72,0.26935886761032474,0.21149042464612822,0.21815154038301415,0.3009991673605329,DNA
Seq_73,0.2589113820663905,0.2766466367189779,0.2457266203838749,0.21871536083075666,DNA
Seq_74,0.2750150445866842,0.21631380272443787,0.21620438754855298,0.29246676514032494,DNA
Seq_75,0.25514636022259424,0.22926752024612043,0.2431344161426051,0.27245170338868024,DNA
Seq_76,0.29986028641285367,0.2064268250087321,0.2106182326231226,0.28309465595529165,DNA
Seq_77,0.20490442790598062,0.25855330085131445,0.30711570380682124,0.22942656743588372,DNA
Seq_78,0.20903361344537816,0.29411764705882354,0.21428571428571427,0.28256302521008403,DNA
Seq_79,0.25735537190082647,0.26517906336088154,0.24071625344352618,0.23674931129476584,DNA
Seq_80,0.24680851063829787,0.2680851063829787,0.3148936170212766,0.1702127659574468,DNA
Seq_81,0.38461538461538464,0.13736263736263737,0.15934065934065933,0.31868131868131866,DNA
Seq_82,0.29145246418534515,0.22496401398313798,0.21372266776338336,0.26986085406813354,DNA
Seq_83,0.3783783783783784,0.2882882882882883,0.16216216216216217,0.17117117117117117,DNA
Seq_84,0.27948303715670436,0.23182552504038773,0.25767366720516965,0.2310177705977383,DNA
Seq_85,0.21256038647342995,0.2946859903381642,0.2669082125603865,0.22584541062801933,DNA
Seq_86,0.35294117647058826,0.14285714285714285,0.16806722689075632,0.33613445378151263,DNA
Seq_87,0.2947392869585414,0.20601556149111602,0.20067355707815585,0.29857159447218673,DNA
Seq_88,0.2607629427792916,0.23978201634877383,0.1880108991825613,0.3114441416893733,DNA
Seq_89,0.21384928716904278,0.2668024439918534,0.2484725050916497,0.2708757637474542,DNA
Seq_90,0.26595744680851063,0.25177304964539005,0.2695035460992908,0.2127659574468085,DNA
Seq_91,0.2603105906313646,0.22447810590631365,0.23816191446028515,0.2770493890020367,DNA
Seq_92,0.27807486631016043,0.25668449197860965,0.17647058823529413,0.2887700534759358,DNA
Seq_93,0.21978021978021978,0.2087912087912088,0.1978021978021978,0.37362637362637363,DNA
Seq_94,0.359375,0.1875,0.125,0.328125,DNA
Seq_95,0.23144565599718608,0.2155586821432759,0.26679563841013015,0.2862000234494079,DNA
Seq_96,0.3939393939393939,0.21212121212121213,0.20454545454545456,0.1893939393939394,DNA
Seq_97,0.27631578947368424,0.3157894736842105,0.25,0.15789473684210525,DNA
Seq_98,0.28060503251342944,0.20144189991518235,0.2541702007350862,0.263782866836302,DNA
Seq_99,0.2881472561500086,0.20436951660072253,0.2194219852055737,0.28806124204369515,DNA
Seq_100,0.29107819497071996,0.20599379951774027,0.22149500516706855,0.2814330003444712,DNA
Seq_101,0.2855550739892267,0.22339174044950777,0.20184508699151754,0.289208098569748,DNA
Seq_102,0.2932330827067669,0.18045112781954886,0.23308270676691728,0.2932330827067669,DNA
Seq_103,0.26737170361331436,0.21374822045962985,0.2169344451223646,0.3019456308046912,DNA
Seq_104,0.28933640664806504,0.20247482712604634,0.20004852602207934,0.3081402402038093,DNA
Seq_105,0.2541713381257007,0.23359493503924025,0.23854118578117786,0.27369254105388113,DNA
Seq_106,0.25584216911958646,0.2606952576884528,0.25473439890278,0.22872817428918077,DNA
Seq_107,0.2624113475177305,0.1702127659574468,0.4326241134751773,0.1347517730496454,DNA
Seq_108,0.2804878048780488,0.24390243902439024,0.21951219512195122,0.25609756097560976,DNA
Seq_109,0.3367139959432049,0.20689655172413793,0.2616632860040568,0.1947261663286004,DNA
Seq_110,0.241272451302808,0.27586643055906906,0.2653680748798381,0.21749304325828483,DNA
Seq_111,0.30676722380758253,0.19486343253159397,0.22339991846718305,0.2749694251936404,DNA
Seq_112,0.2724707779121322,0.23609431680773882,0.1950826279725917,0.29635227730753727,DNA
Seq_113,0.24639976245855397,0.2643143465135844,0.25367446924333154,0.23561142178453012,DNA
Seq_114,0.27380952380952384,0.16666666666666666,0.08333333333333333,0.47619047619047616,DNA
Seq_115,0.2147239263803681,0.32515337423312884,0.147239263803681,0.3128834355828221,DNA
Seq_116,0.3838383838383838,0.1111111111111111,0.23232323232323232,0.2727272727272727,DNA
Seq_117,0.3838383838383838,0.1111111111111111,0.23232323232323232,0.2727272727272727,DNA
Seq_118,0.21774193548387097,0.24193548387096775,0.14516129032258066,0.3951612903225806,DNA
Seq_119,0.256198347107438,0.20275482093663913,0.22148760330578512,0.31955922865013775,DNA
Seq_120,0.2845303867403315,0.20165745856353592,0.26795580110497236,0.24585635359116023,DNA
Seq_121,0.2816595073677342,0.23647436245989886,0.2303300527431896,0.25153607742917733,DNA
Seq_122,0.30303030303030304,0.21212121212121213,0.23232323232323232,0.25252525252525254,DNA
Seq_123,0.30303030303030304,0.21212121212121213,0.23232323232323232,0.25252525252525254,DNA
Seq_124,0.24540276647681042,0.21366965012205044,0.21545972335231897,0.32546786004882017,DNA
Seq_125,0.28608164577306333,0.211828993892639,0.2529733204757313,0.24911603985856637,DNA
Seq_126,0.2269854824935952,0.26752063763165385,0.2760603472815258,0.22943353259322516,DNA
Seq_127,0.2870627429205997,0.22765130483064963,0.20044419766796223,0.2848417545807885,DNA
Seq_128,0.24689966178128522,0.3055242390078918,0.2649379932356257,0.1826381059751973,DNA
Seq_129,0.34328358208955223,0.16417910447761194,0.208955223880597,0.2835820895522388,DNA
Seq_130,0.2778220782457015,0.22756042860702716,0.2346623473710441,0.25995514577622725,DNA
Seq_131,0.29581859787809445,0.19429997919700437,0.21260661535261077,0.2972748075722904,DNA
Seq_132,0.23057953144266338,0.2342786683107275,0.35450061652281134,0.18064118372379778,DNA
Seq_133,0.23057953144266338,0.2342786683107275,0.35450061652281134,0.18064118372379778,DNA
Seq_134,0.27910673732021196,0.19810749432248298,0.21362604087812265,0.3091597274791824,DNA
Seq_135,0.1785063752276867,0.2540983606557377,0.302367941712204,0.2650273224043716,DNA
Seq_136,0.3,0.175,0.325,0.2,DNA
Seq_137,0.19675291295407812,0.30466072652501713,0.3100582590815627,0.188528101439342,DNA
Seq_138,0.22407809110629068,0.21279826464208243,0.29023861171366594,0.272885032537961,DNA
Seq_139,0.2489364023126432,0.23279153485327805,0.22395549252754446,0.2943165703065343,DNA
Seq_140,0.3,0.13333333333333333,0.225,0.3416666666666667,DNA
Seq_141,0.27982047298463664,0.2017952701536337,0.21249784222337303,0.30588641463835664,DNA
Seq_142,0.15443615257048093,0.29622719734660036,0.3503316749585406,0.19900497512437812,DNA
Seq_143,0.276575245680519,0.21157428222750338,0.22891643650844626,0.28293403558353136,DNA
Seq_144,0.28381091440043804,0.2150635760783598,0.21907890734318913,0.28204660217801303,DNA
Seq_145,0.28814255214320905,0.1905074724913779,0.23205780916406635,0.2892921662013467,DNA
Seq_146,0.25,0.24166666666666667,0.2916666666666667,0.21666666666666667,DNA
Seq_147,0.16393442622950818,0.36065573770491804,0.26229508196721313,0.21311475409836064,DNA
Seq_148,0.2537654287423196,0.24484802348975043,0.2537654287423196,0.24762111902561035,DNA
Seq_149,0.422680412371134,0.1134020618556701,0.13402061855670103,0.32989690721649484,DNA
Seq_150,0.21199143468950749,0.16488222698072805,0.21627408993576017,0.4068522483940043,DNA
Seq_151,0.2632376827287493,0.2807796426637791,0.2239306984298863,0.23205197617758527,DNA
Seq_152,0.2802913800080939,0.20404694455685957,0.22161068393363012,0.29405099150141645,DNA
Seq_153,0.2528240989779451,0.22646584185045723,0.22377622377622378,0.2969338353953739,DNA
Seq_154,0.2528240989779451,0.22646584185045723,0.22377622377622378,0.2969338353953739,DNA
Seq_155,0.32706766917293234,0.24812030075187969,0.2857142857142857,0.13909774436090225,DNA
Seq_156,0.2949623212484424,0.23236219070788583,0.2262505191953955,0.24642496884827628,DNA
Seq_157,0.24178775869660943,0.2431087626596213,0.26957287538529284,0.24553060325847645,DNA
Seq_158,0.3373015873015873,0.20634920634920634,0.1984126984126984,0.25793650793650796,DNA
Seq_159,0.4014084507042254,0.21830985915492956,0.1619718309859155,0.21830985915492956,DNA
Seq_160,0.2641509433962264,0.22641509433962265,0.2830188679245283,0.22641509433962265,DNA
Seq_161,0.3804347826086957,0.18478260869565216,0.21739130434782608,0.21739130434782608,DNA
Seq_162,0.15151515151515152,0.3434343434343434,0.31313131313131315,0.1919191919191919,DNA
Seq_163,0.2822129180975679,0.2322999482523404,0.2226090229101002,0.2628781107399915,DNA
Seq_164,0.21052631578947367,0.3157894736842105,0.3308270676691729,0.14285714285714285,DNA
Seq_165,0.2972972972972973,0.2972972972972973,0.2972972972972973,0.10810810810810811,DNA
Seq_166,0.3319745222929936,0.17095541401273887,0.16382165605095542,0.3332484076433121,DNA
Seq_167,0.2252136984809713,0.27233625524037675,0.2806936353242228,0.22175641095442913,DNA
Seq_168,0.28706891984955235,0.2302802352068655,0.2180431212586746,0.26460772368490754,DNA
Seq_169,0.2923387096774194,0.21774193548387097,0.19153225806451613,0.29838709677419356,DNA
Seq_170,0.2649940094439354,0.20522940305870746,0.20995137078018183,0.3198252167171753,DNA
Seq_171,0.304,0.21333333333333335,0.26666666666666666,0.216,DNA
Seq_172,0.22916666666666666,0.2552083333333333,0.2604166666666667,0.2552083333333333,DNA
Seq_173,0.297304806890803,0.19602667407613225,0.2040150041678244,0.30265351486524034,DNA
Seq_174,0.23806724036559945,0.2460313218237212,0.25650756320487467,0.2593938746058047,DNA
Seq_175,0.29670818505338076,0.20596085409252668,0.20077105575326215,0.29655990510083036,DNA
Seq_176,0.26675663517768783,0.21979307242465138,0.22087269455690509,0.2925775978407557,DNA
Seq_177,0.26294014893812634,0.25852716741748644,0.21577640893628758,0.26275627470809965,DNA
Seq_178,0.26609442060085836,0.20600858369098712,0.21030042918454936,0.31759656652360513,DNA
Seq_179,0.33,0.15,0.15,0.37,DNA
Seq_180,0.33,0.15,0.15,0.37,DNA
Seq_181,0.10218978102189781,0.38686131386861317,0.291970802919708,0.21897810218978103,DNA
Seq_182,0.2978589420654912,0.1996221662468514,0.23110831234256926,0.27141057934508817,DNA
Seq_183,0.29114464692482916,0.22779043280182232,0.22332953682611997,0.25773538344722857,DNA
Seq_184,0.24630848603451344,0.26970289983988616,0.2386586016723003,0.24533001245330013,DNA
Seq_185,0.2888326900039931,0.23452682017835752,0.21043524557433782,0.2662052442433116,DNA
Seq_186,0.2752531198493054,0.22411113727336943,0.21464563221097246,0.2859901106663527,DNA
Seq_187,0.3574144486692015,0.18250950570342206,0.14068441064638784,0.3193916349809886,DNA
Seq_188,0.2781937017231135,0.22966924143394732,0.21299267181620124,0.279144385026738,DNA
Seq_189,0.25092977466637495,0.22314591992999344,0.22861518267337563,0.29730912273025595,DNA
Seq_190,0.2628730048577377,0.21082581540596806,0.23955586398334489,0.2867453157529493,DNA
Seq_191,0.28761061946902655,0.17699115044247787,0.2168141592920354,0.3185840707964602,DNA
Seq_192,0.2903509629484798,0.2121419493596637,0.22533972040277642,0.2721673672890801,DNA
Seq_193,0.25861725443315403,0.25002988643156004,0.24411237298266586,0.24724048615262004,DNA
Seq_194,0.25822096049207477,0.2649633309675893,0.2180033120416371,0.25881239649869886,DNA
Seq_195,0.19876123267502666,0.30268568817586433,0.29857338681017415,0.19997969233893487,DNA
Seq_196,0.25471698113207547,0.2169811320754717,0.22641509433962265,0.3018867924528302,DNA
Seq_197,0.2638164754953076,0.25547445255474455,0.21376433785192908,0.2669447340980188,DNA
Seq_198,0.29302595331303466,0.21299115557488763,0.21016383935044222,0.2838190517616355,DNA
Seq_199,0.288847773040517,0.22288365108733543,0.2233395007105891,0.26492907516155845,DNA
Seq_200,0.2491252624212736,0.23932820153953813,0.20153953813855843,0.3100069979006298,DNA
Seq_201,0.17307692307692307,0.46153846153846156,0.2692307692307692,0.09615384615384616,DNA
Seq_202,0.2902581087254454,0.20351758793969849,0.19689355870260392,0.3093307446322522,DNA
Seq_203,0.2916666666666667,0.23958333333333334,0.22916666666666666,0.23958333333333334,DNA
Seq_204,0.3225806451612903,0.1935483870967742,0.3118279569892473,0.17204301075268819,DNA
Seq_205,0.29793233082706766,0.23261278195488722,0.21052631578947367,0.25892857142857145,DNA
Seq_206,0.293419973503249,0.21847202069270077,0.2241498959056211,0.2639581098984291,DNA
Seq_207,0.30344827586206896,0.1413793103448276,0.16206896551724137,0.3931034482758621,DNA
Seq_208,0.248695983247668,0.2713497049305159,0.244774414620217,0.2351798972015991,DNA
Seq_209,0.29901768172888016,0.2601178781925344,0.2306483300589391,0.21021611001964635,DNA
Seq_210,0.21261204591916968,0.25845258688473033,0.29548671174713004,0.23344865544896998,DNA
Seq_211,0.30938071596550826,0.19754376796446302,0.2189704729553175,0.2741050431147113,DNA
Seq_212,0.2745877502944641,0.20774440518256773,0.21908127208480566,0.29858657243816256,DNA
Seq_213,0.2796610169491525,0.2288135593220339,0.2245762711864407,0.2669491525423729,DNA
Seq_214,0.2803218727139722,0.2371616678858815,0.20541331382589612,0.2771031455742502,DNA
Seq_215,0.3005448809865214,0.2073415543447089,0.21623171780900488,0.27588184685976486,DNA
Seq_216,0.3056551724137931,0.22027586206896552,0.21117241379310345,0.26289655172413795,DNA
Seq_217,0.23684210526315788,0.2236842105263158,0.23684210526315788,0.3026315789473684,DNA
Seq_218,0.268515939029729,0.23486687626855574,0.22519600429816533,0.27142118040354996,DNA
Seq_219,0.2567865398054077,0.21324517550932645,0.2159866688168575,0.31398161586840834,DNA
Seq_220,0.3083832335329341,0.2125748502994012,0.18862275449101795,0.2904191616766467,DNA
Seq_221,0.3130434782608696,0.1565217391304348,0.25217391304347825,0.2782608695652174,DNA
Seq_222,0.2894736842105263,0.21052631578947367,0.13157894736842105,0.3684210526315789,DNA
Seq_223,0.35918367346938773,0.08571428571428572,0.2,0.3551020408163265,DNA
Seq_224,0.18744727518137339,0.27146954614476126,0.30875653787750973,0.23232664079635565,DNA
Seq_225,0.5371900826446281,0.06611570247933884,0.2809917355371901,0.11570247933884298,DNA
Seq_226,0.24285714285714285,0.2857142857142857,0.22142857142857142,0.25,DNA
Seq_227,0.28859060402684567,0.26174496644295303,0.2684563758389262,0.18120805369127516,DNA
Seq_228,0.26355475763016156,0.2214721723518851,0.23389587073608617,0.28107719928186714,DNA
Seq_229,0.27270519669742593,0.21236036911121903,0.23567265662943176,0.2792617775619233,DNA
Seq_230,0.17838563517368686,0.2802483638194328,0.32757174022486996,0.21379426078201041,DNA
Seq_231,0.2076271186440678,0.2669491525423729,0.21610169491525424,0.3093220338983051,DNA
Seq_232,0.29165925662457765,0.21203094433576383,0.22852569802596479,0.26778410101369376,DNA
Seq_233,0.29231815091774305,0.19510537049626106,0.2515295717199184,0.2610469068660775,DNA
Seq_234,0.25072011521843496,0.20679308689390302,0.2512001920307249,0.2912866058569371,DNA
Seq_235,0.18498811275897203,0.26785916449677344,0.29423751839692064,0.2529152043473339,DNA
Seq_236,0.29368261364252046,0.2144172942515035,0.2055317765617381,0.286368315544238,DNA
Seq_237,0.24166666666666667,0.35833333333333334,0.19166666666666668,0.20833333333333334,DNA
Seq_238,0.39285714285714285,0.25,0.21428571428571427,0.14285714285714285,DNA
Seq_239,0.2595794198321004,0.22309034992934917,0.25966253844235726,0.25766769179619314,DNA
Seq_240,0.1774193548387097,0.39314516129032256,0.3024193548387097,0.12701612903225806,DNA
Seq_241,0.23607492257017845,0.23533749569834325,0.25918096455434836,0.26940661717712994,DNA
Seq_242,0.2682926829268293,0.21951219512195122,0.2682926829268293,0.24390243902439024,DNA
Seq_243,0.27796192821289895,0.22975660573917986,0.25570603276825454,0.23657543327966662,DNA
Seq_244,0.294931592039801,0.22605721393034825,0.2095771144278607,0.26943407960199006,DNA
Seq_245,0.24561403508771928,0.19298245614035087,0.2807017543859649,0.2807017543859649,DNA
Seq_246,0.285601538992749,0.20662950722636017,0.21718541903023725,0.29058353475065357,DNA
Seq_247,0.19517102615694165,0.3501006036217304,0.2414486921529175,0.21327967806841047,DNA
Seq_248,0.23478742386021043,0.2236510182735495,0.25306097335876454,0.28850058450747557,DNA
Seq_249,0.2677595628415301,0.2103825136612022,0.230696127346163,0.29116179615110477,DNA
Seq_250,0.2916666666666667,0.2708333333333333,0.2708333333333333,0.16666666666666666,DNA
Seq_251,0.2425503355704698,0.2440268456375839,0.2185234899328859,0.2948993288590604,DNA
Seq_252,0.27825303917154437,0.16726699684826654,0.2505628095452499,0.3039171544349392,DNA
Seq_253,0.24691358024691357,0.1728395061728395,0.30864197530864196,0.2716049382716049,DNA
Seq_254,0.24691358024691357,0.1728395061728395,0.30864197530864196,0.2716049382716049,DNA
Seq_255,0.31835686777920413,0.22721437740693196,0.22400513478818998,0.23042362002567393,DNA
Seq_256,0.2863675958188153,0.1990418118466899,0.22473867595818817,0.28985191637630664,DNA
Seq_257,0.07518796992481203,0.3233082706766917,0.37593984962406013,0.22556390977443608,DNA
Seq_258,0.3488372093023256,0.23255813953488372,0.2558139534883721,0.16279069767441862,DNA
Seq_259,0.21798365122615804,0.2098092643051771,0.23433242506811988,0.33787465940054495,DNA
Seq_260,0.3188405797101449,0.21014492753623187,0.2246376811594203,0.2463768115942029,DNA
Seq_261,0.21505376344086022,0.23655913978494625,0.3225806451612903,0.22580645161290322,DNA
Seq_262,0.284887459807074,0.2045016077170418,0.22508038585209003,0.28553054662379423,DNA
Seq_263,0.2509257242430843,0.2772816379873666,0.25811370071879763,0.21367893705075147,DNA
Seq_264,0.2962962962962963,0.20987654320987653,0.25925925925925924,0.2345679012345679,DNA
Seq_265,0.27039721423654695,0.227072114021946,0.2305543183382597,0.2719763534032474,DNA
Seq_266,0.2883375134360444,0.19643496954496595,0.19204586169831603,0.3231816553206736,DNA
Seq_267,0.33147366988705945,0.17362906517893592,0.18682813988297728,0.30806912505102735,DNA
Seq_268,0.2198952879581152,0.2774869109947644,0.21465968586387435,0.2879581151832461,DNA
Seq_269,0.2677363448314418,0.2887012914407111,0.23452786940235926,0.2090344943254878,DNA
Seq_270,0.24641798418972333,0.23950098814229248,0.26210474308300397,0.2519762845849802,DNA
Seq_271,0.2825533719779443,0.22663650501908666,0.2186483811678213,0.27216174183514774,DNA
Seq_272,0.2950479647394348,0.1858957739175525,0.2476017630282603,0.2714544983147524,DNA
Seq_273,0.2900853010260848,0.21887748794659415,0.220979107429843,0.27005810359747806,DNA
Seq_274,0.3099510603588907,0.2039151712887439,0.2039151712887439,0.2822185970636215,DNA
Seq_275,0.287292817679558,0.23756906077348067,0.2541436464088398,0.22099447513812154,DNA
Seq_276,0.2218091697645601,0.22593969434118133,0.2503097893432466,0.30194134655101196,DNA
Seq_277,0.28448275862068967,0.28448275862068967,0.25,0.1810344827586207,DNA
Seq_278,0.27345212926608276,0.2379945635759589,0.24337058290546662,0.24518272425249169,DNA
Seq_279,0.15606936416184972,0.2774566473988439,0.2832369942196532,0.2832369942196532,DNA
Seq_280,0.15606936416184972,0.2774566473988439,0.2832369942196532,0.2832369942196532,DNA
Seq_281,0.27633751651254956,0.21226882430647293,0.21259907529722588,0.29879458388375163,DNA
Seq_282,0.2350722815839095,0.2426147077309868,0.23947203016970459,0.28284098051539913,DNA
Seq_283,0.2350722815839095,0.2426147077309868,0.23947203016970459,0.28284098051539913,DNA
Seq_284,0.2980769230769231,0.15384615384615385,0.21153846153846154,0.33653846153846156,DNA
Seq_285,0.2609928495109723,0.22585682584038794,0.23132242952247883,0.2818278951261609,DNA
Seq_286,0.19388094446291984,0.27402726970402397,0.30672874404168055,0.22536304179137567,DNA
Seq_287,0.2352468143016207,0.2999505134232339,0.27638253123840156,0.1884201410367438,DNA
Seq_288,0.21428571428571427,0.23214285714285715,0.29017857142857145,0.26339285714285715,DNA
Seq_289,0.10457516339869281,0.28104575163398693,0.40522875816993464,0.20915032679738563,DNA
Seq_290,0.26738652064889207,0.22695870221585385,0.2227112225576992,0.2829435545775549,DNA
Seq_291,0.18328840970350405,0.2904516866781018,0.31854937515314874,0.20771052846524546,DNA
Seq_292,0.2698412698412698,0.19047619047619047,0.16666666666666666,0.373015873015873,DNA
Seq_293,0.3151515151515151,0.19476117103235746,0.2033898305084746,0.2866974833076528,DNA
Seq_294,0.26666666666666666,0.3111111111111111,0.3111111111111111,0.1111111111111111,DNA
Seq_295,0.2682926829268293,0.3089430894308943,0.21138211382113822,0.21138211382113822,DNA
Seq_296,0.18604651162790697,0.4186046511627907,0.27906976744186046,0.11627906976744186,DNA
Seq_297,0.2215909090909091,0.32954545454545453,0.26136363636363635,0.1875,DNA
Seq_298,0.2751252538930264,0.21172647257955315,0.22106973595125254,0.2920785375761679,DNA
Seq_299,0.3840909090909091,0.14772727272727273,0.15227272727272728,0.3159090909090909,DNA
Seq_300,0.2668651247996336,0.2254179070299977,0.23288298603160065,0.27483398213876803,DNA
Seq_301,0.2927891156462585,0.21931972789115647,0.20272108843537415,0.2851700680272109,DNA
Seq_302,0.25757575757575757,0.25757575757575757,0.19696969696969696,0.2878787878787879,DNA
Seq_303,0.25329664624649567,0.230661405876856,0.2318554667220434,0.28418648115460493,DNA
Seq_304,0.38405797101449274,0.16666666666666666,0.15942028985507245,0.2898550724637681,DNA
Seq_305,0.2696078431372549,0.24019607843137256,0.21568627450980393,0.27450980392156865,DNA
Seq_306,0.26123999178813384,0.23013754875795525,0.21628002463559845,0.29234243481831246,DNA
Seq_307,0.27913635660114533,0.2125831914564309,0.23901098901098902,0.2692694629314348,DNA
Seq_308,0.20833333333333334,0.2777777777777778,0.3055555555555556,0.20833333333333334,DNA
Seq_309,0.21186770428015564,0.34747081712062255,0.29105058365758757,0.14961089494163424,DNA
Seq_310,0.22673458149779735,0.29790748898678415,0.25192731277533037,0.2234306167400881,DNA
Seq_311,0.2737110120942075,0.16698493528538086,0.2270316146827923,0.33227243793761935,DNA
Seq_312,0.32193158953722334,0.22334004024144868,0.16700201207243462,0.28772635814889336,DNA
Seq_313,0.23685491723466406,0.24556962025316456,0.28330087633885104,0.23427458617332034,DNA
Seq_314,0.27492393055306963,0.20046536602827994,0.24807589045999642,0.276534812958654,DNA
Seq_315,0.27074186648654736,0.24991556906450524,0.22638748170663064,0.25295508274231676,DNA
Seq_316,0.2962401583091238,0.21994863374173718,0.20083364910951118,0.28297755883962783,DNA
Seq_317,0.2127659574468085,0.2127659574468085,0.11702127659574468,0.4574468085106383,DNA
Seq_318,0.3160726294552791,0.22595830531271016,0.20443846671149965,0.2535305985205111,DNA
Seq_319,0.2958876075112697,0.20954672419038137,0.21939212920711304,0.27517353909123593,DNA
Seq_320,0.2915427114322142,0.2591372715682108,0.23002549936251593,0.21929451763705907,DNA
Seq_321,0.17073170731707318,0.3252032520325203,0.25203252032520324,0.25203252032520324,DNA
Seq_322,0.3978494623655914,0.1639784946236559,0.15053763440860216,0.28763440860215056,DNA
Seq_323,0.2255994295391746,0.25069079240574027,0.2603173188341207,0.26339245922096444,DNA
Seq_324,0.2365375418460067,0.25600191296030606,0.2515542802486848,0.2559062649450024,DNA
Seq_325,0.1457663451232583,0.28510182207931406,0.3161843515541265,0.2529474812433012,DNA
Seq_326,0.24637134778510839,0.22285579641847314,0.2747408105560792,0.2560320452403393,DNA
Seq_327,0.25831778944172124,0.24586821671799766,0.24465362425714657,0.25116036958313454,DNA
Seq_328,0.2594001304064334,0.24494675070636818,0.2697239730493371,0.22592914583786133,DNA
Seq_329,0.25580098170459614,0.23789602855867917,0.24793618920124944,0.2583668005354752,DNA
Seq_330,0.2710084033613445,0.24369747899159663,0.17436974789915966,0.31092436974789917,DNA
Seq_331,0.30364372469635625,0.21356275303643724,0.24493927125506074,0.23785425101214575,DNA
Seq_332,0.262140902872777,0.24709302325581395,0.2332421340629275,0.25752393980848154,DNA
Seq_333,0.2685531233315537,0.2685531233315537,0.20501868659903896,0.2578750667378537,DNA
Seq_334,0.2920353982300885,0.1592920353982301,0.22123893805309736,0.3274336283185841,DNA
Seq_335,0.14210526315789473,0.3736842105263158,0.24210526315789474,0.24210526315789474,DNA
Seq_336,0.3015004413062666,0.21571050308914386,0.217828773168579,0.2649602824360106,DNA
Seq_337,0.312133135522157,0.1870605689221441,0.17919112429852288,0.32161517125717604,DNA
Seq_338,0.315028901734104,0.23410404624277456,0.16473988439306358,0.2861271676300578,DNA
Seq_339,0.2946015424164524,0.2022707797772065,0.21988003427592118,0.28324764353041987,DNA
Seq_340,0.27537498179700015,0.2592107179263143,0.236056502111548,0.22935779816513763,DNA
Seq_341,0.267905304165418,0.23703925681750074,0.18819298771351514,0.3068624513035661,DNA
Seq_342,0.280359820089955,0.1967016491754123,0.19910044977511243,0.3238380809595202,DNA
Seq_343,0.26717557251908397,0.1984732824427481,0.21374045801526717,0.32061068702290074,DNA
Seq_344,0.3565217391304348,0.17173913043478262,0.20565217391304347,0.26608695652173914,DNA
Seq_345,0.26204230913095883,0.2534807364614937,0.24616599476330991,0.23831095964423757,DNA
Seq_346,0.23809523809523808,0.3333333333333333,0.24761904761904763,0.18095238095238095,DNA
Seq_347,0.29455445544554454,0.22772277227722773,0.20297029702970298,0.2747524752475248,DNA
Seq_348,0.3353964043619216,0.21308576480990274,0.19039198349543177,0.2611258473327439,DNA
Seq_349,0.37545126353790614,0.1444043321299639,0.1407942238267148,0.33935018050541516,DNA
Seq_350,0.1450381679389313,0.29770992366412213,0.1984732824427481,0.35877862595419846,DNA
Seq_351,0.3246753246753247,0.19106119106119107,0.2227097227097227,0.26155376155376153,DNA
Seq_352,0.12871287128712872,0.2871287128712871,0.31683168316831684,0.26732673267326734,DNA
Seq_353,0.24445028241166425,0.23696308945225272,0.24037830027584395,0.2782083278602391,DNA
Seq_354,0.2712258664805769,0.24532837093897805,0.20958362409862757,0.27386213848181745,DNA
Seq_355,0.27593360995850624,0.23387031161012123,0.22231714262468472,0.2678789358066878,DNA
Seq_356,0.2,0.23333333333333334,0.23333333333333334,0.3333333333333333,DNA
Seq_357,0.17796610169491525,0.2457627118644068,0.3757062146892655,0.20056497175141244,DNA
Seq_358,0.39622641509433965,0.1320754716981132,0.16981132075471697,0.3018867924528302,DNA
Seq_359,0.271693392471284,0.22483793926987378,0.21232798817240986,0.2911406800864324,DNA
Seq_360,0.2506172839506173,0.22790123456790123,0.2506172839506173,0.2708641975308642,DNA
Seq_361,0.21864951768488747,0.24758842443729903,0.2508038585209003,0.2829581993569132,DNA
Seq_362,0.1875682894257618,0.2861478693699162,0.3229331067136093,0.20335073449071264,DNA
Seq_363,0.2932342233009709,0.2009253640776699,0.20282160194174756,0.30301881067961167,DNA
Seq_364,0.27408477842003853,0.27360308285163776,0.2384393063583815,0.2138728323699422,DNA
Seq_365,0.2681708945260347,0.25412550066755674,0.23826435246995994,0.2394392523364486,DNA
Seq_366,0.2972972972972973,0.16216216216216217,0.14864864864864866,0.3918918918918919,DNA
Seq_367,0.34328358208955223,0.14925373134328357,0.26865671641791045,0.23880597014925373,DNA
Seq_368,0.3090909090909091,0.21818181818181817,0.16363636363636364,0.3090909090909091,DNA
Seq_369,0.3310580204778157,0.24232081911262798,0.24232081911262798,0.18430034129692832,DNA
Seq_370,0.24963684863851254,0.27113540923857066,0.24924068351688983,0.229987058606027,DNA
Seq_371,0.23076923076923078,0.25,0.19230769230769232,0.3269230769230769,DNA
Seq_372,0.27170071149873765,0.22924030296075282,0.2242980644174126,0.2747609211230969,DNA
Seq_373,0.22148004921778872,0.2710493935665319,0.33397785199507823,0.17349270522060117,DNA
Seq_374,0.3704268292682927,0.21671747967479674,0.13821138211382114,0.27464430894308944,DNA
Seq_375,0.28981893509283413,0.21390210219426117,0.22291698634340953,0.27336197636949516,DNA
Seq_376,0.18676086622638613,0.2679311933650745,0.2978805099063124,0.247427430502227,DNA
Seq_377,0.2907836372597339,0.21389847215377034,0.20404139970428783,0.291276490882208,DNA
Seq_378,0.2729435757987763,0.24121912531157944,0.21062769091321096,0.2752096079764333,DNA
Seq_379,0.2345031598762942,0.25951324458787145,0.27215274976469006,0.23383084577114427,DNA
Seq_380,0.40828402366863903,0.14201183431952663,0.21301775147928995,0.23668639053254437,DNA
Seq_381,0.29508196721311475,0.19672131147540983,0.26229508196721313,0.2459016393442623,DNA
Seq_382,0.27807744172606436,0.21734733192063185,0.23497399345020228,0.2696012329031015,DNA
Seq_383,0.24933095450490633,0.2692350579839429,0.24303077609277432,0.23840321141837645,DNA
Seq_384,0.33084311632870866,0.1910352187833511,0.18356456776947705,0.2945570971184632,DNA
Seq_385,0.23583399840383082,0.25059856344772546,0.2601755786113328,0.2533918595371109,DNA
Seq_386,0.3055555555555556,0.18981481481481483,0.1388888888888889,0.36574074074074076,DNA
Seq_387,0.34831460674157305,0.1797752808988764,0.24719101123595505,0.2247191011235955,DNA
Seq_388,0.29749147588894304,0.20579639551875303,0.22576716999512908,0.2709449585971749,DNA
Seq_389,0.23809523809523808,0.20634920634920634,0.2857142857142857,0.2698412698412698,DNA
Seq_390,0.1776204649666157,0.2781755289196364,0.3143753519427238,0.22982865417102405,DNA
Seq_391,0.24752475247524752,0.24752475247524752,0.1485148514851485,0.3564356435643564,DNA
Seq_392,0.25699745547073793,0.1806615776081425,0.178117048346056,0.3842239185750636,DNA
Seq_393,0.2594159388646288,0.2614969978165939,0.23809361353711792,0.2409934497816594,DNA
Seq_394,0.3107476635514019,0.20981308411214952,0.18037383177570093,0.29906542056074764,DNA
Seq_395,0.25536186912476044,0.24860819567399836,0.2207721091539655,0.2752578260472757,DNA
Seq_396,0.3022351797862002,0.2099125364431487,0.2400388726919339,0.2478134110787172,DNA
Seq_397,0.2789295536280939,0.20192511106409985,0.265178760313095,0.25396657499471126,DNA
Seq_398,0.28,0.272,0.232,0.216,DNA
Seq_399,0.28,0.272,0.232,0.216,DNA
Seq_400,0.18003913894324852,0.3111545988258317,0.1780821917808219,0.33072407045009783,DNA
Seq_401,0.22685185185185186,0.3101851851851852,0.3194444444444444,0.14351851851851852,DNA
Seq_402,0.11864406779661017,0.23728813559322035,0.2542372881355932,0.3898305084745763,DNA
Seq_403,0.3049869904596704,0.23109280138768432,0.19483954900260192,0.26908065915004337,DNA
Seq_404,0.32340052585451357,0.1901840490797546,0.20683610867659946,0.27957931638913236,DNA
Seq_405,0.2824990298797051,0.20773509248480146,0.21368516362695641,0.2960807140085371,DNA
Seq_406,0.14798206278026907,0.33183856502242154,0.2825112107623318,0.23766816143497757,DNA
Seq_407,0.28130412633723895,0.22587875700458482,0.20336220071319408,0.2894549159449822,DNA
Seq_408,0.2770763464194121,0.22400868021305978,0.21631485500098638,0.2826001183665417,DNA
Seq_409,0.2518518518518518,0.23703703703703705,0.1962962962962963,0.3148148148148148,DNA
Seq_410,0.26636653535921967,0.21984618270493342,0.23841680735321702,0.2753704745826299,DNA
Seq_411,0.19436997319034852,0.23659517426273458,0.2801608579088472,0.28887399463806973,DNA
Seq_412,0.2617222723174031,0.2357980162308386,0.2179891794409378,0.2844905320108206,DNA
Seq_413,0.21703853955375255,0.2413793103448276,0.21906693711967545,0.3225152129817444,DNA
Seq_414,0.25987965522849243,0.22507724833306228,0.2543503008619288,0.26069279557651653,DNA
Seq_415,0.31714495952906546,0.22369389256806477,0.20750551876379691,0.25165562913907286,DNA
Seq_416,0.31714495952906546,0.22369389256806477,0.20750551876379691,0.25165562913907286,DNA
Seq_417,0.2471641791044776,0.2656716417910448,0.15164179104477613,0.33552238805970147,DNA
Seq_418,0.2471641791044776,0.2656716417910448,0.15164179104477613,0.33552238805970147,DNA
Seq_419,0.2731048805815161,0.22263759086188992,0.23966770508826585,0.26458982346832816,DNA
Seq_420,0.2644723150227285,0.20685689249137412,0.2210964455884769,0.30757434689742047,DNA
Seq_421,0.2812434582373875,0.22716488730723605,0.23937617751727025,0.2522154769381062,DNA
Seq_422,0.2711464522894093,0.21461027612722824,0.2191978329255505,0.29504543865781196,DNA
Seq_423,0.36923076923076925,0.2,0.3230769230769231,0.1076923076923077,DNA
Seq_424,0.16666666666666666,0.3472222222222222,0.05555555555555555,0.4305555555555556,DNA
Seq_425,0.27318660022148394,0.2108250276854928,0.214078073089701,0.3019102990033223,DNA
Seq_426,0.31616579153167246,0.1940565299966484,0.1940565299966484,0.2957211484750307,DNA
Seq_427,0.32266666666666666,0.184,0.14133333333333334,0.352,DNA
Seq_428,0.2636363636363636,0.2727272727272727,0.15454545454545454,0.3090909090909091,DNA
Seq_429,0.28176051336060154,0.21663523475960714,0.2302530064414999,0.2713512454382914,DNA
Seq_430,0.47297297297297297,0.08108108108108109,0.17567567567567569,0.2702702702702703,DNA
Seq_431,0.18008598076362575,0.3257432235499854,0.26628533955115125,0.22788545613523753,DNA
Seq_432,0.24390243902439024,0.16666666666666666,0.2804878048780488,0.3089430894308943,DNA
Seq_433,0.22333988212180747,0.23599214145383104,0.2788212180746562,0.2618467583497053,DNA
Seq_434,0.2622466216216216,0.2959248310810811,0.24060388513513514,0.20122466216216217,DNA
Seq_435,0.25949367088607594,0.24432241250930753,0.20662695457930008,0.28955696202531644,DNA
Seq_436,0.2677085763159941,0.2563175491796905,0.227354016017417,0.24861985848689838,DNA
Seq_437,0.2832017055089878,0.1996705266728039,0.22728814380541693,0.28983962401279134,DNA
Seq_438,0.28415300546448086,0.25136612021857924,0.273224043715847,0.1912568306010929,DNA
Seq_439,0.1735159817351598,0.3059360730593607,0.3675799086757991,0.15296803652968036,DNA
Seq_440,0.3019554342883129,0.19054115507048658,0.22055479763528876,0.2869486130059118,DNA
Seq_441,0.16066481994459833,0.2409972299168975,0.37950138504155123,0.2188365650969529,DNA
Seq_442,0.27331337784941284,0.23638038222426894,0.21772967994473866,0.27257655998157954,DNA
Seq_443,0.2719298245614035,0.14035087719298245,0.2982456140350877,0.2894736842105263,DNA
Seq_444,0.2127473806752037,0.24912689173457508,0.259895227008149,0.27823050058207216,DNA
Seq_445,0.33350923482849604,0.20422163588390502,0.20527704485488127,0.2569920844327177,DNA
Seq_446,0.2512820512820513,0.27692307692307694,0.24102564102564103,0.23076923076923078,DNA
Seq_447,0.11695906432748537,0.2982456140350877,0.43859649122807015,0.14619883040935672,DNA
Seq_448,0.3486238532110092,0.1743119266055046,0.24770642201834864,0.22935779816513763,DNA
Seq_449,0.27883053600433133,0.23389279913373037,0.20763400108283703,0.27964266377910124,DNA
Seq_450,0.25882352941176473,0.23529411764705882,0.23529411764705882,0.27058823529411763,DNA
