nameseq,A,C,G,T,label
Seq_1,0.2781117791137831,0.23313293253173012,0.2019594745045647,0.2867958138499221,DNA
Seq_2,0.2523174971031286,0.23493626882966395,0.2557937427578216,0.25695249130938586,DNA
Seq_3,0.2523174971031286,0.23493626882966395,0.2557937427578216,0.25695249130938586,DNA
Seq_4,0.2668344870988043,0.24396895322005455,0.24239563666876443,0.24680092301237674,DNA
Seq_5,0.25901887608848506,0.2363026664503218,0.2155335604954297,0.28914489696576345,DNA
Seq_6,0.2886118038237739,0.20332502078137987,0.23807148794679966,0.2699916874480465,DNA
Seq_7,0.2744473654978339,0.22183137705039435,0.24138186396119524,0.2623393934905765,DNA
Seq_8,0.28846153846153844,0.2692307692307692,0.25,0.19230769230769232,DNA
Seq_9,0.2131782945736434,0.22795542635658914,0.2873062015503876,0.2715600775193798,DNA
Seq_10,0.2909667371231505,0.2275559016575815,0.2059739681833352,0.2755033930359328,DNA
Seq_11,0.27241205396545204,0.2212835707981339,0.23874669020300088,0.2675576850334132,DNA
Seq_12,0.2894736842105263,0.23684210526315788,0.21052631578947367,0.2631578947368421,DNA
Seq_13,0.3218390804597701,0.3793103448275862,0.1724137931034483,0.12643678160919541,DNA
Seq_14,0.22727272727272727,0.32727272727272727,0.2787878787878788,0.16666666666666666,DNA
Seq_15,0.17391304347826086,0.40217391304347827,0.33695652173913043,0.08695652173913043,DNA
Seq_16,0.24269300544245112,0.231808103204999,0.2154807498488208,0.3100181415037291,DNA
Seq_17,0.23705882352941177,0.2323529411764706,0.1952941176470588,0.3352941176470588,DNA
Seq_18,0.2791498834004664,0.2165571337714649,0.2083951664193343,0.29589781640873436,DNA
Seq_19,0.2480547981645275,0.24456341025470507,0.2523442175965951,0.25503757398417237,DNA
Seq_20,0.271484375,0.20703125,0.23828125,0.283203125,DNA
Seq_21,0.26511085180863475,0.2554259043173862,0.2173278879813302,0.2621353558926488,DNA
Seq_22,0.2851336564014382,0.21650773800218853,0.26340472096295137,0.23495388463342193,DNA
Seq_23,0.3235294117647059,0.21568627450980393,0.24509803921568626,0.21568627450980393,DNA
Seq_24,0.31225296442687744,0.19367588932806323,0.17786561264822134,0.31620553359683795,DNA
Seq_25,0.28205128205128205,0.20512820512820512,0.24358974358974358,0.2692307692307692,DNA
Seq_26,0.2545454545454545,0.23636363636363636,0.19090909090909092,0.3181818181818182,DNA
Seq_27,0.234375,0.3046875,0.2578125,0.203125,DNA
Seq_28,0.2747747747747748,0.23873873873873874,0.19369369369369369,0.2927927927927928,DNA
Seq_29,0.09523809523809523,0.3412698412698413,0.4126984126984127,0.15079365079365079,DNA
Seq_30,0.4,0.125,0.15,0.325,DNA
Seq_31,0.2191260802843066,0.32146030207576126,0.26451821339148696,0.1948954042484452,DNA
Seq_32,0.25695364238410595,0.2781456953642384,0.24900662251655628,0.21589403973509932,DNA
Seq_33,0.18333333333333332,0.23333333333333334,0.2,0.38333333333333336,DNA
Seq_34,0.3160919540229885,0.23563218390804597,0.22701149425287356,0.22126436781609196,DNA
Seq_35,0.28424153166421207,0.20058910162002946,0.23151693667157586,0.2836524300441826,DNA
Seq_36,0.25474484256243213,0.2341585233441911,0.24634093376764388,0.2647557003257329,DNA
Seq_37,0.26271984146643546,0.23591776071340104,0.22823879118157048,0.27312360663859303,DNA
Seq_38,0.21710495585968517,0.255079639403989,0.2908589845392125,0.23695642019711335,DNA
Seq_39,0.164969450101833,0.3014256619144603,0.32382892057026474,0.20977596741344195,DNA
Seq_40,0.2920403587443946,0.2070254110612855,0.24327354260089687,0.25766068759342303,DNA
Seq_41,0.2056338028169014,0.30422535211267604,0.29577464788732394,0.19436619718309858,DNA
Seq_42,0.2421720586705503,0.23426609799230208,0.25174243212316655,0.27181941121398107,DNA
Seq_43,0.33209351753453775,0.17056323060573858,0.19766206163655686,0.29968119022316686,DNA
Seq_44,0.28158472060911083,0.23026627091667742,0.2176624940852583,0.27048651438895344,DNA
Seq_45,0.2804668726398902,0.2273507474331367,0.22017289267546733,0.2720094872515058,DNA
Seq_46,0.2558459422283356,0.2333791838606144,0.22457588262265016,0.2861989912883998,DNA
Seq_47,0.19044985250737465,0.27949852507374634,0.30789085545722716,0.2221607669616519,DNA
Seq_48,0.28236231627412783,0.220825216929343,0.20643704621923145,0.2903754205772977,DNA
Seq_49,0.2857142857142857,0.18910444836370763,0.23241230648638056,0.2927689594356261,DNA
Seq_50,0.2589596463173737,0.23328003010064904,0.21964067350202238,0.2881196500799548,DNA
Seq_51,0.2926829268292683,0.2845528455284553,0.17073170731707318,0.25203252032520324,DNA
Seq_52,0.31393775372124494,0.18673883626522328,0.21921515561569688,0.28010825439783493,DNA
Seq_53,0.3415464418868536,0.1834981358404928,0.16923326308964176,0.3057221591830118,DNA
Seq_54,0.2744939615580881,0.22784487157679878,0.2152151726484096,0.2824459942167035,DNA
Seq_55,0.2668024439918534,0.20570264765784113,0.24439918533604887,0.2830957230142566,DNA
Seq_56,0.1590909090909091,0.3181818181818182,0.3181818181818182,0.20454545454545456,DNA
Seq_57,0.2924031007751938,0.1961068044788975,0.20003445305770887,0.31145564168819984,DNA
Seq_58,0.3063063063063063,0.22522522522522523,0.1981981981981982,0.2702702702702703,DNA
Seq_59,0.27650033891235204,0.23770790969289327,0.21679962458939464,0.26899212680536005,DNA
Seq_60,0.23573827621909643,0.2498547943129877,0.26051162908154246,0.25389530038637337,DNA
Seq_61,0.29158704746165365,0.20719929762949957,0.21618550844393947,0.2850281464649073,DNA
Seq_62,0.28890456041372825,0.1847672778561354,0.20921485660554773,0.31711330512458863,DNA
Seq_63,0.2650953389830508,0.19915254237288135,0.23384533898305085,0.3019067796610169,DNA
Seq_64,0.22342995169082125,0.2632850241545894,0.24758454106280192,0.26570048309178745,DNA
Seq_65,0.1727095516569201,0.2764132553606238,0.32085769980506823,0.2300194931773879,DNA
Seq_66,0.24421965317919075,0.2423196317704988,0.26675230143438233,0.24670841361592807,DNA
Seq_67,0.29415213249303823,0.20123113000146564,0.21280961453905906,0.29180712296643707,DNA
Seq_68,0.30808080808080807,0.16666666666666666,0.2828282828282828,0.24242424242424243,DNA
Seq_69,0.22727272727272727,0.23011363636363635,0.3380681818181818,0.20454545454545456,DNA
Seq_70,0.3282828282828283,0.15151515151515152,0.17676767676767677,0.3434343434343434,DNA
Seq_71,0.3717948717948718,0.2564102564102564,0.16666666666666666,0.20512820512820512,DNA
Seq_72,0.2783937263385614,0.19402379664683614,0.24607896160086534,0.28150351541373714,DNA
Seq_73,0.26412614980289095,0.23866622864651774,0.19743758212877793,0.2997700394218134,DNA
Seq_74,0.2852397632564319,0.25045295325522404,0.2023795144341104,0.2619277690542336,DNA
Seq_75,0.23479770458600568,0.2608140039542846,0.26990403626368326,0.23448425519602642,DNA
Seq_76,0.25005239991616013,0.25791238734018024,0.27017396772165164,0.22186124502200796,DNA
Seq_77,0.3164074412930772,0.2064653857883501,0.20326318999695028,0.27386398292162245,DNA
Seq_78,0.21901621324539708,0.3334707337180544,0.2774113767518549,0.1701016762846936,DNA
Seq_79,0.45454545454545453,0.2727272727272727,0.18181818181818182,0.09090909090909091,DNA
Seq_80,0.1971326164874552,0.36917562724014336,0.2670250896057348,0.16666666666666666,DNA
Seq_81,0.32195723684210525,0.1924342105263158,0.22450657894736842,0.2611019736842105,DNA
Seq_82,0.1504424778761062,0.2920353982300885,0.3893805309734513,0.168141592920354,DNA
Seq_83,0.2696052398654629,0.225349619401664,0.24794948958517732,0.2570956511476958,DNA
Seq_84,0.21760822843107153,0.24554805035308566,0.29651519803500154,0.24032852318084127,DNA
Seq_85,0.3036750483558994,0.218568665377176,0.2437137330754352,0.23404255319148937,DNA
Seq_86,0.28250879735044504,0.21001862968329538,0.2131235768991927,0.2943489960670669,DNA
Seq_87,0.2848123465450719,0.20437273471296621,0.19700689816438677,0.3138080205775751,DNA
Seq_88,0.28281593742361283,0.22136396968956246,0.2372036176973845,0.25861647518944025,DNA
Seq_89,0.23024361259655376,0.2548425430778372,0.23755199049316697,0.27736185383244205,DNA
Seq_90,0.1701388888888889,0.2743055555555556,0.3263888888888889,0.22916666666666666,DNA
Seq_91,0.3392857142857143,0.23214285714285715,0.21428571428571427,0.21428571428571427,DNA
Seq_92,0.31100478468899523,0.218755980861244,0.23483253588516748,0.23540669856459331,DNA
Seq_93,0.33962264150943394,0.1320754716981132,0.2028301886792453,0.32547169811320753,DNA
Seq_94,0.24218305855599773,0.3032973280272882,0.2731665719158613,0.18135304150085277,DNA
Seq_95,0.2799439645108569,0.20266168573429838,0.2475679041170519,0.26982644563779284,DNA
Seq_96,0.2769537934968625,0.2182686822589846,0.21577296063890475,0.2890045636052481,DNA
Seq_97,0.2953112146970112,0.22396490265972033,0.20784206196874144,0.272881820674527,DNA
Seq_98,0.25541365907828983,0.2870627429205997,0.24486396446418657,0.21265963353692394,DNA
Seq_99,0.2542372881355932,0.025423728813559324,0.2627118644067797,0.4576271186440678,DNA
Seq_100,0.42045454545454547,0.2727272727272727,0.1590909090909091,0.14772727272727273,DNA
Seq_101,0.25770308123249297,0.24649859943977592,0.20168067226890757,0.29411764705882354,DNA
Seq_102,0.2608695652173913,0.2536231884057971,0.21739130434782608,0.26811594202898553,DNA
Seq_103,0.274131060438344,0.2346136816471109,0.21734558335178217,0.2739096745627629,DNA
Seq_104,0.17244367417677642,0.35181975736568455,0.3240901213171577,0.15164644714038128,DNA
Seq_105,0.26618705035971224,0.2697841726618705,0.20863309352517986,0.25539568345323743,DNA
Seq_106,0.28938640132669985,0.1663902708678828,0.19624101713653952,0.34798231066887786,DNA
Seq_107,0.2606354334948842,0.2525578890683899,0.26440495422724825,0.22240172320947765,DNA
Seq_108,0.2196969696969697,0.3253657262277952,0.2714864158829676,0.1834508881922675,DNA
Seq_109,0.28262432594367887,0.22846015578190534,0.22348711803475135,0.26542840023966446,DNA
Seq_110,0.24879412162466755,0.23838074200964704,0.2702069152053374,0.242618221160348,DNA
Seq_111,0.36507936507936506,0.17989417989417988,0.15343915343915343,0.30158730158730157,DNA
Seq_112,0.17721167207040298,0.2788327929597036,0.32264937471051414,0.22130616025937935,DNA
Seq_113,0.2335209003215434,0.29568595927116825,0.26688102893890675,0.20391211146838156,DNA
Seq_114,0.26282051282051283,0.24358974358974358,0.19230769230769232,0.30128205128205127,DNA
Seq_115,0.23452768729641693,0.26601520086862107,0.256243213897937,0.24321389793702497,DNA
Seq_116,0.2987012987012987,0.20909090909090908,0.23203463203463204,0.26017316017316017,DNA
Seq_117,0.26517571884984026,0.24600638977635783,0.24281150159744408,0.24600638977635783,DNA
Seq_118,0.3656716417910448,0.20149253731343283,0.1865671641791045,0.2462686567164179,DNA
Seq_119,0.2552026286966046,0.21741511500547644,0.2672508214676889,0.26013143483023,DNA
Seq_120,0.22633744855967078,0.3004115226337449,0.16872427983539096,0.3045267489711934,DNA
Seq_121,0.26355976829910477,0.27898894154818327,0.24791995787256452,0.20953133228014745,DNA
Seq_122,0.2979043649415306,0.2220678476322797,0.2189417621859442,0.26108602524024543,DNA
Seq_123,0.24344416027280477,0.24729752770673485,0.24610400682011935,0.263154305200341,DNA
Seq_124,0.318301803783546,0.20567531896172458,0.19731632204135505,0.2787065552133744,DNA
Seq_125,0.26838527412377505,0.21161825726141079,0.22327182837467996,0.2967246402401342,DNA
Seq_126,0.3080168776371308,0.19831223628691982,0.16033755274261605,0.3333333333333333,DNA
Seq_127,0.26931854291244184,0.2209319120663258,0.25874570297830546,0.25100384204292686,DNA
Seq_128,0.2830335188300764,0.21560760968034165,0.2159958586773651,0.2853630128122169,DNA
Seq_129,0.2860802732707088,0.23398804440649018,0.15883859948761742,0.3210930828351836,DNA
Seq_130,0.28515625,0.26171875,0.22265625,0.23046875,DNA
Seq_131,0.23655913978494625,0.25806451612903225,0.12903225806451613,0.3763440860215054,DNA
Seq_132,0.2853794017224685,0.23951485501707181,0.22580645161290322,0.24929929164755643,DNA
Seq_133,0.2595148616330714,0.21776563033823026,0.20054663477963786,0.32217287324906047,DNA
Seq_134,0.3593073593073593,0.2554112554112554,0.22077922077922077,0.1645021645021645,DNA
Seq_135,0.30735455543358947,0.24698133918770582,0.22063666300768386,0.22502744237102085,DNA
Seq_136,0.29001140960481275,0.22606576081319366,0.21792345192407428,0.2659993776579193,DNA
Seq_137,0.27511712649661635,0.23997917751171266,0.2332118688183238,0.2516918271733472,DNA
Seq_138,0.16539717083786726,0.2578890097932535,0.32752992383025026,0.24918389553862894,DNA
Seq_139,0.2862189564418695,0.20973610767654643,0.21955700003532694,0.2844879358462571,DNA
Seq_140,0.25418478260869565,0.25527173913043477,0.2427717391304348,0.2477717391304348,DNA
Seq_141,0.1771117166212534,0.30517711171662126,0.32697547683923706,0.1907356948228883,DNA
Seq_142,0.23236435036636177,0.24400172405536133,0.2677553757003975,0.2558785498778794,DNA
Seq_143,0.24390794223826714,0.24240373044524668,0.24450962695547532,0.2691787003610108,DNA
Seq_144,0.229607250755287,0.2537764350453172,0.24169184290030213,0.27492447129909364,DNA
Seq_145,0.23160057843062637,0.24324530025116067,0.270264099246518,0.254890022071695,DNA
Seq_146,0.3111111111111111,0.1111111111111111,0.26666666666666666,0.3111111111111111,DNA
Seq_147,0.27048442635780245,0.22151353889497574,0.22814603224291752,0.27985600250430426,DNA
Seq_148,0.25,0.125,0.16666666666666666,0.4583333333333333,DNA
Seq_149,0.27818426160967596,0.20919814842466777,0.22965506943407496,0.28296252053158133,DNA
Seq_150,0.38235294117647056,0.20588235294117646,0.2647058823529412,0.14705882352941177,DNA
Seq_151,0.23968966925275623,0.22070232748060434,0.2652102899142507,0.2743977133523887,DNA
Seq_152,0.24355491154984,0.2822556300187164,0.2585481696150053,0.21564128881643824,DNA
Seq_153,0.2869022869022869,0.20512820512820512,0.22522522522522523,0.28274428274428276,DNA
Seq_154,0.26708347043983766,0.2351650762312164,0.21476362838653065,0.28298782494241526,DNA
Seq_155,0.22448979591836735,0.15306122448979592,0.2653061224489796,0.35714285714285715,DNA
Seq_156,0.2534284147010422,0.22216127262753702,0.22078990674712012,0.3036204059243006,DNA
Seq_157,0.3227799227799228,0.14594594594594595,0.29806949806949806,0.2332046332046332,DNA
Seq_158,0.2789438050101557,0.2207176709546378,0.20853080568720378,0.29180771834800273,DNA
Seq_159,0.251260640893564,0.2315241555061541,0.26161687361058394,0.255598329989698,DNA
Seq_160,0.2754777070063694,0.19639065817409768,0.2367303609341826,0.2914012738853503,DNA
Seq_161,0.2890371782650143,0.18570066730219256,0.23012392755004765,0.2951382268827455,DNA
Seq_162,0.2705293872446853,0.2102959566486036,0.1968528553563985,0.32232180075031264,DNA
Seq_163,0.2709571418583514,0.23379710550234217,0.2159686778997413,0.27927707473956515,DNA
Seq_164,0.20212765957446807,0.22340425531914893,0.25,0.324468085106383,DNA
Seq_165,0.221455938697318,0.3446360153256705,0.27988505747126435,0.15402298850574714,DNA
Seq_166,0.3029045643153527,0.20651133099265878,0.21867219917012448,0.271911905521864,DNA
Seq_167,0.23693199461753442,0.3080426456888521,0.26498292102266846,0.19004243867094503,DNA
Seq_168,0.3364864864864865,0.1918918918918919,0.19864864864864865,0.27297297297297296,DNA
Seq_169,0.25068021041175403,0.2119535643025576,0.2598403772900417,0.27752584799564667,DNA
Seq_170,0.37094017094017095,0.17435897435897435,0.18803418803418803,0.26666666666666666,DNA
Seq_171,0.2226634086744044,0.2602321319486866,0.28568519649765833,0.23141926287925066,DNA
Seq_172,0.1786210087922258,0.27196403781318174,0.32002379850598267,0.22939115488860978,DNA
Seq_173,0.3046185781006746,0.20537104307213286,0.19006227296315517,0.29994810586403736,DNA
Seq_174,0.3107344632768362,0.2994350282485876,0.15819209039548024,0.23163841807909605,DNA
Seq_175,0.14018691588785046,0.2523364485981308,0.29906542056074764,0.308411214953271,DNA
Seq_176,0.14285714285714285,0.3253968253968254,0.3333333333333333,0.1984126984126984,DNA
Seq_177,0.2667645619187469,0.2496023005384239,0.21919358786098875,0.2644395496818404,DNA
Seq_178,0.2915794979079498,0.24110878661087867,0.1875,0.27981171548117156,DNA
Seq_179,0.3486005089058524,0.1475826972010178,0.183206106870229,0.32061068702290074,DNA
Seq_180,0.3486005089058524,0.1475826972010178,0.183206106870229,0.32061068702290074,DNA
Seq_181,0.18181818181818182,0.19090909090909092,0.37272727272727274,0.2545454545454545,DNA
Seq_182,0.18236032642812303,0.2994873404477924,0.31371625863151287,0.20443607449257167,DNA
Seq_183,0.19962686567164178,0.32649253731343286,0.1958955223880597,0.27798507462686567,DNA
Seq_184,0.2871980676328502,0.21618357487922704,0.20495169082125603,0.2916666666666667,DNA
Seq_185,0.18212427303336395,0.27395163758800123,0.31711049892868076,0.22681359044995408,DNA
Seq_186,0.23293172690763053,0.22690763052208834,0.22289156626506024,0.3172690763052209,DNA
Seq_187,0.21296296296296297,0.21296296296296297,0.3055555555555556,0.26851851851851855,DNA
Seq_188,0.2634498058790904,0.1930116472545757,0.17748197448696618,0.36605657237936773,DNA
Seq_189,0.1895424836601307,0.3006535947712418,0.35947712418300654,0.1503267973856209,DNA
Seq_190,0.2852721790192033,0.20623710522139344,0.22091731471195047,0.28757340104745277,DNA
Seq_191,0.28463591307662983,0.2099123141441098,0.21532596263820053,0.29012581014105987,DNA
Seq_192,0.22589869281045752,0.30438842203548083,0.28227124183006536,0.18744164332399627,DNA
Seq_193,0.27729531924190287,0.22065650772843956,0.2366595663334972,0.2653886066961604,DNA
Seq_194,0.288135593220339,0.17796610169491525,0.2288135593220339,0.3050847457627119,DNA
Seq_195,0.3374233128834356,0.2392638036809816,0.2331288343558282,0.1901840490797546,DNA
Seq_196,0.2642857142857143,0.23835978835978835,0.26402116402116405,0.23333333333333334,DNA
Seq_197,0.28559007193107266,0.22014070033989408,0.22970516164730062,0.26456406608173266,DNA
Seq_198,0.25614698730072955,0.2485814644690624,0.24020534990543096,0.25506619832477706,DNA
Seq_199,0.2150228219884898,0.28487795197459814,0.2357610637031157,0.26433816233379637,DNA
Seq_200,0.2699135184342285,0.22485207100591717,0.20254893035958124,0.3026854802002731,DNA
Seq_201,0.24343675417661098,0.23786793953858393,0.25059665871121717,0.2680986475735879,DNA
Seq_202,0.3084410646387833,0.20699619771863118,0.22372623574144487,0.26083650190114066,DNA
Seq_203,0.3209072404768828,0.21564408258214599,0.20854899680139574,0.2548996801395755,DNA
Seq_204,0.2640247040658775,0.22346886258363355,0.22058672156459083,0.2919197117858981,DNA
Seq_205,0.329654157468727,0.17292126563649743,0.19646799116997793,0.30095658572479767,DNA
Seq_206,0.09652509652509653,0.33976833976833976,0.38996138996138996,0.17374517374517376,DNA
Seq_207,0.3220338983050847,0.1271186440677966,0.1694915254237288,0.3813559322033898,DNA
Seq_208,0.2386713143325815,0.22062743489850317,0.22349805208119747,0.31720319868771785,DNA
Seq_209,0.25477774258262065,0.2796959138422553,0.23772568894520113,0.2278006546299229,DNA
Seq_210,0.14084507042253522,0.29577464788732394,0.14084507042253522,0.4225352112676056,DNA
Seq_211,0.32038834951456313,0.1262135922330097,0.21844660194174756,0.33495145631067963,DNA
Seq_212,0.26505527707203186,0.2317516995124631,0.2579825585387626,0.24521046487674242,DNA
Seq_213,0.47619047619047616,0.25396825396825395,0.06349206349206349,0.20634920634920634,DNA
Seq_214,0.22789287518948964,0.2726405030599068,0.25826736286564483,0.24119925888495874,DNA
Seq_215,0.28125,0.125,0.15625,0.4375,DNA
Seq_216,0.28916365952027173,0.22564211420080663,0.21534706007217153,0.26984716620675014,DNA
Seq_217,0.28988649406963396,0.21158015559239893,0.23173064660119883,0.2668027037367683,DNA
Seq_218,0.27733591200290103,0.2267375800797776,0.24315242354647648,0.2527740843708449,DNA
Seq_219,0.2754799350758381,0.23674931437846308,0.2225331616947445,0.2652375888509543,DNA
Seq_220,0.26785244435089195,0.22570120507288322,0.23085828553386306,0.2755880650423617,DNA
Seq_221,0.24564962582273916,0.24542421783428003,0.2507889279596069,0.2581372283833739,DNA
Seq_222,0.2913773148148148,0.19733796296296297,0.1953125,0.3159722222222222,DNA
Seq_223,0.265546953046953,0.21672077922077923,0.22502497502497504,0.29270729270729273,DNA
Seq_224,0.30076950823614285,0.2187086689912228,0.21570277744378982,0.26481904532884454,DNA
Seq_225,0.34375,0.2056451612903226,0.20766129032258066,0.24294354838709678,DNA
Seq_226,0.2870747283116107,0.20891063225902828,0.22646300929902527,0.27755163013033574,DNA
Seq_227,0.2759340914365282,0.1886748665583662,0.23996286841494546,0.2954281735901601,DNA
Seq_228,0.20658342792281498,0.3314415437003405,0.3155505107832009,0.14642451759364358,DNA
Seq_229,0.2007846983815596,0.2647866601275135,0.29838155958803336,0.23604708190289359,DNA
Seq_230,0.2768113494342172,0.2095929741597703,0.23273095760851206,0.2808647187975004,DNA
Seq_231,0.2764988778454633,0.23263866623917923,0.21365822378967617,0.2772042321256813,DNA
Seq_232,0.2777973879279915,0.20614189904694669,0.22037886810212967,0.2956818449229321,DNA
Seq_233,0.29121169425854176,0.24145825995068687,0.2148643888693202,0.25246565692145123,DNA
Seq_234,0.33131360946745564,0.216,0.20866272189349114,0.24402366863905325,DNA
Seq_235,0.198539146313627,0.26687970782926274,0.29239899566309063,0.24218215019401962,DNA
Seq_236,0.2857142857142857,0.24175824175824176,0.25274725274725274,0.21978021978021978,DNA
Seq_237,0.25,0.26145038167938933,0.18702290076335878,0.3015267175572519,DNA
Seq_238,0.28911970032351436,0.2097735399284863,0.2259492593223225,0.2751575004256768,DNA
Seq_239,0.3269230769230769,0.125,0.22115384615384615,0.3269230769230769,DNA
Seq_240,0.2961339288160671,0.21651094610515934,0.21544236512590076,0.27191275995287284,DNA
Seq_241,0.2782507238235167,0.22336977658701007,0.23071604511473143,0.2676634544747418,DNA
Seq_242,0.2682323232323232,0.23994949494949494,0.2396969696969697,0.25212121212121213,DNA
Seq_243,0.24369747899159663,0.33613445378151263,0.24369747899159663,0.17647058823529413,DNA
Seq_244,0.31633356305995863,0.2101998621640248,0.20813232253618194,0.2653342522398346,DNA
Seq_245,0.29896907216494845,0.27835051546391754,0.31958762886597936,0.10309278350515463,DNA
Seq_246,0.253227408142999,0.26216484607745777,0.22889771598808342,0.2557100297914598,DNA
Seq_247,0.28353658536585363,0.24123475609756098,0.22942073170731708,0.2458079268292683,DNA
Seq_248,0.24630541871921183,0.24524982406755805,0.24736101337086558,0.26108374384236455,DNA
Seq_249,0.32934131736526945,0.19760479041916168,0.24550898203592814,0.2275449101796407,DNA
Seq_250,0.3264536173990235,0.21149578339991124,0.23146915224145584,0.23058144695960942,DNA
Seq_251,0.3,0.22857142857142856,0.2571428571428571,0.21428571428571427,DNA
Seq_252,0.2304093567251462,0.3017543859649123,0.2596491228070175,0.20818713450292398,DNA
Seq_253,0.2304093567251462,0.3017543859649123,0.2596491228070175,0.20818713450292398,DNA
Seq_254,0.3711340206185567,0.23711340206185566,0.1134020618556701,0.27835051546391754,DNA
Seq_255,0.23333333333333334,0.2866666666666667,0.16666666666666666,0.31333333333333335,DNA
Seq_256,0.28822000866175834,0.2008084307781146,0.24938645878446658,0.26158510177566047,DNA
Seq_257,0.13291139240506328,0.31645569620253167,0.22151898734177214,0.3291139240506329,DNA
Seq_258,0.21064552661381652,0.3103057757644394,0.21970554926387317,0.25934314835787087,DNA
Seq_259,0.21616670483169223,0.2383787497137623,0.26608655827799405,0.2793679871765514,DNA
Seq_260,0.2466708941027267,0.2579264426125555,0.21670894102726695,0.27869372225745087,DNA
Seq_261,0.3170731707317073,0.14634146341463414,0.21341463414634146,0.3231707317073171,DNA
Seq_262,0.2,0.312,0.336,0.152,DNA
Seq_263,0.30004984216647285,0.20983552085063964,0.21648114304701777,0.2736334939358697,DNA
Seq_264,0.3314818696290086,0.2197652483756026,0.20645566967092852,0.24229721232446028,DNA
Seq_265,0.2692964967245799,0.23821560808886358,0.22703645684990031,0.26545143833665624,DNA
Seq_266,0.2749461094499687,0.222933036645574,0.21465822960851122,0.28746262429594605,DNA
Seq_267,0.23594486760972072,0.2586144359811389,0.27058396808124774,0.23485672832789264,DNA
Seq_268,0.1831016273305313,0.24744045694579156,0.31878435176204334,0.2506735639616338,DNA
Seq_269,0.22903194199490495,0.2703801685283167,0.27532823829120123,0.22525965118557711,DNA
Seq_270,0.172,0.288,0.338,0.202,DNA
Seq_271,0.29411764705882354,0.29411764705882354,0.29411764705882354,0.11764705882352941,DNA
Seq_272,0.30404354587869364,0.22531104199066873,0.2047045101088647,0.26594090202177295,DNA
Seq_273,0.2860551059549984,0.22374514665294476,0.2148570893951443,0.27534265799691254,DNA
Seq_274,0.3171745152354571,0.16749109616145627,0.19153146022952117,0.3238029283735655,DNA
Seq_275,0.2654271085960658,0.2289140393424953,0.23693074642953382,0.26872810563190513,DNA
Seq_276,0.1610608020698577,0.2846054333764554,0.3208279430789133,0.2335058214747736,DNA
Seq_277,0.23076923076923078,0.14871794871794872,0.22564102564102564,0.39487179487179486,DNA
Seq_278,0.25547341484219505,0.22863946545351152,0.2455217514927495,0.27036536821154394,DNA
Seq_279,0.2832098765432099,0.22181069958847738,0.24008230452674897,0.2548971193415638,DNA
Seq_280,0.2360557768924303,0.2694223107569721,0.2940737051792829,0.20044820717131473,DNA
Seq_282,0.17054263565891473,0.29457364341085274,0.3023255813953488,0.23255813953488372,DNA
Seq_283,0.26445379460807233,0.21567710768271778,0.21972884525479197,0.30014025245441794,DNA
Seq_284,0.27536046956743654,0.2150057419931096,0.2142401429118285,0.29539364552762537,DNA
Seq_285,0.21578947368421053,0.23684210526315788,0.25263157894736843,0.29473684210526313,DNA
Seq_286,0.21048999309868874,0.2609558316080055,0.266735679779158,0.2618184955141477,DNA
Seq_287,0.25129934536798254,0.2714937512398334,0.24665740924419757,0.2305494941479865,DNA
Seq_288,0.2946020128087832,0.20602179156616485,0.21134492223238793,0.28803127339266404,DNA
Seq_289,0.14012738853503184,0.2802547770700637,0.33121019108280253,0.2484076433121019,DNA
Seq_290,0.20855614973262032,0.29411764705882354,0.17647058823529413,0.32085561497326204,DNA
Seq_291,0.31809145129224653,0.1988071570576541,0.220675944333996,0.2624254473161034,DNA
Seq_292,0.23333333333333334,0.2833333333333333,0.23333333333333334,0.25,DNA
Seq_293,0.23333333333333334,0.2833333333333333,0.23333333333333334,0.25,DNA
Seq_294,0.26974369660345904,0.23541362783913317,0.23041258595540737,0.26443008960200043,DNA
Seq_295,0.2556053811659193,0.14349775784753363,0.19282511210762332,0.4080717488789238,DNA
Seq_296,0.2624167946748592,0.23818057689025432,0.22188086704215737,0.27752176139272916,DNA
Seq_297,0.29110972956170345,0.20267329810382345,0.22287845819086105,0.28333851414361205,DNA
Seq_298,0.2681933381607531,0.21153149891383055,0.2174149167270094,0.30286024619840696,DNA
Seq_299,0.26907344833718655,0.23492797439089455,0.20700693579939533,0.28899164147252354,DNA
Seq_300,0.25588235294117645,0.18823529411764706,0.24411764705882352,0.31176470588235294,DNA
Seq_301,0.29477756286266926,0.19325780602376347,0.21326333241226858,0.2987012987012987,DNA
Seq_302,0.23747583055018456,0.24925294427843206,0.27781683951485325,0.23545438565653015,DNA
Seq_303,0.26522170747849105,0.22253474520185307,0.22369291859695567,0.2885506287227002,DNA
Seq_304,0.2077922077922078,0.2857142857142857,0.37662337662337664,0.12987012987012986,DNA
Seq_305,0.2537337062641828,0.2582722043379598,0.24972294052456595,0.23827114887329146,DNA
Seq_306,0.28032648466085,0.2155924570785252,0.26709822685054885,0.236982831410076,DNA
Seq_307,0.2653144489129801,0.21437314215771988,0.24322433991956635,0.27708806900973365,DNA
Seq_308,0.21883575640801076,0.25567816897296664,0.2671999377201689,0.25828613689885366,DNA
Seq_309,0.2868908716540837,0.21070693205216198,0.20933424845573095,0.2930679478380233,DNA
Seq_310,0.23775582934528053,0.2553711434680786,0.25771306384278586,0.249159963343855,DNA
Seq_311,0.25467497773820125,0.2450069965653225,0.20048339905864393,0.29983462663783234,DNA
Seq_312,0.23214285714285715,0.1875,0.33035714285714285,0.25,DNA
Seq_313,0.2802470724488483,0.22563376656800926,0.22725517951357613,0.26686398146956636,DNA
Seq_314,0.32701421800947866,0.15639810426540285,0.1895734597156398,0.32701421800947866,DNA
Seq_315,0.26688505062537227,0.22596783799880882,0.21608100059559263,0.2910661107802263,DNA
Seq_316,0.18461538461538463,0.24615384615384617,0.3076923076923077,0.26153846153846155,DNA
Seq_317,0.2663755458515284,0.2925764192139738,0.23580786026200873,0.2052401746724891,DNA
Seq_318,0.2,0.36923076923076925,0.25384615384615383,0.17692307692307693,DNA
Seq_319,0.17672321999006177,0.2750053240576418,0.3120962589621637,0.23617519699013276,DNA
Seq_320,0.3127962085308057,0.12322274881516587,0.24644549763033174,0.3175355450236967,DNA
Seq_321,0.3127962085308057,0.12322274881516587,0.24644549763033174,0.3175355450236967,DNA
Seq_322,0.31014188124014713,0.19085654230162902,0.18539148712559117,0.3136100893326327,DNA
Seq_323,0.20577871740662437,0.27989194268264034,0.2801855766972046,0.23414376321353064,DNA
Seq_324,0.1956521739130435,0.2826086956521739,0.3695652173913043,0.15217391304347827,DNA
Seq_325,0.28022935113949776,0.25239512265931197,0.22350849179851937,0.24386703440267093,DNA
Seq_326,0.21387210473313192,0.2632804632426989,0.2949395770392749,0.22790785498489427,DNA
Seq_327,0.3449367088607595,0.21835443037974683,0.1962025316455696,0.24050632911392406,DNA
Seq_328,0.2703595477067717,0.22424088425867106,0.2136958455088299,0.29170372252572735,DNA
Seq_329,0.2805604497021562,0.220404396341975,0.1969124926587801,0.3021226612970887,DNA
Seq_330,0.22354497354497355,0.24923195084485408,0.2773084144051886,0.2499146612049838,DNA
Seq_331,0.2638788752703677,0.2350396539293439,0.21341023792357605,0.2876712328767123,DNA
Seq_332,0.2965533194540828,0.22091140411751098,0.19338422391857507,0.28915105250983114,DNA
Seq_333,0.39316239316239315,0.1794871794871795,0.15384615384615385,0.27350427350427353,DNA
Seq_334,0.2497704315886134,0.2344298600983093,0.21736077351050614,0.29843893480257117,DNA
Seq_335,0.27010425471963934,0.2166807551422936,0.20969287123133276,0.3035221189067343,DNA
Seq_336,0.3071528751753156,0.1584852734922861,0.22720897615708274,0.3071528751753156,DNA
Seq_337,0.3421686746987952,0.1180722891566265,0.14698795180722893,0.3927710843373494,DNA
Seq_338,0.18235294117647058,0.25882352941176473,0.34705882352941175,0.21176470588235294,DNA
Seq_339,0.18235294117647058,0.25882352941176473,0.34705882352941175,0.21176470588235294,DNA
Seq_340,0.21572257806244996,0.26210968775020016,0.28873098478783027,0.2334367493995196,DNA
Seq_341,0.27871953988194337,0.23724837293779324,0.2158695323142122,0.2681625548660512,DNA
Seq_342,0.215625,0.24375,0.175,0.365625,DNA
Seq_343,0.1778846153846154,0.40865384615384615,0.3076923076923077,0.10576923076923077,DNA
Seq_344,0.2505854800936768,0.24355971896955503,0.2810304449648712,0.22482435597189696,DNA
Seq_345,0.2985439862963416,0.19515477792732167,0.23063746482319833,0.2756637709531384,DNA
Seq_346,0.24731182795698925,0.1827956989247312,0.24731182795698925,0.3225806451612903,DNA
Seq_347,0.29236425945096917,0.21183022168279014,0.21108056973547995,0.28472494913076074,DNA
Seq_348,0.2812699425654116,0.22495213784301213,0.2255902999361838,0.26818761965539245,DNA
Seq_349,0.32664526484751205,0.14365971107544143,0.21990369181380418,0.3097913322632424,DNA
Seq_350,0.20899470899470898,0.2328042328042328,0.1984126984126984,0.35978835978835977,DNA
Seq_351,0.29910714285714285,0.23660714285714285,0.1875,0.2767857142857143,DNA
Seq_352,0.19271948608137046,0.2462526766595289,0.26552462526766596,0.2955032119914347,DNA
Seq_353,0.2418233851185609,0.29957072771872445,0.22884300899427637,0.22976287816843827,DNA
Seq_354,0.2644521832306456,0.24966514867398876,0.22598446289847307,0.2598982051968926,DNA
Seq_355,0.2881944444444444,0.2916666666666667,0.2048611111111111,0.2152777777777778,DNA
Seq_356,0.38095238095238093,0.1746031746031746,0.14285714285714285,0.30158730158730157,DNA
Seq_357,0.2768361581920904,0.211864406779661,0.192090395480226,0.3192090395480226,DNA
Seq_358,0.258841350915694,0.2546658639373871,0.2514419995727409,0.23505078557417802,DNA
Seq_359,0.2707802141764406,0.2408847526772055,0.2072921978582356,0.2810428352881183,DNA
Seq_360,0.17347079988928868,0.28030722391364515,0.3252836977580958,0.22093827843897038,DNA
Seq_361,0.21774794929157346,0.29679343773303507,0.2870991797166294,0.19835943325876212,DNA
Seq_362,0.2619047619047619,0.2619047619047619,0.21428571428571427,0.2619047619047619,DNA
Seq_363,0.2614177640795741,0.2352199495657047,0.2397029980386663,0.2636592883160549,DNA
Seq_364,0.2502243615892959,0.27804519866198907,0.2390470751407359,0.23268336460797912,DNA
Seq_365,0.19536574284416175,0.28169014084507044,0.3048614266242617,0.21808268968650613,DNA
Seq_366,0.24735164044019337,0.2683328190887586,0.24364907950221126,0.2406664609688368,DNA
Seq_367,0.33877551020408164,0.17551020408163265,0.20408163265306123,0.2816326530612245,DNA
Seq_368,0.36531365313653136,0.15867158671586715,0.12177121771217712,0.35424354243542433,DNA
Seq_369,0.2820462944952344,0.23322310834468002,0.21532775724567205,0.26940283991441355,DNA
Seq_370,0.2927646967098082,0.22025573054732575,0.2109777015437393,0.2760018711991268,DNA
Seq_371,0.22916666666666666,0.20833333333333334,0.25,0.3125,DNA
Seq_372,0.2453820229512393,0.28108869075551385,0.2561750778550403,0.21735420843820655,DNA
Seq_373,0.26506024096385544,0.1927710843373494,0.1686746987951807,0.37349397590361444,DNA
Seq_374,0.3125,0.1597222222222222,0.16319444444444445,0.3645833333333333,DNA
Seq_375,0.3684210526315789,0.09649122807017543,0.35964912280701755,0.17543859649122806,DNA
Seq_376,0.3071713147410359,0.20657370517928286,0.22270916334661356,0.2635458167330677,DNA
Seq_377,0.3277310924369748,0.10084033613445378,0.15126050420168066,0.42016806722689076,DNA
Seq_378,0.290788013318535,0.20615982241953384,0.18895671476137624,0.31409544950055496,DNA
Seq_379,0.23015873015873015,0.31746031746031744,0.23015873015873015,0.2222222222222222,DNA
Seq_380,0.3008157524613221,0.19533052039381155,0.21378340365682139,0.290070323488045,DNA
Seq_381,0.257192075796727,0.22583979328165374,0.26098191214470284,0.25598621877691646,DNA
Seq_382,0.3012622720897616,0.20434782608695654,0.21963534361851333,0.2747545582047686,DNA
Seq_383,0.2768761129483592,0.221343169676927,0.21208343932841517,0.28969727804629863,DNA
Seq_384,0.24868189806678384,0.2047451669595782,0.2117750439367311,0.3347978910369069,DNA
Seq_385,0.2192891290791935,0.32342548326751197,0.2905840781542299,0.16670130949906464,DNA
Seq_386,0.21027573072782976,0.2800364328889625,0.27457149954458887,0.23511633683861885,DNA
Seq_387,0.24043715846994534,0.19672131147540983,0.19672131147540983,0.366120218579235,DNA
Seq_388,0.2149482560367957,0.3262552702184745,0.28363357608279033,0.17516289766193943,DNA
Seq_389,0.20578420467185762,0.2803114571746385,0.28476084538375973,0.22914349276974416,DNA
Seq_390,0.24437299035369775,0.2347266881028939,0.24115755627009647,0.2797427652733119,DNA
Seq_391,0.2767319277108434,0.2297224612736661,0.23230421686746988,0.26124139414802067,DNA
Seq_392,0.3474576271186441,0.19491525423728814,0.1440677966101695,0.3135593220338983,DNA
Seq_393,0.32608695652173914,0.21739130434782608,0.21739130434782608,0.2391304347826087,DNA
Seq_394,0.26511547443992733,0.227359224980538,0.22831069976645618,0.2792146008130785,DNA
Seq_395,0.29391584025730366,0.23039399624765478,0.21216831948539266,0.2635218440096489,DNA
Seq_396,0.21287128712871287,0.26051980198019803,0.2506188118811881,0.275990099009901,DNA
Seq_397,0.2795045944866161,0.24306831801837794,0.22093487814622453,0.2564922093487815,DNA
Seq_398,0.2677265650799641,0.21951219512195122,0.2145586639618814,0.29820257583620324,DNA
Seq_399,0.26344676180021953,0.2678375411635565,0.23600439077936333,0.2327113062568606,DNA
Seq_400,0.266,0.226,0.244,0.264,DNA
Seq_401,0.13793103448275862,0.3793103448275862,0.25862068965517243,0.22413793103448276,DNA
Seq_402,0.2835252516093934,0.20736240819657267,0.23655816483815395,0.27255417535587995,DNA
Seq_403,0.24160795690012432,0.31496062992125984,0.25694156651471195,0.18648984666390386,DNA
Seq_404,0.28216216216216217,0.1881081081081081,0.23567567567567568,0.29405405405405405,DNA
Seq_405,0.283759604252184,0.2244500578886433,0.22229239027470793,0.26949794758446477,DNA
Seq_406,0.4306569343065693,0.1386861313868613,0.2116788321167883,0.21897810218978103,DNA
Seq_407,0.277745308136892,0.22462497564776934,0.2124813299564907,0.285148386258848,DNA
Seq_408,0.21333928837278546,0.25770433229120143,0.2916480571683787,0.23730832216763437,DNA
Seq_409,0.19119016576643696,0.2715589495250512,0.313466194822127,0.2237846898863848,DNA
Seq_410,0.3384615384615385,0.27692307692307694,0.24615384615384617,0.13846153846153847,DNA
Seq_411,0.2326763356886079,0.23118879385149374,0.233420106607165,0.3027147638527334,DNA
Seq_412,0.30977734753146174,0.20329138431752178,0.23039690222652467,0.25653436592449175,DNA
Seq_413,0.29375718115664495,0.20158304608706754,0.20503000127665008,0.29962977147963743,DNA
Seq_414,0.288960488383924,0.24080040698660335,0.18670510429031711,0.2835340003391555,DNA
Seq_415,0.2671081677704194,0.2240392845880074,0.23440104518628643,0.27445150245528677,DNA
Seq_416,0.25180480920588394,0.2530532486565706,0.25804700645931716,0.2370949356782283,DNA
Seq_417,0.176,0.32,0.304,0.2,DNA
Seq_418,0.3046909250328803,0.20210434020166593,0.2242437527400263,0.26896098202542745,DNA
Seq_419,0.2791257059192638,0.26129470822003764,0.2335808408282786,0.22599874503241998,DNA
Seq_420,0.28568363230623983,0.21852201527765858,0.2162475324006523,0.27954682001544934,DNA
Seq_421,0.2650212900173474,0.2288282605267308,0.26754455133259736,0.2386058981233244,DNA
Seq_422,0.2294422370869587,0.27490821304632096,0.2553437610018609,0.24030578886485943,DNA
Seq_423,0.2767676767676768,0.21414141414141413,0.2101010101010101,0.298989898989899,DNA
Seq_424,0.26126126126126126,0.27927927927927926,0.23423423423423423,0.22522522522522523,DNA
Seq_425,0.2816081498999454,0.2461342550482081,0.21775513916681827,0.2545024558850282,DNA
Seq_426,0.21323529411764705,0.3403361344537815,0.28781512605042014,0.15861344537815125,DNA
Seq_427,0.2787560884226302,0.22847508430123642,0.2559760209816411,0.23679280629449231,DNA
Seq_428,0.3036541430777149,0.20844055584148224,0.21718991250643335,0.27071538857436955,DNA
Seq_429,0.2742616033755274,0.2320675105485232,0.22784810126582278,0.26582278481012656,DNA
Seq_430,0.3373493975903614,0.1686746987951807,0.08433734939759036,0.40963855421686746,DNA
Seq_431,0.38271604938271603,0.14814814814814814,0.14814814814814814,0.32098765432098764,DNA
Seq_432,0.3287671232876712,0.1232876712328767,0.1643835616438356,0.3835616438356164,DNA
Seq_433,0.2262008733624454,0.25240174672489085,0.25705967976710337,0.2643377001455604,DNA
Seq_434,0.2787632729544035,0.23510306058713304,0.23279200499687694,0.2533416614615865,DNA
Seq_435,0.2916666666666667,0.2152777777777778,0.0763888888888889,0.4166666666666667,DNA
Seq_436,0.24579692678517626,0.2615245555890328,0.26327206990057245,0.22940644772521843,DNA
Seq_437,0.20625,0.3,0.25,0.24375,DNA
Seq_438,0.2979591836734694,0.15918367346938775,0.20816326530612245,0.3346938775510204,DNA
Seq_439,0.35833333333333334,0.175,0.15833333333333333,0.30833333333333335,DNA
Seq_440,0.28415643509983135,0.22174714627544817,0.22229631663593927,0.27180010198878124,DNA
Seq_441,0.1565217391304348,0.21739130434782608,0.28695652173913044,0.3391304347826087,DNA
Seq_442,0.2683525083221398,0.22805583133796647,0.23886001284821584,0.2647316474916779,DNA
Seq_443,0.20920502092050208,0.2594142259414226,0.26359832635983266,0.26778242677824265,DNA
Seq_444,0.2929078014184397,0.2178486997635934,0.22565011820330969,0.2635933806146572,DNA
Seq_445,0.2708333333333333,0.3125,0.2152777777777778,0.2013888888888889,DNA
Seq_446,0.35978835978835977,0.2328042328042328,0.25396825396825395,0.15343915343915343,DNA
Seq_447,0.24569091440257085,0.25924627519719545,0.24224364592462752,0.2528191644756062,DNA
Seq_448,0.23232323232323232,0.23232323232323232,0.1919191919191919,0.3434343434343434,DNA
Seq_449,0.24262295081967214,0.24405737704918032,0.28258196721311474,0.23073770491803278,DNA
Seq_450,0.3161482499856791,0.20748123961734546,0.21916709629375036,0.25720341410322506,DNA
Seq_451,0.2830731630400505,0.2435745821507411,0.2282797224850205,0.24507253232418796,DNA
Seq_452,0.26719056974459726,0.2294695481335953,0.22318271119842828,0.28015717092337916,DNA
Seq_453,0.10476190476190476,0.21428571428571427,0.49047619047619045,0.19047619047619047,DNA
Seq_454,0.2676056338028169,0.23943661971830985,0.16901408450704225,0.323943661971831,DNA
